batting_team,ball_number,total_team_runs,total_team_wickets,striker_ID,bowler_ID,nonstriker_ID,batter_runs,extras_runs,total_delivery_runs,wicket,wicket_type
South Africa,1,0,0,72861603,dd09ff8e,73e749e1,0,0,0,0,
South Africa,2,0,0,72861603,dd09ff8e,73e749e1,0,0,0,0,
South Africa,3,1,0,72861603,dd09ff8e,73e749e1,1,0,1,0,
South Africa,4,5,0,73e749e1,dd09ff8e,72861603,0,4,4,0,
South Africa,5,5,0,73e749e1,dd09ff8e,72861603,0,0,0,0,
South Africa,6,6,0,73e749e1,dd09ff8e,72861603,1,0,1,0,
South Africa,7,10,0,73e749e1,4c61a0f9,72861603,4,0,4,0,
South Africa,8,11,0,73e749e1,4c61a0f9,72861603,0,1,1,0,
South Africa,9,12,0,72861603,4c61a0f9,73e749e1,0,1,1,0,
South Africa,10,14,0,72861603,4c61a0f9,73e749e1,2,0,2,0,
South Africa,11,14,0,72861603,4c61a0f9,73e749e1,0,0,0,0,
South Africa,12,15,0,72861603,4c61a0f9,73e749e1,1,0,1,0,
South Africa,13,15,0,73e749e1,4c61a0f9,72861603,0,0,0,0,
South Africa,14,16,0,72861603,dd09ff8e,73e749e1,1,0,1,0,
South Africa,15,17,0,73e749e1,dd09ff8e,72861603,0,1,1,0,
South Africa,16,18,0,72861603,dd09ff8e,73e749e1,1,0,1,0,
South Africa,17,19,0,73e749e1,dd09ff8e,72861603,1,0,1,0,
South Africa,18,19,0,72861603,dd09ff8e,73e749e1,0,0,0,0,
South Africa,19,20,0,72861603,dd09ff8e,73e749e1,1,0,1,0,
South Africa,20,22,0,72861603,4c61a0f9,73e749e1,2,0,2,0,
South Africa,21,23,0,72861603,4c61a0f9,73e749e1,0,1,1,0,
South Africa,22,27,0,72861603,4c61a0f9,73e749e1,4,0,4,0,
South Africa,23,27,0,72861603,4c61a0f9,73e749e1,0,0,0,0,
South Africa,24,27,0,72861603,4c61a0f9,73e749e1,0,0,0,0,
South Africa,25,31,0,72861603,4c61a0f9,73e749e1,4,0,4,0,
South Africa,26,31,0,72861603,4c61a0f9,73e749e1,0,0,0,0,
South Africa,27,35,0,73e749e1,dd09ff8e,72861603,4,0,4,0,
South Africa,28,35,0,73e749e1,dd09ff8e,72861603,0,0,0,0,
South Africa,29,39,0,73e749e1,dd09ff8e,72861603,4,0,4,0,
South Africa,30,39,0,73e749e1,dd09ff8e,72861603,0,0,0,0,
South Africa,31,39,0,73e749e1,dd09ff8e,72861603,0,0,0,0,
South Africa,32,40,0,73e749e1,dd09ff8e,72861603,1,0,1,0,
South Africa,33,42,0,73e749e1,8b8745fd,72861603,2,0,2,0,
South Africa,34,48,0,73e749e1,8b8745fd,72861603,6,0,6,0,
South Africa,35,48,0,73e749e1,8b8745fd,72861603,0,0,0,0,
South Africa,36,48,1,73e749e1,8b8745fd,72861603,0,0,0,1,bowled
South Africa,37,48,1,e1d1b294,8b8745fd,72861603,0,0,0,0,
South Africa,38,48,1,e1d1b294,8b8745fd,72861603,0,0,0,0,
South Africa,39,50,1,72861603,a3bfec5d,e1d1b294,2,0,2,0,
South Africa,40,51,1,72861603,a3bfec5d,e1d1b294,0,1,1,0,
South Africa,41,55,1,e1d1b294,a3bfec5d,72861603,4,0,4,0,
South Africa,42,59,1,e1d1b294,a3bfec5d,72861603,4,0,4,0,
South Africa,43,59,1,e1d1b294,a3bfec5d,72861603,0,0,0,0,
South Africa,44,59,1,e1d1b294,a3bfec5d,72861603,0,0,0,0,
South Africa,45,59,1,72861603,8b8745fd,e1d1b294,0,0,0,0,
South Africa,46,61,1,72861603,8b8745fd,e1d1b294,2,0,2,0,
South Africa,47,62,1,72861603,8b8745fd,e1d1b294,1,0,1,0,
South Africa,48,63,1,e1d1b294,8b8745fd,72861603,1,0,1,0,
South Africa,49,64,1,72861603,8b8745fd,e1d1b294,0,1,1,0,
South Africa,50,65,1,e1d1b294,8b8745fd,72861603,1,0,1,0,
South Africa,51,67,1,e1d1b294,a3bfec5d,72861603,2,0,2,0,
South Africa,52,67,1,e1d1b294,a3bfec5d,72861603,0,0,0,0,
South Africa,53,67,1,e1d1b294,a3bfec5d,72861603,0,0,0,0,
South Africa,54,67,1,e1d1b294,a3bfec5d,72861603,0,0,0,0,
South Africa,55,67,1,e1d1b294,a3bfec5d,72861603,0,0,0,0,
South Africa,56,69,1,e1d1b294,a3bfec5d,72861603,2,0,2,0,
South Africa,57,73,1,72861603,4329fbb5,e1d1b294,4,0,4,0,
South Africa,58,74,1,72861603,4329fbb5,e1d1b294,1,0,1,0,
South Africa,59,75,1,e1d1b294,4329fbb5,72861603,0,1,1,0,
South Africa,60,81,1,72861603,4329fbb5,e1d1b294,6,0,6,0,
South Africa,61,82,1,72861603,4329fbb5,e1d1b294,0,1,1,0,
South Africa,62,83,1,72861603,4329fbb5,e1d1b294,1,0,1,0,
South Africa,63,83,1,e1d1b294,4329fbb5,72861603,0,0,0,0,
South Africa,64,87,1,72861603,a3bfec5d,e1d1b294,4,0,4,0,
South Africa,65,88,1,72861603,a3bfec5d,e1d1b294,1,0,1,0,
South Africa,66,89,1,e1d1b294,a3bfec5d,72861603,1,0,1,0,
South Africa,67,89,1,72861603,a3bfec5d,e1d1b294,0,0,0,0,
South Africa,68,89,1,72861603,a3bfec5d,e1d1b294,0,0,0,0,
South Africa,69,90,1,72861603,a3bfec5d,e1d1b294,1,0,1,0,
South Africa,70,92,1,72861603,4329fbb5,e1d1b294,2,0,2,0,
South Africa,71,93,1,72861603,4329fbb5,e1d1b294,1,0,1,0,
South Africa,72,99,1,e1d1b294,4329fbb5,72861603,6,0,6,0,
South Africa,73,100,1,e1d1b294,4329fbb5,72861603,1,0,1,0,
South Africa,74,104,1,72861603,4329fbb5,e1d1b294,4,0,4,0,
South Africa,75,105,1,72861603,4329fbb5,e1d1b294,1,0,1,0,
South Africa,76,106,1,72861603,a3bfec5d,e1d1b294,1,0,1,0,
South Africa,77,107,1,e1d1b294,a3bfec5d,72861603,1,0,1,0,
South Africa,78,108,1,72861603,a3bfec5d,e1d1b294,1,0,1,0,
South Africa,79,111,1,e1d1b294,a3bfec5d,72861603,0,3,3,0,
South Africa,80,111,1,72861603,a3bfec5d,e1d1b294,0,0,0,0,
South Africa,81,112,1,72861603,a3bfec5d,e1d1b294,1,0,1,0,
South Africa,82,113,1,72861603,f708a0bc,e1d1b294,1,0,1,0,
South Africa,83,114,1,e1d1b294,f708a0bc,72861603,0,1,1,0,
South Africa,84,120,1,e1d1b294,f708a0bc,72861603,6,0,6,0,
South Africa,85,121,1,e1d1b294,f708a0bc,72861603,1,0,1,0,
South Africa,86,122,1,72861603,f708a0bc,e1d1b294,1,0,1,0,
South Africa,87,126,1,e1d1b294,f708a0bc,72861603,4,0,4,0,
South Africa,88,127,1,e1d1b294,f708a0bc,72861603,1,0,1,0,
South Africa,89,128,1,e1d1b294,4c61a0f9,72861603,1,0,1,0,
South Africa,90,129,1,72861603,4c61a0f9,e1d1b294,1,0,1,0,
South Africa,91,130,1,e1d1b294,4c61a0f9,72861603,0,1,1,0,
South Africa,92,134,1,72861603,4c61a0f9,e1d1b294,4,0,4,0,
South Africa,93,135,1,72861603,4c61a0f9,e1d1b294,1,0,1,0,
South Africa,94,136,1,e1d1b294,4c61a0f9,72861603,1,0,1,0,
South Africa,95,140,1,e1d1b294,f708a0bc,72861603,4,0,4,0,
South Africa,96,142,1,e1d1b294,f708a0bc,72861603,2,0,2,0,
South Africa,97,148,1,e1d1b294,f708a0bc,72861603,6,0,6,0,
South Africa,98,154,1,e1d1b294,f708a0bc,72861603,6,0,6,0,
South Africa,99,155,1,e1d1b294,f708a0bc,72861603,1,0,1,0,
South Africa,100,159,1,72861603,f708a0bc,e1d1b294,4,0,4,0,
South Africa,101,159,2,e1d1b294,8b8745fd,72861603,0,0,0,1,lbw
South Africa,102,160,2,88fccd6c,8b8745fd,72861603,1,0,1,0,
South Africa,103,161,2,72861603,8b8745fd,88fccd6c,1,0,1,0,
South Africa,104,162,2,88fccd6c,8b8745fd,72861603,1,0,1,0,
South Africa,105,166,2,72861603,8b8745fd,88fccd6c,4,0,4,0,
South Africa,106,170,2,72861603,8b8745fd,88fccd6c,4,0,4,0,
South Africa,107,170,3,88fccd6c,4329fbb5,72861603,0,0,0,1,caught
South Africa,108,170,3,72861603,4329fbb5,6821ac10,0,0,0,0,
South Africa,109,171,3,72861603,4329fbb5,6821ac10,1,0,1,0,
South Africa,110,172,3,6821ac10,4329fbb5,72861603,1,0,1,0,
South Africa,111,173,3,72861603,4329fbb5,6821ac10,1,0,1,0,
South Africa,112,177,3,6821ac10,4329fbb5,72861603,4,0,4,0,
South Africa,113,178,3,72861603,8b8745fd,6821ac10,1,0,1,0,
South Africa,114,178,3,6821ac10,8b8745fd,72861603,0,0,0,0,
South Africa,115,180,3,6821ac10,8b8745fd,72861603,2,0,2,0,
South Africa,116,181,3,6821ac10,8b8745fd,72861603,1,0,1,0,
South Africa,117,183,3,72861603,8b8745fd,6821ac10,2,0,2,0,
South Africa,118,184,3,72861603,8b8745fd,6821ac10,1,0,1,0,
South Africa,119,185,3,72861603,4c61a0f9,6821ac10,1,0,1,0,
South Africa,120,191,3,6821ac10,4c61a0f9,72861603,6,0,6,0,
South Africa,121,191,4,6821ac10,4c61a0f9,72861603,0,0,0,1,caught
South Africa,122,195,4,72861603,4c61a0f9,c4487b84,4,0,4,0,
South Africa,123,197,4,72861603,4c61a0f9,c4487b84,2,0,2,0,
South Africa,124,201,4,72861603,4c61a0f9,c4487b84,4,0,4,0,
Australia,1,1,0,2b6e6dec,20a941bb,fdedb37c,0,1,1,0,
Australia,2,2,0,2b6e6dec,20a941bb,fdedb37c,1,0,1,0,
Australia,3,2,0,fdedb37c,20a941bb,2b6e6dec,0,0,0,0,
Australia,4,6,0,fdedb37c,20a941bb,2b6e6dec,4,0,4,0,
Australia,5,8,0,fdedb37c,20a941bb,2b6e6dec,2,0,2,0,
Australia,6,12,0,fdedb37c,20a941bb,2b6e6dec,4,0,4,0,
Australia,7,16,0,fdedb37c,20a941bb,2b6e6dec,4,0,4,0,
Australia,8,16,1,2b6e6dec,6b0c3a20,fdedb37c,0,0,0,1,lbw
Australia,9,16,1,7d415ea5,6b0c3a20,fdedb37c,0,0,0,0,
Australia,10,16,1,7d415ea5,6b0c3a20,fdedb37c,0,0,0,0,
Australia,11,17,1,7d415ea5,6b0c3a20,fdedb37c,1,0,1,0,
Australia,12,17,1,fdedb37c,6b0c3a20,7d415ea5,0,0,0,0,
Australia,13,18,1,fdedb37c,6b0c3a20,7d415ea5,1,0,1,0,
Australia,14,18,1,fdedb37c,20a941bb,7d415ea5,0,0,0,0,
Australia,15,24,1,fdedb37c,20a941bb,7d415ea5,6,0,6,0,
Australia,16,28,1,fdedb37c,20a941bb,7d415ea5,4,0,4,0,
Australia,17,29,1,fdedb37c,20a941bb,7d415ea5,1,0,1,0,
Australia,18,29,1,7d415ea5,20a941bb,fdedb37c,0,0,0,0,
Australia,19,30,1,7d415ea5,20a941bb,fdedb37c,1,0,1,0,
Australia,20,34,1,7d415ea5,6b0c3a20,fdedb37c,4,0,4,0,
Australia,21,34,1,7d415ea5,6b0c3a20,fdedb37c,0,0,0,0,
Australia,22,34,2,7d415ea5,6b0c3a20,fdedb37c,0,0,0,1,lbw
Australia,23,35,2,69762509,6b0c3a20,fdedb37c,1,0,1,0,
Australia,24,35,2,fdedb37c,6b0c3a20,69762509,0,0,0,0,
Australia,25,35,2,fdedb37c,6b0c3a20,69762509,0,0,0,0,
Australia,26,35,2,69762509,543b4a1f,fdedb37c,0,0,0,0,
Australia,27,36,2,69762509,543b4a1f,fdedb37c,1,0,1,0,
Australia,28,37,2,fdedb37c,543b4a1f,69762509,0,1,1,0,
Australia,29,38,2,fdedb37c,543b4a1f,69762509,1,0,1,0,
Australia,30,42,2,69762509,543b4a1f,fdedb37c,4,0,4,0,
Australia,31,46,2,69762509,543b4a1f,fdedb37c,4,0,4,0,
Australia,32,47,2,69762509,543b4a1f,fdedb37c,1,0,1,0,
Australia,33,49,2,69762509,6821ac10,fdedb37c,2,0,2,0,
Australia,34,53,2,69762509,6821ac10,fdedb37c,4,0,4,0,
Australia,35,53,3,69762509,6821ac10,fdedb37c,0,0,0,1,caught
Australia,36,53,3,f842c2cf,6821ac10,fdedb37c,0,0,0,0,
Australia,37,53,3,f842c2cf,6821ac10,fdedb37c,0,0,0,0,
Australia,38,53,3,f842c2cf,6821ac10,fdedb37c,0,0,0,0,
Australia,39,53,3,fdedb37c,543b4a1f,f842c2cf,0,0,0,0,
Australia,40,54,3,fdedb37c,543b4a1f,f842c2cf,1,0,1,0,
Australia,41,55,3,f842c2cf,543b4a1f,fdedb37c,0,1,1,0,
Australia,42,58,3,f842c2cf,543b4a1f,fdedb37c,3,0,3,0,
Australia,43,59,3,fdedb37c,543b4a1f,f842c2cf,1,0,1,0,
Australia,44,59,3,f842c2cf,543b4a1f,fdedb37c,0,0,0,0,
Australia,45,59,3,f842c2cf,543b4a1f,fdedb37c,0,0,0,0,
Australia,46,63,3,fdedb37c,6821ac10,f842c2cf,4,0,4,0,
Australia,47,64,3,fdedb37c,6821ac10,f842c2cf,1,0,1,0,
Australia,48,70,3,f842c2cf,6821ac10,fdedb37c,6,0,6,0,
Australia,49,71,3,f842c2cf,6821ac10,fdedb37c,1,0,1,0,
Australia,50,72,3,fdedb37c,6821ac10,f842c2cf,1,0,1,0,
Australia,51,74,3,f842c2cf,6821ac10,fdedb37c,2,0,2,0,
Australia,52,78,3,fdedb37c,543b4a1f,f842c2cf,4,0,4,0,
Australia,53,78,4,fdedb37c,543b4a1f,f842c2cf,0,0,0,1,caught
Australia,54,79,4,f842c2cf,543b4a1f,4329fbb5,1,0,1,0,
Australia,55,81,4,4329fbb5,543b4a1f,f842c2cf,0,2,2,0,
Australia,56,82,4,4329fbb5,543b4a1f,f842c2cf,1,0,1,0,
Australia,57,84,4,f842c2cf,543b4a1f,4329fbb5,2,0,2,0,
Australia,58,85,4,4329fbb5,72861603,f842c2cf,1,0,1,0,
Australia,59,85,4,f842c2cf,72861603,4329fbb5,0,0,0,0,
Australia,60,86,4,f842c2cf,72861603,4329fbb5,1,0,1,0,
Australia,61,87,4,4329fbb5,72861603,f842c2cf,1,0,1,0,
Australia,62,87,4,f842c2cf,72861603,4329fbb5,0,0,0,0,
Australia,63,88,4,f842c2cf,72861603,4329fbb5,1,0,1,0,
Australia,64,90,4,f842c2cf,26ff4c29,4329fbb5,2,0,2,0,
Australia,65,91,4,f842c2cf,26ff4c29,4329fbb5,1,0,1,0,
Australia,66,92,4,4329fbb5,26ff4c29,f842c2cf,1,0,1,0,
Australia,67,93,4,f842c2cf,26ff4c29,4329fbb5,1,0,1,0,
Australia,68,93,5,4329fbb5,26ff4c29,f842c2cf,0,0,0,1,bowled
Australia,69,93,5,f708a0bc,26ff4c29,f842c2cf,0,0,0,0,
Australia,70,99,5,f842c2cf,72861603,f708a0bc,6,0,6,0,
Australia,71,101,5,f842c2cf,72861603,f708a0bc,2,0,2,0,
Australia,72,102,5,f842c2cf,72861603,f708a0bc,0,1,1,0,
Australia,73,103,5,f708a0bc,72861603,f842c2cf,1,0,1,0,
Australia,74,109,5,f842c2cf,72861603,f708a0bc,6,0,6,0,
Australia,75,111,5,f842c2cf,72861603,f708a0bc,2,0,2,0,
Australia,76,111,5,f708a0bc,26ff4c29,f842c2cf,0,0,0,0,
Australia,77,111,5,f708a0bc,26ff4c29,f842c2cf,0,0,0,0,
Australia,78,117,5,f708a0bc,26ff4c29,f842c2cf,6,0,6,0,
Australia,79,123,5,f708a0bc,26ff4c29,f842c2cf,6,0,6,0,
Australia,80,124,5,f708a0bc,26ff4c29,f842c2cf,1,0,1,0,
Australia,81,124,6,f842c2cf,26ff4c29,f708a0bc,0,0,0,1,stumped
Australia,82,124,6,f708a0bc,6b0c3a20,dd09ff8e,0,0,0,0,
Australia,83,128,6,f708a0bc,6b0c3a20,dd09ff8e,4,0,4,0,
Australia,84,128,6,f708a0bc,6b0c3a20,dd09ff8e,0,0,0,0,
Australia,85,131,6,f708a0bc,6b0c3a20,dd09ff8e,3,0,3,0,
Australia,86,132,6,dd09ff8e,6b0c3a20,f708a0bc,1,0,1,0,
Australia,87,132,6,f708a0bc,6b0c3a20,dd09ff8e,0,0,0,0,
Australia,88,133,6,dd09ff8e,26ff4c29,f708a0bc,1,0,1,0,
Australia,89,134,6,f708a0bc,26ff4c29,dd09ff8e,1,0,1,0,
Australia,90,135,6,dd09ff8e,26ff4c29,f708a0bc,1,0,1,0,
Australia,91,136,6,f708a0bc,26ff4c29,dd09ff8e,1,0,1,0,
Australia,92,137,6,dd09ff8e,26ff4c29,f708a0bc,1,0,1,0,
Australia,93,143,6,f708a0bc,26ff4c29,dd09ff8e,6,0,6,0,
Australia,94,143,6,dd09ff8e,6821ac10,f708a0bc,0,0,0,0,
Australia,95,147,6,dd09ff8e,6821ac10,f708a0bc,4,0,4,0,
Australia,96,151,6,dd09ff8e,6821ac10,f708a0bc,4,0,4,0,
Australia,97,155,6,dd09ff8e,6821ac10,f708a0bc,4,0,4,0,
Australia,98,155,6,dd09ff8e,6821ac10,f708a0bc,0,0,0,0,
Australia,99,155,6,dd09ff8e,6821ac10,f708a0bc,0,0,0,0,
Australia,100,156,6,f708a0bc,543b4a1f,dd09ff8e,0,1,1,0,
Australia,101,160,6,f708a0bc,543b4a1f,dd09ff8e,4,0,4,0,
Australia,102,161,6,f708a0bc,543b4a1f,dd09ff8e,1,0,1,0,
Australia,103,162,6,dd09ff8e,543b4a1f,f708a0bc,1,0,1,0,
Australia,104,162,6,f708a0bc,543b4a1f,dd09ff8e,0,0,0,0,
Australia,105,163,6,f708a0bc,543b4a1f,dd09ff8e,1,0,1,0,
Australia,106,169,6,dd09ff8e,543b4a1f,f708a0bc,6,0,6,0,
Australia,107,170,6,f708a0bc,6821ac10,dd09ff8e,1,0,1,0,
Australia,108,171,6,dd09ff8e,6821ac10,f708a0bc,1,0,1,0,
Australia,109,172,6,f708a0bc,6821ac10,dd09ff8e,1,0,1,0,
Australia,110,173,6,dd09ff8e,6821ac10,f708a0bc,1,0,1,0,
Australia,111,174,6,f708a0bc,6821ac10,dd09ff8e,1,0,1,0,
Australia,112,176,6,dd09ff8e,6821ac10,f708a0bc,2,0,2,0,
Australia,113,178,6,f708a0bc,6b0c3a20,dd09ff8e,2,0,2,0,
Australia,114,179,6,f708a0bc,6b0c3a20,dd09ff8e,1,0,1,0,
Australia,115,180,6,dd09ff8e,6b0c3a20,f708a0bc,1,0,1,0,
Australia,116,181,6,f708a0bc,6b0c3a20,dd09ff8e,0,1,1,0,
Australia,117,181,7,f708a0bc,6b0c3a20,dd09ff8e,0,0,0,1,caught
Australia,118,183,7,4c61a0f9,6b0c3a20,dd09ff8e,2,0,2,0,
Australia,119,183,7,4c61a0f9,6b0c3a20,dd09ff8e,0,0,0,0,
Australia,120,187,7,dd09ff8e,20a941bb,4c61a0f9,4,0,4,0,
Australia,121,189,7,dd09ff8e,20a941bb,4c61a0f9,2,0,2,0,
Australia,122,191,7,dd09ff8e,20a941bb,4c61a0f9,2,0,2,0,
Australia,123,192,7,dd09ff8e,20a941bb,4c61a0f9,1,0,1,0,
Australia,124,193,7,4c61a0f9,20a941bb,dd09ff8e,1,0,1,0,
Australia,125,199,7,dd09ff8e,20a941bb,4c61a0f9,6,0,6,0,
