batting_team,ball_number,total_team_runs,total_team_wickets,striker_ID,bowler_ID,nonstriker_ID,batter_runs,extras_runs,total_delivery_runs,wicket,wicket_type
Kings XI Punjab,1,0,0,508a1ea7,16dfcc19,2498e163,0,0,0,0,
Kings XI Punjab,2,2,0,508a1ea7,16dfcc19,2498e163,2,0,2,0,
Kings XI Punjab,3,3,0,508a1ea7,16dfcc19,2498e163,0,1,1,0,
Kings XI Punjab,4,3,0,508a1ea7,16dfcc19,2498e163,0,0,0,0,
Kings XI Punjab,5,4,0,508a1ea7,16dfcc19,2498e163,1,0,1,0,
Kings XI Punjab,6,4,0,2498e163,16dfcc19,508a1ea7,0,0,0,0,
Kings XI Punjab,7,5,0,2498e163,16dfcc19,508a1ea7,1,0,1,0,
Kings XI Punjab,8,5,0,2498e163,5bb1a1c4,508a1ea7,0,0,0,0,
Kings XI Punjab,9,9,0,2498e163,5bb1a1c4,508a1ea7,4,0,4,0,
Kings XI Punjab,10,10,0,2498e163,5bb1a1c4,508a1ea7,1,0,1,0,
Kings XI Punjab,11,11,0,508a1ea7,5bb1a1c4,2498e163,1,0,1,0,
Kings XI Punjab,12,16,0,2498e163,5bb1a1c4,508a1ea7,0,5,5,0,
Kings XI Punjab,13,20,0,2498e163,5bb1a1c4,508a1ea7,4,0,4,0,
Kings XI Punjab,14,21,0,2498e163,5bb1a1c4,508a1ea7,1,0,1,0,
Kings XI Punjab,15,22,0,2498e163,ea0cdc12,508a1ea7,1,0,1,0,
Kings XI Punjab,16,22,0,508a1ea7,ea0cdc12,2498e163,0,0,0,0,
Kings XI Punjab,17,22,0,508a1ea7,ea0cdc12,2498e163,0,0,0,0,
Kings XI Punjab,18,22,0,508a1ea7,ea0cdc12,2498e163,0,0,0,0,
Kings XI Punjab,19,23,0,508a1ea7,ea0cdc12,2498e163,1,0,1,0,
Kings XI Punjab,20,24,0,2498e163,ea0cdc12,508a1ea7,1,0,1,0,
Kings XI Punjab,21,24,1,2498e163,16dfcc19,508a1ea7,0,0,0,1,lbw
Kings XI Punjab,22,25,1,6b71e6cf,16dfcc19,508a1ea7,0,1,1,0,
Kings XI Punjab,23,25,1,6b71e6cf,16dfcc19,508a1ea7,0,0,0,0,
Kings XI Punjab,24,25,1,6b71e6cf,16dfcc19,508a1ea7,0,0,0,0,
Kings XI Punjab,25,26,1,6b71e6cf,16dfcc19,508a1ea7,1,0,1,0,
Kings XI Punjab,26,26,1,508a1ea7,16dfcc19,6b71e6cf,0,0,0,0,
Kings XI Punjab,27,27,1,508a1ea7,16dfcc19,6b71e6cf,1,0,1,0,
Kings XI Punjab,28,31,1,508a1ea7,ea0cdc12,6b71e6cf,4,0,4,0,
Kings XI Punjab,29,32,1,508a1ea7,ea0cdc12,6b71e6cf,1,0,1,0,
Kings XI Punjab,30,32,1,6b71e6cf,ea0cdc12,508a1ea7,0,0,0,0,
Kings XI Punjab,31,32,1,6b71e6cf,ea0cdc12,508a1ea7,0,0,0,0,
Kings XI Punjab,32,33,1,6b71e6cf,ea0cdc12,508a1ea7,1,0,1,0,
Kings XI Punjab,33,37,1,508a1ea7,ea0cdc12,6b71e6cf,4,0,4,0,
Kings XI Punjab,34,41,1,6b71e6cf,5bb1a1c4,508a1ea7,4,0,4,0,
Kings XI Punjab,35,41,1,6b71e6cf,5bb1a1c4,508a1ea7,0,0,0,0,
Kings XI Punjab,36,41,1,6b71e6cf,5bb1a1c4,508a1ea7,0,0,0,0,
Kings XI Punjab,37,45,1,6b71e6cf,5bb1a1c4,508a1ea7,4,0,4,0,
Kings XI Punjab,38,46,1,6b71e6cf,5bb1a1c4,508a1ea7,0,1,1,0,
Kings XI Punjab,39,47,1,6b71e6cf,5bb1a1c4,508a1ea7,1,0,1,0,
Kings XI Punjab,40,47,1,508a1ea7,5bb1a1c4,6b71e6cf,0,0,0,0,
Kings XI Punjab,41,51,1,6b71e6cf,66b30f71,508a1ea7,4,0,4,0,
Kings XI Punjab,42,52,1,6b71e6cf,66b30f71,508a1ea7,1,0,1,0,
Kings XI Punjab,43,54,1,508a1ea7,66b30f71,6b71e6cf,2,0,2,0,
Kings XI Punjab,44,54,1,508a1ea7,66b30f71,6b71e6cf,0,0,0,0,
Kings XI Punjab,45,54,1,508a1ea7,66b30f71,6b71e6cf,0,0,0,0,
Kings XI Punjab,46,58,1,508a1ea7,66b30f71,6b71e6cf,4,0,4,0,
Kings XI Punjab,47,59,1,6b71e6cf,fd835ab3,508a1ea7,1,0,1,0,
Kings XI Punjab,48,59,1,508a1ea7,fd835ab3,6b71e6cf,0,0,0,0,
Kings XI Punjab,49,60,1,508a1ea7,fd835ab3,6b71e6cf,1,0,1,0,
Kings XI Punjab,50,60,1,6b71e6cf,fd835ab3,508a1ea7,0,0,0,0,
Kings XI Punjab,51,60,1,6b71e6cf,fd835ab3,508a1ea7,0,0,0,0,
Kings XI Punjab,52,61,1,6b71e6cf,fd835ab3,508a1ea7,1,0,1,0,
Kings XI Punjab,53,62,1,6b71e6cf,b1451597,508a1ea7,1,0,1,0,
Kings XI Punjab,54,63,1,508a1ea7,b1451597,6b71e6cf,1,0,1,0,
Kings XI Punjab,55,64,1,6b71e6cf,b1451597,508a1ea7,0,1,1,0,
Kings XI Punjab,56,68,1,6b71e6cf,b1451597,508a1ea7,4,0,4,0,
Kings XI Punjab,57,69,1,6b71e6cf,b1451597,508a1ea7,1,0,1,0,
Kings XI Punjab,58,70,1,508a1ea7,b1451597,6b71e6cf,1,0,1,0,
Kings XI Punjab,59,71,1,6b71e6cf,b1451597,508a1ea7,1,0,1,0,
Kings XI Punjab,60,72,1,6b71e6cf,fd835ab3,508a1ea7,1,0,1,0,
Kings XI Punjab,61,73,1,508a1ea7,fd835ab3,6b71e6cf,1,0,1,0,
Kings XI Punjab,62,79,1,6b71e6cf,fd835ab3,508a1ea7,6,0,6,0,
Kings XI Punjab,63,81,1,6b71e6cf,fd835ab3,508a1ea7,2,0,2,0,
Kings XI Punjab,64,81,1,6b71e6cf,fd835ab3,508a1ea7,0,0,0,0,
Kings XI Punjab,65,82,1,6b71e6cf,fd835ab3,508a1ea7,1,0,1,0,
Kings XI Punjab,66,86,1,6b71e6cf,b1451597,508a1ea7,4,0,4,0,
Kings XI Punjab,67,86,1,6b71e6cf,b1451597,508a1ea7,0,0,0,0,
Kings XI Punjab,68,87,1,6b71e6cf,b1451597,508a1ea7,1,0,1,0,
Kings XI Punjab,69,88,1,508a1ea7,b1451597,6b71e6cf,1,0,1,0,
Kings XI Punjab,70,89,1,6b71e6cf,b1451597,508a1ea7,1,0,1,0,
Kings XI Punjab,71,95,1,508a1ea7,b1451597,6b71e6cf,6,0,6,0,
Kings XI Punjab,72,95,1,6b71e6cf,fd835ab3,508a1ea7,0,0,0,0,
Kings XI Punjab,73,96,1,6b71e6cf,fd835ab3,508a1ea7,1,0,1,0,
Kings XI Punjab,74,97,1,508a1ea7,fd835ab3,6b71e6cf,1,0,1,0,
Kings XI Punjab,75,98,1,6b71e6cf,fd835ab3,508a1ea7,1,0,1,0,
Kings XI Punjab,76,104,1,508a1ea7,fd835ab3,6b71e6cf,6,0,6,0,
Kings XI Punjab,77,104,1,508a1ea7,fd835ab3,6b71e6cf,0,0,0,0,
Kings XI Punjab,78,105,1,6b71e6cf,ea0cdc12,508a1ea7,1,0,1,0,
Kings XI Punjab,79,106,1,508a1ea7,ea0cdc12,6b71e6cf,1,0,1,0,
Kings XI Punjab,80,107,1,6b71e6cf,ea0cdc12,508a1ea7,1,0,1,0,
Kings XI Punjab,81,107,2,508a1ea7,ea0cdc12,6b71e6cf,0,0,0,1,caught
Kings XI Punjab,82,108,2,6b71e6cf,ea0cdc12,1c914163,1,0,1,0,
Kings XI Punjab,83,108,2,1c914163,ea0cdc12,6b71e6cf,0,0,0,0,
Kings XI Punjab,84,112,2,6b71e6cf,fd835ab3,1c914163,4,0,4,0,
Kings XI Punjab,85,113,2,6b71e6cf,fd835ab3,1c914163,1,0,1,0,
Kings XI Punjab,86,114,2,1c914163,fd835ab3,6b71e6cf,1,0,1,0,
Kings XI Punjab,87,115,2,6b71e6cf,fd835ab3,1c914163,1,0,1,0,
Kings XI Punjab,88,115,2,1c914163,fd835ab3,6b71e6cf,0,0,0,0,
Kings XI Punjab,89,121,2,1c914163,fd835ab3,6b71e6cf,6,0,6,0,
Kings XI Punjab,90,121,2,6b71e6cf,16dfcc19,1c914163,0,0,0,0,
Kings XI Punjab,91,125,2,6b71e6cf,16dfcc19,1c914163,4,0,4,0,
Kings XI Punjab,92,125,2,6b71e6cf,16dfcc19,1c914163,0,0,0,0,
Kings XI Punjab,93,131,2,6b71e6cf,16dfcc19,1c914163,6,0,6,0,
Kings XI Punjab,94,133,2,6b71e6cf,16dfcc19,1c914163,2,0,2,0,
Kings XI Punjab,95,133,3,6b71e6cf,16dfcc19,1c914163,0,0,0,1,lbw
Kings XI Punjab,96,133,3,1c914163,5bb1a1c4,d18f9182,0,0,0,0,
Kings XI Punjab,97,133,3,1c914163,5bb1a1c4,d18f9182,0,0,0,0,
Kings XI Punjab,98,133,3,1c914163,5bb1a1c4,d18f9182,0,0,0,0,
Kings XI Punjab,99,134,3,1c914163,5bb1a1c4,d18f9182,1,0,1,0,
Kings XI Punjab,100,137,3,d18f9182,5bb1a1c4,1c914163,3,0,3,0,
Kings XI Punjab,101,140,3,1c914163,5bb1a1c4,d18f9182,3,0,3,0,
Kings XI Punjab,102,144,3,1c914163,ea0cdc12,d18f9182,4,0,4,0,
Kings XI Punjab,103,144,3,1c914163,ea0cdc12,d18f9182,0,0,0,0,
Kings XI Punjab,104,145,3,1c914163,ea0cdc12,d18f9182,1,0,1,0,
Kings XI Punjab,105,146,3,d18f9182,ea0cdc12,1c914163,1,0,1,0,
Kings XI Punjab,106,146,3,1c914163,ea0cdc12,d18f9182,0,0,0,0,
Kings XI Punjab,107,147,3,1c914163,ea0cdc12,d18f9182,1,0,1,0,
Kings XI Punjab,108,151,3,1c914163,5bb1a1c4,d18f9182,4,0,4,0,
Kings XI Punjab,109,152,3,1c914163,5bb1a1c4,d18f9182,0,1,1,0,
Kings XI Punjab,110,156,3,1c914163,5bb1a1c4,d18f9182,4,0,4,0,
Kings XI Punjab,111,157,3,1c914163,5bb1a1c4,d18f9182,1,0,1,0,
Kings XI Punjab,112,161,3,d18f9182,5bb1a1c4,1c914163,4,0,4,0,
Kings XI Punjab,113,163,3,d18f9182,5bb1a1c4,1c914163,2,0,2,0,
Kings XI Punjab,114,163,3,d18f9182,5bb1a1c4,1c914163,0,0,0,0,
Kings XI Punjab,115,164,3,1c914163,66b30f71,d18f9182,1,0,1,0,
Kings XI Punjab,116,164,4,d18f9182,66b30f71,1c914163,0,0,0,1,run out
Kings XI Punjab,117,165,4,5fa06777,66b30f71,d18f9182,1,0,1,0,
Kings XI Punjab,118,165,4,d18f9182,66b30f71,5fa06777,0,0,0,0,
Kings XI Punjab,119,166,4,d18f9182,66b30f71,5fa06777,1,0,1,0,
Kings XI Punjab,120,170,4,5fa06777,66b30f71,d18f9182,4,0,4,0,
Kings XI Punjab,121,170,4,d18f9182,16dfcc19,5fa06777,0,0,0,0,
Kings XI Punjab,122,171,4,d18f9182,16dfcc19,5fa06777,0,1,1,0,
Kings XI Punjab,123,173,4,5fa06777,16dfcc19,d18f9182,2,0,2,0,
Kings XI Punjab,124,173,5,5fa06777,16dfcc19,d18f9182,0,0,0,1,bowled
Kings XI Punjab,125,173,6,98ae73b1,16dfcc19,d18f9182,0,0,0,1,bowled
Kings XI Punjab,126,174,6,a76d10ba,16dfcc19,d18f9182,1,0,1,0,
Kolkata Knight Riders,1,1,0,4d6d6280,5fa06777,725529bc,0,1,1,0,
Kolkata Knight Riders,2,2,0,4d6d6280,5fa06777,725529bc,1,0,1,0,
Kolkata Knight Riders,3,2,0,725529bc,5fa06777,4d6d6280,0,0,0,0,
Kolkata Knight Riders,4,2,0,725529bc,5fa06777,4d6d6280,0,0,0,0,
Kolkata Knight Riders,5,6,0,725529bc,5fa06777,4d6d6280,4,0,4,0,
Kolkata Knight Riders,6,10,0,725529bc,5fa06777,4d6d6280,4,0,4,0,
Kolkata Knight Riders,7,10,0,725529bc,5fa06777,4d6d6280,0,0,0,0,
Kolkata Knight Riders,8,10,0,4d6d6280,6b8eb6e5,725529bc,0,0,0,0,
Kolkata Knight Riders,9,14,0,4d6d6280,6b8eb6e5,725529bc,4,0,4,0,
Kolkata Knight Riders,10,14,0,4d6d6280,6b8eb6e5,725529bc,0,0,0,0,
Kolkata Knight Riders,11,14,0,4d6d6280,6b8eb6e5,725529bc,0,0,0,0,
Kolkata Knight Riders,12,14,0,4d6d6280,6b8eb6e5,725529bc,0,0,0,0,
Kolkata Knight Riders,13,15,0,4d6d6280,6b8eb6e5,725529bc,1,0,1,0,
Kolkata Knight Riders,14,15,0,4d6d6280,5fa06777,725529bc,0,0,0,0,
Kolkata Knight Riders,15,15,0,4d6d6280,5fa06777,725529bc,0,0,0,0,
Kolkata Knight Riders,16,19,0,4d6d6280,5fa06777,725529bc,4,0,4,0,
Kolkata Knight Riders,17,19,0,4d6d6280,5fa06777,725529bc,0,0,0,0,
Kolkata Knight Riders,18,23,0,4d6d6280,5fa06777,725529bc,4,0,4,0,
Kolkata Knight Riders,19,24,0,4d6d6280,5fa06777,725529bc,1,0,1,0,
Kolkata Knight Riders,20,24,0,4d6d6280,6b8eb6e5,725529bc,0,0,0,0,
Kolkata Knight Riders,21,25,0,4d6d6280,6b8eb6e5,725529bc,1,0,1,0,
Kolkata Knight Riders,22,25,0,725529bc,6b8eb6e5,4d6d6280,0,0,0,0,
Kolkata Knight Riders,23,26,0,725529bc,6b8eb6e5,4d6d6280,1,0,1,0,
Kolkata Knight Riders,24,30,0,4d6d6280,6b8eb6e5,725529bc,4,0,4,0,
Kolkata Knight Riders,25,34,0,4d6d6280,6b8eb6e5,725529bc,4,0,4,0,
Kolkata Knight Riders,26,34,0,725529bc,5d096f3d,4d6d6280,0,0,0,0,
Kolkata Knight Riders,27,40,0,725529bc,5d096f3d,4d6d6280,6,0,6,0,
Kolkata Knight Riders,28,40,0,725529bc,5d096f3d,4d6d6280,0,0,0,0,
Kolkata Knight Riders,29,40,0,725529bc,5d096f3d,4d6d6280,0,0,0,0,
Kolkata Knight Riders,30,40,0,725529bc,5d096f3d,4d6d6280,0,0,0,0,
Kolkata Knight Riders,31,41,0,725529bc,5d096f3d,4d6d6280,0,1,1,0,
Kolkata Knight Riders,32,45,0,725529bc,5d096f3d,4d6d6280,4,0,4,0,
Kolkata Knight Riders,33,45,0,4d6d6280,6b8eb6e5,725529bc,0,0,0,0,
Kolkata Knight Riders,34,45,1,4d6d6280,6b8eb6e5,725529bc,0,0,0,1,caught
Kolkata Knight Riders,35,45,2,7050a1e7,6b8eb6e5,725529bc,0,0,0,1,lbw
Kolkata Knight Riders,36,46,2,fd835ab3,6b8eb6e5,725529bc,1,0,1,0,
Kolkata Knight Riders,37,47,2,725529bc,6b8eb6e5,fd835ab3,1,0,1,0,
Kolkata Knight Riders,38,51,2,fd835ab3,6b8eb6e5,725529bc,4,0,4,0,
Kolkata Knight Riders,39,51,2,725529bc,5d096f3d,fd835ab3,0,0,0,0,
Kolkata Knight Riders,40,52,2,725529bc,5d096f3d,fd835ab3,1,0,1,0,
Kolkata Knight Riders,41,53,2,fd835ab3,5d096f3d,725529bc,1,0,1,0,
Kolkata Knight Riders,42,54,2,725529bc,5d096f3d,fd835ab3,1,0,1,0,
Kolkata Knight Riders,43,54,2,fd835ab3,5d096f3d,725529bc,0,0,0,0,
Kolkata Knight Riders,44,54,2,fd835ab3,5d096f3d,725529bc,0,0,0,0,
Kolkata Knight Riders,45,54,2,725529bc,034b4b7d,fd835ab3,0,0,0,0,
Kolkata Knight Riders,46,54,2,725529bc,034b4b7d,fd835ab3,0,0,0,0,
Kolkata Knight Riders,47,55,2,725529bc,034b4b7d,fd835ab3,1,0,1,0,
Kolkata Knight Riders,48,55,2,fd835ab3,034b4b7d,725529bc,0,0,0,0,
Kolkata Knight Riders,49,55,2,fd835ab3,034b4b7d,725529bc,0,0,0,0,
Kolkata Knight Riders,50,59,2,fd835ab3,034b4b7d,725529bc,4,0,4,0,
Kolkata Knight Riders,51,60,2,725529bc,98ae73b1,fd835ab3,1,0,1,0,
Kolkata Knight Riders,52,60,2,fd835ab3,98ae73b1,725529bc,0,0,0,0,
Kolkata Knight Riders,53,62,2,fd835ab3,98ae73b1,725529bc,2,0,2,0,
Kolkata Knight Riders,54,62,3,fd835ab3,98ae73b1,725529bc,0,0,0,1,bowled
Kolkata Knight Riders,55,62,3,b1451597,98ae73b1,725529bc,0,0,0,0,
Kolkata Knight Riders,56,66,3,b1451597,98ae73b1,725529bc,4,0,4,0,
Kolkata Knight Riders,57,67,3,725529bc,034b4b7d,b1451597,1,0,1,0,
Kolkata Knight Riders,58,68,3,b1451597,034b4b7d,725529bc,1,0,1,0,
Kolkata Knight Riders,59,68,3,725529bc,034b4b7d,b1451597,0,0,0,0,
Kolkata Knight Riders,60,69,3,725529bc,034b4b7d,b1451597,0,1,1,0,
Kolkata Knight Riders,61,70,3,725529bc,034b4b7d,b1451597,1,0,1,0,
Kolkata Knight Riders,62,70,4,b1451597,034b4b7d,725529bc,0,0,0,1,bowled
Kolkata Knight Riders,63,74,4,fe11caa6,034b4b7d,725529bc,4,0,4,0,
Kolkata Knight Riders,64,75,4,725529bc,98ae73b1,fe11caa6,1,0,1,0,
Kolkata Knight Riders,65,75,4,fe11caa6,98ae73b1,725529bc,0,0,0,0,
Kolkata Knight Riders,66,76,4,fe11caa6,98ae73b1,725529bc,0,1,1,0,
Kolkata Knight Riders,67,76,4,725529bc,98ae73b1,fe11caa6,0,0,0,0,
Kolkata Knight Riders,68,78,4,725529bc,98ae73b1,fe11caa6,2,0,2,0,
Kolkata Knight Riders,69,78,4,725529bc,98ae73b1,fe11caa6,0,0,0,0,
Kolkata Knight Riders,70,79,4,fe11caa6,034b4b7d,725529bc,1,0,1,0,
Kolkata Knight Riders,71,80,4,725529bc,034b4b7d,fe11caa6,0,1,1,0,
Kolkata Knight Riders,72,84,4,725529bc,034b4b7d,fe11caa6,4,0,4,0,
Kolkata Knight Riders,73,84,4,725529bc,034b4b7d,fe11caa6,0,0,0,0,
Kolkata Knight Riders,74,85,4,725529bc,034b4b7d,fe11caa6,1,0,1,0,
Kolkata Knight Riders,75,85,4,fe11caa6,034b4b7d,725529bc,0,0,0,0,
Kolkata Knight Riders,76,85,4,fe11caa6,034b4b7d,725529bc,0,0,0,0,
Kolkata Knight Riders,77,85,4,725529bc,5fa06777,fe11caa6,0,0,0,0,
Kolkata Knight Riders,78,86,4,725529bc,5fa06777,fe11caa6,1,0,1,0,
Kolkata Knight Riders,79,86,4,fe11caa6,5fa06777,725529bc,0,0,0,0,
Kolkata Knight Riders,80,86,4,fe11caa6,5fa06777,725529bc,0,0,0,0,
Kolkata Knight Riders,81,86,4,fe11caa6,5fa06777,725529bc,0,0,0,0,
Kolkata Knight Riders,82,87,4,fe11caa6,5fa06777,725529bc,1,0,1,0,
Kolkata Knight Riders,83,88,4,fe11caa6,2498e163,725529bc,1,0,1,0,
Kolkata Knight Riders,84,88,4,725529bc,2498e163,fe11caa6,0,0,0,0,
Kolkata Knight Riders,85,94,4,725529bc,2498e163,fe11caa6,6,0,6,0,
Kolkata Knight Riders,86,95,4,725529bc,2498e163,fe11caa6,1,0,1,0,
Kolkata Knight Riders,87,96,4,fe11caa6,2498e163,725529bc,1,0,1,0,
Kolkata Knight Riders,88,96,4,725529bc,2498e163,fe11caa6,0,0,0,0,
Kolkata Knight Riders,89,100,4,fe11caa6,98ae73b1,725529bc,4,0,4,0,
Kolkata Knight Riders,90,101,4,fe11caa6,98ae73b1,725529bc,1,0,1,0,
Kolkata Knight Riders,91,102,4,725529bc,98ae73b1,fe11caa6,1,0,1,0,
Kolkata Knight Riders,92,102,5,fe11caa6,98ae73b1,725529bc,0,0,0,1,caught
Kolkata Knight Riders,93,103,5,725529bc,98ae73b1,e249fdaa,1,0,1,0,
Kolkata Knight Riders,94,104,5,e249fdaa,98ae73b1,725529bc,1,0,1,0,
Kolkata Knight Riders,95,105,5,e249fdaa,2498e163,725529bc,1,0,1,0,
Kolkata Knight Riders,96,106,5,725529bc,2498e163,e249fdaa,1,0,1,0,
Kolkata Knight Riders,97,106,6,e249fdaa,2498e163,725529bc,0,0,0,1,caught
Kolkata Knight Riders,98,106,6,16dfcc19,2498e163,725529bc,0,0,0,0,
Kolkata Knight Riders,99,112,6,16dfcc19,2498e163,725529bc,6,0,6,0,
Kolkata Knight Riders,100,118,6,16dfcc19,2498e163,725529bc,6,0,6,0,
Kolkata Knight Riders,101,124,6,725529bc,98ae73b1,16dfcc19,6,0,6,0,
Kolkata Knight Riders,102,128,6,725529bc,98ae73b1,16dfcc19,4,0,4,0,
Kolkata Knight Riders,103,134,6,725529bc,98ae73b1,16dfcc19,6,0,6,0,
Kolkata Knight Riders,104,135,6,725529bc,98ae73b1,16dfcc19,1,0,1,0,
Kolkata Knight Riders,105,135,6,16dfcc19,98ae73b1,725529bc,0,0,0,0,
Kolkata Knight Riders,106,136,6,16dfcc19,98ae73b1,725529bc,1,0,1,0,
Kolkata Knight Riders,107,137,6,16dfcc19,6b8eb6e5,725529bc,1,0,1,0,
Kolkata Knight Riders,108,138,6,725529bc,6b8eb6e5,16dfcc19,1,0,1,0,
Kolkata Knight Riders,109,138,6,16dfcc19,6b8eb6e5,725529bc,0,0,0,0,
Kolkata Knight Riders,110,142,6,16dfcc19,6b8eb6e5,725529bc,4,0,4,0,
Kolkata Knight Riders,111,148,6,16dfcc19,6b8eb6e5,725529bc,6,0,6,0,
Kolkata Knight Riders,112,152,6,16dfcc19,6b8eb6e5,725529bc,0,4,4,0,
Kolkata Knight Riders,113,154,6,725529bc,034b4b7d,16dfcc19,2,0,2,0,
Kolkata Knight Riders,114,155,6,725529bc,034b4b7d,16dfcc19,1,0,1,0,
Kolkata Knight Riders,115,155,7,16dfcc19,034b4b7d,725529bc,0,0,0,1,caught
Kolkata Knight Riders,116,159,7,725529bc,034b4b7d,5bb1a1c4,4,0,4,0,
Kolkata Knight Riders,117,160,7,725529bc,034b4b7d,5bb1a1c4,1,0,1,0,
Kolkata Knight Riders,118,160,7,5bb1a1c4,034b4b7d,725529bc,0,0,0,0,
Kolkata Knight Riders,119,166,7,725529bc,5fa06777,5bb1a1c4,6,0,6,0,
Kolkata Knight Riders,120,168,7,725529bc,5fa06777,5bb1a1c4,2,0,2,0,
Kolkata Knight Riders,121,174,7,725529bc,5fa06777,5bb1a1c4,6,0,6,0,
Kolkata Knight Riders,122,175,7,725529bc,5fa06777,5bb1a1c4,1,0,1,0,
