batting_team,ball_number,total_team_runs,total_team_wickets,striker_ID,bowler_ID,nonstriker_ID,batter_runs,extras_runs,total_delivery_runs,wicket,wicket_type
Kings XI Punjab,1,0,0,508a1ea7,88fccd6c,2498e163,0,0,0,0,
Kings XI Punjab,2,1,0,508a1ea7,88fccd6c,2498e163,1,0,1,0,
Kings XI Punjab,3,1,1,2498e163,88fccd6c,508a1ea7,0,0,0,1,caught
Kings XI Punjab,4,1,1,b63ab531,88fccd6c,508a1ea7,0,0,0,0,
Kings XI Punjab,5,1,1,b63ab531,88fccd6c,508a1ea7,0,0,0,0,
Kings XI Punjab,6,3,1,b63ab531,88fccd6c,508a1ea7,2,0,2,0,
Kings XI Punjab,7,7,1,508a1ea7,96fd40ae,b63ab531,4,0,4,0,
Kings XI Punjab,8,7,1,508a1ea7,96fd40ae,b63ab531,0,0,0,0,
Kings XI Punjab,9,7,1,508a1ea7,96fd40ae,b63ab531,0,0,0,0,
Kings XI Punjab,10,8,1,508a1ea7,96fd40ae,b63ab531,1,0,1,0,
Kings XI Punjab,11,8,1,b63ab531,96fd40ae,508a1ea7,0,0,0,0,
Kings XI Punjab,12,8,1,b63ab531,96fd40ae,508a1ea7,0,0,0,0,
Kings XI Punjab,13,8,1,508a1ea7,88fccd6c,b63ab531,0,0,0,0,
Kings XI Punjab,14,8,1,508a1ea7,88fccd6c,b63ab531,0,0,0,0,
Kings XI Punjab,15,8,1,508a1ea7,88fccd6c,b63ab531,0,0,0,0,
Kings XI Punjab,16,8,1,508a1ea7,88fccd6c,b63ab531,0,0,0,0,
Kings XI Punjab,17,9,1,508a1ea7,88fccd6c,b63ab531,1,0,1,0,
Kings XI Punjab,18,9,1,b63ab531,88fccd6c,508a1ea7,0,0,0,0,
Kings XI Punjab,19,9,1,508a1ea7,96fd40ae,b63ab531,0,0,0,0,
Kings XI Punjab,20,10,1,508a1ea7,96fd40ae,b63ab531,1,0,1,0,
Kings XI Punjab,21,10,1,b63ab531,96fd40ae,508a1ea7,0,0,0,0,
Kings XI Punjab,22,16,1,b63ab531,96fd40ae,508a1ea7,6,0,6,0,
Kings XI Punjab,23,16,1,b63ab531,96fd40ae,508a1ea7,0,0,0,0,
Kings XI Punjab,24,20,1,b63ab531,96fd40ae,508a1ea7,4,0,4,0,
Kings XI Punjab,25,20,1,508a1ea7,88fccd6c,b63ab531,0,0,0,0,
Kings XI Punjab,26,21,1,508a1ea7,88fccd6c,b63ab531,1,0,1,0,
Kings XI Punjab,27,25,1,b63ab531,88fccd6c,508a1ea7,4,0,4,0,
Kings XI Punjab,28,26,1,b63ab531,88fccd6c,508a1ea7,1,0,1,0,
Kings XI Punjab,29,28,1,508a1ea7,88fccd6c,b63ab531,2,0,2,0,
Kings XI Punjab,30,30,1,508a1ea7,88fccd6c,b63ab531,2,0,2,0,
Kings XI Punjab,31,31,1,b63ab531,38f2c66c,508a1ea7,0,1,1,0,
Kings XI Punjab,32,32,1,508a1ea7,38f2c66c,b63ab531,1,0,1,0,
Kings XI Punjab,33,33,1,b63ab531,38f2c66c,508a1ea7,1,0,1,0,
Kings XI Punjab,34,37,1,508a1ea7,38f2c66c,b63ab531,4,0,4,0,
Kings XI Punjab,35,37,1,508a1ea7,38f2c66c,b63ab531,0,0,0,0,
Kings XI Punjab,36,43,1,508a1ea7,38f2c66c,b63ab531,6,0,6,0,
Kings XI Punjab,37,44,1,b63ab531,facb9086,508a1ea7,1,0,1,0,
Kings XI Punjab,38,46,1,508a1ea7,facb9086,b63ab531,2,0,2,0,
Kings XI Punjab,39,48,1,508a1ea7,facb9086,b63ab531,2,0,2,0,
Kings XI Punjab,40,52,1,508a1ea7,facb9086,b63ab531,4,0,4,0,
Kings XI Punjab,41,52,1,508a1ea7,facb9086,b63ab531,0,0,0,0,
Kings XI Punjab,42,53,1,508a1ea7,facb9086,b63ab531,0,1,1,0,
Kings XI Punjab,43,53,1,508a1ea7,342d8ade,b63ab531,0,0,0,0,
Kings XI Punjab,44,57,1,508a1ea7,342d8ade,b63ab531,4,0,4,0,
Kings XI Punjab,45,61,1,508a1ea7,342d8ade,b63ab531,4,0,4,0,
Kings XI Punjab,46,62,1,508a1ea7,342d8ade,b63ab531,1,0,1,0,
Kings XI Punjab,47,62,1,b63ab531,342d8ade,508a1ea7,0,0,0,0,
Kings XI Punjab,48,64,1,b63ab531,342d8ade,508a1ea7,2,0,2,0,
Kings XI Punjab,49,64,1,508a1ea7,35205dfc,b63ab531,0,0,0,0,
Kings XI Punjab,50,66,1,508a1ea7,35205dfc,b63ab531,2,0,2,0,
Kings XI Punjab,51,67,1,508a1ea7,35205dfc,b63ab531,1,0,1,0,
Kings XI Punjab,52,68,1,b63ab531,35205dfc,508a1ea7,1,0,1,0,
Kings XI Punjab,53,72,1,508a1ea7,35205dfc,b63ab531,4,0,4,0,
Kings XI Punjab,54,74,1,508a1ea7,35205dfc,b63ab531,2,0,2,0,
Kings XI Punjab,55,75,1,b63ab531,342d8ade,508a1ea7,1,0,1,0,
Kings XI Punjab,56,76,1,508a1ea7,342d8ade,b63ab531,1,0,1,0,
Kings XI Punjab,57,77,1,b63ab531,342d8ade,508a1ea7,1,0,1,0,
Kings XI Punjab,58,83,1,508a1ea7,342d8ade,b63ab531,6,0,6,0,
Kings XI Punjab,59,83,1,508a1ea7,342d8ade,b63ab531,0,0,0,0,
Kings XI Punjab,60,84,1,508a1ea7,342d8ade,b63ab531,1,0,1,0,
Kings XI Punjab,61,84,1,508a1ea7,35205dfc,b63ab531,0,0,0,0,
Kings XI Punjab,62,85,1,508a1ea7,35205dfc,b63ab531,1,0,1,0,
Kings XI Punjab,63,86,1,b63ab531,35205dfc,508a1ea7,1,0,1,0,
Kings XI Punjab,64,87,1,508a1ea7,35205dfc,b63ab531,0,1,1,0,
Kings XI Punjab,65,87,1,508a1ea7,35205dfc,b63ab531,0,0,0,0,
Kings XI Punjab,66,93,1,508a1ea7,35205dfc,b63ab531,6,0,6,0,
Kings XI Punjab,67,93,1,508a1ea7,35205dfc,b63ab531,0,0,0,0,
Kings XI Punjab,68,94,1,b63ab531,38f2c66c,508a1ea7,1,0,1,0,
Kings XI Punjab,69,94,1,508a1ea7,38f2c66c,b63ab531,0,0,0,0,
Kings XI Punjab,70,95,1,508a1ea7,38f2c66c,b63ab531,1,0,1,0,
Kings XI Punjab,71,99,1,b63ab531,38f2c66c,508a1ea7,4,0,4,0,
Kings XI Punjab,72,100,1,b63ab531,38f2c66c,508a1ea7,0,1,1,0,
Kings XI Punjab,73,101,1,508a1ea7,38f2c66c,b63ab531,1,0,1,0,
Kings XI Punjab,74,107,1,508a1ea7,facb9086,b63ab531,6,0,6,0,
Kings XI Punjab,75,111,1,508a1ea7,facb9086,b63ab531,4,0,4,0,
Kings XI Punjab,76,111,1,508a1ea7,facb9086,b63ab531,0,0,0,0,
Kings XI Punjab,77,112,1,508a1ea7,facb9086,b63ab531,1,0,1,0,
Kings XI Punjab,78,113,1,b63ab531,facb9086,508a1ea7,1,0,1,0,
Kings XI Punjab,79,114,1,508a1ea7,facb9086,b63ab531,1,0,1,0,
Kings XI Punjab,80,115,1,508a1ea7,38f2c66c,b63ab531,1,0,1,0,
Kings XI Punjab,81,116,1,b63ab531,38f2c66c,508a1ea7,0,1,1,0,
Kings XI Punjab,82,116,1,b63ab531,38f2c66c,508a1ea7,0,0,0,0,
Kings XI Punjab,83,120,1,b63ab531,38f2c66c,508a1ea7,4,0,4,0,
Kings XI Punjab,84,124,1,b63ab531,38f2c66c,508a1ea7,4,0,4,0,
Kings XI Punjab,85,125,1,b63ab531,38f2c66c,508a1ea7,1,0,1,0,
Kings XI Punjab,86,125,1,508a1ea7,38f2c66c,b63ab531,0,0,0,0,
Kings XI Punjab,87,126,1,b63ab531,facb9086,508a1ea7,1,0,1,0,
Kings XI Punjab,88,127,1,508a1ea7,facb9086,b63ab531,1,0,1,0,
Kings XI Punjab,89,133,1,b63ab531,facb9086,508a1ea7,6,0,6,0,
Kings XI Punjab,90,134,1,b63ab531,facb9086,508a1ea7,1,0,1,0,
Kings XI Punjab,91,134,2,508a1ea7,facb9086,b63ab531,0,0,0,1,caught
Kings XI Punjab,92,134,2,b63ab531,facb9086,1c914163,0,0,0,0,
Kings XI Punjab,93,138,2,1c914163,342d8ade,b63ab531,4,0,4,0,
Kings XI Punjab,94,138,2,1c914163,342d8ade,b63ab531,0,0,0,0,
Kings XI Punjab,95,139,2,1c914163,342d8ade,b63ab531,1,0,1,0,
Kings XI Punjab,96,139,2,b63ab531,342d8ade,1c914163,0,0,0,0,
Kings XI Punjab,97,139,2,b63ab531,342d8ade,1c914163,0,0,0,0,
Kings XI Punjab,98,139,2,b63ab531,342d8ade,1c914163,0,0,0,0,
Kings XI Punjab,99,140,2,1c914163,facb9086,b63ab531,1,0,1,0,
Kings XI Punjab,100,145,2,b63ab531,facb9086,1c914163,0,5,5,0,
Kings XI Punjab,101,146,2,b63ab531,facb9086,1c914163,1,0,1,0,
Kings XI Punjab,102,147,2,1c914163,facb9086,b63ab531,1,0,1,0,
Kings XI Punjab,103,148,2,b63ab531,facb9086,1c914163,1,0,1,0,
Kings XI Punjab,104,148,3,1c914163,facb9086,b63ab531,0,0,0,1,caught
Kings XI Punjab,105,148,3,b63ab531,facb9086,d18f9182,0,0,0,0,
Kings XI Punjab,106,149,3,d18f9182,342d8ade,b63ab531,1,0,1,0,
Kings XI Punjab,107,149,3,b63ab531,342d8ade,d18f9182,0,0,0,0,
Kings XI Punjab,108,150,3,b63ab531,342d8ade,d18f9182,1,0,1,0,
Kings XI Punjab,109,150,4,d18f9182,342d8ade,b63ab531,0,0,0,1,caught and bowled
Kings XI Punjab,110,154,4,b63ab531,342d8ade,5fa06777,4,0,4,0,
Kings XI Punjab,111,158,4,b63ab531,342d8ade,5fa06777,4,0,4,0,
Kings XI Punjab,112,159,4,5fa06777,38f2c66c,b63ab531,1,0,1,0,
Kings XI Punjab,113,160,4,b63ab531,38f2c66c,5fa06777,1,0,1,0,
Kings XI Punjab,114,160,4,5fa06777,38f2c66c,b63ab531,0,0,0,0,
Kings XI Punjab,115,166,4,5fa06777,38f2c66c,b63ab531,6,0,6,0,
Kings XI Punjab,116,167,4,5fa06777,38f2c66c,b63ab531,1,0,1,0,
Kings XI Punjab,117,171,4,b63ab531,38f2c66c,5fa06777,4,0,4,0,
Kings XI Punjab,118,173,4,5fa06777,96fd40ae,b63ab531,0,2,2,0,
Kings XI Punjab,119,174,4,b63ab531,96fd40ae,5fa06777,1,0,1,0,
Kings XI Punjab,120,175,4,5fa06777,96fd40ae,b63ab531,1,0,1,0,
Kings XI Punjab,121,179,4,b63ab531,96fd40ae,5fa06777,4,0,4,0,
Kings XI Punjab,122,185,4,b63ab531,96fd40ae,5fa06777,6,0,6,0,
Kings XI Punjab,123,185,4,b63ab531,96fd40ae,5fa06777,0,0,0,0,
Kings XI Punjab,124,189,4,b63ab531,96fd40ae,5fa06777,4,0,4,0,
Mumbai Indians,1,1,0,f233bbb4,6b8eb6e5,d2c2b2d5,0,1,1,0,
Mumbai Indians,2,6,0,f233bbb4,6b8eb6e5,d2c2b2d5,0,5,5,0,
Mumbai Indians,3,7,0,f233bbb4,6b8eb6e5,d2c2b2d5,0,1,1,0,
Mumbai Indians,4,7,0,f233bbb4,6b8eb6e5,d2c2b2d5,0,0,0,0,
Mumbai Indians,5,9,0,f233bbb4,6b8eb6e5,d2c2b2d5,2,0,2,0,
Mumbai Indians,6,9,0,f233bbb4,6b8eb6e5,d2c2b2d5,0,0,0,0,
Mumbai Indians,7,10,0,f233bbb4,6b8eb6e5,d2c2b2d5,1,0,1,0,
Mumbai Indians,8,10,0,d2c2b2d5,6b8eb6e5,f233bbb4,0,0,0,0,
Mumbai Indians,9,10,0,d2c2b2d5,6b8eb6e5,f233bbb4,0,0,0,0,
Mumbai Indians,10,16,0,f233bbb4,5fa06777,d2c2b2d5,6,0,6,0,
Mumbai Indians,11,17,0,f233bbb4,5fa06777,d2c2b2d5,1,0,1,0,
Mumbai Indians,12,19,0,d2c2b2d5,5fa06777,f233bbb4,0,2,2,0,
Mumbai Indians,13,23,0,f233bbb4,5fa06777,d2c2b2d5,4,0,4,0,
Mumbai Indians,14,29,0,f233bbb4,5fa06777,d2c2b2d5,6,0,6,0,
Mumbai Indians,15,30,0,f233bbb4,5fa06777,d2c2b2d5,0,1,1,0,
Mumbai Indians,16,34,0,d2c2b2d5,5fa06777,f233bbb4,4,0,4,0,
Mumbai Indians,17,35,0,f233bbb4,6b8eb6e5,d2c2b2d5,0,1,1,0,
Mumbai Indians,18,36,0,d2c2b2d5,6b8eb6e5,f233bbb4,1,0,1,0,
Mumbai Indians,19,36,0,f233bbb4,6b8eb6e5,d2c2b2d5,0,0,0,0,
Mumbai Indians,20,36,1,f233bbb4,6b8eb6e5,d2c2b2d5,0,0,0,1,lbw
Mumbai Indians,21,36,1,35205dfc,6b8eb6e5,d2c2b2d5,0,0,0,0,
Mumbai Indians,22,36,1,35205dfc,6b8eb6e5,d2c2b2d5,0,0,0,0,
Mumbai Indians,23,37,1,d2c2b2d5,5fa06777,35205dfc,1,0,1,0,
Mumbai Indians,24,39,1,35205dfc,5fa06777,d2c2b2d5,2,0,2,0,
Mumbai Indians,25,39,1,35205dfc,5fa06777,d2c2b2d5,0,0,0,0,
Mumbai Indians,26,39,1,35205dfc,5fa06777,d2c2b2d5,0,0,0,0,
Mumbai Indians,27,40,1,35205dfc,5fa06777,d2c2b2d5,0,1,1,0,
Mumbai Indians,28,40,1,d2c2b2d5,5fa06777,35205dfc,0,0,0,0,
Mumbai Indians,29,40,1,35205dfc,6b8eb6e5,d2c2b2d5,0,0,0,0,
Mumbai Indians,30,44,1,35205dfc,6b8eb6e5,d2c2b2d5,4,0,4,0,
Mumbai Indians,31,50,1,35205dfc,6b8eb6e5,d2c2b2d5,6,0,6,0,
Mumbai Indians,32,54,1,35205dfc,6b8eb6e5,d2c2b2d5,4,0,4,0,
Mumbai Indians,33,56,1,35205dfc,6b8eb6e5,d2c2b2d5,2,0,2,0,
Mumbai Indians,34,56,1,35205dfc,6b8eb6e5,d2c2b2d5,0,0,0,0,
Mumbai Indians,35,60,1,d2c2b2d5,034b4b7d,35205dfc,4,0,4,0,
Mumbai Indians,36,60,1,d2c2b2d5,034b4b7d,35205dfc,0,0,0,0,
Mumbai Indians,37,60,1,d2c2b2d5,034b4b7d,35205dfc,0,0,0,0,
Mumbai Indians,38,64,1,d2c2b2d5,034b4b7d,35205dfc,4,0,4,0,
Mumbai Indians,39,64,1,d2c2b2d5,034b4b7d,35205dfc,0,0,0,0,
Mumbai Indians,40,68,1,d2c2b2d5,034b4b7d,35205dfc,4,0,4,0,
Mumbai Indians,41,69,1,35205dfc,98ae73b1,d2c2b2d5,1,0,1,0,
Mumbai Indians,42,69,1,d2c2b2d5,98ae73b1,35205dfc,0,0,0,0,
Mumbai Indians,43,73,1,d2c2b2d5,98ae73b1,35205dfc,4,0,4,0,
Mumbai Indians,44,73,1,d2c2b2d5,98ae73b1,35205dfc,0,0,0,0,
Mumbai Indians,45,74,1,d2c2b2d5,98ae73b1,35205dfc,1,0,1,0,
Mumbai Indians,46,74,1,35205dfc,98ae73b1,d2c2b2d5,0,0,0,0,
Mumbai Indians,47,78,1,d2c2b2d5,2498e163,35205dfc,4,0,4,0,
Mumbai Indians,48,78,1,d2c2b2d5,2498e163,35205dfc,0,0,0,0,
Mumbai Indians,49,79,1,d2c2b2d5,2498e163,35205dfc,0,1,1,0,
Mumbai Indians,50,80,1,35205dfc,2498e163,d2c2b2d5,1,0,1,0,
Mumbai Indians,51,81,1,d2c2b2d5,2498e163,35205dfc,1,0,1,0,
Mumbai Indians,52,81,1,35205dfc,2498e163,d2c2b2d5,0,0,0,0,
Mumbai Indians,53,81,1,d2c2b2d5,98ae73b1,35205dfc,0,0,0,0,
Mumbai Indians,54,81,1,d2c2b2d5,98ae73b1,35205dfc,0,0,0,0,
Mumbai Indians,55,81,2,d2c2b2d5,98ae73b1,35205dfc,0,0,0,1,run out
Mumbai Indians,56,82,2,d2c2b2d5,98ae73b1,a45a5e8d,1,0,1,0,
Mumbai Indians,57,82,2,a45a5e8d,98ae73b1,d2c2b2d5,0,0,0,0,
Mumbai Indians,58,83,2,a45a5e8d,98ae73b1,d2c2b2d5,1,0,1,0,
Mumbai Indians,59,83,2,a45a5e8d,2498e163,d2c2b2d5,0,0,0,0,
Mumbai Indians,60,83,2,a45a5e8d,2498e163,d2c2b2d5,0,0,0,0,
Mumbai Indians,61,84,2,a45a5e8d,2498e163,d2c2b2d5,1,0,1,0,
Mumbai Indians,62,85,2,d2c2b2d5,2498e163,a45a5e8d,1,0,1,0,
Mumbai Indians,63,89,2,a45a5e8d,2498e163,d2c2b2d5,4,0,4,0,
Mumbai Indians,64,90,2,a45a5e8d,2498e163,d2c2b2d5,1,0,1,0,
Mumbai Indians,65,91,2,a45a5e8d,034b4b7d,d2c2b2d5,1,0,1,0,
Mumbai Indians,66,92,2,d2c2b2d5,034b4b7d,a45a5e8d,1,0,1,0,
Mumbai Indians,67,93,2,a45a5e8d,034b4b7d,d2c2b2d5,1,0,1,0,
Mumbai Indians,68,97,2,d2c2b2d5,034b4b7d,a45a5e8d,4,0,4,0,
Mumbai Indians,69,98,2,d2c2b2d5,034b4b7d,a45a5e8d,1,0,1,0,
Mumbai Indians,70,99,2,a45a5e8d,034b4b7d,d2c2b2d5,1,0,1,0,
Mumbai Indians,71,101,2,a45a5e8d,5fa06777,d2c2b2d5,2,0,2,0,
Mumbai Indians,72,102,2,a45a5e8d,5fa06777,d2c2b2d5,0,1,1,0,
Mumbai Indians,73,102,2,d2c2b2d5,5fa06777,a45a5e8d,0,0,0,0,
Mumbai Indians,74,103,2,d2c2b2d5,5fa06777,a45a5e8d,1,0,1,0,
Mumbai Indians,75,104,2,a45a5e8d,5fa06777,d2c2b2d5,1,0,1,0,
Mumbai Indians,76,108,2,d2c2b2d5,5fa06777,a45a5e8d,4,0,4,0,
Mumbai Indians,77,109,2,a45a5e8d,034b4b7d,d2c2b2d5,1,0,1,0,
Mumbai Indians,78,110,2,d2c2b2d5,034b4b7d,a45a5e8d,1,0,1,0,
Mumbai Indians,79,116,2,a45a5e8d,034b4b7d,d2c2b2d5,6,0,6,0,
Mumbai Indians,80,122,2,a45a5e8d,034b4b7d,d2c2b2d5,6,0,6,0,
Mumbai Indians,81,123,2,a45a5e8d,034b4b7d,d2c2b2d5,1,0,1,0,
Mumbai Indians,82,127,2,d2c2b2d5,034b4b7d,a45a5e8d,4,0,4,0,
Mumbai Indians,83,127,3,a45a5e8d,98ae73b1,d2c2b2d5,0,0,0,1,caught
Mumbai Indians,84,127,3,d2c2b2d5,98ae73b1,1c17e270,0,0,0,0,
Mumbai Indians,85,128,3,d2c2b2d5,98ae73b1,1c17e270,1,0,1,0,
Mumbai Indians,86,130,3,1c17e270,98ae73b1,d2c2b2d5,2,0,2,0,
Mumbai Indians,87,134,3,1c17e270,98ae73b1,d2c2b2d5,0,4,4,0,
Mumbai Indians,88,134,3,1c17e270,98ae73b1,d2c2b2d5,0,0,0,0,
Mumbai Indians,89,135,3,d2c2b2d5,1c914163,1c17e270,1,0,1,0,
Mumbai Indians,90,136,3,1c17e270,1c914163,d2c2b2d5,1,0,1,0,
Mumbai Indians,91,137,3,d2c2b2d5,1c914163,1c17e270,0,1,1,0,
Mumbai Indians,92,139,3,1c17e270,1c914163,d2c2b2d5,2,0,2,0,
Mumbai Indians,93,140,3,1c17e270,1c914163,d2c2b2d5,1,0,1,0,
Mumbai Indians,94,144,3,d2c2b2d5,1c914163,1c17e270,4,0,4,0,
Mumbai Indians,95,145,3,1c17e270,98ae73b1,d2c2b2d5,1,0,1,0,
Mumbai Indians,96,149,3,d2c2b2d5,98ae73b1,1c17e270,4,0,4,0,
Mumbai Indians,97,149,3,d2c2b2d5,98ae73b1,1c17e270,0,0,0,0,
Mumbai Indians,98,151,3,d2c2b2d5,98ae73b1,1c17e270,2,0,2,0,
Mumbai Indians,99,155,3,d2c2b2d5,98ae73b1,1c17e270,4,0,4,0,
Mumbai Indians,100,156,3,d2c2b2d5,98ae73b1,1c17e270,0,1,1,0,
Mumbai Indians,101,156,3,d2c2b2d5,5fa06777,1c17e270,0,0,0,0,
Mumbai Indians,102,158,3,d2c2b2d5,5fa06777,1c17e270,2,0,2,0,
Mumbai Indians,103,159,3,d2c2b2d5,5fa06777,1c17e270,1,0,1,0,
Mumbai Indians,104,159,3,1c17e270,5fa06777,d2c2b2d5,0,0,0,0,
Mumbai Indians,105,159,3,1c17e270,5fa06777,d2c2b2d5,0,0,0,0,
Mumbai Indians,106,159,4,1c17e270,5fa06777,d2c2b2d5,0,0,0,1,run out
Mumbai Indians,107,159,5,88fccd6c,1c914163,1c17e270,0,0,0,1,caught
Mumbai Indians,108,161,5,1c17e270,1c914163,0aadc906,2,0,2,0,
Mumbai Indians,109,162,5,1c17e270,1c914163,0aadc906,0,1,1,0,
Mumbai Indians,110,162,5,0aadc906,1c914163,1c17e270,0,0,0,0,
Mumbai Indians,111,163,5,0aadc906,1c914163,1c17e270,1,0,1,0,
Mumbai Indians,112,163,6,1c17e270,1c914163,0aadc906,0,0,0,1,caught
Mumbai Indians,113,165,6,facb9086,6b8eb6e5,0aadc906,2,0,2,0,
Mumbai Indians,114,166,6,facb9086,6b8eb6e5,0aadc906,1,0,1,0,
Mumbai Indians,115,168,6,0aadc906,6b8eb6e5,facb9086,2,0,2,0,
Mumbai Indians,116,170,6,0aadc906,6b8eb6e5,facb9086,2,0,2,0,
Mumbai Indians,117,170,7,0aadc906,6b8eb6e5,facb9086,0,0,0,1,caught
Mumbai Indians,118,171,7,facb9086,6b8eb6e5,342d8ade,1,0,1,0,
Mumbai Indians,119,178,7,facb9086,034b4b7d,342d8ade,6,1,7,0,
Mumbai Indians,120,182,7,facb9086,034b4b7d,342d8ade,4,0,4,0,
Mumbai Indians,121,183,8,facb9086,034b4b7d,342d8ade,1,0,1,1,run out
Mumbai Indians,122,184,8,96fd40ae,034b4b7d,342d8ade,0,1,1,0,
Mumbai Indians,123,186,9,342d8ade,034b4b7d,96fd40ae,2,0,2,1,run out
Mumbai Indians,124,188,9,38f2c66c,034b4b7d,342d8ade,2,0,2,0,
Mumbai Indians,125,188,10,38f2c66c,034b4b7d,342d8ade,0,0,0,1,run out
