batting_team,ball_number,total_team_runs,total_team_wickets,striker_ID,bowler_ID,nonstriker_ID,batter_runs,extras_runs,total_delivery_runs,wicket,wicket_type
Australia,1,1,0,4329fbb5,896d78ad,dcce6f09,1,0,1,0,
Australia,2,1,0,dcce6f09,896d78ad,4329fbb5,0,0,0,0,
Australia,3,1,0,dcce6f09,896d78ad,4329fbb5,0,0,0,0,
Australia,4,1,1,dcce6f09,896d78ad,4329fbb5,0,0,0,1,caught
Australia,5,1,1,7d415ea5,896d78ad,4329fbb5,0,0,0,0,
Australia,6,1,1,7d415ea5,896d78ad,4329fbb5,0,0,0,0,
Australia,7,2,1,4329fbb5,f233bbb4,7d415ea5,1,0,1,0,
Australia,8,2,1,7d415ea5,f233bbb4,4329fbb5,0,0,0,0,
Australia,9,3,1,7d415ea5,f233bbb4,4329fbb5,1,0,1,0,
Australia,10,4,1,4329fbb5,f233bbb4,7d415ea5,1,0,1,0,
Australia,11,8,1,7d415ea5,f233bbb4,4329fbb5,4,0,4,0,
Australia,12,8,1,7d415ea5,f233bbb4,4329fbb5,0,0,0,0,
Australia,13,8,1,4329fbb5,896d78ad,7d415ea5,0,0,0,0,
Australia,14,9,1,4329fbb5,896d78ad,7d415ea5,1,0,1,0,
Australia,15,13,1,7d415ea5,896d78ad,4329fbb5,4,0,4,0,
Australia,16,16,1,7d415ea5,896d78ad,4329fbb5,3,0,3,0,
Australia,17,16,1,4329fbb5,896d78ad,7d415ea5,0,0,0,0,
Australia,18,17,1,4329fbb5,896d78ad,7d415ea5,0,1,1,0,
Australia,19,17,1,4329fbb5,896d78ad,7d415ea5,0,0,0,0,
Australia,20,18,1,7d415ea5,ac5ae4af,4329fbb5,1,0,1,0,
Australia,21,22,1,4329fbb5,ac5ae4af,7d415ea5,4,0,4,0,
Australia,22,26,1,4329fbb5,ac5ae4af,7d415ea5,4,0,4,0,
Australia,23,32,1,4329fbb5,ac5ae4af,7d415ea5,6,0,6,0,
Australia,24,32,1,4329fbb5,ac5ae4af,7d415ea5,0,0,0,0,
Australia,25,32,1,4329fbb5,ac5ae4af,7d415ea5,0,0,0,0,
Australia,26,36,1,7d415ea5,a12e1d51,4329fbb5,4,0,4,0,
Australia,27,40,1,7d415ea5,a12e1d51,4329fbb5,4,0,4,0,
Australia,28,44,1,7d415ea5,a12e1d51,4329fbb5,4,0,4,0,
Australia,29,46,1,7d415ea5,a12e1d51,4329fbb5,0,2,2,0,
Australia,30,46,1,4329fbb5,a12e1d51,7d415ea5,0,0,0,0,
Australia,31,46,1,4329fbb5,a12e1d51,7d415ea5,0,0,0,0,
Australia,32,47,1,4329fbb5,a12e1d51,7d415ea5,1,0,1,0,
Australia,33,47,1,4329fbb5,ea0cdc12,7d415ea5,0,0,0,0,
Australia,34,47,1,4329fbb5,ea0cdc12,7d415ea5,0,0,0,0,
Australia,35,48,1,4329fbb5,ea0cdc12,7d415ea5,1,0,1,0,
Australia,36,48,1,7d415ea5,ea0cdc12,4329fbb5,0,0,0,0,
Australia,37,48,1,7d415ea5,ea0cdc12,4329fbb5,0,0,0,0,
Australia,38,48,2,7d415ea5,ea0cdc12,4329fbb5,0,0,0,1,bowled
Australia,39,49,2,4329fbb5,f233bbb4,b0c772ee,1,0,1,0,
Australia,40,50,2,b0c772ee,f233bbb4,4329fbb5,1,0,1,0,
Australia,41,51,2,4329fbb5,f233bbb4,b0c772ee,1,0,1,0,
Australia,42,51,2,b0c772ee,f233bbb4,4329fbb5,0,0,0,0,
Australia,43,57,2,b0c772ee,f233bbb4,4329fbb5,6,0,6,0,
Australia,44,58,2,b0c772ee,f233bbb4,4329fbb5,1,0,1,0,
Australia,45,58,2,b0c772ee,ea0cdc12,4329fbb5,0,0,0,0,
Australia,46,59,2,b0c772ee,ea0cdc12,4329fbb5,1,0,1,0,
Australia,47,59,3,4329fbb5,ea0cdc12,b0c772ee,0,0,0,1,lbw
Australia,48,59,3,f842c2cf,ea0cdc12,b0c772ee,0,0,0,0,
Australia,49,61,3,f842c2cf,ea0cdc12,b0c772ee,2,0,2,0,
Australia,50,61,3,f842c2cf,ea0cdc12,b0c772ee,0,0,0,0,
Australia,51,61,3,b0c772ee,ac5ae4af,f842c2cf,0,0,0,0,
Australia,52,63,3,b0c772ee,ac5ae4af,f842c2cf,2,0,2,0,
Australia,53,64,3,b0c772ee,ac5ae4af,f842c2cf,1,0,1,0,
Australia,54,65,3,f842c2cf,ac5ae4af,b0c772ee,1,0,1,0,
Australia,55,66,3,b0c772ee,ac5ae4af,f842c2cf,1,0,1,0,
Australia,56,66,3,f842c2cf,ac5ae4af,b0c772ee,0,0,0,0,
Australia,57,67,3,b0c772ee,4ba44e19,f842c2cf,1,0,1,0,
Australia,58,68,3,f842c2cf,4ba44e19,b0c772ee,1,0,1,0,
Australia,59,69,3,b0c772ee,4ba44e19,f842c2cf,1,0,1,0,
Australia,60,70,3,f842c2cf,4ba44e19,b0c772ee,1,0,1,0,
Australia,61,70,3,b0c772ee,4ba44e19,f842c2cf,0,0,0,0,
Australia,62,70,3,b0c772ee,4ba44e19,f842c2cf,0,0,0,0,
Australia,63,71,3,f842c2cf,a12e1d51,b0c772ee,0,1,1,0,
Australia,64,71,3,f842c2cf,a12e1d51,b0c772ee,0,0,0,0,
Australia,65,72,3,f842c2cf,a12e1d51,b0c772ee,1,0,1,0,
Australia,66,72,3,b0c772ee,a12e1d51,f842c2cf,0,0,0,0,
Australia,67,73,3,b0c772ee,a12e1d51,f842c2cf,1,0,1,0,
Australia,68,74,3,f842c2cf,a12e1d51,b0c772ee,1,0,1,0,
Australia,69,74,4,b0c772ee,a12e1d51,f842c2cf,0,0,0,1,bowled
Australia,70,75,4,f842c2cf,4ba44e19,fd835ab3,1,0,1,0,
Australia,71,75,4,fd835ab3,4ba44e19,f842c2cf,0,0,0,0,
Australia,72,75,4,fd835ab3,4ba44e19,f842c2cf,0,0,0,0,
Australia,73,76,4,fd835ab3,4ba44e19,f842c2cf,1,0,1,0,
Australia,74,76,4,f842c2cf,4ba44e19,fd835ab3,0,0,0,0,
Australia,75,77,4,f842c2cf,4ba44e19,fd835ab3,1,0,1,0,
Australia,76,79,4,f842c2cf,ac5ae4af,fd835ab3,2,0,2,0,
Australia,77,79,5,f842c2cf,ac5ae4af,fd835ab3,0,0,0,1,caught and bowled
Australia,78,79,5,48fd7349,ac5ae4af,fd835ab3,0,0,0,0,
Australia,79,80,5,48fd7349,ac5ae4af,fd835ab3,0,1,1,0,
Australia,80,81,5,48fd7349,ac5ae4af,fd835ab3,1,0,1,0,
Australia,81,85,5,fd835ab3,ac5ae4af,48fd7349,4,0,4,0,
Australia,82,86,5,fd835ab3,ac5ae4af,48fd7349,1,0,1,0,
Australia,83,86,5,fd835ab3,4ba44e19,48fd7349,0,0,0,0,
Australia,84,86,5,fd835ab3,4ba44e19,48fd7349,0,0,0,0,
Australia,85,86,5,fd835ab3,4ba44e19,48fd7349,0,0,0,0,
Australia,86,87,5,fd835ab3,4ba44e19,48fd7349,1,0,1,0,
Australia,87,87,5,48fd7349,4ba44e19,fd835ab3,0,0,0,0,
Australia,88,87,5,48fd7349,4ba44e19,fd835ab3,0,0,0,0,
Australia,89,87,5,fd835ab3,ea0cdc12,48fd7349,0,0,0,0,
Australia,90,87,5,fd835ab3,ea0cdc12,48fd7349,0,0,0,0,
Australia,91,93,5,fd835ab3,ea0cdc12,48fd7349,6,0,6,0,
Australia,92,94,5,fd835ab3,ea0cdc12,48fd7349,1,0,1,0,
Australia,93,94,6,48fd7349,ea0cdc12,fd835ab3,0,0,0,1,lbw
Australia,94,94,6,f5180fe6,ea0cdc12,fd835ab3,0,0,0,0,
Australia,95,95,6,fd835ab3,4ba44e19,f5180fe6,1,0,1,0,
Australia,96,101,6,f5180fe6,4ba44e19,fd835ab3,6,0,6,0,
Australia,97,104,6,f5180fe6,4ba44e19,fd835ab3,3,0,3,0,
Australia,98,105,6,fd835ab3,4ba44e19,f5180fe6,1,0,1,0,
Australia,99,111,6,f5180fe6,4ba44e19,fd835ab3,6,0,6,0,
Australia,100,115,6,f5180fe6,4ba44e19,fd835ab3,4,0,4,0,
Australia,101,117,6,fd835ab3,ea0cdc12,f5180fe6,2,0,2,0,
Australia,102,118,6,fd835ab3,ea0cdc12,f5180fe6,1,0,1,0,
Australia,103,122,6,f5180fe6,ea0cdc12,fd835ab3,4,0,4,0,
Australia,104,122,6,f5180fe6,ea0cdc12,fd835ab3,0,0,0,0,
Australia,105,123,6,f5180fe6,ea0cdc12,fd835ab3,1,0,1,0,
Australia,106,124,6,fd835ab3,ea0cdc12,f5180fe6,1,0,1,0,
Australia,107,125,6,fd835ab3,a12e1d51,f5180fe6,1,0,1,0,
Australia,108,127,6,f5180fe6,a12e1d51,fd835ab3,2,0,2,0,
Australia,109,128,6,f5180fe6,a12e1d51,fd835ab3,1,0,1,0,
Australia,110,129,6,fd835ab3,a12e1d51,f5180fe6,1,0,1,0,
Australia,111,129,6,f5180fe6,a12e1d51,fd835ab3,0,0,0,0,
Australia,112,129,6,f5180fe6,a12e1d51,fd835ab3,0,0,0,0,
Australia,113,135,6,fd835ab3,ac5ae4af,f5180fe6,6,0,6,0,
Australia,114,135,7,fd835ab3,ac5ae4af,f5180fe6,0,0,0,1,caught
Australia,115,136,7,f5180fe6,ac5ae4af,dd09ff8e,1,0,1,0,
Australia,116,140,7,dd09ff8e,ac5ae4af,f5180fe6,4,0,4,0,
Australia,117,146,7,dd09ff8e,ac5ae4af,f5180fe6,6,0,6,0,
Australia,118,147,7,dd09ff8e,ac5ae4af,f5180fe6,1,0,1,0,
Australia,119,151,7,dd09ff8e,a12e1d51,f5180fe6,4,0,4,0,
Australia,120,151,8,dd09ff8e,a12e1d51,f5180fe6,0,0,0,1,bowled
Australia,121,151,8,8ea6e670,a12e1d51,f5180fe6,0,0,0,0,
Australia,122,155,8,8ea6e670,a12e1d51,f5180fe6,4,0,4,0,
Australia,123,155,9,8ea6e670,a12e1d51,f5180fe6,0,0,0,1,caught
Australia,124,159,9,4c61a0f9,a12e1d51,f5180fe6,4,0,4,0,
Sri Lanka,1,0,0,5bdcdb72,dd09ff8e,f233bbb4,0,0,0,0,
Sri Lanka,2,4,0,5bdcdb72,dd09ff8e,f233bbb4,4,0,4,0,
Sri Lanka,3,6,0,5bdcdb72,dd09ff8e,f233bbb4,1,1,2,0,
Sri Lanka,4,6,0,f233bbb4,dd09ff8e,5bdcdb72,0,0,0,0,
Sri Lanka,5,6,0,f233bbb4,dd09ff8e,5bdcdb72,0,0,0,0,
Sri Lanka,6,7,0,f233bbb4,dd09ff8e,5bdcdb72,0,1,1,0,
Sri Lanka,7,7,0,f233bbb4,dd09ff8e,5bdcdb72,0,0,0,0,
Sri Lanka,8,8,0,f233bbb4,dd09ff8e,5bdcdb72,1,0,1,0,
Sri Lanka,9,8,0,f233bbb4,f5180fe6,5bdcdb72,0,0,0,0,
Sri Lanka,10,9,0,f233bbb4,f5180fe6,5bdcdb72,1,0,1,0,
Sri Lanka,11,11,0,5bdcdb72,f5180fe6,f233bbb4,2,0,2,0,
Sri Lanka,12,15,0,5bdcdb72,f5180fe6,f233bbb4,4,0,4,0,
Sri Lanka,13,19,0,5bdcdb72,f5180fe6,f233bbb4,4,0,4,0,
Sri Lanka,14,19,0,5bdcdb72,f5180fe6,f233bbb4,0,0,0,0,
Sri Lanka,15,19,1,f233bbb4,dd09ff8e,5bdcdb72,0,0,0,1,caught
Sri Lanka,16,19,1,6b71e6cf,dd09ff8e,5bdcdb72,0,0,0,0,
Sri Lanka,17,19,1,6b71e6cf,dd09ff8e,5bdcdb72,0,0,0,0,
Sri Lanka,18,19,1,6b71e6cf,dd09ff8e,5bdcdb72,0,0,0,0,
Sri Lanka,19,19,1,6b71e6cf,dd09ff8e,5bdcdb72,0,0,0,0,
Sri Lanka,20,24,1,6b71e6cf,dd09ff8e,5bdcdb72,4,1,5,0,
Sri Lanka,21,28,1,6b71e6cf,dd09ff8e,5bdcdb72,4,0,4,0,
Sri Lanka,22,32,1,5bdcdb72,4c61a0f9,6b71e6cf,4,0,4,0,
Sri Lanka,23,32,1,5bdcdb72,4c61a0f9,6b71e6cf,0,0,0,0,
Sri Lanka,24,32,1,5bdcdb72,4c61a0f9,6b71e6cf,0,0,0,0,
Sri Lanka,25,33,1,5bdcdb72,4c61a0f9,6b71e6cf,1,0,1,0,
Sri Lanka,26,37,1,6b71e6cf,4c61a0f9,5bdcdb72,4,0,4,0,
Sri Lanka,27,37,1,6b71e6cf,4c61a0f9,5bdcdb72,0,0,0,0,
Sri Lanka,28,41,1,5bdcdb72,4329fbb5,6b71e6cf,4,0,4,0,
Sri Lanka,29,41,1,5bdcdb72,4329fbb5,6b71e6cf,0,0,0,0,
Sri Lanka,30,45,1,5bdcdb72,4329fbb5,6b71e6cf,4,0,4,0,
Sri Lanka,31,49,1,5bdcdb72,4329fbb5,6b71e6cf,4,0,4,0,
Sri Lanka,32,49,1,5bdcdb72,4329fbb5,6b71e6cf,0,0,0,0,
Sri Lanka,33,53,1,5bdcdb72,4329fbb5,6b71e6cf,4,0,4,0,
Sri Lanka,34,54,1,6b71e6cf,4c61a0f9,5bdcdb72,1,0,1,0,
Sri Lanka,35,58,1,5bdcdb72,4c61a0f9,6b71e6cf,4,0,4,0,
Sri Lanka,36,59,1,5bdcdb72,4c61a0f9,6b71e6cf,1,0,1,0,
Sri Lanka,37,61,1,6b71e6cf,4c61a0f9,5bdcdb72,2,0,2,0,
Sri Lanka,38,62,1,6b71e6cf,4c61a0f9,5bdcdb72,1,0,1,0,
Sri Lanka,39,62,1,5bdcdb72,4c61a0f9,6b71e6cf,0,0,0,0,
Sri Lanka,40,63,1,6b71e6cf,f5180fe6,5bdcdb72,1,0,1,0,
Sri Lanka,41,64,1,5bdcdb72,f5180fe6,6b71e6cf,1,0,1,0,
Sri Lanka,42,64,1,6b71e6cf,f5180fe6,5bdcdb72,0,0,0,0,
Sri Lanka,43,65,1,6b71e6cf,f5180fe6,5bdcdb72,1,0,1,0,
Sri Lanka,44,66,1,5bdcdb72,f5180fe6,6b71e6cf,0,1,1,0,
Sri Lanka,45,66,1,5bdcdb72,f5180fe6,6b71e6cf,0,0,0,0,
Sri Lanka,46,67,1,5bdcdb72,f5180fe6,6b71e6cf,1,0,1,0,
Sri Lanka,47,68,1,5bdcdb72,4329fbb5,6b71e6cf,1,0,1,0,
Sri Lanka,48,69,1,6b71e6cf,4329fbb5,5bdcdb72,1,0,1,0,
Sri Lanka,49,71,1,5bdcdb72,4329fbb5,6b71e6cf,2,0,2,0,
Sri Lanka,50,75,1,5bdcdb72,4329fbb5,6b71e6cf,4,0,4,0,
Sri Lanka,51,75,1,5bdcdb72,4329fbb5,6b71e6cf,0,0,0,0,
Sri Lanka,52,75,1,5bdcdb72,4329fbb5,6b71e6cf,0,0,0,0,
Sri Lanka,53,77,1,6b71e6cf,8ea6e670,5bdcdb72,2,0,2,0,
Sri Lanka,54,77,1,6b71e6cf,8ea6e670,5bdcdb72,0,0,0,0,
Sri Lanka,55,78,1,6b71e6cf,8ea6e670,5bdcdb72,1,0,1,0,
Sri Lanka,56,78,1,5bdcdb72,8ea6e670,6b71e6cf,0,0,0,0,
Sri Lanka,57,80,1,5bdcdb72,8ea6e670,6b71e6cf,2,0,2,0,
Sri Lanka,58,81,1,5bdcdb72,8ea6e670,6b71e6cf,1,0,1,0,
Sri Lanka,59,81,2,5bdcdb72,f842c2cf,6b71e6cf,0,0,0,1,bowled
Sri Lanka,60,81,2,d18f9182,f842c2cf,6b71e6cf,0,0,0,0,
Sri Lanka,61,82,2,d18f9182,f842c2cf,6b71e6cf,1,0,1,0,
Sri Lanka,62,83,2,6b71e6cf,f842c2cf,d18f9182,1,0,1,0,
Sri Lanka,63,85,2,d18f9182,f842c2cf,6b71e6cf,2,0,2,0,
Sri Lanka,64,86,2,d18f9182,f842c2cf,6b71e6cf,1,0,1,0,
Sri Lanka,65,87,2,d18f9182,8ea6e670,6b71e6cf,1,0,1,0,
Sri Lanka,66,87,2,6b71e6cf,8ea6e670,d18f9182,0,0,0,0,
Sri Lanka,67,88,2,6b71e6cf,8ea6e670,d18f9182,0,1,1,0,
Sri Lanka,68,88,2,d18f9182,8ea6e670,6b71e6cf,0,0,0,0,
Sri Lanka,69,89,2,d18f9182,8ea6e670,6b71e6cf,1,0,1,0,
Sri Lanka,70,89,2,6b71e6cf,8ea6e670,d18f9182,0,0,0,0,
Sri Lanka,71,90,2,d18f9182,f842c2cf,6b71e6cf,1,0,1,0,
Sri Lanka,72,92,2,6b71e6cf,f842c2cf,d18f9182,2,0,2,0,
Sri Lanka,73,94,2,6b71e6cf,f842c2cf,d18f9182,2,0,2,0,
Sri Lanka,74,94,2,6b71e6cf,f842c2cf,d18f9182,0,0,0,0,
Sri Lanka,75,95,2,6b71e6cf,f842c2cf,d18f9182,1,0,1,0,
Sri Lanka,76,95,2,d18f9182,f842c2cf,6b71e6cf,0,0,0,0,
Sri Lanka,77,95,2,6b71e6cf,8ea6e670,d18f9182,0,0,0,0,
Sri Lanka,78,96,2,6b71e6cf,8ea6e670,d18f9182,1,0,1,0,
Sri Lanka,79,96,2,d18f9182,8ea6e670,6b71e6cf,0,0,0,0,
Sri Lanka,80,98,2,d18f9182,8ea6e670,6b71e6cf,2,0,2,0,
Sri Lanka,81,98,3,d18f9182,8ea6e670,6b71e6cf,0,0,0,1,caught
Sri Lanka,82,98,3,6b71e6cf,8ea6e670,1be70c88,0,0,0,0,
Sri Lanka,83,99,3,1be70c88,f842c2cf,6b71e6cf,1,0,1,0,
Sri Lanka,84,100,3,6b71e6cf,f842c2cf,1be70c88,1,0,1,0,
Sri Lanka,85,104,3,1be70c88,f842c2cf,6b71e6cf,4,0,4,0,
Sri Lanka,86,106,3,1be70c88,f842c2cf,6b71e6cf,2,0,2,0,
Sri Lanka,87,106,3,1be70c88,f842c2cf,6b71e6cf,0,0,0,0,
Sri Lanka,88,106,3,1be70c88,f842c2cf,6b71e6cf,0,0,0,0,
Sri Lanka,89,108,3,6b71e6cf,8ea6e670,1be70c88,2,0,2,0,
Sri Lanka,90,108,3,6b71e6cf,8ea6e670,1be70c88,0,0,0,0,
Sri Lanka,91,114,3,6b71e6cf,8ea6e670,1be70c88,6,0,6,0,
Sri Lanka,92,120,3,6b71e6cf,8ea6e670,1be70c88,6,0,6,0,
Sri Lanka,93,121,3,6b71e6cf,8ea6e670,1be70c88,1,0,1,0,
Sri Lanka,94,122,3,1be70c88,8ea6e670,6b71e6cf,1,0,1,0,
Sri Lanka,95,123,3,1be70c88,4c61a0f9,6b71e6cf,1,0,1,0,
Sri Lanka,96,124,3,6b71e6cf,4c61a0f9,1be70c88,1,0,1,0,
Sri Lanka,97,125,3,1be70c88,4c61a0f9,6b71e6cf,1,0,1,0,
Sri Lanka,98,126,3,6b71e6cf,4c61a0f9,1be70c88,1,0,1,0,
Sri Lanka,99,126,3,1be70c88,4c61a0f9,6b71e6cf,0,0,0,0,
Sri Lanka,100,127,3,1be70c88,4c61a0f9,6b71e6cf,1,0,1,0,
Sri Lanka,101,127,4,1be70c88,dd09ff8e,6b71e6cf,0,0,0,1,caught
Sri Lanka,102,127,4,a9520ac2,dd09ff8e,6b71e6cf,0,0,0,0,
Sri Lanka,103,127,4,a9520ac2,dd09ff8e,6b71e6cf,0,0,0,0,
Sri Lanka,104,127,4,a9520ac2,dd09ff8e,6b71e6cf,0,0,0,0,
Sri Lanka,105,128,4,a9520ac2,dd09ff8e,6b71e6cf,0,1,1,0,
Sri Lanka,106,130,4,a9520ac2,dd09ff8e,6b71e6cf,2,0,2,0,
Sri Lanka,107,136,4,a9520ac2,dd09ff8e,6b71e6cf,6,0,6,0,
Sri Lanka,108,137,4,6b71e6cf,4c61a0f9,a9520ac2,1,0,1,0,
Sri Lanka,109,138,4,a9520ac2,4c61a0f9,6b71e6cf,1,0,1,0,
Sri Lanka,110,139,4,6b71e6cf,4c61a0f9,a9520ac2,0,1,1,0,
Sri Lanka,111,140,4,6b71e6cf,4c61a0f9,a9520ac2,1,0,1,0,
Sri Lanka,112,141,4,a9520ac2,4c61a0f9,6b71e6cf,1,0,1,0,
Sri Lanka,113,145,4,6b71e6cf,4c61a0f9,a9520ac2,4,0,4,0,
Sri Lanka,114,146,4,6b71e6cf,4c61a0f9,a9520ac2,1,0,1,0,
Sri Lanka,115,147,4,6b71e6cf,dd09ff8e,a9520ac2,1,0,1,0,
Sri Lanka,116,147,4,a9520ac2,dd09ff8e,6b71e6cf,0,0,0,0,
Sri Lanka,117,153,4,a9520ac2,dd09ff8e,6b71e6cf,6,0,6,0,
Sri Lanka,118,154,4,a9520ac2,dd09ff8e,6b71e6cf,0,1,1,0,
Sri Lanka,119,154,4,a9520ac2,dd09ff8e,6b71e6cf,0,0,0,0,
Sri Lanka,120,158,4,a9520ac2,dd09ff8e,6b71e6cf,4,0,4,0,
Sri Lanka,121,159,4,a9520ac2,dd09ff8e,6b71e6cf,1,0,1,0,
Sri Lanka,122,160,4,a9520ac2,f5180fe6,6b71e6cf,0,1,1,0,
