batting_team,ball_number,total_team_runs,total_team_wickets,striker_ID,bowler_ID,nonstriker_ID,batter_runs,extras_runs,total_delivery_runs,wicket,wicket_type
Chennai Super Kings,1,2,0,4b57e452,c404f58a,d8699ab7,0,2,2,0,
Chennai Super Kings,2,2,0,d8699ab7,c404f58a,4b57e452,0,0,0,0,
Chennai Super Kings,3,3,0,d8699ab7,c404f58a,4b57e452,1,0,1,0,
Chennai Super Kings,4,3,0,4b57e452,c404f58a,d8699ab7,0,0,0,0,
Chennai Super Kings,5,3,0,4b57e452,c404f58a,d8699ab7,0,0,0,0,
Chennai Super Kings,6,7,0,4b57e452,c404f58a,d8699ab7,4,0,4,0,
Chennai Super Kings,7,9,0,4b57e452,c404f58a,d8699ab7,2,0,2,0,
Chennai Super Kings,8,9,0,d8699ab7,96fd40ae,4b57e452,0,0,0,0,
Chennai Super Kings,9,9,0,d8699ab7,96fd40ae,4b57e452,0,0,0,0,
Chennai Super Kings,10,9,1,d8699ab7,96fd40ae,4b57e452,0,0,0,1,caught
Chennai Super Kings,11,9,1,4b57e452,96fd40ae,4a8a2e3b,0,0,0,0,
Chennai Super Kings,12,13,1,4b57e452,96fd40ae,4a8a2e3b,4,0,4,0,
Chennai Super Kings,13,13,1,4b57e452,96fd40ae,4a8a2e3b,0,0,0,0,
Chennai Super Kings,14,13,1,4a8a2e3b,c404f58a,4b57e452,0,0,0,0,
Chennai Super Kings,15,13,2,4a8a2e3b,c404f58a,4b57e452,0,0,0,1,caught
Chennai Super Kings,16,14,2,1dc12ab9,c404f58a,4b57e452,1,0,1,0,
Chennai Super Kings,17,14,2,4b57e452,c404f58a,1dc12ab9,0,0,0,0,
Chennai Super Kings,18,17,2,4b57e452,c404f58a,1dc12ab9,3,0,3,0,
Chennai Super Kings,19,18,2,1dc12ab9,c404f58a,4b57e452,1,0,1,0,
Chennai Super Kings,20,18,2,1dc12ab9,96fd40ae,4b57e452,0,0,0,0,
Chennai Super Kings,21,19,2,1dc12ab9,96fd40ae,4b57e452,1,0,1,0,
Chennai Super Kings,22,23,2,4b57e452,96fd40ae,1dc12ab9,4,0,4,0,
Chennai Super Kings,23,23,3,4b57e452,96fd40ae,1dc12ab9,0,0,0,1,caught
Chennai Super Kings,24,23,3,48fd7349,96fd40ae,1dc12ab9,0,0,0,0,
Chennai Super Kings,25,23,3,48fd7349,96fd40ae,1dc12ab9,0,0,0,0,
Chennai Super Kings,26,27,3,1dc12ab9,cc1e8c68,48fd7349,4,0,4,0,
Chennai Super Kings,27,27,3,1dc12ab9,cc1e8c68,48fd7349,0,0,0,0,
Chennai Super Kings,28,27,3,1dc12ab9,cc1e8c68,48fd7349,0,0,0,0,
Chennai Super Kings,29,27,3,1dc12ab9,cc1e8c68,48fd7349,0,0,0,0,
Chennai Super Kings,30,30,3,1dc12ab9,cc1e8c68,48fd7349,0,3,3,0,
Chennai Super Kings,31,30,3,1dc12ab9,cc1e8c68,48fd7349,0,0,0,0,
Chennai Super Kings,32,34,3,1dc12ab9,cc1e8c68,48fd7349,4,0,4,0,
Chennai Super Kings,33,37,3,48fd7349,96fd40ae,1dc12ab9,3,0,3,0,
Chennai Super Kings,34,37,3,1dc12ab9,96fd40ae,48fd7349,0,0,0,0,
Chennai Super Kings,35,37,3,1dc12ab9,96fd40ae,48fd7349,0,0,0,0,
Chennai Super Kings,36,37,3,1dc12ab9,96fd40ae,48fd7349,0,0,0,0,
Chennai Super Kings,37,38,3,1dc12ab9,96fd40ae,48fd7349,1,0,1,0,
Chennai Super Kings,38,39,3,48fd7349,96fd40ae,1dc12ab9,1,0,1,0,
Chennai Super Kings,39,40,3,48fd7349,5bdcdb72,1dc12ab9,1,0,1,0,
Chennai Super Kings,40,40,3,1dc12ab9,5bdcdb72,48fd7349,0,0,0,0,
Chennai Super Kings,41,40,3,1dc12ab9,5bdcdb72,48fd7349,0,0,0,0,
Chennai Super Kings,42,41,3,1dc12ab9,5bdcdb72,48fd7349,1,0,1,0,
Chennai Super Kings,43,42,3,48fd7349,5bdcdb72,1dc12ab9,1,0,1,0,
Chennai Super Kings,44,44,3,1dc12ab9,5bdcdb72,48fd7349,2,0,2,0,
Chennai Super Kings,45,48,3,48fd7349,8ba8195d,1dc12ab9,4,0,4,0,
Chennai Super Kings,46,48,3,48fd7349,8ba8195d,1dc12ab9,0,0,0,0,
Chennai Super Kings,47,52,3,48fd7349,8ba8195d,1dc12ab9,4,0,4,0,
Chennai Super Kings,48,52,3,48fd7349,8ba8195d,1dc12ab9,0,0,0,0,
Chennai Super Kings,49,52,3,48fd7349,8ba8195d,1dc12ab9,0,0,0,0,
Chennai Super Kings,50,52,3,48fd7349,8ba8195d,1dc12ab9,0,0,0,0,
Chennai Super Kings,51,52,4,1dc12ab9,5bdcdb72,48fd7349,0,0,0,1,caught
Chennai Super Kings,52,52,4,48fd7349,5bdcdb72,3576e47e,0,0,0,0,
Chennai Super Kings,53,52,4,48fd7349,5bdcdb72,3576e47e,0,0,0,0,
Chennai Super Kings,54,52,4,48fd7349,5bdcdb72,3576e47e,0,0,0,0,
Chennai Super Kings,55,52,4,48fd7349,5bdcdb72,3576e47e,0,0,0,0,
Chennai Super Kings,56,53,4,48fd7349,5bdcdb72,3576e47e,1,0,1,0,
Chennai Super Kings,57,53,5,48fd7349,8ba8195d,3576e47e,0,0,0,1,caught
Chennai Super Kings,58,53,5,c3d35165,8ba8195d,3576e47e,0,0,0,0,
Chennai Super Kings,59,53,5,c3d35165,8ba8195d,3576e47e,0,0,0,0,
Chennai Super Kings,60,54,5,c3d35165,8ba8195d,3576e47e,1,0,1,0,
Chennai Super Kings,61,55,5,3576e47e,8ba8195d,c3d35165,1,0,1,0,
Chennai Super Kings,62,55,6,c3d35165,8ba8195d,3576e47e,0,0,0,1,caught
Chennai Super Kings,63,56,6,3576e47e,6b19d823,495d42a5,1,0,1,0,
Chennai Super Kings,64,57,6,495d42a5,6b19d823,3576e47e,1,0,1,0,
Chennai Super Kings,65,59,6,3576e47e,6b19d823,495d42a5,2,0,2,0,
Chennai Super Kings,66,59,6,3576e47e,6b19d823,495d42a5,0,0,0,0,
Chennai Super Kings,67,59,6,3576e47e,6b19d823,495d42a5,0,0,0,0,
Chennai Super Kings,68,60,6,3576e47e,6b19d823,495d42a5,1,0,1,0,
Chennai Super Kings,69,60,6,3576e47e,8ba8195d,495d42a5,0,0,0,0,
Chennai Super Kings,70,61,6,3576e47e,8ba8195d,495d42a5,1,0,1,0,
Chennai Super Kings,71,61,6,495d42a5,8ba8195d,3576e47e,0,0,0,0,
Chennai Super Kings,72,61,6,495d42a5,8ba8195d,3576e47e,0,0,0,0,
Chennai Super Kings,73,61,6,495d42a5,8ba8195d,3576e47e,0,0,0,0,
Chennai Super Kings,74,62,6,495d42a5,8ba8195d,3576e47e,1,0,1,0,
Chennai Super Kings,75,63,6,495d42a5,6b19d823,3576e47e,1,0,1,0,
Chennai Super Kings,76,64,6,3576e47e,6b19d823,495d42a5,1,0,1,0,
Chennai Super Kings,77,64,6,495d42a5,6b19d823,3576e47e,0,0,0,0,
Chennai Super Kings,78,64,6,495d42a5,6b19d823,3576e47e,0,0,0,0,
Chennai Super Kings,79,64,6,495d42a5,6b19d823,3576e47e,0,0,0,0,
Chennai Super Kings,80,65,6,495d42a5,6b19d823,3576e47e,1,0,1,0,
Chennai Super Kings,81,66,6,495d42a5,8ba8195d,3576e47e,1,0,1,0,
Chennai Super Kings,82,68,6,3576e47e,8ba8195d,495d42a5,2,0,2,0,
Chennai Super Kings,83,69,6,3576e47e,8ba8195d,495d42a5,1,0,1,0,
Chennai Super Kings,84,70,6,495d42a5,8ba8195d,3576e47e,1,0,1,0,
Chennai Super Kings,85,71,6,3576e47e,8ba8195d,495d42a5,1,0,1,0,
Chennai Super Kings,86,71,6,495d42a5,8ba8195d,3576e47e,0,0,0,0,
Chennai Super Kings,87,72,7,3576e47e,6b19d823,495d42a5,1,0,1,1,run out
Chennai Super Kings,88,73,7,3576e47e,6b19d823,b2b50355,1,0,1,0,
Chennai Super Kings,89,73,7,b2b50355,6b19d823,3576e47e,0,0,0,0,
Chennai Super Kings,90,73,7,b2b50355,6b19d823,3576e47e,0,0,0,0,
Chennai Super Kings,91,73,7,b2b50355,6b19d823,3576e47e,0,0,0,0,
Chennai Super Kings,92,74,7,b2b50355,6b19d823,3576e47e,1,0,1,0,
Chennai Super Kings,93,75,7,b2b50355,5bdcdb72,3576e47e,1,0,1,0,
Chennai Super Kings,94,75,7,3576e47e,5bdcdb72,b2b50355,0,0,0,0,
Chennai Super Kings,95,76,7,3576e47e,5bdcdb72,b2b50355,1,0,1,0,
Chennai Super Kings,96,76,7,b2b50355,5bdcdb72,3576e47e,0,0,0,0,
Chennai Super Kings,97,77,7,b2b50355,5bdcdb72,3576e47e,1,0,1,0,
Chennai Super Kings,98,77,7,3576e47e,5bdcdb72,b2b50355,0,0,0,0,
Chennai Super Kings,99,77,8,b2b50355,6b19d823,3576e47e,0,0,0,1,lbw
Chennai Super Kings,100,78,8,45c2196c,6b19d823,3576e47e,0,1,1,0,
Chennai Super Kings,101,78,8,45c2196c,6b19d823,3576e47e,0,0,0,0,
Chennai Super Kings,102,78,8,45c2196c,6b19d823,3576e47e,0,0,0,0,
Chennai Super Kings,103,78,8,45c2196c,6b19d823,3576e47e,0,0,0,0,
Chennai Super Kings,104,79,8,45c2196c,6b19d823,3576e47e,1,0,1,0,
Chennai Super Kings,105,79,8,3576e47e,6b19d823,45c2196c,0,0,0,0,
Chennai Super Kings,106,79,8,45c2196c,5bdcdb72,3576e47e,0,0,0,0,
Chennai Super Kings,107,80,8,45c2196c,5bdcdb72,3576e47e,1,0,1,0,
Chennai Super Kings,108,81,8,3576e47e,5bdcdb72,45c2196c,1,0,1,0,
Chennai Super Kings,109,82,8,45c2196c,5bdcdb72,3576e47e,1,0,1,0,
Chennai Super Kings,110,83,8,3576e47e,5bdcdb72,45c2196c,1,0,1,0,
Chennai Super Kings,111,89,8,45c2196c,5bdcdb72,3576e47e,6,0,6,0,
Chennai Super Kings,112,90,8,3576e47e,c404f58a,45c2196c,1,0,1,0,
Chennai Super Kings,113,91,8,45c2196c,c404f58a,3576e47e,1,0,1,0,
Chennai Super Kings,114,91,8,3576e47e,c404f58a,45c2196c,0,0,0,0,
Chennai Super Kings,115,93,8,3576e47e,c404f58a,45c2196c,1,1,2,0,
Chennai Super Kings,116,94,8,45c2196c,c404f58a,3576e47e,1,0,1,0,
Chennai Super Kings,117,95,8,3576e47e,c404f58a,45c2196c,0,1,1,0,
Chennai Super Kings,118,99,8,3576e47e,c404f58a,45c2196c,4,0,4,0,
Chennai Super Kings,119,100,8,3576e47e,c404f58a,45c2196c,1,0,1,0,
Chennai Super Kings,120,100,8,45c2196c,c404f58a,3576e47e,0,0,0,0,
Chennai Super Kings,121,101,8,3576e47e,96fd40ae,45c2196c,1,0,1,0,
Chennai Super Kings,122,105,8,45c2196c,96fd40ae,3576e47e,4,0,4,0,
Chennai Super Kings,123,106,8,45c2196c,96fd40ae,3576e47e,1,0,1,0,
Chennai Super Kings,124,108,8,3576e47e,96fd40ae,45c2196c,2,0,2,0,
Chennai Super Kings,125,112,8,3576e47e,96fd40ae,45c2196c,4,0,4,0,
Chennai Super Kings,126,112,9,3576e47e,96fd40ae,45c2196c,0,0,0,1,caught
Delhi Daredevils,1,1,0,8ba8195d,495d42a5,dcce6f09,1,0,1,0,
Delhi Daredevils,2,1,0,dcce6f09,495d42a5,8ba8195d,0,0,0,0,
Delhi Daredevils,3,1,1,dcce6f09,495d42a5,8ba8195d,0,0,0,1,caught
Delhi Daredevils,4,2,1,5bdcdb72,495d42a5,8ba8195d,1,0,1,0,
Delhi Daredevils,5,4,1,8ba8195d,495d42a5,5bdcdb72,2,0,2,0,
Delhi Daredevils,6,5,1,8ba8195d,495d42a5,5bdcdb72,1,0,1,0,
Delhi Daredevils,7,5,2,8ba8195d,45c2196c,5bdcdb72,0,0,0,1,caught
Delhi Daredevils,8,5,2,bb345e0b,45c2196c,5bdcdb72,0,0,0,0,
Delhi Daredevils,9,6,2,bb345e0b,45c2196c,5bdcdb72,1,0,1,0,
Delhi Daredevils,10,6,3,5bdcdb72,45c2196c,bb345e0b,0,0,0,1,bowled
Delhi Daredevils,11,6,3,c03f1114,45c2196c,bb345e0b,0,0,0,0,
Delhi Daredevils,12,7,3,c03f1114,45c2196c,bb345e0b,1,0,1,0,
Delhi Daredevils,13,8,3,c03f1114,495d42a5,bb345e0b,1,0,1,0,
Delhi Daredevils,14,8,3,bb345e0b,495d42a5,c03f1114,0,0,0,0,
Delhi Daredevils,15,8,3,bb345e0b,495d42a5,c03f1114,0,0,0,0,
Delhi Daredevils,16,8,3,bb345e0b,495d42a5,c03f1114,0,0,0,0,
Delhi Daredevils,17,8,3,bb345e0b,495d42a5,c03f1114,0,0,0,0,
Delhi Daredevils,18,12,3,bb345e0b,495d42a5,c03f1114,4,0,4,0,
Delhi Daredevils,19,12,3,c03f1114,45c2196c,bb345e0b,0,0,0,0,
Delhi Daredevils,20,14,3,c03f1114,45c2196c,bb345e0b,2,0,2,0,
Delhi Daredevils,21,16,3,c03f1114,45c2196c,bb345e0b,0,2,2,0,
Delhi Daredevils,22,16,3,bb345e0b,45c2196c,c03f1114,0,0,0,0,
Delhi Daredevils,23,17,3,bb345e0b,45c2196c,c03f1114,1,0,1,0,
Delhi Daredevils,24,18,3,c03f1114,45c2196c,bb345e0b,1,0,1,0,
Delhi Daredevils,25,18,3,bb345e0b,45c2196c,c03f1114,0,0,0,0,
Delhi Daredevils,26,19,3,c03f1114,495d42a5,bb345e0b,1,0,1,0,
Delhi Daredevils,27,20,3,bb345e0b,495d42a5,c03f1114,1,0,1,0,
Delhi Daredevils,28,24,3,c03f1114,495d42a5,bb345e0b,0,4,4,0,
Delhi Daredevils,29,24,3,c03f1114,495d42a5,bb345e0b,0,0,0,0,
Delhi Daredevils,30,25,3,c03f1114,495d42a5,bb345e0b,1,0,1,0,
Delhi Daredevils,31,26,3,bb345e0b,495d42a5,c03f1114,1,0,1,0,
Delhi Daredevils,32,26,3,bb345e0b,45c2196c,c03f1114,0,0,0,0,
Delhi Daredevils,33,26,3,bb345e0b,45c2196c,c03f1114,0,0,0,0,
Delhi Daredevils,34,28,3,bb345e0b,45c2196c,c03f1114,2,0,2,0,
Delhi Daredevils,35,29,3,bb345e0b,45c2196c,c03f1114,1,0,1,0,
Delhi Daredevils,36,33,3,c03f1114,45c2196c,bb345e0b,4,0,4,0,
Delhi Daredevils,37,33,3,c03f1114,45c2196c,bb345e0b,0,0,0,0,
Delhi Daredevils,38,35,3,bb345e0b,c8179c68,c03f1114,2,0,2,0,
Delhi Daredevils,39,36,3,bb345e0b,c8179c68,c03f1114,1,0,1,0,
Delhi Daredevils,40,36,3,c03f1114,c8179c68,bb345e0b,0,0,0,0,
Delhi Daredevils,41,36,3,c03f1114,c8179c68,bb345e0b,0,0,0,0,
Delhi Daredevils,42,38,3,c03f1114,c8179c68,bb345e0b,2,0,2,0,
Delhi Daredevils,43,38,4,c03f1114,c8179c68,bb345e0b,0,0,0,1,caught
Delhi Daredevils,44,39,4,c42aaf71,c3d35165,bb345e0b,1,0,1,0,
Delhi Daredevils,45,41,4,bb345e0b,c3d35165,c42aaf71,2,0,2,0,
Delhi Daredevils,46,41,4,bb345e0b,c3d35165,c42aaf71,0,0,0,0,
Delhi Daredevils,47,43,4,bb345e0b,c3d35165,c42aaf71,2,0,2,0,
Delhi Daredevils,48,43,4,bb345e0b,c3d35165,c42aaf71,0,0,0,0,
Delhi Daredevils,49,44,4,bb345e0b,c3d35165,c42aaf71,1,0,1,0,
Delhi Daredevils,50,46,4,bb345e0b,c8179c68,c42aaf71,2,0,2,0,
Delhi Daredevils,51,49,4,bb345e0b,c8179c68,c42aaf71,3,0,3,0,
Delhi Daredevils,52,49,4,c42aaf71,c8179c68,bb345e0b,0,0,0,0,
Delhi Daredevils,53,50,4,c42aaf71,c8179c68,bb345e0b,1,0,1,0,
Delhi Daredevils,54,50,4,bb345e0b,c8179c68,c42aaf71,0,0,0,0,
Delhi Daredevils,55,50,4,bb345e0b,c8179c68,c42aaf71,0,0,0,0,
Delhi Daredevils,56,51,4,c42aaf71,c3d35165,bb345e0b,1,0,1,0,
Delhi Daredevils,57,52,4,bb345e0b,c3d35165,c42aaf71,1,0,1,0,
Delhi Daredevils,58,53,4,c42aaf71,c3d35165,bb345e0b,0,1,1,0,
Delhi Daredevils,59,54,4,c42aaf71,c3d35165,bb345e0b,1,0,1,0,
Delhi Daredevils,60,55,4,bb345e0b,c3d35165,c42aaf71,1,0,1,0,
Delhi Daredevils,61,56,4,c42aaf71,c3d35165,bb345e0b,1,0,1,0,
Delhi Daredevils,62,56,4,bb345e0b,c3d35165,c42aaf71,0,0,0,0,
Delhi Daredevils,63,57,4,c42aaf71,b2b50355,bb345e0b,1,0,1,0,
Delhi Daredevils,64,57,4,bb345e0b,b2b50355,c42aaf71,0,0,0,0,
Delhi Daredevils,65,58,4,bb345e0b,b2b50355,c42aaf71,1,0,1,0,
Delhi Daredevils,66,59,4,c42aaf71,b2b50355,bb345e0b,0,1,1,0,
Delhi Daredevils,67,59,4,c42aaf71,b2b50355,bb345e0b,0,0,0,0,
Delhi Daredevils,68,60,4,c42aaf71,b2b50355,bb345e0b,1,0,1,0,
Delhi Daredevils,69,60,4,bb345e0b,b2b50355,c42aaf71,0,0,0,0,
Delhi Daredevils,70,60,4,c42aaf71,1dc12ab9,bb345e0b,0,0,0,0,
Delhi Daredevils,71,60,4,c42aaf71,1dc12ab9,bb345e0b,0,0,0,0,
Delhi Daredevils,72,60,4,c42aaf71,1dc12ab9,bb345e0b,0,0,0,0,
Delhi Daredevils,73,60,4,c42aaf71,1dc12ab9,bb345e0b,0,0,0,0,
Delhi Daredevils,74,60,4,c42aaf71,1dc12ab9,bb345e0b,0,0,0,0,
Delhi Daredevils,75,61,4,c42aaf71,1dc12ab9,bb345e0b,1,0,1,0,
Delhi Daredevils,76,65,4,c42aaf71,b2b50355,bb345e0b,4,0,4,0,
Delhi Daredevils,77,66,4,c42aaf71,b2b50355,bb345e0b,1,0,1,0,
Delhi Daredevils,78,66,4,bb345e0b,b2b50355,c42aaf71,0,0,0,0,
Delhi Daredevils,79,71,4,bb345e0b,b2b50355,c42aaf71,0,5,5,0,
Delhi Daredevils,80,72,4,bb345e0b,b2b50355,c42aaf71,1,0,1,0,
Delhi Daredevils,81,73,4,c42aaf71,b2b50355,bb345e0b,1,0,1,0,
Delhi Daredevils,82,73,4,bb345e0b,b2b50355,c42aaf71,0,0,0,0,
Delhi Daredevils,83,73,4,c42aaf71,c8179c68,bb345e0b,0,0,0,0,
Delhi Daredevils,84,74,4,c42aaf71,c8179c68,bb345e0b,1,0,1,0,
Delhi Daredevils,85,75,4,bb345e0b,c8179c68,c42aaf71,1,0,1,0,
Delhi Daredevils,86,75,4,c42aaf71,c8179c68,bb345e0b,0,0,0,0,
Delhi Daredevils,87,75,4,c42aaf71,c8179c68,bb345e0b,0,0,0,0,
Delhi Daredevils,88,76,4,c42aaf71,c8179c68,bb345e0b,1,0,1,0,
Delhi Daredevils,89,77,4,c42aaf71,1dc12ab9,bb345e0b,1,0,1,0,
Delhi Daredevils,90,78,4,bb345e0b,1dc12ab9,c42aaf71,1,0,1,0,
Delhi Daredevils,91,79,4,c42aaf71,1dc12ab9,bb345e0b,1,0,1,0,
Delhi Daredevils,92,79,4,bb345e0b,1dc12ab9,c42aaf71,0,0,0,0,
Delhi Daredevils,93,79,4,bb345e0b,1dc12ab9,c42aaf71,0,0,0,0,
Delhi Daredevils,94,80,4,bb345e0b,1dc12ab9,c42aaf71,1,0,1,0,
Delhi Daredevils,95,81,4,bb345e0b,495d42a5,c42aaf71,1,0,1,0,
Delhi Daredevils,96,85,4,c42aaf71,495d42a5,bb345e0b,4,0,4,0,
Delhi Daredevils,97,86,4,c42aaf71,495d42a5,bb345e0b,1,0,1,0,
Delhi Daredevils,98,86,4,bb345e0b,495d42a5,c42aaf71,0,0,0,0,
Delhi Daredevils,99,86,4,bb345e0b,495d42a5,c42aaf71,0,0,0,0,
Delhi Daredevils,100,90,4,bb345e0b,495d42a5,c42aaf71,4,0,4,0,
Delhi Daredevils,101,91,4,c42aaf71,1dc12ab9,bb345e0b,1,0,1,0,
Delhi Daredevils,102,95,4,bb345e0b,1dc12ab9,c42aaf71,4,0,4,0,
Delhi Daredevils,103,95,4,bb345e0b,1dc12ab9,c42aaf71,0,0,0,0,
Delhi Daredevils,104,99,4,bb345e0b,1dc12ab9,c42aaf71,4,0,4,0,
Delhi Daredevils,105,100,4,bb345e0b,1dc12ab9,c42aaf71,1,0,1,0,
Delhi Daredevils,106,100,4,c42aaf71,1dc12ab9,bb345e0b,0,0,0,0,
Delhi Daredevils,107,103,4,bb345e0b,45c2196c,c42aaf71,3,0,3,0,
Delhi Daredevils,108,103,4,c42aaf71,45c2196c,bb345e0b,0,0,0,0,
Delhi Daredevils,109,104,4,c42aaf71,45c2196c,bb345e0b,1,0,1,0,
Delhi Daredevils,110,108,4,bb345e0b,45c2196c,c42aaf71,4,0,4,0,
Delhi Daredevils,111,109,4,bb345e0b,45c2196c,c42aaf71,1,0,1,0,
Delhi Daredevils,112,109,4,c42aaf71,45c2196c,bb345e0b,0,0,0,0,
Delhi Daredevils,113,109,4,bb345e0b,c3d35165,c42aaf71,0,0,0,0,
Delhi Daredevils,114,109,4,bb345e0b,c3d35165,c42aaf71,0,0,0,0,
Delhi Daredevils,115,111,4,bb345e0b,c3d35165,c42aaf71,2,0,2,0,
Delhi Daredevils,116,113,4,bb345e0b,c3d35165,c42aaf71,2,0,2,0,
