batting_team,ball_number,total_team_runs,total_team_wickets,striker_ID,bowler_ID,nonstriker_ID,batter_runs,extras_runs,total_delivery_runs,wicket,wicket_type
Royal Challengers Bangalore,1,1,0,93b4fc78,c3d35165,86dc8f2e,1,0,1,0,
Royal Challengers Bangalore,2,1,0,86dc8f2e,c3d35165,93b4fc78,0,0,0,0,
Royal Challengers Bangalore,3,1,0,86dc8f2e,c3d35165,93b4fc78,0,0,0,0,
Royal Challengers Bangalore,4,1,0,86dc8f2e,c3d35165,93b4fc78,0,0,0,0,
Royal Challengers Bangalore,5,2,0,86dc8f2e,c3d35165,93b4fc78,1,0,1,0,
Royal Challengers Bangalore,6,2,0,93b4fc78,c3d35165,86dc8f2e,0,0,0,0,
Royal Challengers Bangalore,7,3,0,86dc8f2e,c24a2c5d,93b4fc78,1,0,1,0,
Royal Challengers Bangalore,8,7,0,93b4fc78,c24a2c5d,86dc8f2e,4,0,4,0,
Royal Challengers Bangalore,9,7,0,93b4fc78,c24a2c5d,86dc8f2e,0,0,0,0,
Royal Challengers Bangalore,10,7,0,93b4fc78,c24a2c5d,86dc8f2e,0,0,0,0,
Royal Challengers Bangalore,11,8,0,93b4fc78,c24a2c5d,86dc8f2e,1,0,1,0,
Royal Challengers Bangalore,12,8,0,86dc8f2e,c24a2c5d,93b4fc78,0,0,0,0,
Royal Challengers Bangalore,13,9,0,93b4fc78,c3d35165,86dc8f2e,1,0,1,0,
Royal Challengers Bangalore,14,13,0,86dc8f2e,c3d35165,93b4fc78,4,0,4,0,
Royal Challengers Bangalore,15,17,0,86dc8f2e,c3d35165,93b4fc78,4,0,4,0,
Royal Challengers Bangalore,16,17,0,86dc8f2e,c3d35165,93b4fc78,0,0,0,0,
Royal Challengers Bangalore,17,17,0,86dc8f2e,c3d35165,93b4fc78,0,0,0,0,
Royal Challengers Bangalore,18,17,0,86dc8f2e,c3d35165,93b4fc78,0,0,0,0,
Royal Challengers Bangalore,19,17,0,93b4fc78,c24a2c5d,86dc8f2e,0,0,0,0,
Royal Challengers Bangalore,20,17,0,93b4fc78,c24a2c5d,86dc8f2e,0,0,0,0,
Royal Challengers Bangalore,21,17,0,93b4fc78,c24a2c5d,86dc8f2e,0,0,0,0,
Royal Challengers Bangalore,22,17,0,93b4fc78,c24a2c5d,86dc8f2e,0,0,0,0,
Royal Challengers Bangalore,23,18,0,93b4fc78,c24a2c5d,86dc8f2e,1,0,1,0,
Royal Challengers Bangalore,24,19,0,86dc8f2e,c24a2c5d,93b4fc78,1,0,1,0,
Royal Challengers Bangalore,25,23,0,86dc8f2e,b2b50355,93b4fc78,4,0,4,0,
Royal Challengers Bangalore,26,24,0,86dc8f2e,b2b50355,93b4fc78,0,1,1,0,
Royal Challengers Bangalore,27,24,0,86dc8f2e,b2b50355,93b4fc78,0,0,0,0,
Royal Challengers Bangalore,28,28,0,86dc8f2e,b2b50355,93b4fc78,4,0,4,0,
Royal Challengers Bangalore,29,28,1,86dc8f2e,b2b50355,93b4fc78,0,0,0,1,bowled
Royal Challengers Bangalore,30,29,1,0184dc35,b2b50355,93b4fc78,0,1,1,0,
Royal Challengers Bangalore,31,29,1,0184dc35,b2b50355,93b4fc78,0,0,0,0,
Royal Challengers Bangalore,32,29,1,0184dc35,b2b50355,93b4fc78,0,0,0,0,
Royal Challengers Bangalore,33,31,1,93b4fc78,c24a2c5d,0184dc35,2,0,2,0,
Royal Challengers Bangalore,34,35,1,93b4fc78,c24a2c5d,0184dc35,4,0,4,0,
Royal Challengers Bangalore,35,36,1,93b4fc78,c24a2c5d,0184dc35,1,0,1,0,
Royal Challengers Bangalore,36,36,1,0184dc35,c24a2c5d,93b4fc78,0,0,0,0,
Royal Challengers Bangalore,37,37,1,0184dc35,c24a2c5d,93b4fc78,1,0,1,0,
Royal Challengers Bangalore,38,38,1,93b4fc78,c24a2c5d,0184dc35,1,0,1,0,
Royal Challengers Bangalore,39,39,1,93b4fc78,b2b50355,0184dc35,1,0,1,0,
Royal Challengers Bangalore,40,39,1,0184dc35,b2b50355,93b4fc78,0,0,0,0,
Royal Challengers Bangalore,41,43,1,0184dc35,b2b50355,93b4fc78,4,0,4,0,
Royal Challengers Bangalore,42,47,1,0184dc35,b2b50355,93b4fc78,4,0,4,0,
Royal Challengers Bangalore,43,48,1,0184dc35,b2b50355,93b4fc78,1,0,1,0,
Royal Challengers Bangalore,44,52,1,93b4fc78,b2b50355,0184dc35,0,4,4,0,
Royal Challengers Bangalore,45,53,1,0184dc35,4ba44e19,93b4fc78,0,1,1,0,
Royal Challengers Bangalore,46,53,1,93b4fc78,4ba44e19,0184dc35,0,0,0,0,
Royal Challengers Bangalore,47,54,1,93b4fc78,4ba44e19,0184dc35,0,1,1,0,
Royal Challengers Bangalore,48,54,1,93b4fc78,4ba44e19,0184dc35,0,0,0,0,
Royal Challengers Bangalore,49,55,1,93b4fc78,4ba44e19,0184dc35,1,0,1,0,
Royal Challengers Bangalore,50,59,1,0184dc35,4ba44e19,93b4fc78,4,0,4,0,
Royal Challengers Bangalore,51,59,2,0184dc35,4ba44e19,93b4fc78,0,0,0,1,bowled
Royal Challengers Bangalore,52,59,2,93b4fc78,c24a2c5d,1c17e270,0,0,0,0,
Royal Challengers Bangalore,53,59,2,93b4fc78,c24a2c5d,1c17e270,0,0,0,0,
Royal Challengers Bangalore,54,59,2,93b4fc78,c24a2c5d,1c17e270,0,0,0,0,
Royal Challengers Bangalore,55,60,2,93b4fc78,c24a2c5d,1c17e270,0,1,1,0,
Royal Challengers Bangalore,56,61,2,93b4fc78,c24a2c5d,1c17e270,1,0,1,0,
Royal Challengers Bangalore,57,61,2,1c17e270,c24a2c5d,93b4fc78,0,0,0,0,
Royal Challengers Bangalore,58,61,2,1c17e270,c24a2c5d,93b4fc78,0,0,0,0,
Royal Challengers Bangalore,59,61,2,93b4fc78,4ba44e19,1c17e270,0,0,0,0,
Royal Challengers Bangalore,60,62,2,93b4fc78,4ba44e19,1c17e270,1,0,1,0,
Royal Challengers Bangalore,61,63,2,1c17e270,4ba44e19,93b4fc78,0,1,1,0,
Royal Challengers Bangalore,62,63,3,93b4fc78,4ba44e19,1c17e270,0,0,0,1,caught
Royal Challengers Bangalore,63,63,3,1c17e270,4ba44e19,ba607b88,0,0,0,0,
Royal Challengers Bangalore,64,67,3,1c17e270,4ba44e19,ba607b88,4,0,4,0,
Royal Challengers Bangalore,65,67,3,ba607b88,c3d35165,1c17e270,0,0,0,0,
Royal Challengers Bangalore,66,69,3,ba607b88,c3d35165,1c17e270,2,0,2,0,
Royal Challengers Bangalore,67,70,3,ba607b88,c3d35165,1c17e270,1,0,1,0,
Royal Challengers Bangalore,68,70,3,1c17e270,c3d35165,ba607b88,0,0,0,0,
Royal Challengers Bangalore,69,71,3,1c17e270,c3d35165,ba607b88,1,0,1,0,
Royal Challengers Bangalore,70,75,3,ba607b88,c3d35165,1c17e270,4,0,4,0,
Royal Challengers Bangalore,71,75,3,1c17e270,4ba44e19,ba607b88,0,0,0,0,
Royal Challengers Bangalore,72,77,3,1c17e270,4ba44e19,ba607b88,2,0,2,0,
Royal Challengers Bangalore,73,79,3,1c17e270,4ba44e19,ba607b88,2,0,2,0,
Royal Challengers Bangalore,74,79,3,1c17e270,4ba44e19,ba607b88,0,0,0,0,
Royal Challengers Bangalore,75,82,3,1c17e270,4ba44e19,ba607b88,0,3,3,0,
Royal Challengers Bangalore,76,86,3,ba607b88,4ba44e19,1c17e270,4,0,4,0,
Royal Challengers Bangalore,77,90,3,1c17e270,495d42a5,ba607b88,4,0,4,0,
Royal Challengers Bangalore,78,90,3,1c17e270,495d42a5,ba607b88,0,0,0,0,
Royal Challengers Bangalore,79,91,3,1c17e270,495d42a5,ba607b88,1,0,1,0,
Royal Challengers Bangalore,80,92,3,ba607b88,495d42a5,1c17e270,1,0,1,0,
Royal Challengers Bangalore,81,93,3,1c17e270,495d42a5,ba607b88,1,0,1,0,
Royal Challengers Bangalore,82,94,3,ba607b88,495d42a5,1c17e270,1,0,1,0,
Royal Challengers Bangalore,83,95,3,ba607b88,b2b50355,1c17e270,1,0,1,0,
Royal Challengers Bangalore,84,95,3,1c17e270,b2b50355,ba607b88,0,0,0,0,
Royal Challengers Bangalore,85,96,3,1c17e270,b2b50355,ba607b88,1,0,1,0,
Royal Challengers Bangalore,86,97,3,ba607b88,b2b50355,1c17e270,1,0,1,0,
Royal Challengers Bangalore,87,97,3,1c17e270,b2b50355,ba607b88,0,0,0,0,
Royal Challengers Bangalore,88,99,3,1c17e270,b2b50355,ba607b88,2,0,2,0,
Royal Challengers Bangalore,89,100,3,ba607b88,495d42a5,1c17e270,1,0,1,0,
Royal Challengers Bangalore,90,101,3,1c17e270,495d42a5,ba607b88,1,0,1,0,
Royal Challengers Bangalore,91,102,3,ba607b88,495d42a5,1c17e270,1,0,1,0,
Royal Challengers Bangalore,92,102,3,1c17e270,495d42a5,ba607b88,0,0,0,0,
Royal Challengers Bangalore,93,103,3,1c17e270,495d42a5,ba607b88,0,1,1,0,
Royal Challengers Bangalore,94,104,3,ba607b88,495d42a5,1c17e270,1,0,1,0,
Royal Challengers Bangalore,95,104,3,ba607b88,4ba44e19,1c17e270,0,0,0,0,
Royal Challengers Bangalore,96,110,3,ba607b88,4ba44e19,1c17e270,6,0,6,0,
Royal Challengers Bangalore,97,110,3,ba607b88,4ba44e19,1c17e270,0,0,0,0,
Royal Challengers Bangalore,98,110,4,ba607b88,4ba44e19,1c17e270,0,0,0,1,stumped
Royal Challengers Bangalore,99,110,4,d2a6c0e6,4ba44e19,1c17e270,0,0,0,0,
Royal Challengers Bangalore,100,110,4,d2a6c0e6,4ba44e19,1c17e270,0,0,0,0,
Royal Challengers Bangalore,101,116,4,1c17e270,c3d35165,d2a6c0e6,6,0,6,0,
Royal Challengers Bangalore,102,117,4,1c17e270,c3d35165,d2a6c0e6,1,0,1,0,
Royal Challengers Bangalore,103,118,4,d2a6c0e6,c3d35165,1c17e270,1,0,1,0,
Royal Challengers Bangalore,104,119,4,1c17e270,c3d35165,d2a6c0e6,1,0,1,0,
Royal Challengers Bangalore,105,119,5,d2a6c0e6,c3d35165,1c17e270,0,0,0,1,bowled
Royal Challengers Bangalore,106,119,5,f3cb53a1,c3d35165,1c17e270,0,0,0,0,
Royal Challengers Bangalore,107,120,5,1c17e270,495d42a5,f3cb53a1,1,0,1,0,
Royal Challengers Bangalore,108,121,5,f3cb53a1,495d42a5,1c17e270,1,0,1,0,
Royal Challengers Bangalore,109,122,5,1c17e270,495d42a5,f3cb53a1,1,0,1,0,
Royal Challengers Bangalore,110,123,5,f3cb53a1,495d42a5,1c17e270,1,0,1,0,
Royal Challengers Bangalore,111,129,5,1c17e270,495d42a5,f3cb53a1,6,0,6,0,
Royal Challengers Bangalore,112,130,5,1c17e270,495d42a5,f3cb53a1,1,0,1,0,
Royal Challengers Bangalore,113,134,5,1c17e270,b2b50355,f3cb53a1,4,0,4,0,
Royal Challengers Bangalore,114,140,5,1c17e270,b2b50355,f3cb53a1,6,0,6,0,
Royal Challengers Bangalore,115,146,5,1c17e270,b2b50355,f3cb53a1,6,0,6,0,
Royal Challengers Bangalore,116,152,5,1c17e270,b2b50355,f3cb53a1,6,0,6,0,
Royal Challengers Bangalore,117,153,5,1c17e270,b2b50355,f3cb53a1,1,0,1,0,
Royal Challengers Bangalore,118,154,5,f3cb53a1,b2b50355,1c17e270,1,0,1,0,
Royal Challengers Bangalore,119,155,5,f3cb53a1,495d42a5,1c17e270,1,0,1,0,
Royal Challengers Bangalore,120,156,5,1c17e270,495d42a5,f3cb53a1,1,0,1,0,
Royal Challengers Bangalore,121,162,5,f3cb53a1,495d42a5,1c17e270,6,0,6,0,
Royal Challengers Bangalore,122,163,5,f3cb53a1,495d42a5,1c17e270,1,0,1,0,
Royal Challengers Bangalore,123,169,5,1c17e270,495d42a5,f3cb53a1,6,0,6,0,
Royal Challengers Bangalore,124,171,5,1c17e270,495d42a5,f3cb53a1,2,0,2,0,
Chennai Super Kings,1,0,0,b5da6c24,e938e1bc,d8699ab7,0,0,0,0,
Chennai Super Kings,2,1,0,b5da6c24,e938e1bc,d8699ab7,1,0,1,0,
Chennai Super Kings,3,1,0,d8699ab7,e938e1bc,b5da6c24,0,0,0,0,
Chennai Super Kings,4,1,0,d8699ab7,e938e1bc,b5da6c24,0,0,0,0,
Chennai Super Kings,5,2,0,d8699ab7,e938e1bc,b5da6c24,1,0,1,0,
Chennai Super Kings,6,2,1,b5da6c24,e938e1bc,d8699ab7,0,0,0,1,caught
Chennai Super Kings,7,2,1,d8699ab7,8fd1a8f5,5056011d,0,0,0,0,
Chennai Super Kings,8,3,1,d8699ab7,8fd1a8f5,5056011d,0,1,1,0,
Chennai Super Kings,9,3,1,d8699ab7,8fd1a8f5,5056011d,0,0,0,0,
Chennai Super Kings,10,7,1,d8699ab7,8fd1a8f5,5056011d,4,0,4,0,
Chennai Super Kings,11,7,1,d8699ab7,8fd1a8f5,5056011d,0,0,0,0,
Chennai Super Kings,12,9,1,d8699ab7,8fd1a8f5,5056011d,2,0,2,0,
Chennai Super Kings,13,10,1,d8699ab7,8fd1a8f5,5056011d,0,1,1,0,
Chennai Super Kings,14,10,1,d8699ab7,8fd1a8f5,5056011d,0,0,0,0,
Chennai Super Kings,15,10,1,5056011d,e938e1bc,d8699ab7,0,0,0,0,
Chennai Super Kings,16,11,1,5056011d,e938e1bc,d8699ab7,1,0,1,0,
Chennai Super Kings,17,15,1,d8699ab7,e938e1bc,5056011d,4,0,4,0,
Chennai Super Kings,18,15,1,d8699ab7,e938e1bc,5056011d,0,0,0,0,
Chennai Super Kings,19,15,1,d8699ab7,e938e1bc,5056011d,0,0,0,0,
Chennai Super Kings,20,16,1,d8699ab7,e938e1bc,5056011d,0,1,1,0,
Chennai Super Kings,21,18,1,d8699ab7,e938e1bc,5056011d,2,0,2,0,
Chennai Super Kings,22,18,1,5056011d,8fd1a8f5,d8699ab7,0,0,0,0,
Chennai Super Kings,23,18,1,5056011d,8fd1a8f5,d8699ab7,0,0,0,0,
Chennai Super Kings,24,18,1,5056011d,8fd1a8f5,d8699ab7,0,0,0,0,
Chennai Super Kings,25,19,1,5056011d,8fd1a8f5,d8699ab7,1,0,1,0,
Chennai Super Kings,26,20,1,d8699ab7,8fd1a8f5,5056011d,0,1,1,0,
Chennai Super Kings,27,21,1,d8699ab7,8fd1a8f5,5056011d,1,0,1,0,
Chennai Super Kings,28,21,1,5056011d,8fd1a8f5,d8699ab7,0,0,0,0,
Chennai Super Kings,29,21,1,d8699ab7,0c2730df,5056011d,0,0,0,0,
Chennai Super Kings,30,22,1,d8699ab7,0c2730df,5056011d,1,0,1,0,
Chennai Super Kings,31,22,1,5056011d,0c2730df,d8699ab7,0,0,0,0,
Chennai Super Kings,32,22,1,5056011d,0c2730df,d8699ab7,0,0,0,0,
Chennai Super Kings,33,22,1,5056011d,0c2730df,d8699ab7,0,0,0,0,
Chennai Super Kings,34,22,1,5056011d,0c2730df,d8699ab7,0,0,0,0,
Chennai Super Kings,35,22,1,d8699ab7,86dc8f2e,5056011d,0,0,0,0,
Chennai Super Kings,36,23,1,d8699ab7,86dc8f2e,5056011d,1,0,1,0,
Chennai Super Kings,37,24,1,5056011d,86dc8f2e,d8699ab7,1,0,1,0,
Chennai Super Kings,38,25,1,d8699ab7,86dc8f2e,5056011d,1,0,1,0,
Chennai Super Kings,39,29,1,5056011d,86dc8f2e,d8699ab7,4,0,4,0,
Chennai Super Kings,40,29,1,5056011d,86dc8f2e,d8699ab7,0,0,0,0,
Chennai Super Kings,41,29,1,d8699ab7,0c2730df,5056011d,0,0,0,0,
Chennai Super Kings,42,30,1,d8699ab7,0c2730df,5056011d,1,0,1,0,
Chennai Super Kings,43,31,1,5056011d,0c2730df,d8699ab7,1,0,1,0,
Chennai Super Kings,44,32,1,d8699ab7,0c2730df,5056011d,1,0,1,0,
Chennai Super Kings,45,32,1,5056011d,0c2730df,d8699ab7,0,0,0,0,
Chennai Super Kings,46,33,1,5056011d,0c2730df,d8699ab7,1,0,1,0,
Chennai Super Kings,47,34,1,5056011d,86dc8f2e,d8699ab7,1,0,1,0,
Chennai Super Kings,48,38,1,d8699ab7,86dc8f2e,5056011d,4,0,4,0,
Chennai Super Kings,49,42,1,d8699ab7,86dc8f2e,5056011d,4,0,4,0,
Chennai Super Kings,50,46,1,d8699ab7,86dc8f2e,5056011d,4,0,4,0,
Chennai Super Kings,51,46,1,d8699ab7,86dc8f2e,5056011d,0,0,0,0,
Chennai Super Kings,52,46,1,d8699ab7,86dc8f2e,5056011d,0,0,0,0,
Chennai Super Kings,53,46,1,5056011d,0c2730df,d8699ab7,0,0,0,0,
Chennai Super Kings,54,46,1,5056011d,0c2730df,d8699ab7,0,0,0,0,
Chennai Super Kings,55,50,1,5056011d,0c2730df,d8699ab7,0,4,4,0,
Chennai Super Kings,56,51,1,5056011d,0c2730df,d8699ab7,1,0,1,0,
Chennai Super Kings,57,52,1,d8699ab7,0c2730df,5056011d,1,0,1,0,
Chennai Super Kings,58,53,1,5056011d,0c2730df,d8699ab7,1,0,1,0,
Chennai Super Kings,59,57,1,5056011d,41eb4a4f,d8699ab7,4,0,4,0,
Chennai Super Kings,60,57,2,5056011d,41eb4a4f,d8699ab7,0,0,0,1,run out
Chennai Super Kings,61,59,2,5056011d,41eb4a4f,1dc12ab9,2,0,2,0,
Chennai Super Kings,62,59,3,5056011d,41eb4a4f,1dc12ab9,0,0,0,1,caught
Chennai Super Kings,63,60,3,4b57e452,41eb4a4f,1dc12ab9,1,0,1,0,
Chennai Super Kings,64,61,3,1dc12ab9,41eb4a4f,4b57e452,1,0,1,0,
Chennai Super Kings,65,61,3,1dc12ab9,86dc8f2e,4b57e452,0,0,0,0,
Chennai Super Kings,66,62,3,1dc12ab9,86dc8f2e,4b57e452,1,0,1,0,
Chennai Super Kings,67,63,3,4b57e452,86dc8f2e,1dc12ab9,1,0,1,0,
Chennai Super Kings,68,64,3,1dc12ab9,86dc8f2e,4b57e452,1,0,1,0,
Chennai Super Kings,69,64,3,4b57e452,86dc8f2e,1dc12ab9,0,0,0,0,
Chennai Super Kings,70,64,3,4b57e452,86dc8f2e,1dc12ab9,0,0,0,0,
Chennai Super Kings,71,70,3,1dc12ab9,41eb4a4f,4b57e452,6,0,6,0,
Chennai Super Kings,72,70,3,1dc12ab9,41eb4a4f,4b57e452,0,0,0,0,
Chennai Super Kings,73,71,3,1dc12ab9,41eb4a4f,4b57e452,0,1,1,0,
Chennai Super Kings,74,71,4,1dc12ab9,41eb4a4f,4b57e452,0,0,0,1,caught
Chennai Super Kings,75,72,4,4b57e452,41eb4a4f,3576e47e,1,0,1,0,
Chennai Super Kings,76,72,4,3576e47e,41eb4a4f,4b57e452,0,0,0,0,
Chennai Super Kings,77,73,4,3576e47e,41eb4a4f,4b57e452,1,0,1,0,
Chennai Super Kings,78,74,4,3576e47e,0c2730df,4b57e452,1,0,1,0,
Chennai Super Kings,79,74,4,4b57e452,0c2730df,3576e47e,0,0,0,0,
Chennai Super Kings,80,74,5,4b57e452,0c2730df,3576e47e,0,0,0,1,caught
Chennai Super Kings,81,78,5,3576e47e,0c2730df,c3d35165,4,0,4,0,
Chennai Super Kings,82,79,5,3576e47e,0c2730df,c3d35165,1,0,1,0,
Chennai Super Kings,83,80,5,c3d35165,0c2730df,3576e47e,1,0,1,0,
Chennai Super Kings,84,80,5,c3d35165,8fd1a8f5,3576e47e,0,0,0,0,
Chennai Super Kings,85,81,5,c3d35165,8fd1a8f5,3576e47e,1,0,1,0,
Chennai Super Kings,86,85,5,3576e47e,8fd1a8f5,c3d35165,4,0,4,0,
Chennai Super Kings,87,89,5,3576e47e,8fd1a8f5,c3d35165,4,0,4,0,
Chennai Super Kings,88,89,5,3576e47e,8fd1a8f5,c3d35165,0,0,0,0,
Chennai Super Kings,89,89,5,3576e47e,8fd1a8f5,c3d35165,0,0,0,0,
Chennai Super Kings,90,90,5,c3d35165,86dc8f2e,3576e47e,1,0,1,0,
Chennai Super Kings,91,90,5,3576e47e,86dc8f2e,c3d35165,0,0,0,0,
Chennai Super Kings,92,94,5,3576e47e,86dc8f2e,c3d35165,4,0,4,0,
Chennai Super Kings,93,95,5,3576e47e,86dc8f2e,c3d35165,1,0,1,0,
Chennai Super Kings,94,95,5,c3d35165,86dc8f2e,3576e47e,0,0,0,0,
Chennai Super Kings,95,95,5,c3d35165,86dc8f2e,3576e47e,0,0,0,0,
Chennai Super Kings,96,101,5,3576e47e,41eb4a4f,c3d35165,6,0,6,0,
Chennai Super Kings,97,102,5,3576e47e,41eb4a4f,c3d35165,1,0,1,0,
Chennai Super Kings,98,103,5,c3d35165,41eb4a4f,3576e47e,1,0,1,0,
Chennai Super Kings,99,103,5,3576e47e,41eb4a4f,c3d35165,0,0,0,0,
Chennai Super Kings,100,107,5,3576e47e,41eb4a4f,c3d35165,4,0,4,0,
Chennai Super Kings,101,107,6,3576e47e,41eb4a4f,c3d35165,0,0,0,1,caught
Chennai Super Kings,102,108,6,c3d35165,e938e1bc,495d42a5,0,1,1,0,
Chennai Super Kings,103,109,6,c3d35165,e938e1bc,495d42a5,1,0,1,0,
Chennai Super Kings,104,110,6,495d42a5,e938e1bc,c3d35165,1,0,1,0,
Chennai Super Kings,105,110,6,c3d35165,e938e1bc,495d42a5,0,0,0,0,
Chennai Super Kings,106,111,6,c3d35165,e938e1bc,495d42a5,1,0,1,0,
Chennai Super Kings,107,112,6,495d42a5,e938e1bc,c3d35165,0,1,1,0,
Chennai Super Kings,108,112,6,c3d35165,e938e1bc,495d42a5,0,0,0,0,
Chennai Super Kings,109,113,6,495d42a5,8fd1a8f5,c3d35165,1,0,1,0,
Chennai Super Kings,110,113,6,c3d35165,8fd1a8f5,495d42a5,0,0,0,0,
Chennai Super Kings,111,114,6,c3d35165,8fd1a8f5,495d42a5,1,0,1,0,
Chennai Super Kings,112,115,6,495d42a5,8fd1a8f5,c3d35165,1,0,1,0,
Chennai Super Kings,113,116,6,c3d35165,8fd1a8f5,495d42a5,1,0,1,0,
Chennai Super Kings,114,117,6,495d42a5,8fd1a8f5,c3d35165,1,0,1,0,
Chennai Super Kings,115,117,6,495d42a5,e938e1bc,c3d35165,0,0,0,0,
Chennai Super Kings,116,118,6,495d42a5,e938e1bc,c3d35165,1,0,1,0,
Chennai Super Kings,117,119,6,c3d35165,e938e1bc,495d42a5,1,0,1,0,
Chennai Super Kings,118,120,6,495d42a5,e938e1bc,c3d35165,1,0,1,0,
Chennai Super Kings,119,124,6,c3d35165,e938e1bc,495d42a5,4,0,4,0,
Chennai Super Kings,120,124,6,c3d35165,e938e1bc,495d42a5,0,0,0,0,
Chennai Super Kings,121,128,6,495d42a5,41eb4a4f,c3d35165,4,0,4,0,
Chennai Super Kings,122,129,6,495d42a5,41eb4a4f,c3d35165,1,0,1,0,
Chennai Super Kings,123,135,6,c3d35165,41eb4a4f,495d42a5,6,0,6,0,
Chennai Super Kings,124,135,7,c3d35165,41eb4a4f,495d42a5,0,0,0,1,bowled
Chennai Super Kings,125,135,7,b2b50355,41eb4a4f,495d42a5,0,0,0,0,
Chennai Super Kings,126,135,7,b2b50355,41eb4a4f,495d42a5,0,0,0,0,
