batting_team,ball_number,total_team_runs,total_team_wickets,striker_ID,bowler_ID,nonstriker_ID,batter_runs,extras_runs,total_delivery_runs,wicket,wicket_type
New Zealand,1,2,0,d395e33c,be150fc8,c8f378cc,2,0,2,0,
New Zealand,2,3,0,d395e33c,be150fc8,c8f378cc,1,0,1,0,
New Zealand,3,3,0,c8f378cc,be150fc8,d395e33c,0,0,0,0,
New Zealand,4,3,0,c8f378cc,be150fc8,d395e33c,0,0,0,0,
New Zealand,5,3,0,c8f378cc,be150fc8,d395e33c,0,0,0,0,
New Zealand,6,7,0,c8f378cc,be150fc8,d395e33c,4,0,4,0,
New Zealand,7,9,0,d395e33c,4ed7d23f,c8f378cc,2,0,2,0,
New Zealand,8,13,0,d395e33c,4ed7d23f,c8f378cc,4,0,4,0,
New Zealand,9,13,0,d395e33c,4ed7d23f,c8f378cc,0,0,0,0,
New Zealand,10,13,0,d395e33c,4ed7d23f,c8f378cc,0,0,0,0,
New Zealand,11,17,0,d395e33c,4ed7d23f,c8f378cc,4,0,4,0,
New Zealand,12,18,0,d395e33c,4ed7d23f,c8f378cc,1,0,1,0,
New Zealand,13,18,0,d395e33c,be150fc8,c8f378cc,0,0,0,0,
New Zealand,14,19,0,d395e33c,be150fc8,c8f378cc,1,0,1,0,
New Zealand,15,19,0,c8f378cc,be150fc8,d395e33c,0,0,0,0,
New Zealand,16,21,0,c8f378cc,be150fc8,d395e33c,2,0,2,0,
New Zealand,17,21,1,c8f378cc,be150fc8,d395e33c,0,0,0,1,caught
New Zealand,18,21,1,d395e33c,be150fc8,89bbc67a,0,0,0,0,
New Zealand,19,22,1,89bbc67a,4ed7d23f,d395e33c,1,0,1,0,
New Zealand,20,22,1,d395e33c,4ed7d23f,89bbc67a,0,0,0,0,
New Zealand,21,26,1,d395e33c,4ed7d23f,89bbc67a,4,0,4,0,
New Zealand,22,30,1,d395e33c,4ed7d23f,89bbc67a,4,0,4,0,
New Zealand,23,30,1,d395e33c,4ed7d23f,89bbc67a,0,0,0,0,
New Zealand,24,30,1,d395e33c,4ed7d23f,89bbc67a,0,0,0,0,
New Zealand,25,30,1,89bbc67a,be150fc8,d395e33c,0,0,0,0,
New Zealand,26,31,1,89bbc67a,be150fc8,d395e33c,1,0,1,0,
New Zealand,27,33,1,d395e33c,be150fc8,89bbc67a,2,0,2,0,
New Zealand,28,33,1,d395e33c,be150fc8,89bbc67a,0,0,0,0,
New Zealand,29,33,1,d395e33c,be150fc8,89bbc67a,0,0,0,0,
New Zealand,30,33,1,d395e33c,be150fc8,89bbc67a,0,0,0,0,
New Zealand,31,33,1,89bbc67a,6bb7a785,d395e33c,0,0,0,0,
New Zealand,32,33,2,89bbc67a,6bb7a785,d395e33c,0,0,0,1,run out
New Zealand,33,37,2,af71535d,6bb7a785,d395e33c,4,0,4,0,
New Zealand,34,38,2,af71535d,6bb7a785,d395e33c,1,0,1,0,
New Zealand,35,38,2,d395e33c,6bb7a785,af71535d,0,0,0,0,
New Zealand,36,42,2,d395e33c,6bb7a785,af71535d,4,0,4,0,
New Zealand,37,44,2,af71535d,be150fc8,d395e33c,2,0,2,0,
New Zealand,38,44,2,af71535d,be150fc8,d395e33c,0,0,0,0,
New Zealand,39,46,2,af71535d,be150fc8,d395e33c,2,0,2,0,
New Zealand,40,46,2,af71535d,be150fc8,d395e33c,0,0,0,0,
New Zealand,41,46,2,af71535d,be150fc8,d395e33c,0,0,0,0,
New Zealand,42,47,2,af71535d,be150fc8,d395e33c,1,0,1,0,
New Zealand,43,48,2,af71535d,6bb7a785,d395e33c,1,0,1,0,
New Zealand,44,48,2,d395e33c,6bb7a785,af71535d,0,0,0,0,
New Zealand,45,48,2,d395e33c,6bb7a785,af71535d,0,0,0,0,
New Zealand,46,50,2,d395e33c,6bb7a785,af71535d,2,0,2,0,
New Zealand,47,54,2,d395e33c,6bb7a785,af71535d,4,0,4,0,
New Zealand,48,54,2,d395e33c,6bb7a785,af71535d,0,0,0,0,
New Zealand,49,55,2,af71535d,a5f488bc,d395e33c,1,0,1,0,
New Zealand,50,55,2,d395e33c,a5f488bc,af71535d,0,0,0,0,
New Zealand,51,55,2,d395e33c,a5f488bc,af71535d,0,0,0,0,
New Zealand,52,56,2,d395e33c,a5f488bc,af71535d,1,0,1,0,
New Zealand,53,58,2,af71535d,a5f488bc,d395e33c,2,0,2,0,
New Zealand,54,58,2,af71535d,a5f488bc,d395e33c,0,0,0,0,
New Zealand,55,59,2,d395e33c,3032933c,af71535d,1,0,1,0,
New Zealand,56,60,2,af71535d,3032933c,d395e33c,1,0,1,0,
New Zealand,57,60,2,d395e33c,3032933c,af71535d,0,0,0,0,
New Zealand,58,60,2,d395e33c,3032933c,af71535d,0,0,0,0,
New Zealand,59,62,2,d395e33c,3032933c,af71535d,2,0,2,0,
New Zealand,60,62,3,d395e33c,3032933c,af71535d,0,0,0,1,stumped
New Zealand,61,63,3,af71535d,a5f488bc,0de3060f,1,0,1,0,
New Zealand,62,64,3,0de3060f,a5f488bc,af71535d,1,0,1,0,
New Zealand,63,68,3,af71535d,a5f488bc,0de3060f,4,0,4,0,
New Zealand,64,69,3,af71535d,a5f488bc,0de3060f,1,0,1,0,
New Zealand,65,69,4,0de3060f,a5f488bc,af71535d,0,0,0,1,bowled
New Zealand,66,69,5,a6aac76b,a5f488bc,af71535d,0,0,0,1,lbw
New Zealand,67,70,5,af71535d,3032933c,72b7ed1e,1,0,1,0,
New Zealand,68,71,5,72b7ed1e,3032933c,af71535d,1,0,1,0,
New Zealand,69,73,5,af71535d,3032933c,72b7ed1e,2,0,2,0,
New Zealand,70,73,5,af71535d,3032933c,72b7ed1e,0,0,0,0,
New Zealand,71,74,5,af71535d,3032933c,72b7ed1e,1,0,1,0,
New Zealand,72,75,5,72b7ed1e,3032933c,af71535d,1,0,1,0,
New Zealand,73,76,5,72b7ed1e,a5f488bc,af71535d,1,0,1,0,
New Zealand,74,76,5,af71535d,a5f488bc,72b7ed1e,0,0,0,0,
New Zealand,75,77,5,af71535d,a5f488bc,72b7ed1e,1,0,1,0,
New Zealand,76,77,5,72b7ed1e,a5f488bc,af71535d,0,0,0,0,
New Zealand,77,77,5,72b7ed1e,a5f488bc,af71535d,0,0,0,0,
New Zealand,78,77,5,72b7ed1e,a5f488bc,af71535d,0,0,0,0,
New Zealand,79,78,5,af71535d,3032933c,72b7ed1e,1,0,1,0,
New Zealand,80,82,5,72b7ed1e,3032933c,af71535d,4,0,4,0,
New Zealand,81,82,6,72b7ed1e,3032933c,af71535d,0,0,0,1,lbw
New Zealand,82,82,6,4ab6d138,3032933c,af71535d,0,0,0,0,
New Zealand,83,83,6,4ab6d138,3032933c,af71535d,1,0,1,0,
New Zealand,84,83,6,af71535d,3032933c,4ab6d138,0,0,0,0,
New Zealand,85,83,6,4ab6d138,a5f488bc,af71535d,0,0,0,0,
New Zealand,86,83,6,4ab6d138,a5f488bc,af71535d,0,0,0,0,
New Zealand,87,84,6,4ab6d138,a5f488bc,af71535d,1,0,1,0,
New Zealand,88,88,6,af71535d,a5f488bc,4ab6d138,4,0,4,0,
New Zealand,89,88,6,af71535d,a5f488bc,4ab6d138,0,0,0,0,
New Zealand,90,88,6,af71535d,a5f488bc,4ab6d138,0,0,0,0,
New Zealand,91,88,6,4ab6d138,3032933c,af71535d,0,0,0,0,
New Zealand,92,89,6,4ab6d138,3032933c,af71535d,1,0,1,0,
New Zealand,93,90,6,af71535d,3032933c,4ab6d138,1,0,1,0,
New Zealand,94,91,6,4ab6d138,3032933c,af71535d,1,0,1,0,
New Zealand,95,92,6,af71535d,3032933c,4ab6d138,1,0,1,0,
New Zealand,96,92,6,4ab6d138,3032933c,af71535d,0,0,0,0,
New Zealand,97,96,6,af71535d,fe731c62,4ab6d138,4,0,4,0,
New Zealand,98,96,6,af71535d,fe731c62,4ab6d138,0,0,0,0,
New Zealand,99,100,6,af71535d,fe731c62,4ab6d138,4,0,4,0,
New Zealand,100,101,6,af71535d,fe731c62,4ab6d138,1,0,1,0,
New Zealand,101,102,6,4ab6d138,fe731c62,af71535d,1,0,1,0,
New Zealand,102,104,6,af71535d,fe731c62,4ab6d138,2,0,2,0,
New Zealand,103,105,6,4ab6d138,6bb7a785,af71535d,1,0,1,0,
New Zealand,104,106,6,af71535d,6bb7a785,4ab6d138,1,0,1,0,
New Zealand,105,108,6,4ab6d138,6bb7a785,af71535d,2,0,2,0,
New Zealand,106,108,6,4ab6d138,6bb7a785,af71535d,0,0,0,0,
New Zealand,107,110,6,4ab6d138,6bb7a785,af71535d,2,0,2,0,
New Zealand,108,110,6,4ab6d138,6bb7a785,af71535d,0,0,0,0,
New Zealand,109,112,6,af71535d,fe731c62,4ab6d138,2,0,2,0,
New Zealand,110,113,6,af71535d,fe731c62,4ab6d138,1,0,1,0,
New Zealand,111,114,6,4ab6d138,fe731c62,af71535d,1,0,1,0,
New Zealand,112,114,7,af71535d,fe731c62,4ab6d138,0,0,0,1,caught
New Zealand,113,115,7,180240d4,fe731c62,4ab6d138,1,0,1,0,
New Zealand,114,116,7,4ab6d138,fe731c62,180240d4,1,0,1,0,
New Zealand,115,117,7,4ab6d138,6bb7a785,180240d4,1,0,1,0,
New Zealand,116,118,8,180240d4,6bb7a785,4ab6d138,1,0,1,1,run out
New Zealand,117,119,8,cf75a839,6bb7a785,4ab6d138,1,0,1,0,
New Zealand,118,120,8,4ab6d138,6bb7a785,cf75a839,1,0,1,0,
New Zealand,119,121,8,cf75a839,6bb7a785,4ab6d138,1,0,1,0,
New Zealand,120,122,9,4ab6d138,6bb7a785,cf75a839,1,0,1,1,run out
Australia,1,0,0,3032933c,8879d882,27e003ce,0,0,0,0,
Australia,2,2,0,3032933c,8879d882,27e003ce,2,0,2,0,
Australia,3,5,0,3032933c,8879d882,27e003ce,3,0,3,0,
Australia,4,5,0,27e003ce,8879d882,3032933c,0,0,0,0,
Australia,5,6,0,27e003ce,8879d882,3032933c,1,0,1,0,
Australia,6,6,0,3032933c,8879d882,27e003ce,0,0,0,0,
Australia,7,12,0,27e003ce,180240d4,3032933c,6,0,6,0,
Australia,8,13,0,27e003ce,180240d4,3032933c,1,0,1,0,
Australia,9,14,0,3032933c,180240d4,27e003ce,1,0,1,0,
Australia,10,14,0,27e003ce,180240d4,3032933c,0,0,0,0,
Australia,11,15,0,27e003ce,180240d4,3032933c,1,0,1,0,
Australia,12,15,0,3032933c,180240d4,27e003ce,0,0,0,0,
Australia,13,16,0,27e003ce,8879d882,3032933c,1,0,1,0,
Australia,14,18,0,3032933c,8879d882,27e003ce,2,0,2,0,
Australia,15,19,0,3032933c,8879d882,27e003ce,1,0,1,0,
Australia,16,19,1,27e003ce,8879d882,3032933c,0,0,0,1,caught
Australia,17,23,1,4f4f283c,8879d882,3032933c,4,0,4,0,
Australia,18,24,1,4f4f283c,8879d882,3032933c,1,0,1,0,
Australia,19,24,1,4f4f283c,180240d4,3032933c,0,0,0,0,
Australia,20,24,1,4f4f283c,180240d4,3032933c,0,0,0,0,
Australia,21,24,1,4f4f283c,180240d4,3032933c,0,0,0,0,
Australia,22,25,1,4f4f283c,180240d4,3032933c,1,0,1,0,
Australia,23,26,1,3032933c,180240d4,4f4f283c,1,0,1,0,
Australia,24,26,1,4f4f283c,180240d4,3032933c,0,0,0,0,
Australia,25,30,1,3032933c,8879d882,4f4f283c,4,0,4,0,
Australia,26,30,1,3032933c,8879d882,4f4f283c,0,0,0,0,
Australia,27,31,1,3032933c,8879d882,4f4f283c,0,1,1,0,
Australia,28,35,1,4f4f283c,8879d882,3032933c,4,0,4,0,
Australia,29,35,1,4f4f283c,8879d882,3032933c,0,0,0,0,
Australia,30,35,1,4f4f283c,8879d882,3032933c,0,0,0,0,
Australia,31,37,1,3032933c,180240d4,4f4f283c,2,0,2,0,
Australia,32,38,1,3032933c,180240d4,4f4f283c,1,0,1,0,
Australia,33,38,1,4f4f283c,180240d4,3032933c,0,0,0,0,
Australia,34,38,2,4f4f283c,180240d4,3032933c,0,0,0,1,run out
Australia,35,39,2,b9164a9b,180240d4,4f4f283c,0,1,1,0,
Australia,36,39,2,b9164a9b,180240d4,4f4f283c,0,0,0,0,
Australia,37,39,2,b9164a9b,180240d4,4f4f283c,0,0,0,0,
Australia,38,40,2,4f4f283c,8879d882,b9164a9b,1,0,1,0,
Australia,39,41,2,b9164a9b,8879d882,4f4f283c,1,0,1,0,
Australia,40,42,2,4f4f283c,8879d882,b9164a9b,1,0,1,0,
Australia,41,43,2,b9164a9b,8879d882,4f4f283c,1,0,1,0,
Australia,42,43,2,4f4f283c,8879d882,b9164a9b,0,0,0,0,
Australia,43,43,3,4f4f283c,8879d882,b9164a9b,0,0,0,1,caught
Australia,44,43,4,6bb7a785,180240d4,b9164a9b,0,0,0,1,lbw
Australia,45,43,4,5ebc3941,180240d4,b9164a9b,0,0,0,0,
Australia,46,43,4,5ebc3941,180240d4,b9164a9b,0,0,0,0,
Australia,47,43,4,5ebc3941,180240d4,b9164a9b,0,0,0,0,
Australia,48,43,4,5ebc3941,180240d4,b9164a9b,0,0,0,0,
Australia,49,44,4,5ebc3941,180240d4,b9164a9b,1,0,1,0,
Australia,50,44,4,5ebc3941,4ab6d138,b9164a9b,0,0,0,0,
Australia,51,44,4,5ebc3941,4ab6d138,b9164a9b,0,0,0,0,
Australia,52,44,4,5ebc3941,4ab6d138,b9164a9b,0,0,0,0,
Australia,53,45,4,5ebc3941,4ab6d138,b9164a9b,1,0,1,0,
Australia,54,46,4,b9164a9b,4ab6d138,5ebc3941,1,0,1,0,
Australia,55,47,4,5ebc3941,4ab6d138,b9164a9b,1,0,1,0,
Australia,56,48,4,5ebc3941,a6aac76b,b9164a9b,1,0,1,0,
Australia,57,48,4,b9164a9b,a6aac76b,5ebc3941,0,0,0,0,
Australia,58,49,4,b9164a9b,a6aac76b,5ebc3941,1,0,1,0,
Australia,59,50,4,5ebc3941,a6aac76b,b9164a9b,1,0,1,0,
Australia,60,50,4,b9164a9b,a6aac76b,5ebc3941,0,0,0,0,
Australia,61,51,4,b9164a9b,a6aac76b,5ebc3941,0,1,1,0,
Australia,62,51,4,b9164a9b,4ab6d138,5ebc3941,0,0,0,0,
Australia,63,52,4,b9164a9b,4ab6d138,5ebc3941,1,0,1,0,
Australia,64,53,4,5ebc3941,4ab6d138,b9164a9b,1,0,1,0,
Australia,65,54,4,b9164a9b,4ab6d138,5ebc3941,1,0,1,0,
Australia,66,55,4,5ebc3941,4ab6d138,b9164a9b,1,0,1,0,
Australia,67,56,4,b9164a9b,4ab6d138,5ebc3941,1,0,1,0,
Australia,68,56,4,b9164a9b,a6aac76b,5ebc3941,0,0,0,0,
Australia,69,57,4,b9164a9b,a6aac76b,5ebc3941,1,0,1,0,
Australia,70,58,4,5ebc3941,a6aac76b,b9164a9b,0,1,1,0,
Australia,71,59,4,b9164a9b,a6aac76b,5ebc3941,1,0,1,0,
Australia,72,60,4,5ebc3941,a6aac76b,b9164a9b,1,0,1,0,
Australia,73,61,4,b9164a9b,a6aac76b,5ebc3941,1,0,1,0,
Australia,74,65,4,b9164a9b,4ab6d138,5ebc3941,4,0,4,0,
Australia,75,66,4,b9164a9b,4ab6d138,5ebc3941,1,0,1,0,
Australia,76,66,4,5ebc3941,4ab6d138,b9164a9b,0,0,0,0,
Australia,77,70,4,5ebc3941,4ab6d138,b9164a9b,4,0,4,0,
Australia,78,72,4,5ebc3941,4ab6d138,b9164a9b,2,0,2,0,
Australia,79,76,4,5ebc3941,4ab6d138,b9164a9b,4,0,4,0,
Australia,80,76,5,b9164a9b,a6aac76b,5ebc3941,0,0,0,1,lbw
Australia,81,77,5,321644de,a6aac76b,5ebc3941,1,0,1,0,
Australia,82,79,5,5ebc3941,a6aac76b,321644de,2,0,2,0,
Australia,83,79,6,5ebc3941,a6aac76b,321644de,0,0,0,1,bowled
Australia,84,80,6,a5f488bc,a6aac76b,321644de,0,1,1,0,
Australia,85,82,6,321644de,a6aac76b,a5f488bc,2,0,2,0,
Australia,86,84,6,a5f488bc,89bbc67a,321644de,2,0,2,0,
Australia,87,84,6,a5f488bc,89bbc67a,321644de,0,0,0,0,
Australia,88,85,6,a5f488bc,89bbc67a,321644de,0,1,1,0,
Australia,89,85,6,321644de,89bbc67a,a5f488bc,0,0,0,0,
Australia,90,86,6,321644de,89bbc67a,a5f488bc,1,0,1,0,
Australia,91,87,6,a5f488bc,89bbc67a,321644de,1,0,1,0,
Australia,92,88,6,a5f488bc,a6aac76b,321644de,1,0,1,0,
Australia,93,90,6,321644de,a6aac76b,a5f488bc,2,0,2,0,
Australia,94,94,6,321644de,a6aac76b,a5f488bc,4,0,4,0,
Australia,95,95,6,321644de,a6aac76b,a5f488bc,1,0,1,0,
Australia,96,96,6,a5f488bc,a6aac76b,321644de,0,1,1,0,
Australia,97,97,6,321644de,a6aac76b,a5f488bc,1,0,1,0,
Australia,98,98,6,321644de,89bbc67a,a5f488bc,1,0,1,0,
Australia,99,99,6,a5f488bc,89bbc67a,321644de,1,0,1,0,
Australia,100,100,6,321644de,89bbc67a,a5f488bc,1,0,1,0,
Australia,101,102,6,a5f488bc,89bbc67a,321644de,2,0,2,0,
Australia,102,102,6,a5f488bc,89bbc67a,321644de,0,0,0,0,
Australia,103,102,6,a5f488bc,89bbc67a,321644de,0,0,0,0,
Australia,104,105,6,321644de,72b7ed1e,a5f488bc,3,0,3,0,
Australia,105,107,6,a5f488bc,72b7ed1e,321644de,2,0,2,0,
Australia,106,108,6,a5f488bc,72b7ed1e,321644de,1,0,1,0,
Australia,107,109,6,321644de,72b7ed1e,a5f488bc,1,0,1,0,
Australia,108,110,6,a5f488bc,72b7ed1e,321644de,1,0,1,0,
Australia,109,111,6,321644de,72b7ed1e,a5f488bc,1,0,1,0,
Australia,110,111,6,321644de,89bbc67a,a5f488bc,0,0,0,0,
Australia,111,112,6,321644de,89bbc67a,a5f488bc,1,0,1,0,
Australia,112,114,6,a5f488bc,89bbc67a,321644de,2,0,2,0,
Australia,113,115,6,a5f488bc,89bbc67a,321644de,1,0,1,0,
Australia,114,116,6,321644de,89bbc67a,a5f488bc,1,0,1,0,
Australia,115,116,6,a5f488bc,89bbc67a,321644de,0,0,0,0,
Australia,116,118,6,321644de,72b7ed1e,a5f488bc,2,0,2,0,
Australia,117,122,6,321644de,72b7ed1e,a5f488bc,4,0,4,0,
Australia,118,122,6,321644de,72b7ed1e,a5f488bc,0,0,0,0,
Australia,119,123,6,321644de,72b7ed1e,a5f488bc,1,0,1,0,
