batting_team,ball_number,total_team_runs,total_team_wickets,striker_ID,bowler_ID,nonstriker_ID,batter_runs,extras_runs,total_delivery_runs,wicket,wicket_type
Delhi Daredevils,1,1,0,dcce6f09,c3d1402f,8ba8195d,1,0,1,0,
Delhi Daredevils,2,5,0,8ba8195d,c3d1402f,dcce6f09,4,0,4,0,
Delhi Daredevils,3,5,0,8ba8195d,c3d1402f,dcce6f09,0,0,0,0,
Delhi Daredevils,4,5,0,8ba8195d,c3d1402f,dcce6f09,0,0,0,0,
Delhi Daredevils,5,5,0,8ba8195d,c3d1402f,dcce6f09,0,0,0,0,
Delhi Daredevils,6,9,0,8ba8195d,c3d1402f,dcce6f09,4,0,4,0,
Delhi Daredevils,7,9,0,dcce6f09,6b8eb6e5,8ba8195d,0,0,0,0,
Delhi Daredevils,8,13,0,dcce6f09,6b8eb6e5,8ba8195d,4,0,4,0,
Delhi Daredevils,9,13,0,dcce6f09,6b8eb6e5,8ba8195d,0,0,0,0,
Delhi Daredevils,10,14,0,dcce6f09,6b8eb6e5,8ba8195d,1,0,1,0,
Delhi Daredevils,11,15,0,8ba8195d,6b8eb6e5,dcce6f09,1,0,1,0,
Delhi Daredevils,12,15,0,dcce6f09,6b8eb6e5,8ba8195d,0,0,0,0,
Delhi Daredevils,13,21,0,8ba8195d,0c432afb,dcce6f09,6,0,6,0,
Delhi Daredevils,14,21,0,8ba8195d,0c432afb,dcce6f09,0,0,0,0,
Delhi Daredevils,15,21,1,8ba8195d,0c432afb,dcce6f09,0,0,0,1,caught
Delhi Daredevils,16,21,1,890946a0,0c432afb,dcce6f09,0,0,0,0,
Delhi Daredevils,17,21,1,890946a0,0c432afb,dcce6f09,0,0,0,0,
Delhi Daredevils,18,21,1,890946a0,0c432afb,dcce6f09,0,0,0,0,
Delhi Daredevils,19,21,1,dcce6f09,6b8eb6e5,890946a0,0,0,0,0,
Delhi Daredevils,20,21,1,dcce6f09,6b8eb6e5,890946a0,0,0,0,0,
Delhi Daredevils,21,25,1,dcce6f09,6b8eb6e5,890946a0,4,0,4,0,
Delhi Daredevils,22,26,1,dcce6f09,6b8eb6e5,890946a0,1,0,1,0,
Delhi Daredevils,23,26,1,890946a0,6b8eb6e5,dcce6f09,0,0,0,0,
Delhi Daredevils,24,27,1,890946a0,6b8eb6e5,dcce6f09,1,0,1,0,
Delhi Daredevils,25,27,1,890946a0,0c432afb,dcce6f09,0,0,0,0,
Delhi Daredevils,26,27,1,890946a0,0c432afb,dcce6f09,0,0,0,0,
Delhi Daredevils,27,33,1,890946a0,0c432afb,dcce6f09,6,0,6,0,
Delhi Daredevils,28,33,1,890946a0,0c432afb,dcce6f09,0,0,0,0,
Delhi Daredevils,29,37,1,890946a0,0c432afb,dcce6f09,4,0,4,0,
Delhi Daredevils,30,38,1,890946a0,0c432afb,dcce6f09,1,0,1,0,
Delhi Daredevils,31,39,1,890946a0,6b8eb6e5,dcce6f09,1,0,1,0,
Delhi Daredevils,32,41,1,dcce6f09,6b8eb6e5,890946a0,2,0,2,0,
Delhi Daredevils,33,42,1,dcce6f09,6b8eb6e5,890946a0,0,1,1,0,
Delhi Daredevils,34,42,1,dcce6f09,6b8eb6e5,890946a0,0,0,0,0,
Delhi Daredevils,35,42,1,dcce6f09,6b8eb6e5,890946a0,0,0,0,0,
Delhi Daredevils,36,42,2,dcce6f09,6b8eb6e5,890946a0,0,0,0,1,caught
Delhi Daredevils,37,42,2,662c47a6,6b8eb6e5,890946a0,0,0,0,0,
Delhi Daredevils,38,43,2,890946a0,c3d1402f,662c47a6,0,1,1,0,
Delhi Daredevils,39,43,2,890946a0,c3d1402f,662c47a6,0,0,0,0,
Delhi Daredevils,40,43,3,890946a0,c3d1402f,662c47a6,0,0,0,1,caught
Delhi Daredevils,41,43,3,fe763256,c3d1402f,662c47a6,0,0,0,0,
Delhi Daredevils,42,47,3,fe763256,c3d1402f,662c47a6,4,0,4,0,
Delhi Daredevils,43,47,3,fe763256,c3d1402f,662c47a6,0,0,0,0,
Delhi Daredevils,44,48,3,fe763256,c3d1402f,662c47a6,1,0,1,0,
Delhi Daredevils,45,48,3,fe763256,0c432afb,662c47a6,0,0,0,0,
Delhi Daredevils,46,49,3,fe763256,0c432afb,662c47a6,1,0,1,0,
Delhi Daredevils,47,49,3,662c47a6,0c432afb,fe763256,0,0,0,0,
Delhi Daredevils,48,49,3,662c47a6,0c432afb,fe763256,0,0,0,0,
Delhi Daredevils,49,50,3,662c47a6,0c432afb,fe763256,1,0,1,0,
Delhi Daredevils,50,50,3,fe763256,0c432afb,662c47a6,0,0,0,0,
Delhi Daredevils,51,51,3,662c47a6,41eb4a4f,fe763256,0,1,1,0,
Delhi Daredevils,52,52,3,fe763256,41eb4a4f,662c47a6,1,0,1,0,
Delhi Daredevils,53,52,3,662c47a6,41eb4a4f,fe763256,0,0,0,0,
Delhi Daredevils,54,53,3,662c47a6,41eb4a4f,fe763256,0,1,1,0,
Delhi Daredevils,55,53,3,fe763256,41eb4a4f,662c47a6,0,0,0,0,
Delhi Daredevils,56,55,3,fe763256,41eb4a4f,662c47a6,2,0,2,0,
Delhi Daredevils,57,55,3,662c47a6,b2570b38,fe763256,0,0,0,0,
Delhi Daredevils,58,56,3,662c47a6,b2570b38,fe763256,1,0,1,0,
Delhi Daredevils,59,56,3,fe763256,b2570b38,662c47a6,0,0,0,0,
Delhi Daredevils,60,60,3,fe763256,b2570b38,662c47a6,4,0,4,0,
Delhi Daredevils,61,61,3,fe763256,b2570b38,662c47a6,1,0,1,0,
Delhi Daredevils,62,62,3,662c47a6,b2570b38,fe763256,1,0,1,0,
Delhi Daredevils,63,63,3,662c47a6,fe93fd9d,fe763256,1,0,1,0,
Delhi Daredevils,64,63,3,fe763256,fe93fd9d,662c47a6,0,0,0,0,
Delhi Daredevils,65,64,3,fe763256,fe93fd9d,662c47a6,0,1,1,0,
Delhi Daredevils,66,65,3,fe763256,fe93fd9d,662c47a6,1,0,1,0,
Delhi Daredevils,67,66,3,662c47a6,fe93fd9d,fe763256,0,1,1,0,
Delhi Daredevils,68,67,3,662c47a6,fe93fd9d,fe763256,1,0,1,0,
Delhi Daredevils,69,68,3,fe763256,fe93fd9d,662c47a6,1,0,1,0,
Delhi Daredevils,70,68,3,662c47a6,fe93fd9d,fe763256,0,0,0,0,
Delhi Daredevils,71,68,3,fe763256,41eb4a4f,662c47a6,0,0,0,0,
Delhi Daredevils,72,69,3,fe763256,41eb4a4f,662c47a6,1,0,1,0,
Delhi Daredevils,73,73,3,662c47a6,41eb4a4f,fe763256,4,0,4,0,
Delhi Daredevils,74,74,3,662c47a6,41eb4a4f,fe763256,1,0,1,0,
Delhi Daredevils,75,75,3,fe763256,41eb4a4f,662c47a6,1,0,1,0,
Delhi Daredevils,76,76,3,662c47a6,41eb4a4f,fe763256,1,0,1,0,
Delhi Daredevils,77,78,3,662c47a6,b2570b38,fe763256,2,0,2,0,
Delhi Daredevils,78,79,3,662c47a6,b2570b38,fe763256,1,0,1,0,
Delhi Daredevils,79,79,3,fe763256,b2570b38,662c47a6,0,0,0,0,
Delhi Daredevils,80,80,3,fe763256,b2570b38,662c47a6,1,0,1,0,
Delhi Daredevils,81,81,3,662c47a6,b2570b38,fe763256,1,0,1,0,
Delhi Daredevils,82,85,3,fe763256,b2570b38,662c47a6,4,0,4,0,
Delhi Daredevils,83,86,3,662c47a6,c3d1402f,fe763256,1,0,1,0,
Delhi Daredevils,84,90,3,fe763256,c3d1402f,662c47a6,4,0,4,0,
Delhi Daredevils,85,90,3,fe763256,c3d1402f,662c47a6,0,0,0,0,
Delhi Daredevils,86,91,3,fe763256,c3d1402f,662c47a6,1,0,1,0,
Delhi Daredevils,87,92,3,662c47a6,c3d1402f,fe763256,1,0,1,0,
Delhi Daredevils,88,93,3,fe763256,c3d1402f,662c47a6,1,0,1,0,
Delhi Daredevils,89,94,3,fe763256,41eb4a4f,662c47a6,1,0,1,0,
Delhi Daredevils,90,95,3,662c47a6,41eb4a4f,fe763256,1,0,1,0,
Delhi Daredevils,91,95,3,fe763256,41eb4a4f,662c47a6,0,0,0,0,
Delhi Daredevils,92,96,3,fe763256,41eb4a4f,662c47a6,0,1,1,0,
Delhi Daredevils,93,97,3,fe763256,41eb4a4f,662c47a6,1,0,1,0,
Delhi Daredevils,94,97,4,662c47a6,41eb4a4f,fe763256,0,0,0,1,caught
Delhi Daredevils,95,98,4,fe763256,41eb4a4f,d2d4bb0a,1,0,1,0,
Delhi Daredevils,96,99,4,fe763256,fe93fd9d,d2d4bb0a,1,0,1,0,
Delhi Daredevils,97,100,4,d2d4bb0a,fe93fd9d,fe763256,1,0,1,0,
Delhi Daredevils,98,104,4,fe763256,fe93fd9d,d2d4bb0a,4,0,4,0,
Delhi Daredevils,99,105,4,fe763256,fe93fd9d,d2d4bb0a,1,0,1,0,
Delhi Daredevils,100,107,4,d2d4bb0a,fe93fd9d,fe763256,2,0,2,0,
Delhi Daredevils,101,108,4,d2d4bb0a,fe93fd9d,fe763256,1,0,1,0,
Delhi Daredevils,102,112,4,d2d4bb0a,6b8eb6e5,fe763256,4,0,4,0,
Delhi Daredevils,103,113,4,d2d4bb0a,6b8eb6e5,fe763256,1,0,1,0,
Delhi Daredevils,104,114,4,fe763256,6b8eb6e5,d2d4bb0a,1,0,1,0,
Delhi Daredevils,105,115,4,d2d4bb0a,6b8eb6e5,fe763256,1,0,1,0,
Delhi Daredevils,106,116,4,fe763256,6b8eb6e5,d2d4bb0a,1,0,1,0,
Delhi Daredevils,107,116,4,d2d4bb0a,6b8eb6e5,fe763256,0,0,0,0,
Delhi Daredevils,108,116,5,fe763256,0c432afb,d2d4bb0a,0,0,0,1,caught
Delhi Daredevils,109,116,5,d2d4bb0a,0c432afb,5fa06777,0,0,0,0,
Delhi Daredevils,110,120,5,d2d4bb0a,0c432afb,5fa06777,4,0,4,0,
Delhi Daredevils,111,121,5,d2d4bb0a,0c432afb,5fa06777,1,0,1,0,
Delhi Daredevils,112,122,5,5fa06777,0c432afb,d2d4bb0a,1,0,1,0,
Delhi Daredevils,113,126,5,d2d4bb0a,0c432afb,5fa06777,4,0,4,0,
Delhi Daredevils,114,126,5,5fa06777,41eb4a4f,d2d4bb0a,0,0,0,0,
Delhi Daredevils,115,127,5,5fa06777,41eb4a4f,d2d4bb0a,1,0,1,0,
Delhi Daredevils,116,131,5,d2d4bb0a,41eb4a4f,5fa06777,4,0,4,0,
Delhi Daredevils,117,131,5,d2d4bb0a,41eb4a4f,5fa06777,0,0,0,0,
Delhi Daredevils,118,135,5,d2d4bb0a,41eb4a4f,5fa06777,4,0,4,0,
Delhi Daredevils,119,135,6,d2d4bb0a,41eb4a4f,5fa06777,0,0,0,1,caught
Delhi Daredevils,120,136,6,5fa06777,c3d1402f,05c2ca46,1,0,1,0,
Delhi Daredevils,121,137,6,05c2ca46,c3d1402f,5fa06777,1,0,1,0,
Delhi Daredevils,122,138,6,5fa06777,c3d1402f,05c2ca46,1,0,1,0,
Delhi Daredevils,123,139,6,05c2ca46,c3d1402f,5fa06777,1,0,1,0,
Delhi Daredevils,124,140,6,5fa06777,c3d1402f,05c2ca46,1,0,1,0,
Delhi Daredevils,125,140,6,05c2ca46,c3d1402f,5fa06777,0,0,0,0,
Kochi Tuskers Kerala,1,0,0,b970a03f,5fa06777,b8a55852,0,0,0,0,
Kochi Tuskers Kerala,2,1,0,b970a03f,5fa06777,b8a55852,0,1,1,0,
Kochi Tuskers Kerala,3,1,0,b8a55852,5fa06777,b970a03f,0,0,0,0,
Kochi Tuskers Kerala,4,6,0,b8a55852,5fa06777,b970a03f,0,5,5,0,
Kochi Tuskers Kerala,5,7,0,b8a55852,5fa06777,b970a03f,0,1,1,0,
Kochi Tuskers Kerala,6,8,0,b8a55852,5fa06777,b970a03f,1,0,1,0,
Kochi Tuskers Kerala,7,12,0,b970a03f,5fa06777,b8a55852,4,0,4,0,
Kochi Tuskers Kerala,8,13,0,b970a03f,5fa06777,b8a55852,0,1,1,0,
Kochi Tuskers Kerala,9,13,0,b970a03f,5fa06777,b8a55852,0,0,0,0,
Kochi Tuskers Kerala,10,17,0,b8a55852,5bb5a915,b970a03f,4,0,4,0,
Kochi Tuskers Kerala,11,17,0,b8a55852,5bb5a915,b970a03f,0,0,0,0,
Kochi Tuskers Kerala,12,21,0,b8a55852,5bb5a915,b970a03f,4,0,4,0,
Kochi Tuskers Kerala,13,21,0,b8a55852,5bb5a915,b970a03f,0,0,0,0,
Kochi Tuskers Kerala,14,25,0,b8a55852,5bb5a915,b970a03f,4,0,4,0,
Kochi Tuskers Kerala,15,26,0,b8a55852,5bb5a915,b970a03f,1,0,1,0,
Kochi Tuskers Kerala,16,26,0,b8a55852,5fa06777,b970a03f,0,0,0,0,
Kochi Tuskers Kerala,17,26,0,b8a55852,5fa06777,b970a03f,0,0,0,0,
Kochi Tuskers Kerala,18,28,0,b8a55852,5fa06777,b970a03f,2,0,2,0,
Kochi Tuskers Kerala,19,29,0,b8a55852,5fa06777,b970a03f,1,0,1,0,
Kochi Tuskers Kerala,20,30,0,b970a03f,5fa06777,b8a55852,1,0,1,0,
Kochi Tuskers Kerala,21,30,0,b8a55852,5fa06777,b970a03f,0,0,0,0,
Kochi Tuskers Kerala,22,30,0,b970a03f,cc1e8c68,b8a55852,0,0,0,0,
Kochi Tuskers Kerala,23,31,0,b970a03f,cc1e8c68,b8a55852,1,0,1,0,
Kochi Tuskers Kerala,24,35,0,b8a55852,cc1e8c68,b970a03f,4,0,4,0,
Kochi Tuskers Kerala,25,35,0,b8a55852,cc1e8c68,b970a03f,0,0,0,0,
Kochi Tuskers Kerala,26,36,0,b8a55852,cc1e8c68,b970a03f,0,1,1,0,
Kochi Tuskers Kerala,27,43,0,b8a55852,cc1e8c68,b970a03f,6,1,7,0,
Kochi Tuskers Kerala,28,49,0,b8a55852,cc1e8c68,b970a03f,6,0,6,0,
Kochi Tuskers Kerala,29,53,0,b8a55852,cc1e8c68,b970a03f,4,0,4,0,
Kochi Tuskers Kerala,30,53,0,b970a03f,5fa06777,b8a55852,0,0,0,0,
Kochi Tuskers Kerala,31,53,0,b970a03f,5fa06777,b8a55852,0,0,0,0,
Kochi Tuskers Kerala,32,57,0,b970a03f,5fa06777,b8a55852,4,0,4,0,
Kochi Tuskers Kerala,33,57,0,b970a03f,5fa06777,b8a55852,0,0,0,0,
Kochi Tuskers Kerala,34,61,0,b970a03f,5fa06777,b8a55852,4,0,4,0,
Kochi Tuskers Kerala,35,61,0,b970a03f,5fa06777,b8a55852,0,0,0,0,
Kochi Tuskers Kerala,36,61,1,b8a55852,5bb5a915,b970a03f,0,0,0,1,caught
Kochi Tuskers Kerala,37,62,1,b5da6c24,5bb5a915,b970a03f,1,0,1,0,
Kochi Tuskers Kerala,38,63,1,b970a03f,5bb5a915,b5da6c24,0,1,1,0,
Kochi Tuskers Kerala,39,64,1,b970a03f,5bb5a915,b5da6c24,1,0,1,0,
Kochi Tuskers Kerala,40,64,1,b5da6c24,5bb5a915,b970a03f,0,0,0,0,
Kochi Tuskers Kerala,41,65,1,b5da6c24,5bb5a915,b970a03f,0,1,1,0,
Kochi Tuskers Kerala,42,65,1,b5da6c24,5bb5a915,b970a03f,0,0,0,0,
Kochi Tuskers Kerala,43,66,1,b5da6c24,5bb5a915,b970a03f,0,1,1,0,
Kochi Tuskers Kerala,44,67,1,b5da6c24,5bb5a915,b970a03f,1,0,1,0,
Kochi Tuskers Kerala,45,68,1,b5da6c24,fa463154,b970a03f,1,0,1,0,
Kochi Tuskers Kerala,46,70,1,b970a03f,fa463154,b5da6c24,2,0,2,0,
Kochi Tuskers Kerala,47,70,1,b970a03f,fa463154,b5da6c24,0,0,0,0,
Kochi Tuskers Kerala,48,70,1,b970a03f,fa463154,b5da6c24,0,0,0,0,
Kochi Tuskers Kerala,49,71,1,b970a03f,fa463154,b5da6c24,1,0,1,0,
Kochi Tuskers Kerala,50,71,1,b5da6c24,fa463154,b970a03f,0,0,0,0,
Kochi Tuskers Kerala,51,71,2,b970a03f,05c2ca46,b5da6c24,0,0,0,1,lbw
Kochi Tuskers Kerala,52,71,2,d18f9182,05c2ca46,b5da6c24,0,0,0,0,
Kochi Tuskers Kerala,53,72,2,d18f9182,05c2ca46,b5da6c24,0,1,1,0,
Kochi Tuskers Kerala,54,73,2,d18f9182,05c2ca46,b5da6c24,1,0,1,0,
Kochi Tuskers Kerala,55,74,2,b5da6c24,05c2ca46,d18f9182,1,0,1,0,
Kochi Tuskers Kerala,56,75,2,d18f9182,05c2ca46,b5da6c24,0,1,1,0,
Kochi Tuskers Kerala,57,76,2,b5da6c24,05c2ca46,d18f9182,0,1,1,0,
Kochi Tuskers Kerala,58,78,2,b5da6c24,05c2ca46,d18f9182,2,0,2,0,
Kochi Tuskers Kerala,59,78,2,d18f9182,fa463154,b5da6c24,0,0,0,0,
Kochi Tuskers Kerala,60,79,2,d18f9182,fa463154,b5da6c24,1,0,1,0,
Kochi Tuskers Kerala,61,80,2,b5da6c24,fa463154,d18f9182,1,0,1,0,
Kochi Tuskers Kerala,62,80,2,d18f9182,fa463154,b5da6c24,0,0,0,0,
Kochi Tuskers Kerala,63,81,2,d18f9182,fa463154,b5da6c24,1,0,1,0,
Kochi Tuskers Kerala,64,82,2,b5da6c24,fa463154,d18f9182,1,0,1,0,
Kochi Tuskers Kerala,65,83,2,b5da6c24,05c2ca46,d18f9182,1,0,1,0,
Kochi Tuskers Kerala,66,87,2,d18f9182,05c2ca46,b5da6c24,4,0,4,0,
Kochi Tuskers Kerala,67,88,2,d18f9182,05c2ca46,b5da6c24,0,1,1,0,
Kochi Tuskers Kerala,68,88,2,b5da6c24,05c2ca46,d18f9182,0,0,0,0,
Kochi Tuskers Kerala,69,89,2,b5da6c24,05c2ca46,d18f9182,1,0,1,0,
Kochi Tuskers Kerala,70,89,3,d18f9182,05c2ca46,b5da6c24,0,0,0,1,run out
Kochi Tuskers Kerala,71,93,3,b5da6c24,fa463154,b57f8a9a,4,0,4,0,
Kochi Tuskers Kerala,72,94,3,b5da6c24,fa463154,b57f8a9a,1,0,1,0,
Kochi Tuskers Kerala,73,95,3,b57f8a9a,fa463154,b5da6c24,1,0,1,0,
Kochi Tuskers Kerala,74,95,3,b5da6c24,fa463154,b57f8a9a,0,0,0,0,
Kochi Tuskers Kerala,75,99,3,b5da6c24,fa463154,b57f8a9a,4,0,4,0,
Kochi Tuskers Kerala,76,99,3,b5da6c24,fa463154,b57f8a9a,0,0,0,0,
Kochi Tuskers Kerala,77,100,3,b57f8a9a,5bb5a915,b5da6c24,1,0,1,0,
Kochi Tuskers Kerala,78,104,3,b5da6c24,5bb5a915,b57f8a9a,4,0,4,0,
Kochi Tuskers Kerala,79,108,3,b5da6c24,5bb5a915,b57f8a9a,4,0,4,0,
Kochi Tuskers Kerala,80,109,3,b5da6c24,5bb5a915,b57f8a9a,1,0,1,0,
Kochi Tuskers Kerala,81,109,3,b57f8a9a,5bb5a915,b5da6c24,0,0,0,0,
Kochi Tuskers Kerala,82,109,3,b57f8a9a,5bb5a915,b5da6c24,0,0,0,0,
Kochi Tuskers Kerala,83,110,3,b5da6c24,662c47a6,b57f8a9a,1,0,1,0,
Kochi Tuskers Kerala,84,116,3,b57f8a9a,662c47a6,b5da6c24,6,0,6,0,
Kochi Tuskers Kerala,85,120,3,b57f8a9a,662c47a6,b5da6c24,4,0,4,0,
Kochi Tuskers Kerala,86,121,3,b57f8a9a,662c47a6,b5da6c24,0,1,1,0,
Kochi Tuskers Kerala,87,122,3,b57f8a9a,662c47a6,b5da6c24,1,0,1,0,
Kochi Tuskers Kerala,88,123,3,b5da6c24,662c47a6,b57f8a9a,1,0,1,0,
Kochi Tuskers Kerala,89,124,3,b57f8a9a,662c47a6,b5da6c24,1,0,1,0,
Kochi Tuskers Kerala,90,125,3,b57f8a9a,05c2ca46,b5da6c24,1,0,1,0,
Kochi Tuskers Kerala,91,127,3,b5da6c24,05c2ca46,b57f8a9a,2,0,2,0,
Kochi Tuskers Kerala,92,127,3,b5da6c24,05c2ca46,b57f8a9a,0,0,0,0,
Kochi Tuskers Kerala,93,127,3,b5da6c24,05c2ca46,b57f8a9a,0,0,0,0,
Kochi Tuskers Kerala,94,127,3,b5da6c24,05c2ca46,b57f8a9a,0,0,0,0,
Kochi Tuskers Kerala,95,127,3,b5da6c24,05c2ca46,b57f8a9a,0,0,0,0,
Kochi Tuskers Kerala,96,131,3,b57f8a9a,5fa06777,b5da6c24,4,0,4,0,
Kochi Tuskers Kerala,97,135,3,b57f8a9a,5fa06777,b5da6c24,4,0,4,0,
Kochi Tuskers Kerala,98,136,3,b57f8a9a,5fa06777,b5da6c24,1,0,1,0,
Kochi Tuskers Kerala,99,136,3,b5da6c24,5fa06777,b57f8a9a,0,0,0,0,
Kochi Tuskers Kerala,100,140,3,b5da6c24,5fa06777,b57f8a9a,4,0,4,0,
Kochi Tuskers Kerala,101,141,3,b5da6c24,5fa06777,b57f8a9a,1,0,1,0,
