batting_team,ball_number,total_team_runs,total_team_wickets,striker_ID,bowler_ID,nonstriker_ID,batter_runs,extras_runs,total_delivery_runs,wicket,wicket_type
Pune Warriors,1,0,0,91ffa6c6,2e8994e7,93b4fc78,0,0,0,0,
Pune Warriors,2,1,0,91ffa6c6,2e8994e7,93b4fc78,1,0,1,0,
Pune Warriors,3,5,0,93b4fc78,2e8994e7,91ffa6c6,4,0,4,0,
Pune Warriors,4,6,0,93b4fc78,2e8994e7,91ffa6c6,1,0,1,0,
Pune Warriors,5,12,0,91ffa6c6,2e8994e7,93b4fc78,6,0,6,0,
Pune Warriors,6,14,0,91ffa6c6,2e8994e7,93b4fc78,2,0,2,0,
Pune Warriors,7,14,0,93b4fc78,8fd1a8f5,91ffa6c6,0,0,0,0,
Pune Warriors,8,15,0,93b4fc78,8fd1a8f5,91ffa6c6,1,0,1,0,
Pune Warriors,9,15,0,91ffa6c6,8fd1a8f5,93b4fc78,0,0,0,0,
Pune Warriors,10,15,0,91ffa6c6,8fd1a8f5,93b4fc78,0,0,0,0,
Pune Warriors,11,15,0,91ffa6c6,8fd1a8f5,93b4fc78,0,0,0,0,
Pune Warriors,12,18,0,91ffa6c6,8fd1a8f5,93b4fc78,3,0,3,0,
Pune Warriors,13,19,0,91ffa6c6,5bb1a1c4,93b4fc78,1,0,1,0,
Pune Warriors,14,23,0,93b4fc78,5bb1a1c4,91ffa6c6,4,0,4,0,
Pune Warriors,15,23,0,93b4fc78,5bb1a1c4,91ffa6c6,0,0,0,0,
Pune Warriors,16,25,0,93b4fc78,5bb1a1c4,91ffa6c6,2,0,2,0,
Pune Warriors,17,25,0,93b4fc78,5bb1a1c4,91ffa6c6,0,0,0,0,
Pune Warriors,18,25,0,93b4fc78,5bb1a1c4,91ffa6c6,0,0,0,0,
Pune Warriors,19,25,0,91ffa6c6,8fd1a8f5,93b4fc78,0,0,0,0,
Pune Warriors,20,29,0,91ffa6c6,8fd1a8f5,93b4fc78,4,0,4,0,
Pune Warriors,21,29,0,91ffa6c6,8fd1a8f5,93b4fc78,0,0,0,0,
Pune Warriors,22,30,0,91ffa6c6,8fd1a8f5,93b4fc78,1,0,1,0,
Pune Warriors,23,31,0,93b4fc78,8fd1a8f5,91ffa6c6,1,0,1,0,
Pune Warriors,24,31,1,91ffa6c6,8fd1a8f5,93b4fc78,0,0,0,1,caught
Pune Warriors,25,31,1,93b4fc78,5bb1a1c4,725529bc,0,0,0,0,
Pune Warriors,26,31,1,93b4fc78,5bb1a1c4,725529bc,0,0,0,0,
Pune Warriors,27,35,1,93b4fc78,5bb1a1c4,725529bc,4,0,4,0,
Pune Warriors,28,35,1,93b4fc78,5bb1a1c4,725529bc,0,0,0,0,
Pune Warriors,29,35,1,93b4fc78,5bb1a1c4,725529bc,0,0,0,0,
Pune Warriors,30,35,1,93b4fc78,5bb1a1c4,725529bc,0,0,0,0,
Pune Warriors,31,35,1,725529bc,2a2e6343,93b4fc78,0,0,0,0,
Pune Warriors,32,35,1,725529bc,2a2e6343,93b4fc78,0,0,0,0,
Pune Warriors,33,35,1,725529bc,2a2e6343,93b4fc78,0,0,0,0,
Pune Warriors,34,35,1,725529bc,2a2e6343,93b4fc78,0,0,0,0,
Pune Warriors,35,35,2,725529bc,2a2e6343,93b4fc78,0,0,0,1,caught
Pune Warriors,36,39,2,1c17e270,2a2e6343,93b4fc78,4,0,4,0,
Pune Warriors,37,39,2,93b4fc78,6c6591ab,1c17e270,0,0,0,0,
Pune Warriors,38,45,2,93b4fc78,6c6591ab,1c17e270,6,0,6,0,
Pune Warriors,39,45,2,93b4fc78,6c6591ab,1c17e270,0,0,0,0,
Pune Warriors,40,45,3,93b4fc78,6c6591ab,1c17e270,0,0,0,1,bowled
Pune Warriors,41,45,3,1c914163,6c6591ab,1c17e270,0,0,0,0,
Pune Warriors,42,45,3,1c914163,6c6591ab,1c17e270,0,0,0,0,
Pune Warriors,43,45,3,1c17e270,6b19d823,1c914163,0,0,0,0,
Pune Warriors,44,45,3,1c17e270,6b19d823,1c914163,0,0,0,0,
Pune Warriors,45,45,3,1c17e270,6b19d823,1c914163,0,0,0,0,
Pune Warriors,46,45,4,1c17e270,6b19d823,1c914163,0,0,0,1,caught and bowled
Pune Warriors,47,45,5,c42aaf71,6b19d823,1c914163,0,0,0,1,bowled
Pune Warriors,48,45,5,9b4935c8,6b19d823,1c914163,0,0,0,0,
Pune Warriors,49,46,5,1c914163,5bb1a1c4,9b4935c8,1,0,1,0,
Pune Warriors,50,46,5,9b4935c8,5bb1a1c4,1c914163,0,0,0,0,
Pune Warriors,51,50,5,9b4935c8,5bb1a1c4,1c914163,4,0,4,0,
Pune Warriors,52,52,5,9b4935c8,5bb1a1c4,1c914163,2,0,2,0,
Pune Warriors,53,52,5,9b4935c8,5bb1a1c4,1c914163,0,0,0,0,
Pune Warriors,54,53,5,9b4935c8,5bb1a1c4,1c914163,1,0,1,0,
Pune Warriors,55,54,5,9b4935c8,6b19d823,1c914163,1,0,1,0,
Pune Warriors,56,55,5,1c914163,6b19d823,9b4935c8,1,0,1,0,
Pune Warriors,57,56,5,9b4935c8,6b19d823,1c914163,1,0,1,0,
Pune Warriors,58,57,5,1c914163,6b19d823,9b4935c8,1,0,1,0,
Pune Warriors,59,58,5,9b4935c8,6b19d823,1c914163,1,0,1,0,
Pune Warriors,60,62,5,1c914163,6b19d823,9b4935c8,4,0,4,0,
Pune Warriors,61,62,5,9b4935c8,6c6591ab,1c914163,0,0,0,0,
Pune Warriors,62,62,5,9b4935c8,6c6591ab,1c914163,0,0,0,0,
Pune Warriors,63,63,5,9b4935c8,6c6591ab,1c914163,1,0,1,0,
Pune Warriors,64,63,5,1c914163,6c6591ab,9b4935c8,0,0,0,0,
Pune Warriors,65,69,5,1c914163,6c6591ab,9b4935c8,6,0,6,0,
Pune Warriors,66,73,5,1c914163,6c6591ab,9b4935c8,4,0,4,0,
Pune Warriors,67,73,6,9b4935c8,2e8994e7,1c914163,0,0,0,1,caught and bowled
Pune Warriors,68,73,6,3d8feaf8,2e8994e7,1c914163,0,0,0,0,
Pune Warriors,69,74,6,3d8feaf8,2e8994e7,1c914163,1,0,1,0,
Pune Warriors,70,74,6,1c914163,2e8994e7,3d8feaf8,0,0,0,0,
Pune Warriors,71,78,6,1c914163,2e8994e7,3d8feaf8,4,0,4,0,
Pune Warriors,72,78,6,1c914163,2e8994e7,3d8feaf8,0,0,0,0,
Pune Warriors,73,80,6,3d8feaf8,2a2e6343,1c914163,2,0,2,0,
Pune Warriors,74,80,6,3d8feaf8,2a2e6343,1c914163,0,0,0,0,
Pune Warriors,75,80,6,3d8feaf8,2a2e6343,1c914163,0,0,0,0,
Pune Warriors,76,80,6,3d8feaf8,2a2e6343,1c914163,0,0,0,0,
Pune Warriors,77,80,6,3d8feaf8,2a2e6343,1c914163,0,0,0,0,
Pune Warriors,78,80,6,3d8feaf8,2a2e6343,1c914163,0,0,0,0,
Pune Warriors,79,80,6,1c914163,8fd1a8f5,3d8feaf8,0,0,0,0,
Pune Warriors,80,81,6,1c914163,8fd1a8f5,3d8feaf8,1,0,1,0,
Pune Warriors,81,81,6,3d8feaf8,8fd1a8f5,1c914163,0,0,0,0,
Pune Warriors,82,82,6,3d8feaf8,8fd1a8f5,1c914163,1,0,1,0,
Pune Warriors,83,83,6,1c914163,8fd1a8f5,3d8feaf8,0,1,1,0,
Pune Warriors,84,84,6,1c914163,8fd1a8f5,3d8feaf8,1,0,1,0,
Pune Warriors,85,85,6,3d8feaf8,8fd1a8f5,1c914163,1,0,1,0,
Pune Warriors,86,85,6,3d8feaf8,2a2e6343,1c914163,0,0,0,0,
Pune Warriors,87,91,6,3d8feaf8,2a2e6343,1c914163,6,0,6,0,
Pune Warriors,88,92,6,3d8feaf8,2a2e6343,1c914163,1,0,1,0,
Pune Warriors,89,92,6,1c914163,2a2e6343,3d8feaf8,0,0,0,0,
Pune Warriors,90,92,7,1c914163,2a2e6343,3d8feaf8,0,0,0,1,caught
Pune Warriors,91,92,7,3a60e0b5,2a2e6343,3d8feaf8,0,0,0,0,
Pune Warriors,92,93,7,3d8feaf8,6b19d823,3a60e0b5,1,0,1,0,
Pune Warriors,93,94,7,3a60e0b5,6b19d823,3d8feaf8,1,0,1,0,
Pune Warriors,94,95,7,3d8feaf8,6b19d823,3a60e0b5,1,0,1,0,
Pune Warriors,95,96,7,3a60e0b5,6b19d823,3d8feaf8,1,0,1,0,
Pune Warriors,96,97,7,3d8feaf8,6b19d823,3a60e0b5,1,0,1,0,
Pune Warriors,97,98,7,3a60e0b5,6b19d823,3d8feaf8,0,1,1,0,
Pune Warriors,98,99,7,3a60e0b5,6b19d823,3d8feaf8,1,0,1,0,
Pune Warriors,99,99,7,3a60e0b5,6c6591ab,3d8feaf8,0,0,0,0,
Pune Warriors,100,99,7,3a60e0b5,6c6591ab,3d8feaf8,0,0,0,0,
Pune Warriors,101,100,7,3a60e0b5,6c6591ab,3d8feaf8,1,0,1,0,
Pune Warriors,102,100,7,3d8feaf8,6c6591ab,3a60e0b5,0,0,0,0,
Pune Warriors,103,102,7,3d8feaf8,6c6591ab,3a60e0b5,2,0,2,0,
Pune Warriors,104,102,7,3d8feaf8,6c6591ab,3a60e0b5,0,0,0,0,
Pune Warriors,105,104,7,3a60e0b5,6b19d823,3d8feaf8,2,0,2,0,
Pune Warriors,106,104,7,3a60e0b5,6b19d823,3d8feaf8,0,0,0,0,
Pune Warriors,107,104,7,3a60e0b5,6b19d823,3d8feaf8,0,0,0,0,
Pune Warriors,108,105,7,3a60e0b5,6b19d823,3d8feaf8,1,0,1,0,
Pune Warriors,109,111,7,3d8feaf8,6b19d823,3a60e0b5,6,0,6,0,
Pune Warriors,110,112,7,3d8feaf8,6b19d823,3a60e0b5,1,0,1,0,
Pune Warriors,111,113,7,3d8feaf8,8fd1a8f5,3a60e0b5,1,0,1,0,
Pune Warriors,112,114,7,3a60e0b5,8fd1a8f5,3d8feaf8,0,1,1,0,
Pune Warriors,113,118,7,3d8feaf8,8fd1a8f5,3a60e0b5,4,0,4,0,
Pune Warriors,114,119,7,3d8feaf8,8fd1a8f5,3a60e0b5,1,0,1,0,
Pune Warriors,115,120,7,3a60e0b5,8fd1a8f5,3d8feaf8,1,0,1,0,
Pune Warriors,116,121,7,3d8feaf8,8fd1a8f5,3a60e0b5,1,0,1,0,
Pune Warriors,117,127,7,3d8feaf8,6c6591ab,3a60e0b5,6,0,6,0,
Pune Warriors,118,127,8,3d8feaf8,6c6591ab,3a60e0b5,0,0,0,1,bowled
Pune Warriors,119,128,8,2e81a32d,6c6591ab,3a60e0b5,1,0,1,0,
Pune Warriors,120,128,8,3a60e0b5,6c6591ab,2e81a32d,0,0,0,0,
Pune Warriors,121,134,8,3a60e0b5,6c6591ab,2e81a32d,6,0,6,0,
Pune Warriors,122,136,9,3a60e0b5,6c6591ab,2e81a32d,2,0,2,1,run out
Deccan Chargers,1,0,0,3fca55af,2e81a32d,0a476045,0,0,0,0,
Deccan Chargers,2,1,0,3fca55af,2e81a32d,0a476045,1,0,1,0,
Deccan Chargers,3,1,0,0a476045,2e81a32d,3fca55af,0,0,0,0,
Deccan Chargers,4,2,0,0a476045,2e81a32d,3fca55af,1,0,1,0,
Deccan Chargers,5,2,0,3fca55af,2e81a32d,0a476045,0,0,0,0,
Deccan Chargers,6,4,0,3fca55af,2e81a32d,0a476045,2,0,2,0,
Deccan Chargers,7,5,0,0a476045,3a60e0b5,3fca55af,1,0,1,0,
Deccan Chargers,8,6,0,3fca55af,3a60e0b5,0a476045,0,1,1,0,
Deccan Chargers,9,6,0,3fca55af,3a60e0b5,0a476045,0,0,0,0,
Deccan Chargers,10,7,0,3fca55af,3a60e0b5,0a476045,1,0,1,0,
Deccan Chargers,11,11,0,0a476045,3a60e0b5,3fca55af,4,0,4,0,
Deccan Chargers,12,12,0,0a476045,3a60e0b5,3fca55af,1,0,1,0,
Deccan Chargers,13,12,0,3fca55af,3a60e0b5,0a476045,0,0,0,0,
Deccan Chargers,14,12,0,0a476045,2e81a32d,3fca55af,0,0,0,0,
Deccan Chargers,15,16,0,0a476045,2e81a32d,3fca55af,4,0,4,0,
Deccan Chargers,16,16,0,0a476045,2e81a32d,3fca55af,0,0,0,0,
Deccan Chargers,17,16,0,0a476045,2e81a32d,3fca55af,0,0,0,0,
Deccan Chargers,18,18,0,0a476045,2e81a32d,3fca55af,2,0,2,0,
Deccan Chargers,19,18,0,0a476045,2e81a32d,3fca55af,0,0,0,0,
Deccan Chargers,20,19,0,3fca55af,3a60e0b5,0a476045,0,1,1,0,
Deccan Chargers,21,20,0,3fca55af,3a60e0b5,0a476045,1,0,1,0,
Deccan Chargers,22,20,0,0a476045,3a60e0b5,3fca55af,0,0,0,0,
Deccan Chargers,23,20,0,0a476045,3a60e0b5,3fca55af,0,0,0,0,
Deccan Chargers,24,20,0,0a476045,3a60e0b5,3fca55af,0,0,0,0,
Deccan Chargers,25,21,0,0a476045,3a60e0b5,3fca55af,1,0,1,0,
Deccan Chargers,26,26,0,3fca55af,3a60e0b5,0a476045,0,5,5,0,
Deccan Chargers,27,30,0,3fca55af,3a60e0b5,0a476045,4,0,4,0,
Deccan Chargers,28,31,0,0a476045,5d9a1a73,3fca55af,1,0,1,0,
Deccan Chargers,29,31,0,3fca55af,5d9a1a73,0a476045,0,0,0,0,
Deccan Chargers,30,32,0,3fca55af,5d9a1a73,0a476045,1,0,1,0,
Deccan Chargers,31,33,0,0a476045,5d9a1a73,3fca55af,1,0,1,0,
Deccan Chargers,32,39,0,3fca55af,5d9a1a73,0a476045,6,0,6,0,
Deccan Chargers,33,40,0,3fca55af,5d9a1a73,0a476045,1,0,1,0,
Deccan Chargers,34,40,0,3fca55af,3d8feaf8,0a476045,0,0,0,0,
Deccan Chargers,35,46,0,3fca55af,3d8feaf8,0a476045,6,0,6,0,
Deccan Chargers,36,47,0,3fca55af,3d8feaf8,0a476045,0,1,1,0,
Deccan Chargers,37,51,0,3fca55af,3d8feaf8,0a476045,4,0,4,0,
Deccan Chargers,38,52,0,3fca55af,3d8feaf8,0a476045,1,0,1,0,
Deccan Chargers,39,56,0,0a476045,3d8feaf8,3fca55af,4,0,4,0,
Deccan Chargers,40,57,0,0a476045,3d8feaf8,3fca55af,1,0,1,0,
Deccan Chargers,41,58,0,0a476045,1c914163,3fca55af,1,0,1,0,
Deccan Chargers,42,58,0,3fca55af,1c914163,0a476045,0,0,0,0,
Deccan Chargers,43,59,0,3fca55af,1c914163,0a476045,1,0,1,0,
Deccan Chargers,44,60,0,0a476045,1c914163,3fca55af,1,0,1,0,
Deccan Chargers,45,60,0,3fca55af,1c914163,0a476045,0,0,0,0,
Deccan Chargers,46,61,0,3fca55af,1c914163,0a476045,1,0,1,0,
Deccan Chargers,47,61,0,3fca55af,3d8feaf8,0a476045,0,0,0,0,
Deccan Chargers,48,61,0,3fca55af,3d8feaf8,0a476045,0,0,0,0,
Deccan Chargers,49,62,0,3fca55af,3d8feaf8,0a476045,1,0,1,0,
Deccan Chargers,50,62,0,0a476045,3d8feaf8,3fca55af,0,0,0,0,
Deccan Chargers,51,66,0,0a476045,3d8feaf8,3fca55af,4,0,4,0,
Deccan Chargers,52,67,0,0a476045,3d8feaf8,3fca55af,1,0,1,0,
Deccan Chargers,53,67,1,0a476045,1c914163,3fca55af,0,0,0,1,stumped
Deccan Chargers,54,69,1,6b71e6cf,1c914163,3fca55af,2,0,2,0,
Deccan Chargers,55,69,1,6b71e6cf,1c914163,3fca55af,0,0,0,0,
Deccan Chargers,56,70,1,6b71e6cf,1c914163,3fca55af,1,0,1,0,
Deccan Chargers,57,70,1,3fca55af,1c914163,6b71e6cf,0,0,0,0,
Deccan Chargers,58,71,1,3fca55af,1c914163,6b71e6cf,1,0,1,0,
Deccan Chargers,59,73,1,3fca55af,5d9a1a73,6b71e6cf,2,0,2,0,
Deccan Chargers,60,73,2,3fca55af,5d9a1a73,6b71e6cf,0,0,0,1,lbw
Deccan Chargers,61,73,2,2e8994e7,5d9a1a73,6b71e6cf,0,0,0,0,
Deccan Chargers,62,73,2,2e8994e7,5d9a1a73,6b71e6cf,0,0,0,0,
Deccan Chargers,63,74,2,2e8994e7,5d9a1a73,6b71e6cf,1,0,1,0,
Deccan Chargers,64,78,2,6b71e6cf,5d9a1a73,2e8994e7,4,0,4,0,
Deccan Chargers,65,78,2,2e8994e7,c42aaf71,6b71e6cf,0,0,0,0,
Deccan Chargers,66,79,2,2e8994e7,c42aaf71,6b71e6cf,1,0,1,0,
Deccan Chargers,67,79,2,6b71e6cf,c42aaf71,2e8994e7,0,0,0,0,
Deccan Chargers,68,79,2,6b71e6cf,c42aaf71,2e8994e7,0,0,0,0,
Deccan Chargers,69,80,2,6b71e6cf,c42aaf71,2e8994e7,1,0,1,0,
Deccan Chargers,70,80,2,2e8994e7,c42aaf71,6b71e6cf,0,0,0,0,
Deccan Chargers,71,81,2,6b71e6cf,5d9a1a73,2e8994e7,1,0,1,0,
Deccan Chargers,72,82,2,2e8994e7,5d9a1a73,6b71e6cf,1,0,1,0,
Deccan Chargers,73,83,2,6b71e6cf,5d9a1a73,2e8994e7,1,0,1,0,
Deccan Chargers,74,83,2,2e8994e7,5d9a1a73,6b71e6cf,0,0,0,0,
Deccan Chargers,75,84,2,2e8994e7,5d9a1a73,6b71e6cf,1,0,1,0,
Deccan Chargers,76,84,2,6b71e6cf,5d9a1a73,2e8994e7,0,0,0,0,
Deccan Chargers,77,85,2,2e8994e7,c42aaf71,6b71e6cf,1,0,1,0,
Deccan Chargers,78,86,2,6b71e6cf,c42aaf71,2e8994e7,1,0,1,0,
Deccan Chargers,79,87,2,2e8994e7,c42aaf71,6b71e6cf,1,0,1,0,
Deccan Chargers,80,88,2,6b71e6cf,c42aaf71,2e8994e7,1,0,1,0,
Deccan Chargers,81,89,2,2e8994e7,c42aaf71,6b71e6cf,1,0,1,0,
Deccan Chargers,82,89,2,6b71e6cf,c42aaf71,2e8994e7,0,0,0,0,
Deccan Chargers,83,90,2,2e8994e7,3d8feaf8,6b71e6cf,1,0,1,0,
Deccan Chargers,84,91,2,6b71e6cf,3d8feaf8,2e8994e7,1,0,1,0,
Deccan Chargers,85,92,2,2e8994e7,3d8feaf8,6b71e6cf,1,0,1,0,
Deccan Chargers,86,92,2,6b71e6cf,3d8feaf8,2e8994e7,0,0,0,0,
Deccan Chargers,87,92,2,6b71e6cf,3d8feaf8,2e8994e7,0,0,0,0,
Deccan Chargers,88,96,2,6b71e6cf,3d8feaf8,2e8994e7,4,0,4,0,
Deccan Chargers,89,99,2,2e8994e7,c42aaf71,6b71e6cf,3,0,3,0,
Deccan Chargers,90,105,2,6b71e6cf,c42aaf71,2e8994e7,6,0,6,0,
Deccan Chargers,91,106,2,6b71e6cf,c42aaf71,2e8994e7,1,0,1,0,
Deccan Chargers,92,106,2,2e8994e7,c42aaf71,6b71e6cf,0,0,0,0,
Deccan Chargers,93,107,2,2e8994e7,c42aaf71,6b71e6cf,1,0,1,0,
Deccan Chargers,94,108,2,6b71e6cf,c42aaf71,2e8994e7,1,0,1,0,
Deccan Chargers,95,108,3,6b71e6cf,5d9a1a73,2e8994e7,0,0,0,1,caught
Deccan Chargers,96,109,3,2a2e6343,5d9a1a73,2e8994e7,1,0,1,0,
Deccan Chargers,97,109,3,2e8994e7,5d9a1a73,2a2e6343,0,0,0,0,
Deccan Chargers,98,109,3,2e8994e7,5d9a1a73,2a2e6343,0,0,0,0,
Deccan Chargers,99,111,3,2e8994e7,5d9a1a73,2a2e6343,2,0,2,0,
Deccan Chargers,100,112,3,2e8994e7,5d9a1a73,2a2e6343,0,1,1,0,
Deccan Chargers,101,112,3,2e8994e7,5d9a1a73,2a2e6343,0,0,0,0,
Deccan Chargers,102,116,3,2a2e6343,1c914163,2e8994e7,4,0,4,0,
Deccan Chargers,103,116,3,2a2e6343,1c914163,2e8994e7,0,0,0,0,
Deccan Chargers,104,117,3,2a2e6343,1c914163,2e8994e7,1,0,1,0,
Deccan Chargers,105,123,3,2e8994e7,1c914163,2a2e6343,6,0,6,0,
Deccan Chargers,106,124,3,2e8994e7,1c914163,2a2e6343,1,0,1,0,
Deccan Chargers,107,124,3,2a2e6343,1c914163,2e8994e7,0,0,0,0,
Deccan Chargers,108,125,3,2e8994e7,3a60e0b5,2a2e6343,1,0,1,0,
Deccan Chargers,109,126,3,2a2e6343,3a60e0b5,2e8994e7,1,0,1,0,
Deccan Chargers,110,126,3,2e8994e7,3a60e0b5,2a2e6343,0,0,0,0,
Deccan Chargers,111,126,4,2e8994e7,3a60e0b5,2a2e6343,0,0,0,1,bowled
Deccan Chargers,112,126,4,5451a2c1,3a60e0b5,2a2e6343,0,0,0,0,
Deccan Chargers,113,126,4,5451a2c1,3a60e0b5,2a2e6343,0,0,0,0,
Deccan Chargers,114,126,4,2a2e6343,1c914163,5451a2c1,0,0,0,0,
Deccan Chargers,115,127,4,2a2e6343,1c914163,5451a2c1,1,0,1,0,
Deccan Chargers,116,128,4,5451a2c1,1c914163,2a2e6343,1,0,1,0,
Deccan Chargers,117,130,4,2a2e6343,1c914163,5451a2c1,2,0,2,0,
Deccan Chargers,118,132,4,2a2e6343,1c914163,5451a2c1,2,0,2,0,
Deccan Chargers,119,133,4,2a2e6343,1c914163,5451a2c1,1,0,1,0,
Deccan Chargers,120,134,4,2a2e6343,3a60e0b5,5451a2c1,1,0,1,0,
Deccan Chargers,121,138,4,5451a2c1,3a60e0b5,2a2e6343,4,0,4,0,
