batting_team,ball_number,total_team_runs,total_team_wickets,striker_ID,bowler_ID,nonstriker_ID,batter_runs,extras_runs,total_delivery_runs,wicket,wicket_type
Chennai Super Kings,1,0,1,95a2ea61,e938e1bc,4b57e452,0,0,0,1,lbw
Chennai Super Kings,2,0,2,1dc12ab9,e938e1bc,4b57e452,0,0,0,1,caught
Chennai Super Kings,3,0,2,3576e47e,e938e1bc,4b57e452,0,0,0,0,
Chennai Super Kings,4,0,2,3576e47e,e938e1bc,4b57e452,0,0,0,0,
Chennai Super Kings,5,0,2,3576e47e,e938e1bc,4b57e452,0,0,0,0,
Chennai Super Kings,6,0,2,3576e47e,e938e1bc,4b57e452,0,0,0,0,
Chennai Super Kings,7,0,2,4b57e452,12eddf28,3576e47e,0,0,0,0,
Chennai Super Kings,8,0,2,4b57e452,12eddf28,3576e47e,0,0,0,0,
Chennai Super Kings,9,0,2,4b57e452,12eddf28,3576e47e,0,0,0,0,
Chennai Super Kings,10,2,2,4b57e452,12eddf28,3576e47e,2,0,2,0,
Chennai Super Kings,11,2,2,4b57e452,12eddf28,3576e47e,0,0,0,0,
Chennai Super Kings,12,2,2,4b57e452,12eddf28,3576e47e,0,0,0,0,
Chennai Super Kings,13,2,2,3576e47e,e938e1bc,4b57e452,0,0,0,0,
Chennai Super Kings,14,2,2,3576e47e,e938e1bc,4b57e452,0,0,0,0,
Chennai Super Kings,15,3,2,3576e47e,e938e1bc,4b57e452,1,0,1,0,
Chennai Super Kings,16,4,2,4b57e452,e938e1bc,3576e47e,1,0,1,0,
Chennai Super Kings,17,6,2,3576e47e,e938e1bc,4b57e452,0,2,2,0,
Chennai Super Kings,18,6,2,3576e47e,e938e1bc,4b57e452,0,0,0,0,
Chennai Super Kings,19,9,2,4b57e452,12eddf28,3576e47e,3,0,3,0,
Chennai Super Kings,20,9,2,3576e47e,12eddf28,4b57e452,0,0,0,0,
Chennai Super Kings,21,13,2,3576e47e,12eddf28,4b57e452,4,0,4,0,
Chennai Super Kings,22,13,2,3576e47e,12eddf28,4b57e452,0,0,0,0,
Chennai Super Kings,23,13,2,3576e47e,12eddf28,4b57e452,0,0,0,0,
Chennai Super Kings,24,13,2,3576e47e,12eddf28,4b57e452,0,0,0,0,
Chennai Super Kings,25,13,2,4b57e452,e938e1bc,3576e47e,0,0,0,0,
Chennai Super Kings,26,17,2,4b57e452,e938e1bc,3576e47e,4,0,4,0,
Chennai Super Kings,27,20,2,4b57e452,e938e1bc,3576e47e,3,0,3,0,
Chennai Super Kings,28,21,2,3576e47e,e938e1bc,4b57e452,0,1,1,0,
Chennai Super Kings,29,27,2,4b57e452,e938e1bc,3576e47e,6,0,6,0,
Chennai Super Kings,30,27,2,4b57e452,e938e1bc,3576e47e,0,0,0,0,
Chennai Super Kings,31,27,2,3576e47e,c654af19,4b57e452,0,0,0,0,
Chennai Super Kings,32,29,2,3576e47e,c654af19,4b57e452,2,0,2,0,
Chennai Super Kings,33,30,2,3576e47e,c654af19,4b57e452,1,0,1,0,
Chennai Super Kings,34,30,2,4b57e452,c654af19,3576e47e,0,0,0,0,
Chennai Super Kings,35,30,2,4b57e452,c654af19,3576e47e,0,0,0,0,
Chennai Super Kings,36,31,2,4b57e452,c654af19,3576e47e,1,0,1,0,
Chennai Super Kings,37,35,2,4b57e452,98ae73b1,3576e47e,4,0,4,0,
Chennai Super Kings,38,35,2,4b57e452,98ae73b1,3576e47e,0,0,0,0,
Chennai Super Kings,39,36,2,4b57e452,98ae73b1,3576e47e,1,0,1,0,
Chennai Super Kings,40,36,2,3576e47e,98ae73b1,4b57e452,0,0,0,0,
Chennai Super Kings,41,37,2,3576e47e,98ae73b1,4b57e452,1,0,1,0,
Chennai Super Kings,42,39,2,4b57e452,98ae73b1,3576e47e,2,0,2,0,
Chennai Super Kings,43,40,2,3576e47e,c654af19,4b57e452,1,0,1,0,
Chennai Super Kings,44,41,2,4b57e452,c654af19,3576e47e,1,0,1,0,
Chennai Super Kings,45,41,2,3576e47e,c654af19,4b57e452,0,0,0,0,
Chennai Super Kings,46,42,2,3576e47e,c654af19,4b57e452,1,0,1,0,
Chennai Super Kings,47,43,2,4b57e452,c654af19,3576e47e,1,0,1,0,
Chennai Super Kings,48,47,2,3576e47e,c654af19,4b57e452,4,0,4,0,
Chennai Super Kings,49,48,2,4b57e452,a45a5e8d,3576e47e,1,0,1,0,
Chennai Super Kings,50,52,2,3576e47e,a45a5e8d,4b57e452,4,0,4,0,
Chennai Super Kings,51,52,2,3576e47e,a45a5e8d,4b57e452,0,0,0,0,
Chennai Super Kings,52,53,2,3576e47e,a45a5e8d,4b57e452,1,0,1,0,
Chennai Super Kings,53,54,2,4b57e452,a45a5e8d,3576e47e,1,0,1,0,
Chennai Super Kings,54,55,2,3576e47e,a45a5e8d,4b57e452,1,0,1,0,
Chennai Super Kings,55,56,2,3576e47e,98ae73b1,4b57e452,1,0,1,0,
Chennai Super Kings,56,60,2,4b57e452,98ae73b1,3576e47e,4,0,4,0,
Chennai Super Kings,57,61,2,4b57e452,98ae73b1,3576e47e,1,0,1,0,
Chennai Super Kings,58,65,2,3576e47e,98ae73b1,4b57e452,4,0,4,0,
Chennai Super Kings,59,65,2,3576e47e,98ae73b1,4b57e452,0,0,0,0,
Chennai Super Kings,60,67,2,3576e47e,98ae73b1,4b57e452,2,0,2,0,
Chennai Super Kings,61,68,2,4b57e452,dc4686e6,3576e47e,1,0,1,0,
Chennai Super Kings,62,70,2,3576e47e,dc4686e6,4b57e452,2,0,2,0,
Chennai Super Kings,63,71,2,3576e47e,dc4686e6,4b57e452,0,1,1,0,
Chennai Super Kings,64,72,2,3576e47e,dc4686e6,4b57e452,1,0,1,0,
Chennai Super Kings,65,73,2,4b57e452,dc4686e6,3576e47e,1,0,1,0,
Chennai Super Kings,66,77,2,3576e47e,dc4686e6,4b57e452,4,0,4,0,
Chennai Super Kings,67,78,2,3576e47e,dc4686e6,4b57e452,1,0,1,0,
Chennai Super Kings,68,82,2,3576e47e,a45a5e8d,4b57e452,4,0,4,0,
Chennai Super Kings,69,84,2,3576e47e,a45a5e8d,4b57e452,2,0,2,0,
Chennai Super Kings,70,85,2,3576e47e,a45a5e8d,4b57e452,1,0,1,0,
Chennai Super Kings,71,91,2,4b57e452,a45a5e8d,3576e47e,6,0,6,0,
Chennai Super Kings,72,93,2,4b57e452,a45a5e8d,3576e47e,2,0,2,0,
Chennai Super Kings,73,94,2,4b57e452,a45a5e8d,3576e47e,1,0,1,0,
Chennai Super Kings,74,94,2,4b57e452,dc4686e6,3576e47e,0,0,0,0,
Chennai Super Kings,75,95,2,4b57e452,dc4686e6,3576e47e,1,0,1,0,
Chennai Super Kings,76,95,2,3576e47e,dc4686e6,4b57e452,0,0,0,0,
Chennai Super Kings,77,96,2,3576e47e,dc4686e6,4b57e452,1,0,1,0,
Chennai Super Kings,78,102,2,4b57e452,dc4686e6,3576e47e,6,0,6,0,
Chennai Super Kings,79,104,2,4b57e452,dc4686e6,3576e47e,2,0,2,0,
Chennai Super Kings,80,104,2,3576e47e,12eddf28,4b57e452,0,0,0,0,
Chennai Super Kings,81,105,2,3576e47e,12eddf28,4b57e452,1,0,1,0,
Chennai Super Kings,82,109,2,4b57e452,12eddf28,3576e47e,4,0,4,0,
Chennai Super Kings,83,113,2,4b57e452,12eddf28,3576e47e,4,0,4,0,
Chennai Super Kings,84,113,2,4b57e452,12eddf28,3576e47e,0,0,0,0,
Chennai Super Kings,85,113,2,4b57e452,12eddf28,3576e47e,0,0,0,0,
Chennai Super Kings,86,114,2,3576e47e,98ae73b1,4b57e452,1,0,1,0,
Chennai Super Kings,87,118,2,4b57e452,98ae73b1,3576e47e,4,0,4,0,
Chennai Super Kings,88,124,2,4b57e452,98ae73b1,3576e47e,6,0,6,0,
Chennai Super Kings,89,124,2,4b57e452,98ae73b1,3576e47e,0,0,0,0,
Chennai Super Kings,90,124,3,4b57e452,98ae73b1,3576e47e,0,0,0,1,stumped
Chennai Super Kings,91,126,3,4a8a2e3b,98ae73b1,3576e47e,2,0,2,0,
Chennai Super Kings,92,127,3,3576e47e,dc4686e6,4a8a2e3b,1,0,1,0,
Chennai Super Kings,93,128,3,4a8a2e3b,dc4686e6,3576e47e,1,0,1,0,
Chennai Super Kings,94,132,3,3576e47e,dc4686e6,4a8a2e3b,4,0,4,0,
Chennai Super Kings,95,134,3,3576e47e,dc4686e6,4a8a2e3b,2,0,2,0,
Chennai Super Kings,96,138,3,3576e47e,dc4686e6,4a8a2e3b,4,0,4,0,
Chennai Super Kings,97,140,3,3576e47e,dc4686e6,4a8a2e3b,2,0,2,0,
Chennai Super Kings,98,144,3,4a8a2e3b,c654af19,3576e47e,4,0,4,0,
Chennai Super Kings,99,145,3,4a8a2e3b,c654af19,3576e47e,1,0,1,0,
Chennai Super Kings,100,146,3,3576e47e,c654af19,4a8a2e3b,1,0,1,0,
Chennai Super Kings,101,147,3,4a8a2e3b,c654af19,3576e47e,1,0,1,0,
Chennai Super Kings,102,148,3,3576e47e,c654af19,4a8a2e3b,1,0,1,0,
Chennai Super Kings,103,149,3,4a8a2e3b,c654af19,3576e47e,1,0,1,0,
Chennai Super Kings,104,153,3,4a8a2e3b,e938e1bc,3576e47e,4,0,4,0,
Chennai Super Kings,105,159,3,4a8a2e3b,e938e1bc,3576e47e,6,0,6,0,
Chennai Super Kings,106,165,3,4a8a2e3b,e938e1bc,3576e47e,6,0,6,0,
Chennai Super Kings,107,167,3,4a8a2e3b,e938e1bc,3576e47e,2,0,2,0,
Chennai Super Kings,108,167,3,4a8a2e3b,e938e1bc,3576e47e,0,0,0,0,
Chennai Super Kings,109,171,3,4a8a2e3b,e938e1bc,3576e47e,4,0,4,0,
Chennai Super Kings,110,172,3,3576e47e,c654af19,4a8a2e3b,1,0,1,0,
Chennai Super Kings,111,176,3,4a8a2e3b,c654af19,3576e47e,4,0,4,0,
Chennai Super Kings,112,177,3,4a8a2e3b,c654af19,3576e47e,1,0,1,0,
Chennai Super Kings,113,178,3,3576e47e,c654af19,4a8a2e3b,1,0,1,0,
Chennai Super Kings,114,178,3,4a8a2e3b,c654af19,3576e47e,0,0,0,0,
Chennai Super Kings,115,180,3,4a8a2e3b,c654af19,3576e47e,1,1,2,0,
Chennai Super Kings,116,181,3,3576e47e,c654af19,4a8a2e3b,1,0,1,0,
Chennai Super Kings,117,182,3,3576e47e,12eddf28,4a8a2e3b,1,0,1,0,
Chennai Super Kings,118,183,3,4a8a2e3b,12eddf28,3576e47e,1,0,1,0,
Chennai Super Kings,119,184,3,3576e47e,12eddf28,4a8a2e3b,1,0,1,0,
Chennai Super Kings,120,186,3,4a8a2e3b,12eddf28,3576e47e,2,0,2,0,
Chennai Super Kings,121,188,3,4a8a2e3b,12eddf28,3576e47e,2,0,2,0,
Chennai Super Kings,122,188,4,4a8a2e3b,12eddf28,3576e47e,0,0,0,1,bowled
Kings XI Punjab,1,0,0,25eeb281,495d42a5,2b6e6dec,0,0,0,0,
Kings XI Punjab,2,1,0,25eeb281,495d42a5,2b6e6dec,1,0,1,0,
Kings XI Punjab,3,1,0,2b6e6dec,495d42a5,25eeb281,0,0,0,0,
Kings XI Punjab,4,3,0,2b6e6dec,495d42a5,25eeb281,2,0,2,0,
Kings XI Punjab,5,4,0,2b6e6dec,495d42a5,25eeb281,1,0,1,0,
Kings XI Punjab,6,8,0,25eeb281,495d42a5,2b6e6dec,4,0,4,0,
Kings XI Punjab,7,9,0,2b6e6dec,13c35c9e,25eeb281,1,0,1,0,
Kings XI Punjab,8,9,0,25eeb281,13c35c9e,2b6e6dec,0,0,0,0,
Kings XI Punjab,9,13,0,25eeb281,13c35c9e,2b6e6dec,4,0,4,0,
Kings XI Punjab,10,13,0,25eeb281,13c35c9e,2b6e6dec,0,0,0,0,
Kings XI Punjab,11,14,0,25eeb281,13c35c9e,2b6e6dec,1,0,1,0,
Kings XI Punjab,12,15,0,2b6e6dec,13c35c9e,25eeb281,1,0,1,0,
Kings XI Punjab,13,15,0,2b6e6dec,495d42a5,25eeb281,0,0,0,0,
Kings XI Punjab,14,16,0,2b6e6dec,495d42a5,25eeb281,1,0,1,0,
Kings XI Punjab,15,17,0,25eeb281,495d42a5,2b6e6dec,0,1,1,0,
Kings XI Punjab,16,19,0,25eeb281,495d42a5,2b6e6dec,2,0,2,0,
Kings XI Punjab,17,20,0,25eeb281,495d42a5,2b6e6dec,1,0,1,0,
Kings XI Punjab,18,21,0,2b6e6dec,495d42a5,25eeb281,1,0,1,0,
Kings XI Punjab,19,25,0,25eeb281,495d42a5,2b6e6dec,4,0,4,0,
Kings XI Punjab,20,29,0,2b6e6dec,13c35c9e,25eeb281,4,0,4,0,
Kings XI Punjab,21,30,0,2b6e6dec,13c35c9e,25eeb281,1,0,1,0,
Kings XI Punjab,22,34,0,25eeb281,13c35c9e,2b6e6dec,4,0,4,0,
Kings XI Punjab,23,34,0,25eeb281,13c35c9e,2b6e6dec,0,0,0,0,
Kings XI Punjab,24,34,0,25eeb281,13c35c9e,2b6e6dec,0,0,0,0,
Kings XI Punjab,25,38,0,25eeb281,13c35c9e,2b6e6dec,4,0,4,0,
Kings XI Punjab,26,39,0,2b6e6dec,495d42a5,25eeb281,1,0,1,0,
Kings XI Punjab,27,43,0,25eeb281,495d42a5,2b6e6dec,4,0,4,0,
Kings XI Punjab,28,44,0,25eeb281,495d42a5,2b6e6dec,1,0,1,0,
Kings XI Punjab,29,48,0,2b6e6dec,495d42a5,25eeb281,4,0,4,0,
Kings XI Punjab,30,49,0,2b6e6dec,495d42a5,25eeb281,1,0,1,0,
Kings XI Punjab,31,49,0,25eeb281,495d42a5,2b6e6dec,0,0,0,0,
Kings XI Punjab,32,50,0,2b6e6dec,c3d35165,25eeb281,1,0,1,0,
Kings XI Punjab,33,56,0,25eeb281,c3d35165,2b6e6dec,6,0,6,0,
Kings XI Punjab,34,60,0,25eeb281,c3d35165,2b6e6dec,4,0,4,0,
Kings XI Punjab,35,61,0,25eeb281,c3d35165,2b6e6dec,1,0,1,0,
Kings XI Punjab,36,61,1,2b6e6dec,c3d35165,25eeb281,0,0,0,1,caught
Kings XI Punjab,37,65,1,25eeb281,c3d35165,508a1ea7,4,0,4,0,
Kings XI Punjab,38,66,1,508a1ea7,f5f18a18,25eeb281,1,0,1,0,
Kings XI Punjab,39,70,1,25eeb281,f5f18a18,508a1ea7,4,0,4,0,
Kings XI Punjab,40,71,1,25eeb281,f5f18a18,508a1ea7,1,0,1,0,
Kings XI Punjab,41,71,1,508a1ea7,f5f18a18,25eeb281,0,0,0,0,
Kings XI Punjab,42,71,1,508a1ea7,f5f18a18,25eeb281,0,0,0,0,
Kings XI Punjab,43,72,1,508a1ea7,f5f18a18,25eeb281,1,0,1,0,
Kings XI Punjab,44,72,1,508a1ea7,c3d35165,25eeb281,0,0,0,0,
Kings XI Punjab,45,73,1,508a1ea7,c3d35165,25eeb281,1,0,1,0,
Kings XI Punjab,46,74,1,25eeb281,c3d35165,508a1ea7,1,0,1,0,
Kings XI Punjab,47,75,1,508a1ea7,c3d35165,25eeb281,1,0,1,0,
Kings XI Punjab,48,76,1,25eeb281,c3d35165,508a1ea7,1,0,1,0,
Kings XI Punjab,49,77,1,508a1ea7,c3d35165,25eeb281,1,0,1,0,
Kings XI Punjab,50,78,1,508a1ea7,f5f18a18,25eeb281,1,0,1,0,
Kings XI Punjab,51,82,1,25eeb281,f5f18a18,508a1ea7,4,0,4,0,
Kings XI Punjab,52,82,1,25eeb281,f5f18a18,508a1ea7,0,0,0,0,
Kings XI Punjab,53,83,1,25eeb281,f5f18a18,508a1ea7,1,0,1,0,
Kings XI Punjab,54,85,1,508a1ea7,f5f18a18,25eeb281,2,0,2,0,
Kings XI Punjab,55,86,1,508a1ea7,f5f18a18,25eeb281,1,0,1,0,
Kings XI Punjab,56,87,1,508a1ea7,57efa3be,25eeb281,1,0,1,0,
Kings XI Punjab,57,91,1,25eeb281,57efa3be,508a1ea7,4,0,4,0,
Kings XI Punjab,58,91,1,25eeb281,57efa3be,508a1ea7,0,0,0,0,
Kings XI Punjab,59,97,1,25eeb281,57efa3be,508a1ea7,6,0,6,0,
Kings XI Punjab,60,98,1,25eeb281,57efa3be,508a1ea7,1,0,1,0,
Kings XI Punjab,61,99,1,508a1ea7,57efa3be,25eeb281,1,0,1,0,
Kings XI Punjab,62,100,2,508a1ea7,f5f18a18,25eeb281,1,0,1,1,run out
Kings XI Punjab,63,104,2,25eeb281,f5f18a18,30e37810,4,0,4,0,
Kings XI Punjab,64,108,2,25eeb281,f5f18a18,30e37810,4,0,4,0,
Kings XI Punjab,65,109,2,25eeb281,f5f18a18,30e37810,1,0,1,0,
Kings XI Punjab,66,110,2,30e37810,f5f18a18,25eeb281,1,0,1,0,
Kings XI Punjab,67,110,2,25eeb281,f5f18a18,30e37810,0,0,0,0,
Kings XI Punjab,68,111,2,30e37810,c8179c68,25eeb281,1,0,1,0,
Kings XI Punjab,69,112,2,25eeb281,c8179c68,30e37810,1,0,1,0,
Kings XI Punjab,70,113,2,30e37810,c8179c68,25eeb281,1,0,1,0,
Kings XI Punjab,71,114,2,25eeb281,c8179c68,30e37810,1,0,1,0,
Kings XI Punjab,72,118,2,30e37810,c8179c68,25eeb281,4,0,4,0,
Kings XI Punjab,73,119,2,30e37810,c8179c68,25eeb281,1,0,1,0,
Kings XI Punjab,74,120,2,30e37810,1dc12ab9,25eeb281,1,0,1,0,
Kings XI Punjab,75,120,2,25eeb281,1dc12ab9,30e37810,0,0,0,0,
Kings XI Punjab,76,121,2,25eeb281,1dc12ab9,30e37810,1,0,1,0,
Kings XI Punjab,77,127,2,30e37810,1dc12ab9,25eeb281,6,0,6,0,
Kings XI Punjab,78,131,2,30e37810,1dc12ab9,25eeb281,4,0,4,0,
Kings XI Punjab,79,131,2,30e37810,1dc12ab9,25eeb281,0,0,0,0,
Kings XI Punjab,80,132,2,25eeb281,f5f18a18,30e37810,1,0,1,0,
Kings XI Punjab,81,133,2,30e37810,f5f18a18,25eeb281,1,0,1,0,
Kings XI Punjab,82,133,2,25eeb281,f5f18a18,30e37810,0,0,0,0,
Kings XI Punjab,83,135,2,25eeb281,f5f18a18,30e37810,2,0,2,0,
Kings XI Punjab,84,136,2,25eeb281,f5f18a18,30e37810,1,0,1,0,
Kings XI Punjab,85,136,3,30e37810,f5f18a18,25eeb281,0,0,0,1,caught
Kings XI Punjab,86,136,4,a45a5e8d,13c35c9e,25eeb281,0,0,0,1,lbw
Kings XI Punjab,87,136,4,c03f1114,13c35c9e,25eeb281,0,0,0,0,
Kings XI Punjab,88,136,4,c03f1114,13c35c9e,25eeb281,0,0,0,0,
Kings XI Punjab,89,137,4,c03f1114,13c35c9e,25eeb281,1,0,1,0,
Kings XI Punjab,90,137,4,25eeb281,13c35c9e,c03f1114,0,0,0,0,
Kings XI Punjab,91,138,4,25eeb281,13c35c9e,c03f1114,1,0,1,0,
Kings XI Punjab,92,142,4,25eeb281,c8179c68,c03f1114,4,0,4,0,
Kings XI Punjab,93,143,4,25eeb281,c8179c68,c03f1114,1,0,1,0,
Kings XI Punjab,94,147,4,c03f1114,c8179c68,25eeb281,4,0,4,0,
Kings XI Punjab,95,148,4,c03f1114,c8179c68,25eeb281,1,0,1,0,
Kings XI Punjab,96,150,4,25eeb281,c8179c68,c03f1114,2,0,2,0,
Kings XI Punjab,97,151,4,25eeb281,c8179c68,c03f1114,1,0,1,0,
Kings XI Punjab,98,155,4,25eeb281,c3d35165,c03f1114,4,0,4,0,
Kings XI Punjab,99,159,4,25eeb281,c3d35165,c03f1114,4,0,4,0,
Kings XI Punjab,100,163,4,25eeb281,c3d35165,c03f1114,4,0,4,0,
Kings XI Punjab,101,165,4,25eeb281,c3d35165,c03f1114,2,0,2,0,
Kings XI Punjab,102,167,4,25eeb281,c3d35165,c03f1114,2,0,2,0,
Kings XI Punjab,103,168,4,25eeb281,c3d35165,c03f1114,1,0,1,0,
Kings XI Punjab,104,169,4,25eeb281,495d42a5,c03f1114,1,0,1,0,
Kings XI Punjab,105,170,4,c03f1114,495d42a5,25eeb281,1,0,1,0,
Kings XI Punjab,106,170,4,25eeb281,495d42a5,c03f1114,0,0,0,0,
Kings XI Punjab,107,171,4,25eeb281,495d42a5,c03f1114,1,0,1,0,
Kings XI Punjab,108,175,4,c03f1114,495d42a5,25eeb281,4,0,4,0,
Kings XI Punjab,109,176,4,c03f1114,495d42a5,25eeb281,1,0,1,0,
Kings XI Punjab,110,178,4,c03f1114,13c35c9e,25eeb281,2,0,2,0,
Kings XI Punjab,111,179,4,c03f1114,13c35c9e,25eeb281,1,0,1,0,
Kings XI Punjab,112,183,4,25eeb281,13c35c9e,c03f1114,4,0,4,0,
Kings XI Punjab,113,183,4,25eeb281,13c35c9e,c03f1114,0,0,0,0,
Kings XI Punjab,114,183,4,25eeb281,13c35c9e,c03f1114,0,0,0,0,
Kings XI Punjab,115,187,4,25eeb281,13c35c9e,c03f1114,4,0,4,0,
Kings XI Punjab,116,193,4,c03f1114,c8179c68,25eeb281,6,0,6,0,
