batting_team,ball_number,total_team_runs,total_team_wickets,striker_ID,bowler_ID,nonstriker_ID,batter_runs,extras_runs,total_delivery_runs,wicket,wicket_type
Pakistan,1,1,0,9ab63e7b,1a8eebbe,480ed517,1,0,1,0,
Pakistan,2,5,0,480ed517,1a8eebbe,9ab63e7b,4,0,4,0,
Pakistan,3,6,0,480ed517,1a8eebbe,9ab63e7b,1,0,1,0,
Pakistan,4,6,0,9ab63e7b,1a8eebbe,480ed517,0,0,0,0,
Pakistan,5,6,0,9ab63e7b,1a8eebbe,480ed517,0,0,0,0,
Pakistan,6,6,0,9ab63e7b,1a8eebbe,480ed517,0,0,0,0,
Pakistan,7,11,0,480ed517,888e32bf,9ab63e7b,0,5,5,0,
Pakistan,8,11,0,480ed517,888e32bf,9ab63e7b,0,0,0,0,
Pakistan,9,13,0,480ed517,888e32bf,9ab63e7b,2,0,2,0,
Pakistan,10,14,0,480ed517,888e32bf,9ab63e7b,0,1,1,0,
Pakistan,11,15,0,480ed517,888e32bf,9ab63e7b,1,0,1,0,
Pakistan,12,15,0,9ab63e7b,888e32bf,480ed517,0,0,0,0,
Pakistan,13,15,0,9ab63e7b,888e32bf,480ed517,0,0,0,0,
Pakistan,14,15,0,9ab63e7b,888e32bf,480ed517,0,0,0,0,
Pakistan,15,16,0,480ed517,1a8eebbe,9ab63e7b,0,1,1,0,
Pakistan,16,16,0,9ab63e7b,1a8eebbe,480ed517,0,0,0,0,
Pakistan,17,18,0,9ab63e7b,1a8eebbe,480ed517,2,0,2,0,
Pakistan,18,22,0,9ab63e7b,1a8eebbe,480ed517,4,0,4,0,
Pakistan,19,22,0,9ab63e7b,1a8eebbe,480ed517,0,0,0,0,
Pakistan,20,22,0,9ab63e7b,1a8eebbe,480ed517,0,0,0,0,
Pakistan,21,22,0,480ed517,7dc35884,9ab63e7b,0,0,0,0,
Pakistan,22,26,0,480ed517,7dc35884,9ab63e7b,4,0,4,0,
Pakistan,23,30,0,480ed517,7dc35884,9ab63e7b,4,0,4,0,
Pakistan,24,30,1,480ed517,7dc35884,9ab63e7b,0,0,0,1,caught
Pakistan,25,34,1,50250426,7dc35884,9ab63e7b,4,0,4,0,
Pakistan,26,34,1,50250426,7dc35884,9ab63e7b,0,0,0,0,
Pakistan,27,38,1,9ab63e7b,4948a447,50250426,4,0,4,0,
Pakistan,28,40,1,9ab63e7b,4948a447,50250426,2,0,2,0,
Pakistan,29,41,1,9ab63e7b,4948a447,50250426,1,0,1,0,
Pakistan,30,42,1,50250426,4948a447,9ab63e7b,1,0,1,0,
Pakistan,31,43,1,9ab63e7b,4948a447,50250426,1,0,1,0,
Pakistan,32,44,1,50250426,4948a447,9ab63e7b,1,0,1,0,
Pakistan,33,45,1,50250426,888e32bf,9ab63e7b,1,0,1,0,
Pakistan,34,45,1,9ab63e7b,888e32bf,50250426,0,0,0,0,
Pakistan,35,45,1,9ab63e7b,888e32bf,50250426,0,0,0,0,
Pakistan,36,45,1,9ab63e7b,888e32bf,50250426,0,0,0,0,
Pakistan,37,51,1,9ab63e7b,888e32bf,50250426,6,0,6,0,
Pakistan,38,51,1,9ab63e7b,888e32bf,50250426,0,0,0,0,
Pakistan,39,51,1,50250426,7dc35884,9ab63e7b,0,0,0,0,
Pakistan,40,51,1,50250426,7dc35884,9ab63e7b,0,0,0,0,
Pakistan,41,51,1,50250426,7dc35884,9ab63e7b,0,0,0,0,
Pakistan,42,53,1,50250426,7dc35884,9ab63e7b,2,0,2,0,
Pakistan,43,53,1,50250426,7dc35884,9ab63e7b,0,0,0,0,
Pakistan,44,54,1,50250426,7dc35884,9ab63e7b,1,0,1,0,
Pakistan,45,55,1,50250426,f56cd097,9ab63e7b,1,0,1,0,
Pakistan,46,55,1,9ab63e7b,f56cd097,50250426,0,0,0,0,
Pakistan,47,57,1,9ab63e7b,f56cd097,50250426,2,0,2,0,
Pakistan,48,59,1,9ab63e7b,f56cd097,50250426,1,1,2,0,
Pakistan,49,59,1,50250426,f56cd097,9ab63e7b,0,0,0,0,
Pakistan,50,60,1,50250426,f56cd097,9ab63e7b,1,0,1,0,
Pakistan,51,61,1,9ab63e7b,f56cd097,50250426,1,0,1,0,
Pakistan,52,61,1,9ab63e7b,7dc35884,50250426,0,0,0,0,
Pakistan,53,61,1,9ab63e7b,7dc35884,50250426,0,0,0,0,
Pakistan,54,61,1,9ab63e7b,7dc35884,50250426,0,0,0,0,
Pakistan,55,61,1,9ab63e7b,7dc35884,50250426,0,0,0,0,
Pakistan,56,61,1,9ab63e7b,7dc35884,50250426,0,0,0,0,
Pakistan,57,61,2,9ab63e7b,7dc35884,50250426,0,0,0,1,bowled
Pakistan,58,64,2,50250426,6eea0b32,fd2bf2a0,3,0,3,0,
Pakistan,59,64,2,fd2bf2a0,6eea0b32,50250426,0,0,0,0,
Pakistan,60,66,2,fd2bf2a0,6eea0b32,50250426,2,0,2,0,
Pakistan,61,66,2,fd2bf2a0,6eea0b32,50250426,0,0,0,0,
Pakistan,62,66,2,fd2bf2a0,6eea0b32,50250426,0,0,0,0,
Pakistan,63,67,2,fd2bf2a0,6eea0b32,50250426,1,0,1,0,
Pakistan,64,68,2,fd2bf2a0,f56cd097,50250426,1,0,1,0,
Pakistan,65,68,2,50250426,f56cd097,fd2bf2a0,0,0,0,0,
Pakistan,66,68,2,50250426,f56cd097,fd2bf2a0,0,0,0,0,
Pakistan,67,69,2,50250426,f56cd097,fd2bf2a0,1,0,1,0,
Pakistan,68,73,2,fd2bf2a0,f56cd097,50250426,4,0,4,0,
Pakistan,69,77,2,fd2bf2a0,f56cd097,50250426,4,0,4,0,
Pakistan,70,78,2,50250426,bf1d7d3e,fd2bf2a0,1,0,1,0,
Pakistan,71,80,2,fd2bf2a0,bf1d7d3e,50250426,2,0,2,0,
Pakistan,72,81,2,fd2bf2a0,bf1d7d3e,50250426,1,0,1,0,
Pakistan,73,82,2,50250426,bf1d7d3e,fd2bf2a0,1,0,1,0,
Pakistan,74,86,2,fd2bf2a0,bf1d7d3e,50250426,4,0,4,0,
Pakistan,75,87,2,fd2bf2a0,bf1d7d3e,50250426,1,0,1,0,
Pakistan,76,87,2,fd2bf2a0,54279e23,50250426,0,0,0,0,
Pakistan,77,87,3,fd2bf2a0,54279e23,50250426,0,0,0,1,stumped
Pakistan,78,87,3,7eae4418,54279e23,50250426,0,0,0,0,
Pakistan,79,88,3,7eae4418,54279e23,50250426,1,0,1,0,
Pakistan,80,89,3,50250426,54279e23,7eae4418,1,0,1,0,
Pakistan,81,90,3,7eae4418,54279e23,50250426,1,0,1,0,
Pakistan,82,92,3,7eae4418,6eea0b32,50250426,0,2,2,0,
Pakistan,83,92,4,50250426,6eea0b32,7eae4418,0,0,0,1,caught
Pakistan,84,94,4,7eae4418,6eea0b32,64c34cd0,2,0,2,0,
Pakistan,85,95,4,7eae4418,6eea0b32,64c34cd0,1,0,1,0,
Pakistan,86,96,4,64c34cd0,6eea0b32,7eae4418,1,0,1,0,
Pakistan,87,97,4,7eae4418,6eea0b32,64c34cd0,1,0,1,0,
Pakistan,88,98,4,64c34cd0,6eea0b32,7eae4418,1,0,1,0,
Pakistan,89,98,5,64c34cd0,888e32bf,7eae4418,0,0,0,1,caught and bowled
Pakistan,90,98,5,0dc00542,888e32bf,7eae4418,0,0,0,0,
Pakistan,91,104,5,0dc00542,888e32bf,7eae4418,6,0,6,0,
Pakistan,92,105,5,0dc00542,888e32bf,7eae4418,0,1,1,0,
Pakistan,93,105,5,7eae4418,888e32bf,0dc00542,0,0,0,0,
Pakistan,94,105,5,7eae4418,888e32bf,0dc00542,0,0,0,0,
Pakistan,95,106,5,0dc00542,54279e23,7eae4418,1,0,1,0,
Pakistan,96,107,5,7eae4418,54279e23,0dc00542,1,0,1,0,
Pakistan,97,108,5,0dc00542,54279e23,7eae4418,0,1,1,0,
Pakistan,98,109,5,0dc00542,54279e23,7eae4418,1,0,1,0,
Pakistan,99,111,5,7eae4418,54279e23,0dc00542,2,0,2,0,
Pakistan,100,112,5,7eae4418,54279e23,0dc00542,1,0,1,0,
Pakistan,101,112,6,0dc00542,54279e23,7eae4418,0,0,0,1,caught
Pakistan,102,114,6,64d43928,888e32bf,7eae4418,2,0,2,0,
Pakistan,103,114,6,64d43928,888e32bf,7eae4418,0,0,0,0,
Pakistan,104,114,6,64d43928,888e32bf,7eae4418,0,0,0,0,
Pakistan,105,114,6,64d43928,888e32bf,7eae4418,0,0,0,0,
Pakistan,106,114,6,64d43928,888e32bf,7eae4418,0,0,0,0,
Pakistan,107,115,6,64d43928,888e32bf,7eae4418,1,0,1,0,
Pakistan,108,115,6,64d43928,54279e23,7eae4418,0,0,0,0,
Pakistan,109,115,6,64d43928,54279e23,7eae4418,0,0,0,0,
Pakistan,110,116,6,64d43928,54279e23,7eae4418,1,0,1,0,
Pakistan,111,116,6,7eae4418,54279e23,64d43928,0,0,0,0,
Pakistan,112,117,6,7eae4418,54279e23,64d43928,1,0,1,0,
Pakistan,113,117,6,64d43928,54279e23,7eae4418,0,0,0,0,
Pakistan,114,118,6,7eae4418,7dc35884,64d43928,1,0,1,0,
Pakistan,115,119,6,64d43928,7dc35884,7eae4418,1,0,1,0,
Pakistan,116,120,6,7eae4418,7dc35884,64d43928,1,0,1,0,
Pakistan,117,121,6,64d43928,7dc35884,7eae4418,1,0,1,0,
Pakistan,118,125,6,7eae4418,7dc35884,64d43928,4,0,4,0,
Pakistan,119,126,6,7eae4418,7dc35884,64d43928,1,0,1,0,
Pakistan,120,127,6,7eae4418,1a8eebbe,64d43928,1,0,1,0,
Pakistan,121,127,7,64d43928,1a8eebbe,7eae4418,0,0,0,1,run out
Pakistan,122,128,7,7eae4418,1a8eebbe,16dfcc19,1,0,1,0,
Pakistan,123,129,7,16dfcc19,1a8eebbe,7eae4418,0,1,1,0,
Pakistan,124,130,7,7eae4418,1a8eebbe,16dfcc19,1,0,1,0,
Pakistan,125,131,7,16dfcc19,1a8eebbe,7eae4418,0,1,1,0,
Pakistan,126,135,7,16dfcc19,1a8eebbe,7eae4418,4,0,4,0,
Bangladesh,1,0,0,02e83ac5,9ab63e7b,5fbe14fc,0,0,0,0,
Bangladesh,2,0,0,02e83ac5,9ab63e7b,5fbe14fc,0,0,0,0,
Bangladesh,3,0,0,02e83ac5,9ab63e7b,5fbe14fc,0,0,0,0,
Bangladesh,4,0,0,02e83ac5,9ab63e7b,5fbe14fc,0,0,0,0,
Bangladesh,5,1,0,02e83ac5,9ab63e7b,5fbe14fc,1,0,1,0,
Bangladesh,6,1,0,5fbe14fc,9ab63e7b,02e83ac5,0,0,0,0,
Bangladesh,7,3,0,02e83ac5,16dfcc19,5fbe14fc,2,0,2,0,
Bangladesh,8,3,0,02e83ac5,16dfcc19,5fbe14fc,0,0,0,0,
Bangladesh,9,3,0,02e83ac5,16dfcc19,5fbe14fc,0,0,0,0,
Bangladesh,10,3,1,02e83ac5,16dfcc19,5fbe14fc,0,0,0,1,lbw
Bangladesh,11,3,1,54279e23,16dfcc19,5fbe14fc,0,0,0,0,
Bangladesh,12,3,1,54279e23,16dfcc19,5fbe14fc,0,0,0,0,
Bangladesh,13,3,1,5fbe14fc,9ab63e7b,54279e23,0,0,0,0,
Bangladesh,14,3,1,5fbe14fc,9ab63e7b,54279e23,0,0,0,0,
Bangladesh,15,4,1,5fbe14fc,9ab63e7b,54279e23,0,1,1,0,
Bangladesh,16,4,2,54279e23,9ab63e7b,5fbe14fc,0,0,0,1,caught
Bangladesh,17,4,2,7dc35884,9ab63e7b,5fbe14fc,0,0,0,0,
Bangladesh,18,7,2,7dc35884,9ab63e7b,5fbe14fc,3,0,3,0,
Bangladesh,19,7,2,7dc35884,16dfcc19,5fbe14fc,0,0,0,0,
Bangladesh,20,7,2,7dc35884,16dfcc19,5fbe14fc,0,0,0,0,
Bangladesh,21,8,2,7dc35884,16dfcc19,5fbe14fc,1,0,1,0,
Bangladesh,22,9,2,5fbe14fc,16dfcc19,7dc35884,1,0,1,0,
Bangladesh,23,10,2,7dc35884,16dfcc19,5fbe14fc,1,0,1,0,
Bangladesh,24,11,2,5fbe14fc,16dfcc19,7dc35884,0,1,1,0,
Bangladesh,25,12,2,5fbe14fc,16dfcc19,7dc35884,0,1,1,0,
Bangladesh,26,12,2,5fbe14fc,16dfcc19,7dc35884,0,0,0,0,
Bangladesh,27,12,2,7dc35884,9ab63e7b,5fbe14fc,0,0,0,0,
Bangladesh,28,12,2,7dc35884,9ab63e7b,5fbe14fc,0,0,0,0,
Bangladesh,29,13,2,7dc35884,9ab63e7b,5fbe14fc,1,0,1,0,
Bangladesh,30,14,2,5fbe14fc,9ab63e7b,7dc35884,1,0,1,0,
Bangladesh,31,15,2,7dc35884,9ab63e7b,5fbe14fc,1,0,1,0,
Bangladesh,32,15,2,5fbe14fc,9ab63e7b,7dc35884,0,0,0,0,
Bangladesh,33,15,2,7dc35884,05d74535,5fbe14fc,0,0,0,0,
Bangladesh,34,15,2,7dc35884,05d74535,5fbe14fc,0,0,0,0,
Bangladesh,35,15,3,7dc35884,05d74535,5fbe14fc,0,0,0,1,run out
Bangladesh,36,15,3,a94e08ea,05d74535,7dc35884,0,0,0,0,
Bangladesh,37,15,3,a94e08ea,05d74535,7dc35884,0,0,0,0,
Bangladesh,38,16,3,a94e08ea,05d74535,7dc35884,1,0,1,0,
Bangladesh,39,17,3,a94e08ea,9ab63e7b,7dc35884,1,0,1,0,
Bangladesh,40,17,4,7dc35884,9ab63e7b,a94e08ea,0,0,0,1,bowled
Bangladesh,41,18,4,bf1d7d3e,9ab63e7b,a94e08ea,0,1,1,0,
Bangladesh,42,19,4,a94e08ea,9ab63e7b,bf1d7d3e,1,0,1,0,
Bangladesh,43,20,4,bf1d7d3e,9ab63e7b,a94e08ea,1,0,1,0,
Bangladesh,44,21,4,a94e08ea,9ab63e7b,bf1d7d3e,1,0,1,0,
Bangladesh,45,22,4,a94e08ea,0dc00542,bf1d7d3e,1,0,1,0,
Bangladesh,46,22,4,bf1d7d3e,0dc00542,a94e08ea,0,0,0,0,
Bangladesh,47,23,4,bf1d7d3e,0dc00542,a94e08ea,1,0,1,0,
Bangladesh,48,23,4,a94e08ea,0dc00542,bf1d7d3e,0,0,0,0,
Bangladesh,49,23,4,a94e08ea,0dc00542,bf1d7d3e,0,0,0,0,
Bangladesh,50,23,4,a94e08ea,0dc00542,bf1d7d3e,0,0,0,0,
Bangladesh,51,23,5,bf1d7d3e,5441db8c,a94e08ea,0,0,0,1,caught
Bangladesh,52,23,5,6eea0b32,5441db8c,a94e08ea,0,0,0,0,
Bangladesh,53,23,5,6eea0b32,5441db8c,a94e08ea,0,0,0,0,
Bangladesh,54,23,5,6eea0b32,5441db8c,a94e08ea,0,0,0,0,
Bangladesh,55,27,5,6eea0b32,5441db8c,a94e08ea,4,0,4,0,
Bangladesh,56,27,5,6eea0b32,5441db8c,a94e08ea,0,0,0,0,
Bangladesh,57,28,5,a94e08ea,0dc00542,6eea0b32,1,0,1,0,
Bangladesh,58,30,5,6eea0b32,0dc00542,a94e08ea,2,0,2,0,
Bangladesh,59,31,5,6eea0b32,0dc00542,a94e08ea,1,0,1,0,
Bangladesh,60,31,5,a94e08ea,0dc00542,6eea0b32,0,0,0,0,
Bangladesh,61,32,5,a94e08ea,0dc00542,6eea0b32,1,0,1,0,
Bangladesh,62,32,5,6eea0b32,0dc00542,a94e08ea,0,0,0,0,
Bangladesh,63,32,5,a94e08ea,5441db8c,6eea0b32,0,0,0,0,
Bangladesh,64,33,5,a94e08ea,5441db8c,6eea0b32,1,0,1,0,
Bangladesh,65,34,5,6eea0b32,5441db8c,a94e08ea,1,0,1,0,
Bangladesh,66,35,5,a94e08ea,5441db8c,6eea0b32,1,0,1,0,
Bangladesh,67,37,5,6eea0b32,5441db8c,a94e08ea,2,0,2,0,
Bangladesh,68,37,5,6eea0b32,5441db8c,a94e08ea,0,0,0,0,
Bangladesh,69,38,5,a94e08ea,0dc00542,6eea0b32,1,0,1,0,
Bangladesh,70,39,5,6eea0b32,0dc00542,a94e08ea,1,0,1,0,
Bangladesh,71,39,6,a94e08ea,0dc00542,6eea0b32,0,0,0,1,run out
Bangladesh,72,39,6,4948a447,0dc00542,6eea0b32,0,0,0,0,
Bangladesh,73,40,6,4948a447,0dc00542,6eea0b32,1,0,1,0,
Bangladesh,74,40,6,6eea0b32,0dc00542,4948a447,0,0,0,0,
Bangladesh,75,40,6,4948a447,05d74535,6eea0b32,0,0,0,0,
Bangladesh,76,41,6,4948a447,05d74535,6eea0b32,0,1,1,0,
Bangladesh,77,41,6,4948a447,05d74535,6eea0b32,0,0,0,0,
Bangladesh,78,41,6,4948a447,05d74535,6eea0b32,0,0,0,0,
Bangladesh,79,42,6,4948a447,05d74535,6eea0b32,0,1,1,0,
Bangladesh,80,43,6,4948a447,05d74535,6eea0b32,1,0,1,0,
Bangladesh,81,43,6,6eea0b32,05d74535,4948a447,0,0,0,0,
Bangladesh,82,43,6,6eea0b32,05d74535,4948a447,0,0,0,0,
Bangladesh,83,45,6,4948a447,0dc00542,6eea0b32,2,0,2,0,
Bangladesh,84,49,6,4948a447,0dc00542,6eea0b32,0,4,4,0,
Bangladesh,85,51,6,4948a447,0dc00542,6eea0b32,2,0,2,0,
Bangladesh,86,51,7,4948a447,0dc00542,6eea0b32,0,0,0,1,lbw
Bangladesh,87,52,7,888e32bf,0dc00542,6eea0b32,1,0,1,0,
Bangladesh,88,52,7,6eea0b32,0dc00542,888e32bf,0,0,0,0,
Bangladesh,89,52,7,888e32bf,05d74535,6eea0b32,0,0,0,0,
Bangladesh,90,53,7,888e32bf,05d74535,6eea0b32,1,0,1,0,
Bangladesh,91,55,7,6eea0b32,05d74535,888e32bf,2,0,2,0,
Bangladesh,92,55,7,6eea0b32,05d74535,888e32bf,0,0,0,0,
Bangladesh,93,56,7,6eea0b32,05d74535,888e32bf,1,0,1,0,
Bangladesh,94,60,7,888e32bf,05d74535,6eea0b32,4,0,4,0,
Bangladesh,95,61,7,6eea0b32,64d43928,888e32bf,1,0,1,0,
Bangladesh,96,61,7,888e32bf,64d43928,6eea0b32,0,0,0,0,
Bangladesh,97,61,7,888e32bf,64d43928,6eea0b32,0,0,0,0,
Bangladesh,98,62,7,888e32bf,64d43928,6eea0b32,1,0,1,0,
Bangladesh,99,62,7,6eea0b32,64d43928,888e32bf,0,0,0,0,
Bangladesh,100,66,7,6eea0b32,64d43928,888e32bf,4,0,4,0,
Bangladesh,101,68,7,888e32bf,64c34cd0,6eea0b32,2,0,2,0,
Bangladesh,102,68,8,888e32bf,64c34cd0,6eea0b32,0,0,0,1,caught
Bangladesh,103,69,8,6eea0b32,64c34cd0,1a8eebbe,1,0,1,0,
Bangladesh,104,69,9,1a8eebbe,64c34cd0,6eea0b32,0,0,0,1,lbw
Bangladesh,105,69,9,f56cd097,64c34cd0,6eea0b32,0,0,0,0,
Bangladesh,106,69,9,f56cd097,64c34cd0,6eea0b32,0,0,0,0,
Bangladesh,107,71,9,6eea0b32,64d43928,f56cd097,2,0,2,0,
Bangladesh,108,73,9,6eea0b32,64d43928,f56cd097,2,0,2,0,
Bangladesh,109,73,9,6eea0b32,64d43928,f56cd097,0,0,0,0,
Bangladesh,110,74,9,6eea0b32,64d43928,f56cd097,1,0,1,0,
Bangladesh,111,74,9,f56cd097,64d43928,6eea0b32,0,0,0,0,
Bangladesh,112,74,9,f56cd097,64d43928,6eea0b32,0,0,0,0,
Bangladesh,113,74,9,6eea0b32,64c34cd0,f56cd097,0,0,0,0,
Bangladesh,114,75,9,6eea0b32,64c34cd0,f56cd097,0,1,1,0,
Bangladesh,115,75,9,6eea0b32,64c34cd0,f56cd097,0,0,0,0,
Bangladesh,116,77,9,6eea0b32,64c34cd0,f56cd097,2,0,2,0,
Bangladesh,117,77,9,6eea0b32,64c34cd0,f56cd097,0,0,0,0,
Bangladesh,118,77,9,6eea0b32,64c34cd0,f56cd097,0,0,0,0,
Bangladesh,119,78,9,6eea0b32,64c34cd0,f56cd097,1,0,1,0,
Bangladesh,120,84,9,6eea0b32,05d74535,f56cd097,6,0,6,0,
Bangladesh,121,84,9,6eea0b32,05d74535,f56cd097,0,0,0,0,
Bangladesh,122,84,9,6eea0b32,05d74535,f56cd097,0,0,0,0,
Bangladesh,123,84,9,6eea0b32,05d74535,f56cd097,0,0,0,0,
Bangladesh,124,85,9,6eea0b32,05d74535,f56cd097,1,0,1,0,
Bangladesh,125,85,9,f56cd097,05d74535,6eea0b32,0,0,0,0,
