batting_team,ball_number,total_team_runs,total_team_wickets,striker_ID,bowler_ID,nonstriker_ID,batter_runs,extras_runs,total_delivery_runs,wicket,wicket_type
Rajasthan Royals,1,0,0,4329fbb5,c3d35165,0184dc35,0,0,0,0,
Rajasthan Royals,2,1,0,4329fbb5,c3d35165,0184dc35,1,0,1,0,
Rajasthan Royals,3,2,0,0184dc35,c3d35165,4329fbb5,1,0,1,0,
Rajasthan Royals,4,6,0,4329fbb5,c3d35165,0184dc35,0,4,4,0,
Rajasthan Royals,5,6,0,4329fbb5,c3d35165,0184dc35,0,0,0,0,
Rajasthan Royals,6,9,0,4329fbb5,c3d35165,0184dc35,3,0,3,0,
Rajasthan Royals,7,9,0,4329fbb5,45c2196c,0184dc35,0,0,0,0,
Rajasthan Royals,8,10,0,4329fbb5,45c2196c,0184dc35,1,0,1,0,
Rajasthan Royals,9,10,0,0184dc35,45c2196c,4329fbb5,0,0,0,0,
Rajasthan Royals,10,11,0,0184dc35,45c2196c,4329fbb5,1,0,1,0,
Rajasthan Royals,11,15,0,4329fbb5,45c2196c,0184dc35,4,0,4,0,
Rajasthan Royals,12,15,0,4329fbb5,45c2196c,0184dc35,0,0,0,0,
Rajasthan Royals,13,15,0,0184dc35,c3d35165,4329fbb5,0,0,0,0,
Rajasthan Royals,14,15,0,0184dc35,c3d35165,4329fbb5,0,0,0,0,
Rajasthan Royals,15,16,0,0184dc35,c3d35165,4329fbb5,1,0,1,0,
Rajasthan Royals,16,16,0,4329fbb5,c3d35165,0184dc35,0,0,0,0,
Rajasthan Royals,17,16,0,4329fbb5,c3d35165,0184dc35,0,0,0,0,
Rajasthan Royals,18,16,0,4329fbb5,c3d35165,0184dc35,0,0,0,0,
Rajasthan Royals,19,20,0,0184dc35,45c2196c,4329fbb5,4,0,4,0,
Rajasthan Royals,20,20,0,0184dc35,45c2196c,4329fbb5,0,0,0,0,
Rajasthan Royals,21,21,0,0184dc35,45c2196c,4329fbb5,0,1,1,0,
Rajasthan Royals,22,21,0,4329fbb5,45c2196c,0184dc35,0,0,0,0,
Rajasthan Royals,23,22,0,4329fbb5,45c2196c,0184dc35,1,0,1,0,
Rajasthan Royals,24,22,0,0184dc35,45c2196c,4329fbb5,0,0,0,0,
Rajasthan Royals,25,26,0,4329fbb5,c3d35165,0184dc35,4,0,4,0,
Rajasthan Royals,26,27,0,4329fbb5,c3d35165,0184dc35,1,0,1,0,
Rajasthan Royals,27,31,0,0184dc35,c3d35165,4329fbb5,4,0,4,0,
Rajasthan Royals,28,31,0,0184dc35,c3d35165,4329fbb5,0,0,0,0,
Rajasthan Royals,29,32,0,0184dc35,c3d35165,4329fbb5,1,0,1,0,
Rajasthan Royals,30,36,0,4329fbb5,c3d35165,0184dc35,4,0,4,0,
Rajasthan Royals,31,37,0,0184dc35,495d42a5,4329fbb5,1,0,1,0,
Rajasthan Royals,32,37,0,4329fbb5,495d42a5,0184dc35,0,0,0,0,
Rajasthan Royals,33,41,0,4329fbb5,495d42a5,0184dc35,4,0,4,0,
Rajasthan Royals,34,42,0,4329fbb5,495d42a5,0184dc35,1,0,1,0,
Rajasthan Royals,35,46,0,0184dc35,495d42a5,4329fbb5,4,0,4,0,
Rajasthan Royals,36,47,0,0184dc35,495d42a5,4329fbb5,1,0,1,0,
Rajasthan Royals,37,48,0,0184dc35,c8179c68,4329fbb5,1,0,1,0,
Rajasthan Royals,38,49,0,4329fbb5,c8179c68,0184dc35,1,0,1,0,
Rajasthan Royals,39,49,0,0184dc35,c8179c68,4329fbb5,0,0,0,0,
Rajasthan Royals,40,51,0,0184dc35,c8179c68,4329fbb5,2,0,2,0,
Rajasthan Royals,41,51,0,0184dc35,c8179c68,4329fbb5,0,0,0,0,
Rajasthan Royals,42,52,0,0184dc35,c8179c68,4329fbb5,1,0,1,0,
Rajasthan Royals,43,56,0,0184dc35,f5f18a18,4329fbb5,4,0,4,0,
Rajasthan Royals,44,60,0,0184dc35,f5f18a18,4329fbb5,4,0,4,0,
Rajasthan Royals,45,60,0,0184dc35,f5f18a18,4329fbb5,0,0,0,0,
Rajasthan Royals,46,60,0,0184dc35,f5f18a18,4329fbb5,0,0,0,0,
Rajasthan Royals,47,60,0,0184dc35,f5f18a18,4329fbb5,0,0,0,0,
Rajasthan Royals,48,64,0,0184dc35,f5f18a18,4329fbb5,4,0,4,0,
Rajasthan Royals,49,65,0,4329fbb5,c8179c68,0184dc35,1,0,1,0,
Rajasthan Royals,50,69,0,0184dc35,c8179c68,4329fbb5,4,0,4,0,
Rajasthan Royals,51,69,0,0184dc35,c8179c68,4329fbb5,0,0,0,0,
Rajasthan Royals,52,70,0,0184dc35,c8179c68,4329fbb5,1,0,1,0,
Rajasthan Royals,53,71,0,4329fbb5,c8179c68,0184dc35,1,0,1,0,
Rajasthan Royals,54,72,0,0184dc35,c8179c68,4329fbb5,1,0,1,0,
Rajasthan Royals,55,76,0,0184dc35,495d42a5,4329fbb5,4,0,4,0,
Rajasthan Royals,56,76,0,0184dc35,495d42a5,4329fbb5,0,0,0,0,
Rajasthan Royals,57,80,0,0184dc35,495d42a5,4329fbb5,4,0,4,0,
Rajasthan Royals,58,81,0,0184dc35,495d42a5,4329fbb5,1,0,1,0,
Rajasthan Royals,59,85,0,4329fbb5,495d42a5,0184dc35,4,0,4,0,
Rajasthan Royals,60,86,0,4329fbb5,495d42a5,0184dc35,1,0,1,0,
Rajasthan Royals,61,86,1,4329fbb5,c8179c68,0184dc35,0,0,0,1,caught and bowled
Rajasthan Royals,62,87,1,8291f939,c8179c68,0184dc35,1,0,1,0,
Rajasthan Royals,63,87,1,0184dc35,c8179c68,8291f939,0,0,0,0,
Rajasthan Royals,64,88,1,0184dc35,c8179c68,8291f939,1,0,1,0,
Rajasthan Royals,65,88,1,8291f939,c8179c68,0184dc35,0,0,0,0,
Rajasthan Royals,66,88,1,8291f939,c8179c68,0184dc35,0,0,0,0,
Rajasthan Royals,67,90,1,0184dc35,f5f18a18,8291f939,2,0,2,0,
Rajasthan Royals,68,90,1,0184dc35,f5f18a18,8291f939,0,0,0,0,
Rajasthan Royals,69,91,1,0184dc35,f5f18a18,8291f939,1,0,1,0,
Rajasthan Royals,70,91,1,8291f939,f5f18a18,0184dc35,0,0,0,0,
Rajasthan Royals,71,91,1,8291f939,f5f18a18,0184dc35,0,0,0,0,
Rajasthan Royals,72,92,1,8291f939,f5f18a18,0184dc35,1,0,1,0,
Rajasthan Royals,73,92,1,8291f939,495d42a5,0184dc35,0,0,0,0,
Rajasthan Royals,74,92,2,8291f939,495d42a5,0184dc35,0,0,0,1,caught
Rajasthan Royals,75,92,2,0184dc35,495d42a5,7c503806,0,0,0,0,
Rajasthan Royals,76,93,2,0184dc35,495d42a5,7c503806,1,0,1,0,
Rajasthan Royals,77,94,2,7c503806,495d42a5,0184dc35,1,0,1,0,
Rajasthan Royals,78,95,2,0184dc35,495d42a5,7c503806,1,0,1,0,
Rajasthan Royals,79,99,2,0184dc35,f5f18a18,7c503806,4,0,4,0,
Rajasthan Royals,80,100,2,0184dc35,f5f18a18,7c503806,1,0,1,0,
Rajasthan Royals,81,104,2,7c503806,f5f18a18,0184dc35,4,0,4,0,
Rajasthan Royals,82,104,2,7c503806,f5f18a18,0184dc35,0,0,0,0,
Rajasthan Royals,83,105,2,7c503806,f5f18a18,0184dc35,1,0,1,0,
Rajasthan Royals,84,106,2,0184dc35,f5f18a18,7c503806,1,0,1,0,
Rajasthan Royals,85,107,2,0184dc35,c8179c68,7c503806,1,0,1,0,
Rajasthan Royals,86,109,2,7c503806,c8179c68,0184dc35,2,0,2,0,
Rajasthan Royals,87,109,3,7c503806,c8179c68,0184dc35,0,0,0,1,caught
Rajasthan Royals,88,110,3,b61a3e1a,c8179c68,0184dc35,1,0,1,0,
Rajasthan Royals,89,111,3,0184dc35,c8179c68,b61a3e1a,1,0,1,0,
Rajasthan Royals,90,113,3,b61a3e1a,c8179c68,0184dc35,2,0,2,0,
Rajasthan Royals,91,114,3,0184dc35,f5f18a18,b61a3e1a,1,0,1,0,
Rajasthan Royals,92,115,3,b61a3e1a,f5f18a18,0184dc35,1,0,1,0,
Rajasthan Royals,93,117,3,0184dc35,f5f18a18,b61a3e1a,2,0,2,0,
Rajasthan Royals,94,117,4,0184dc35,f5f18a18,b61a3e1a,0,0,0,1,caught
Rajasthan Royals,95,117,4,b61a3e1a,f5f18a18,29e95537,0,0,0,0,
Rajasthan Royals,96,118,4,b61a3e1a,f5f18a18,29e95537,1,0,1,0,
Rajasthan Royals,97,119,4,b61a3e1a,495d42a5,29e95537,1,0,1,0,
Rajasthan Royals,98,119,4,29e95537,495d42a5,b61a3e1a,0,0,0,0,
Rajasthan Royals,99,120,4,29e95537,495d42a5,b61a3e1a,1,0,1,0,
Rajasthan Royals,100,124,4,b61a3e1a,495d42a5,29e95537,4,0,4,0,
Rajasthan Royals,101,125,4,b61a3e1a,495d42a5,29e95537,1,0,1,0,
Rajasthan Royals,102,126,4,29e95537,495d42a5,b61a3e1a,0,1,1,0,
Rajasthan Royals,103,126,4,29e95537,495d42a5,b61a3e1a,0,0,0,0,
Rajasthan Royals,104,127,4,b61a3e1a,45c2196c,29e95537,1,0,1,0,
Rajasthan Royals,105,128,4,29e95537,45c2196c,b61a3e1a,1,0,1,0,
Rajasthan Royals,106,132,4,b61a3e1a,45c2196c,29e95537,4,0,4,0,
Rajasthan Royals,107,134,4,b61a3e1a,45c2196c,29e95537,1,1,2,0,
Rajasthan Royals,108,134,4,29e95537,45c2196c,b61a3e1a,0,0,0,0,
Rajasthan Royals,109,134,4,29e95537,45c2196c,b61a3e1a,0,0,0,0,
Rajasthan Royals,110,136,4,29e95537,45c2196c,b61a3e1a,2,0,2,0,
Rajasthan Royals,111,138,4,b61a3e1a,c3d35165,29e95537,2,0,2,0,
Rajasthan Royals,112,139,4,b61a3e1a,c3d35165,29e95537,1,0,1,0,
Rajasthan Royals,113,139,5,29e95537,c3d35165,b61a3e1a,0,0,0,1,caught and bowled
Rajasthan Royals,114,139,6,b61a3e1a,c3d35165,bd17b45f,0,0,0,1,caught
Rajasthan Royals,115,139,6,bd17b45f,c3d35165,063b3673,0,0,0,0,
Rajasthan Royals,116,140,6,bd17b45f,c3d35165,063b3673,1,0,1,0,
Rajasthan Royals,117,141,6,bd17b45f,45c2196c,063b3673,1,0,1,0,
Rajasthan Royals,118,142,6,063b3673,45c2196c,bd17b45f,1,0,1,0,
Rajasthan Royals,119,144,6,bd17b45f,45c2196c,063b3673,2,0,2,0,
Rajasthan Royals,120,144,6,bd17b45f,45c2196c,063b3673,0,0,0,0,
Rajasthan Royals,121,146,6,bd17b45f,45c2196c,063b3673,2,0,2,0,
Rajasthan Royals,122,147,6,bd17b45f,45c2196c,063b3673,1,0,1,0,
Chennai Super Kings,1,0,0,48fd7349,6ec424a9,4b57e452,0,0,0,0,
Chennai Super Kings,2,1,0,48fd7349,6ec424a9,4b57e452,1,0,1,0,
Chennai Super Kings,3,1,0,4b57e452,6ec424a9,48fd7349,0,0,0,0,
Chennai Super Kings,4,1,0,4b57e452,6ec424a9,48fd7349,0,0,0,0,
Chennai Super Kings,5,1,0,4b57e452,6ec424a9,48fd7349,0,0,0,0,
Chennai Super Kings,6,5,0,4b57e452,6ec424a9,48fd7349,4,0,4,0,
Chennai Super Kings,7,6,0,48fd7349,7c503806,4b57e452,1,0,1,0,
Chennai Super Kings,8,7,0,4b57e452,7c503806,48fd7349,1,0,1,0,
Chennai Super Kings,9,7,0,48fd7349,7c503806,4b57e452,0,0,0,0,
Chennai Super Kings,10,8,0,48fd7349,7c503806,4b57e452,1,0,1,0,
Chennai Super Kings,11,8,1,4b57e452,7c503806,48fd7349,0,0,0,1,lbw
Chennai Super Kings,12,8,1,1dc12ab9,7c503806,48fd7349,0,0,0,0,
Chennai Super Kings,13,8,1,48fd7349,4329fbb5,1dc12ab9,0,0,0,0,
Chennai Super Kings,14,9,1,48fd7349,4329fbb5,1dc12ab9,1,0,1,0,
Chennai Super Kings,15,10,1,1dc12ab9,4329fbb5,48fd7349,1,0,1,0,
Chennai Super Kings,16,12,1,48fd7349,4329fbb5,1dc12ab9,2,0,2,0,
Chennai Super Kings,17,12,1,48fd7349,4329fbb5,1dc12ab9,0,0,0,0,
Chennai Super Kings,18,16,1,48fd7349,4329fbb5,1dc12ab9,4,0,4,0,
Chennai Super Kings,19,18,1,1dc12ab9,7c503806,48fd7349,2,0,2,0,
Chennai Super Kings,20,23,1,1dc12ab9,7c503806,48fd7349,5,0,5,0,
Chennai Super Kings,21,24,1,48fd7349,7c503806,1dc12ab9,1,0,1,0,
Chennai Super Kings,22,24,1,1dc12ab9,7c503806,48fd7349,0,0,0,0,
Chennai Super Kings,23,26,1,1dc12ab9,7c503806,48fd7349,2,0,2,0,
Chennai Super Kings,24,26,1,1dc12ab9,7c503806,48fd7349,0,0,0,0,
Chennai Super Kings,25,27,1,48fd7349,3d7e087f,1dc12ab9,1,0,1,0,
Chennai Super Kings,26,29,1,1dc12ab9,3d7e087f,48fd7349,2,0,2,0,
Chennai Super Kings,27,30,1,1dc12ab9,3d7e087f,48fd7349,0,1,1,0,
Chennai Super Kings,28,34,1,1dc12ab9,3d7e087f,48fd7349,4,0,4,0,
Chennai Super Kings,29,35,1,1dc12ab9,3d7e087f,48fd7349,0,1,1,0,
Chennai Super Kings,30,37,1,1dc12ab9,3d7e087f,48fd7349,2,0,2,0,
Chennai Super Kings,31,39,1,1dc12ab9,3d7e087f,48fd7349,2,0,2,0,
Chennai Super Kings,32,39,1,1dc12ab9,3d7e087f,48fd7349,0,0,0,0,
Chennai Super Kings,33,40,1,48fd7349,7c503806,1dc12ab9,1,0,1,0,
Chennai Super Kings,34,41,1,1dc12ab9,7c503806,48fd7349,1,0,1,0,
Chennai Super Kings,35,41,1,48fd7349,7c503806,1dc12ab9,0,0,0,0,
Chennai Super Kings,36,42,1,48fd7349,7c503806,1dc12ab9,1,0,1,0,
Chennai Super Kings,37,42,1,1dc12ab9,7c503806,48fd7349,0,0,0,0,
Chennai Super Kings,38,43,1,1dc12ab9,7c503806,48fd7349,1,0,1,0,
Chennai Super Kings,39,44,1,1dc12ab9,3d7e087f,48fd7349,1,0,1,0,
Chennai Super Kings,40,45,1,48fd7349,3d7e087f,1dc12ab9,0,1,1,0,
Chennai Super Kings,41,46,1,48fd7349,3d7e087f,1dc12ab9,1,0,1,0,
Chennai Super Kings,42,47,1,1dc12ab9,3d7e087f,48fd7349,1,0,1,0,
Chennai Super Kings,43,51,1,48fd7349,3d7e087f,1dc12ab9,4,0,4,0,
Chennai Super Kings,44,52,1,48fd7349,3d7e087f,1dc12ab9,1,0,1,0,
Chennai Super Kings,45,53,1,1dc12ab9,3d7e087f,48fd7349,1,0,1,0,
Chennai Super Kings,46,53,1,1dc12ab9,bb18be76,48fd7349,0,0,0,0,
Chennai Super Kings,47,53,1,1dc12ab9,bb18be76,48fd7349,0,0,0,0,
Chennai Super Kings,48,55,1,1dc12ab9,bb18be76,48fd7349,2,0,2,0,
Chennai Super Kings,49,56,1,1dc12ab9,bb18be76,48fd7349,1,0,1,0,
Chennai Super Kings,50,57,1,48fd7349,bb18be76,1dc12ab9,1,0,1,0,
Chennai Super Kings,51,57,1,1dc12ab9,bb18be76,48fd7349,0,0,0,0,
Chennai Super Kings,52,59,1,48fd7349,4329fbb5,1dc12ab9,2,0,2,0,
Chennai Super Kings,53,61,1,48fd7349,4329fbb5,1dc12ab9,2,0,2,0,
Chennai Super Kings,54,62,1,48fd7349,4329fbb5,1dc12ab9,1,0,1,0,
Chennai Super Kings,55,66,1,1dc12ab9,4329fbb5,48fd7349,4,0,4,0,
Chennai Super Kings,56,66,1,1dc12ab9,4329fbb5,48fd7349,0,0,0,0,
Chennai Super Kings,57,67,1,1dc12ab9,4329fbb5,48fd7349,1,0,1,0,
Chennai Super Kings,58,67,1,1dc12ab9,bb18be76,48fd7349,0,0,0,0,
Chennai Super Kings,59,67,1,1dc12ab9,bb18be76,48fd7349,0,0,0,0,
Chennai Super Kings,60,67,1,1dc12ab9,bb18be76,48fd7349,0,0,0,0,
Chennai Super Kings,61,68,1,1dc12ab9,bb18be76,48fd7349,1,0,1,0,
Chennai Super Kings,62,72,1,48fd7349,bb18be76,1dc12ab9,4,0,4,0,
Chennai Super Kings,63,73,1,48fd7349,bb18be76,1dc12ab9,1,0,1,0,
Chennai Super Kings,64,74,1,48fd7349,6ec424a9,1dc12ab9,1,0,1,0,
Chennai Super Kings,65,78,1,1dc12ab9,6ec424a9,48fd7349,4,0,4,0,
Chennai Super Kings,66,79,1,1dc12ab9,6ec424a9,48fd7349,1,0,1,0,
Chennai Super Kings,67,85,1,48fd7349,6ec424a9,1dc12ab9,6,0,6,0,
Chennai Super Kings,68,86,1,48fd7349,6ec424a9,1dc12ab9,1,0,1,0,
Chennai Super Kings,69,92,1,1dc12ab9,6ec424a9,48fd7349,6,0,6,0,
Chennai Super Kings,70,93,1,48fd7349,7c503806,1dc12ab9,1,0,1,0,
Chennai Super Kings,71,93,1,1dc12ab9,7c503806,48fd7349,0,0,0,0,
Chennai Super Kings,72,95,1,1dc12ab9,7c503806,48fd7349,2,0,2,0,
Chennai Super Kings,73,95,1,1dc12ab9,7c503806,48fd7349,0,0,0,0,
Chennai Super Kings,74,96,1,1dc12ab9,7c503806,48fd7349,1,0,1,0,
Chennai Super Kings,75,97,1,48fd7349,7c503806,1dc12ab9,1,0,1,0,
Chennai Super Kings,76,98,1,48fd7349,bd17b45f,1dc12ab9,1,0,1,0,
Chennai Super Kings,77,99,1,1dc12ab9,bd17b45f,48fd7349,1,0,1,0,
Chennai Super Kings,78,103,1,48fd7349,bd17b45f,1dc12ab9,4,0,4,0,
Chennai Super Kings,79,107,1,48fd7349,bd17b45f,1dc12ab9,4,0,4,0,
Chennai Super Kings,80,108,1,48fd7349,bd17b45f,1dc12ab9,1,0,1,0,
Chennai Super Kings,81,109,1,1dc12ab9,bd17b45f,48fd7349,1,0,1,0,
Chennai Super Kings,82,110,1,1dc12ab9,4329fbb5,48fd7349,1,0,1,0,
Chennai Super Kings,83,111,1,48fd7349,4329fbb5,1dc12ab9,1,0,1,0,
Chennai Super Kings,84,112,1,1dc12ab9,4329fbb5,48fd7349,1,0,1,0,
Chennai Super Kings,85,113,1,48fd7349,4329fbb5,1dc12ab9,1,0,1,0,
Chennai Super Kings,86,114,1,1dc12ab9,4329fbb5,48fd7349,1,0,1,0,
Chennai Super Kings,87,114,1,48fd7349,4329fbb5,1dc12ab9,0,0,0,0,
Chennai Super Kings,88,115,1,1dc12ab9,bb18be76,48fd7349,1,0,1,0,
Chennai Super Kings,89,115,1,48fd7349,bb18be76,1dc12ab9,0,0,0,0,
Chennai Super Kings,90,116,1,48fd7349,bb18be76,1dc12ab9,1,0,1,0,
Chennai Super Kings,91,117,1,1dc12ab9,bb18be76,48fd7349,1,0,1,0,
Chennai Super Kings,92,118,1,48fd7349,bb18be76,1dc12ab9,1,0,1,0,
Chennai Super Kings,93,118,1,1dc12ab9,bb18be76,48fd7349,0,0,0,0,
Chennai Super Kings,94,119,1,48fd7349,3d7e087f,1dc12ab9,1,0,1,0,
Chennai Super Kings,95,120,1,1dc12ab9,3d7e087f,48fd7349,1,0,1,0,
Chennai Super Kings,96,120,1,48fd7349,3d7e087f,1dc12ab9,0,0,0,0,
Chennai Super Kings,97,122,1,48fd7349,3d7e087f,1dc12ab9,2,0,2,0,
Chennai Super Kings,98,124,1,48fd7349,3d7e087f,1dc12ab9,2,0,2,0,
Chennai Super Kings,99,125,1,48fd7349,3d7e087f,1dc12ab9,1,0,1,0,
Chennai Super Kings,100,126,1,48fd7349,8291f939,1dc12ab9,0,1,1,0,
Chennai Super Kings,101,130,1,48fd7349,8291f939,1dc12ab9,4,0,4,0,
Chennai Super Kings,102,134,1,48fd7349,8291f939,1dc12ab9,4,0,4,0,
Chennai Super Kings,103,135,1,48fd7349,8291f939,1dc12ab9,1,0,1,0,
Chennai Super Kings,104,136,1,1dc12ab9,8291f939,48fd7349,1,0,1,0,
Chennai Super Kings,105,136,1,48fd7349,8291f939,1dc12ab9,0,0,0,0,
Chennai Super Kings,106,138,1,48fd7349,8291f939,1dc12ab9,2,0,2,0,
Chennai Super Kings,107,139,1,1dc12ab9,4329fbb5,48fd7349,1,0,1,0,
Chennai Super Kings,108,139,1,48fd7349,4329fbb5,1dc12ab9,0,0,0,0,
Chennai Super Kings,109,139,1,48fd7349,4329fbb5,1dc12ab9,0,0,0,0,
Chennai Super Kings,110,140,1,48fd7349,4329fbb5,1dc12ab9,1,0,1,0,
Chennai Super Kings,111,141,1,1dc12ab9,4329fbb5,48fd7349,1,0,1,0,
Chennai Super Kings,112,142,1,48fd7349,4329fbb5,1dc12ab9,1,0,1,0,
Chennai Super Kings,113,143,1,48fd7349,3d7e087f,1dc12ab9,1,0,1,0,
Chennai Super Kings,114,145,1,1dc12ab9,3d7e087f,48fd7349,2,0,2,0,
Chennai Super Kings,115,145,2,1dc12ab9,3d7e087f,48fd7349,0,0,0,1,caught
Chennai Super Kings,116,149,2,48fd7349,3d7e087f,c3d35165,4,0,4,0,
