batting_team,ball_number,total_team_runs,total_team_wickets,striker_ID,bowler_ID,nonstriker_ID,batter_runs,extras_runs,total_delivery_runs,wicket,wicket_type
Rajasthan Royals,1,2,0,0184dc35,e938e1bc,29e95537,2,0,2,0,
Rajasthan Royals,2,3,0,0184dc35,e938e1bc,29e95537,0,1,1,0,
Rajasthan Royals,3,4,0,29e95537,e938e1bc,0184dc35,0,1,1,0,
Rajasthan Royals,4,4,0,29e95537,e938e1bc,0184dc35,0,0,0,0,
Rajasthan Royals,5,4,0,29e95537,e938e1bc,0184dc35,0,0,0,0,
Rajasthan Royals,6,5,0,29e95537,e938e1bc,0184dc35,1,0,1,0,
Rajasthan Royals,7,5,0,0184dc35,e938e1bc,29e95537,0,0,0,0,
Rajasthan Royals,8,5,0,29e95537,808f425a,0184dc35,0,0,0,0,
Rajasthan Royals,9,9,0,29e95537,808f425a,0184dc35,4,0,4,0,
Rajasthan Royals,10,13,0,29e95537,808f425a,0184dc35,4,0,4,0,
Rajasthan Royals,11,14,0,29e95537,808f425a,0184dc35,1,0,1,0,
Rajasthan Royals,12,14,0,0184dc35,808f425a,29e95537,0,0,0,0,
Rajasthan Royals,13,16,0,0184dc35,808f425a,29e95537,2,0,2,0,
Rajasthan Royals,14,16,0,29e95537,e938e1bc,0184dc35,0,0,0,0,
Rajasthan Royals,15,20,0,29e95537,e938e1bc,0184dc35,4,0,4,0,
Rajasthan Royals,16,24,0,29e95537,e938e1bc,0184dc35,4,0,4,0,
Rajasthan Royals,17,28,0,29e95537,e938e1bc,0184dc35,4,0,4,0,
Rajasthan Royals,18,28,0,29e95537,e938e1bc,0184dc35,0,0,0,0,
Rajasthan Royals,19,32,0,29e95537,e938e1bc,0184dc35,4,0,4,0,
Rajasthan Royals,20,36,0,0184dc35,808f425a,29e95537,4,0,4,0,
Rajasthan Royals,21,38,0,0184dc35,808f425a,29e95537,2,0,2,0,
Rajasthan Royals,22,39,0,0184dc35,808f425a,29e95537,0,1,1,0,
Rajasthan Royals,23,40,0,29e95537,808f425a,0184dc35,0,1,1,0,
Rajasthan Royals,24,41,0,0184dc35,808f425a,29e95537,1,0,1,0,
Rajasthan Royals,25,42,0,29e95537,808f425a,0184dc35,0,1,1,0,
Rajasthan Royals,26,42,0,29e95537,808f425a,0184dc35,0,0,0,0,
Rajasthan Royals,27,42,0,0184dc35,98ae73b1,29e95537,0,0,0,0,
Rajasthan Royals,28,43,0,0184dc35,98ae73b1,29e95537,1,0,1,0,
Rajasthan Royals,29,43,0,29e95537,98ae73b1,0184dc35,0,0,0,0,
Rajasthan Royals,30,43,0,29e95537,98ae73b1,0184dc35,0,0,0,0,
Rajasthan Royals,31,47,0,29e95537,98ae73b1,0184dc35,4,0,4,0,
Rajasthan Royals,32,48,0,29e95537,98ae73b1,0184dc35,1,0,1,0,
Rajasthan Royals,33,49,0,29e95537,e938e1bc,0184dc35,1,0,1,0,
Rajasthan Royals,34,50,0,0184dc35,e938e1bc,29e95537,1,0,1,0,
Rajasthan Royals,35,51,0,29e95537,e938e1bc,0184dc35,1,0,1,0,
Rajasthan Royals,36,55,0,0184dc35,e938e1bc,29e95537,4,0,4,0,
Rajasthan Royals,37,56,0,0184dc35,e938e1bc,29e95537,1,0,1,0,
Rajasthan Royals,38,57,0,29e95537,e938e1bc,0184dc35,1,0,1,0,
Rajasthan Royals,39,57,0,29e95537,c18496e1,0184dc35,0,0,0,0,
Rajasthan Royals,40,57,0,29e95537,c18496e1,0184dc35,0,0,0,0,
Rajasthan Royals,41,57,0,29e95537,c18496e1,0184dc35,0,0,0,0,
Rajasthan Royals,42,58,0,29e95537,c18496e1,0184dc35,1,0,1,0,
Rajasthan Royals,43,60,0,0184dc35,c18496e1,29e95537,2,0,2,0,
Rajasthan Royals,44,61,0,0184dc35,c18496e1,29e95537,0,1,1,0,
Rajasthan Royals,45,61,0,0184dc35,2a72fd4f,29e95537,0,0,0,0,
Rajasthan Royals,46,61,0,0184dc35,2a72fd4f,29e95537,0,0,0,0,
Rajasthan Royals,47,61,0,0184dc35,2a72fd4f,29e95537,0,0,0,0,
Rajasthan Royals,48,62,0,0184dc35,2a72fd4f,29e95537,1,0,1,0,
Rajasthan Royals,49,63,0,29e95537,2a72fd4f,0184dc35,0,1,1,0,
Rajasthan Royals,50,63,0,29e95537,2a72fd4f,0184dc35,0,0,0,0,
Rajasthan Royals,51,64,0,29e95537,2a72fd4f,0184dc35,1,0,1,0,
Rajasthan Royals,52,64,0,29e95537,c18496e1,0184dc35,0,0,0,0,
Rajasthan Royals,53,65,0,29e95537,c18496e1,0184dc35,1,0,1,0,
Rajasthan Royals,54,67,0,0184dc35,c18496e1,29e95537,2,0,2,0,
Rajasthan Royals,55,68,0,0184dc35,c18496e1,29e95537,1,0,1,0,
Rajasthan Royals,56,69,0,29e95537,c18496e1,0184dc35,1,0,1,0,
Rajasthan Royals,57,73,0,0184dc35,c18496e1,29e95537,4,0,4,0,
Rajasthan Royals,58,75,0,29e95537,2a72fd4f,0184dc35,2,0,2,0,
Rajasthan Royals,59,76,0,29e95537,2a72fd4f,0184dc35,0,1,1,0,
Rajasthan Royals,60,77,0,29e95537,2a72fd4f,0184dc35,1,0,1,0,
Rajasthan Royals,61,77,1,0184dc35,2a72fd4f,29e95537,0,0,0,1,caught
Rajasthan Royals,62,77,1,29e95537,2a72fd4f,8291f939,0,0,0,0,
Rajasthan Royals,63,81,1,29e95537,2a72fd4f,8291f939,4,0,4,0,
Rajasthan Royals,64,82,1,29e95537,2a72fd4f,8291f939,1,0,1,0,
Rajasthan Royals,65,86,1,29e95537,98ae73b1,8291f939,4,0,4,0,
Rajasthan Royals,66,87,1,29e95537,98ae73b1,8291f939,1,0,1,0,
Rajasthan Royals,67,87,1,8291f939,98ae73b1,29e95537,0,0,0,0,
Rajasthan Royals,68,87,1,8291f939,98ae73b1,29e95537,0,0,0,0,
Rajasthan Royals,69,87,2,8291f939,98ae73b1,29e95537,0,0,0,1,bowled
Rajasthan Royals,70,88,2,b57f8a9a,98ae73b1,29e95537,1,0,1,0,
Rajasthan Royals,71,89,2,b57f8a9a,c18496e1,29e95537,1,0,1,0,
Rajasthan Royals,72,90,2,29e95537,c18496e1,b57f8a9a,0,1,1,0,
Rajasthan Royals,73,91,2,29e95537,c18496e1,b57f8a9a,1,0,1,0,
Rajasthan Royals,74,93,2,b57f8a9a,c18496e1,29e95537,2,0,2,0,
Rajasthan Royals,75,94,2,b57f8a9a,c18496e1,29e95537,1,0,1,0,
Rajasthan Royals,76,95,2,29e95537,c18496e1,b57f8a9a,1,0,1,0,
Rajasthan Royals,77,95,2,b57f8a9a,c18496e1,29e95537,0,0,0,0,
Rajasthan Royals,78,99,2,29e95537,98ae73b1,b57f8a9a,4,0,4,0,
Rajasthan Royals,79,100,2,29e95537,98ae73b1,b57f8a9a,1,0,1,0,
Rajasthan Royals,80,101,2,b57f8a9a,98ae73b1,29e95537,1,0,1,0,
Rajasthan Royals,81,101,2,29e95537,98ae73b1,b57f8a9a,0,0,0,0,
Rajasthan Royals,82,101,2,29e95537,98ae73b1,b57f8a9a,0,0,0,0,
Rajasthan Royals,83,102,2,29e95537,98ae73b1,b57f8a9a,1,0,1,0,
Rajasthan Royals,84,103,2,29e95537,25eeb281,b57f8a9a,1,0,1,0,
Rajasthan Royals,85,107,2,b57f8a9a,25eeb281,29e95537,4,0,4,0,
Rajasthan Royals,86,108,2,b57f8a9a,25eeb281,29e95537,1,0,1,0,
Rajasthan Royals,87,114,2,29e95537,25eeb281,b57f8a9a,6,0,6,0,
Rajasthan Royals,88,118,2,29e95537,25eeb281,b57f8a9a,4,0,4,0,
Rajasthan Royals,89,118,2,29e95537,25eeb281,b57f8a9a,0,0,0,0,
Rajasthan Royals,90,118,2,b57f8a9a,c18496e1,29e95537,0,0,0,0,
Rajasthan Royals,91,119,2,b57f8a9a,c18496e1,29e95537,1,0,1,0,
Rajasthan Royals,92,120,2,29e95537,c18496e1,b57f8a9a,1,0,1,0,
Rajasthan Royals,93,121,2,b57f8a9a,c18496e1,29e95537,1,0,1,0,
Rajasthan Royals,94,126,2,29e95537,c18496e1,b57f8a9a,0,5,5,0,
Rajasthan Royals,95,126,2,29e95537,c18496e1,b57f8a9a,0,0,0,0,
Rajasthan Royals,96,127,2,29e95537,c18496e1,b57f8a9a,1,0,1,0,
Rajasthan Royals,97,131,2,29e95537,2a72fd4f,b57f8a9a,4,0,4,0,
Rajasthan Royals,98,132,2,29e95537,2a72fd4f,b57f8a9a,1,0,1,0,
Rajasthan Royals,99,132,2,b57f8a9a,2a72fd4f,29e95537,0,0,0,0,
Rajasthan Royals,100,133,2,b57f8a9a,2a72fd4f,29e95537,1,0,1,0,
Rajasthan Royals,101,137,2,29e95537,2a72fd4f,b57f8a9a,4,0,4,0,
Rajasthan Royals,102,138,2,29e95537,2a72fd4f,b57f8a9a,1,0,1,0,
Rajasthan Royals,103,139,2,29e95537,98ae73b1,b57f8a9a,1,0,1,0,
Rajasthan Royals,104,140,2,b57f8a9a,98ae73b1,29e95537,1,0,1,0,
Rajasthan Royals,105,144,2,29e95537,98ae73b1,b57f8a9a,4,0,4,0,
Rajasthan Royals,106,148,2,29e95537,98ae73b1,b57f8a9a,4,0,4,0,
Rajasthan Royals,107,152,2,29e95537,98ae73b1,b57f8a9a,4,0,4,0,
Rajasthan Royals,108,156,2,29e95537,98ae73b1,b57f8a9a,0,4,4,0,
Rajasthan Royals,109,162,2,b57f8a9a,808f425a,29e95537,6,0,6,0,
Rajasthan Royals,110,162,3,b57f8a9a,808f425a,29e95537,0,0,0,1,bowled
Rajasthan Royals,111,163,3,7bf96684,808f425a,29e95537,1,0,1,0,
Rajasthan Royals,112,163,3,29e95537,808f425a,7bf96684,0,0,0,0,
Rajasthan Royals,113,164,3,29e95537,808f425a,7bf96684,1,0,1,0,
Rajasthan Royals,114,165,3,7bf96684,808f425a,29e95537,1,0,1,0,
Rajasthan Royals,115,166,3,7bf96684,e938e1bc,29e95537,0,1,1,0,
Rajasthan Royals,116,170,3,7bf96684,e938e1bc,29e95537,4,0,4,0,
Rajasthan Royals,117,171,3,7bf96684,e938e1bc,29e95537,1,0,1,0,
Rajasthan Royals,118,172,3,29e95537,e938e1bc,7bf96684,1,0,1,0,
Rajasthan Royals,119,172,3,7bf96684,e938e1bc,29e95537,0,0,0,0,
Rajasthan Royals,120,174,3,7bf96684,e938e1bc,29e95537,2,0,2,0,
Rajasthan Royals,121,178,3,7bf96684,e938e1bc,29e95537,4,0,4,0,
Rajasthan Royals,122,179,3,29e95537,808f425a,7bf96684,1,0,1,0,
Rajasthan Royals,123,180,3,7bf96684,808f425a,29e95537,1,0,1,0,
Rajasthan Royals,124,180,4,29e95537,808f425a,7bf96684,0,0,0,1,bowled
Rajasthan Royals,125,186,4,557153ca,808f425a,7bf96684,6,0,6,0,
Rajasthan Royals,126,190,4,557153ca,808f425a,7bf96684,4,0,4,0,
Rajasthan Royals,127,191,4,557153ca,808f425a,7bf96684,1,0,1,0,
Kings XI Punjab,1,0,0,2b6e6dec,3d7e087f,25eeb281,0,0,0,0,
Kings XI Punjab,2,5,0,2b6e6dec,3d7e087f,25eeb281,4,1,5,0,
Kings XI Punjab,3,9,0,2b6e6dec,3d7e087f,25eeb281,4,0,4,0,
Kings XI Punjab,4,9,0,2b6e6dec,3d7e087f,25eeb281,0,0,0,0,
Kings XI Punjab,5,11,0,2b6e6dec,3d7e087f,25eeb281,2,0,2,0,
Kings XI Punjab,6,12,0,2b6e6dec,3d7e087f,25eeb281,1,0,1,0,
Kings XI Punjab,7,12,0,25eeb281,3d7e087f,2b6e6dec,0,0,0,0,
Kings XI Punjab,8,12,0,2b6e6dec,7c503806,25eeb281,0,0,0,0,
Kings XI Punjab,9,12,0,2b6e6dec,7c503806,25eeb281,0,0,0,0,
Kings XI Punjab,10,13,0,2b6e6dec,7c503806,25eeb281,1,0,1,0,
Kings XI Punjab,11,13,0,25eeb281,7c503806,2b6e6dec,0,0,0,0,
Kings XI Punjab,12,14,0,25eeb281,7c503806,2b6e6dec,1,0,1,0,
Kings XI Punjab,13,15,0,2b6e6dec,7c503806,25eeb281,1,0,1,0,
Kings XI Punjab,14,15,0,2b6e6dec,5b040b81,25eeb281,0,0,0,0,
Kings XI Punjab,15,16,0,2b6e6dec,5b040b81,25eeb281,1,0,1,0,
Kings XI Punjab,16,17,0,25eeb281,5b040b81,2b6e6dec,1,0,1,0,
Kings XI Punjab,17,18,0,2b6e6dec,5b040b81,25eeb281,1,0,1,0,
Kings XI Punjab,18,18,0,25eeb281,5b040b81,2b6e6dec,0,0,0,0,
Kings XI Punjab,19,18,0,25eeb281,5b040b81,2b6e6dec,0,0,0,0,
Kings XI Punjab,20,22,0,2b6e6dec,7c503806,25eeb281,4,0,4,0,
Kings XI Punjab,21,23,0,2b6e6dec,7c503806,25eeb281,1,0,1,0,
Kings XI Punjab,22,24,0,25eeb281,7c503806,2b6e6dec,1,0,1,0,
Kings XI Punjab,23,30,0,2b6e6dec,7c503806,25eeb281,6,0,6,0,
Kings XI Punjab,24,31,0,2b6e6dec,7c503806,25eeb281,1,0,1,0,
Kings XI Punjab,25,35,0,25eeb281,7c503806,2b6e6dec,4,0,4,0,
Kings XI Punjab,26,36,0,2b6e6dec,5b040b81,25eeb281,0,1,1,0,
Kings XI Punjab,27,36,1,2b6e6dec,5b040b81,25eeb281,0,0,0,1,caught
Kings XI Punjab,28,37,1,508a1ea7,5b040b81,25eeb281,1,0,1,0,
Kings XI Punjab,29,38,1,25eeb281,5b040b81,508a1ea7,1,0,1,0,
Kings XI Punjab,30,39,1,508a1ea7,5b040b81,25eeb281,1,0,1,0,
Kings XI Punjab,31,40,1,25eeb281,5b040b81,508a1ea7,1,0,1,0,
Kings XI Punjab,32,40,1,508a1ea7,5b040b81,25eeb281,0,0,0,0,
Kings XI Punjab,33,40,1,25eeb281,557153ca,508a1ea7,0,0,0,0,
Kings XI Punjab,34,40,1,25eeb281,557153ca,508a1ea7,0,0,0,0,
Kings XI Punjab,35,44,1,25eeb281,557153ca,508a1ea7,4,0,4,0,
Kings XI Punjab,36,44,1,25eeb281,557153ca,508a1ea7,0,0,0,0,
Kings XI Punjab,37,44,2,25eeb281,557153ca,508a1ea7,0,0,0,1,caught
Kings XI Punjab,38,45,2,a45a5e8d,557153ca,508a1ea7,0,1,1,0,
Kings XI Punjab,39,47,2,a45a5e8d,b57f8a9a,508a1ea7,2,0,2,0,
Kings XI Punjab,40,48,2,a45a5e8d,b57f8a9a,508a1ea7,1,0,1,0,
Kings XI Punjab,41,49,2,508a1ea7,b57f8a9a,a45a5e8d,1,0,1,0,
Kings XI Punjab,42,49,2,a45a5e8d,b57f8a9a,508a1ea7,0,0,0,0,
Kings XI Punjab,43,50,2,a45a5e8d,b57f8a9a,508a1ea7,0,1,1,0,
Kings XI Punjab,44,54,2,508a1ea7,b57f8a9a,a45a5e8d,4,0,4,0,
Kings XI Punjab,45,55,2,a45a5e8d,557153ca,508a1ea7,1,0,1,0,
Kings XI Punjab,46,55,3,508a1ea7,557153ca,a45a5e8d,0,0,0,1,caught
Kings XI Punjab,47,55,3,a45a5e8d,557153ca,fd835ab3,0,0,0,0,
Kings XI Punjab,48,61,3,a45a5e8d,557153ca,fd835ab3,6,0,6,0,
Kings XI Punjab,49,61,3,a45a5e8d,557153ca,fd835ab3,0,0,0,0,
Kings XI Punjab,50,61,4,a45a5e8d,557153ca,fd835ab3,0,0,0,1,caught
Kings XI Punjab,51,62,4,c3a96caf,29d72eb2,fd835ab3,1,0,1,0,
Kings XI Punjab,52,63,4,fd835ab3,29d72eb2,c3a96caf,1,0,1,0,
Kings XI Punjab,53,64,4,c3a96caf,29d72eb2,fd835ab3,1,0,1,0,
Kings XI Punjab,54,65,4,fd835ab3,29d72eb2,c3a96caf,1,0,1,0,
Kings XI Punjab,55,67,4,c3a96caf,29d72eb2,fd835ab3,2,0,2,0,
Kings XI Punjab,56,68,4,c3a96caf,29d72eb2,fd835ab3,1,0,1,0,
Kings XI Punjab,57,68,4,c3a96caf,3d7e087f,fd835ab3,0,0,0,0,
Kings XI Punjab,58,69,4,c3a96caf,3d7e087f,fd835ab3,1,0,1,0,
Kings XI Punjab,59,70,4,fd835ab3,3d7e087f,c3a96caf,1,0,1,0,
Kings XI Punjab,60,71,4,fd835ab3,3d7e087f,c3a96caf,1,0,1,0,
Kings XI Punjab,61,72,4,c3a96caf,3d7e087f,fd835ab3,0,1,1,0,
Kings XI Punjab,62,73,4,fd835ab3,3d7e087f,c3a96caf,1,0,1,0,
Kings XI Punjab,63,74,4,fd835ab3,29d72eb2,c3a96caf,1,0,1,0,
Kings XI Punjab,64,75,4,c3a96caf,29d72eb2,fd835ab3,1,0,1,0,
Kings XI Punjab,65,79,4,fd835ab3,29d72eb2,c3a96caf,4,0,4,0,
Kings XI Punjab,66,80,4,fd835ab3,29d72eb2,c3a96caf,1,0,1,0,
Kings XI Punjab,67,84,4,c3a96caf,29d72eb2,fd835ab3,4,0,4,0,
Kings XI Punjab,68,84,4,c3a96caf,29d72eb2,fd835ab3,0,0,0,0,
Kings XI Punjab,69,86,4,fd835ab3,3d7e087f,c3a96caf,2,0,2,0,
Kings XI Punjab,70,86,5,fd835ab3,3d7e087f,c3a96caf,0,0,0,1,caught
Kings XI Punjab,71,86,5,c3a96caf,3d7e087f,c18496e1,0,0,0,0,
Kings XI Punjab,72,86,5,c3a96caf,3d7e087f,c18496e1,0,0,0,0,
Kings XI Punjab,73,87,5,c3a96caf,3d7e087f,c18496e1,1,0,1,0,
Kings XI Punjab,74,87,5,c18496e1,3d7e087f,c3a96caf,0,0,0,0,
Kings XI Punjab,75,89,5,c3a96caf,7c503806,c18496e1,2,0,2,0,
Kings XI Punjab,76,93,5,c3a96caf,7c503806,c18496e1,4,0,4,0,
Kings XI Punjab,77,93,5,c3a96caf,7c503806,c18496e1,0,0,0,0,
Kings XI Punjab,78,97,5,c3a96caf,7c503806,c18496e1,4,0,4,0,
Kings XI Punjab,79,98,5,c3a96caf,7c503806,c18496e1,1,0,1,0,
Kings XI Punjab,80,99,5,c18496e1,7c503806,c3a96caf,1,0,1,0,
Kings XI Punjab,81,101,5,c18496e1,3d7e087f,c3a96caf,2,0,2,0,
Kings XI Punjab,82,105,5,c18496e1,3d7e087f,c3a96caf,4,0,4,0,
Kings XI Punjab,83,106,5,c18496e1,3d7e087f,c3a96caf,1,0,1,0,
Kings XI Punjab,84,110,5,c3a96caf,3d7e087f,c18496e1,4,0,4,0,
Kings XI Punjab,85,111,5,c3a96caf,3d7e087f,c18496e1,1,0,1,0,
Kings XI Punjab,86,112,5,c18496e1,3d7e087f,c3a96caf,1,0,1,0,
Kings XI Punjab,87,113,5,c18496e1,557153ca,c3a96caf,1,0,1,0,
Kings XI Punjab,88,114,5,c3a96caf,557153ca,c18496e1,1,0,1,0,
Kings XI Punjab,89,114,5,c18496e1,557153ca,c3a96caf,0,0,0,0,
Kings XI Punjab,90,116,5,c18496e1,557153ca,c3a96caf,2,0,2,0,
Kings XI Punjab,91,117,5,c18496e1,557153ca,c3a96caf,1,0,1,0,
Kings XI Punjab,92,117,5,c3a96caf,557153ca,c18496e1,0,0,0,0,
Kings XI Punjab,93,121,5,c18496e1,29d72eb2,c3a96caf,4,0,4,0,
Kings XI Punjab,94,122,5,c18496e1,29d72eb2,c3a96caf,1,0,1,0,
Kings XI Punjab,95,123,5,c3a96caf,29d72eb2,c18496e1,1,0,1,0,
Kings XI Punjab,96,123,6,c18496e1,29d72eb2,c3a96caf,0,0,0,1,caught
Kings XI Punjab,97,127,6,c3a96caf,29d72eb2,98ae73b1,4,0,4,0,
Kings XI Punjab,98,127,7,c3a96caf,29d72eb2,98ae73b1,0,0,0,1,bowled
Kings XI Punjab,99,128,7,98ae73b1,7c503806,808f425a,1,0,1,0,
Kings XI Punjab,100,129,7,808f425a,7c503806,98ae73b1,1,0,1,0,
Kings XI Punjab,101,130,7,98ae73b1,7c503806,808f425a,0,1,1,0,
Kings XI Punjab,102,130,7,808f425a,7c503806,98ae73b1,0,0,0,0,
Kings XI Punjab,103,131,7,808f425a,7c503806,98ae73b1,1,0,1,0,
Kings XI Punjab,104,132,7,98ae73b1,7c503806,808f425a,1,0,1,0,
Kings XI Punjab,105,133,7,98ae73b1,5b040b81,808f425a,1,0,1,0,
Kings XI Punjab,106,134,7,808f425a,5b040b81,98ae73b1,1,0,1,0,
Kings XI Punjab,107,135,7,98ae73b1,5b040b81,808f425a,1,0,1,0,
Kings XI Punjab,108,136,7,808f425a,5b040b81,98ae73b1,1,0,1,0,
Kings XI Punjab,109,136,7,98ae73b1,5b040b81,808f425a,0,0,0,0,
Kings XI Punjab,110,142,7,98ae73b1,5b040b81,808f425a,6,0,6,0,
Kings XI Punjab,111,143,7,808f425a,557153ca,98ae73b1,1,0,1,0,
Kings XI Punjab,112,143,8,98ae73b1,557153ca,808f425a,0,0,0,1,bowled
Kings XI Punjab,113,143,8,e938e1bc,557153ca,808f425a,0,0,0,0,
Kings XI Punjab,114,149,8,e938e1bc,557153ca,808f425a,6,0,6,0,
Kings XI Punjab,115,150,8,e938e1bc,557153ca,808f425a,1,0,1,0,
Kings XI Punjab,116,152,8,808f425a,557153ca,e938e1bc,2,0,2,0,
Kings XI Punjab,117,152,8,e938e1bc,5b040b81,808f425a,0,0,0,0,
Kings XI Punjab,118,154,8,e938e1bc,5b040b81,808f425a,2,0,2,0,
Kings XI Punjab,119,155,9,e938e1bc,5b040b81,808f425a,1,0,1,1,run out
Kings XI Punjab,120,156,9,2a72fd4f,5b040b81,808f425a,1,0,1,0,
Kings XI Punjab,121,158,9,808f425a,5b040b81,2a72fd4f,2,0,2,0,
Kings XI Punjab,122,160,9,808f425a,5b040b81,2a72fd4f,2,0,2,0,
