batting_team,ball_number,total_team_runs,total_team_wickets,striker_ID,bowler_ID,nonstriker_ID,batter_runs,extras_runs,total_delivery_runs,wicket,wicket_type
Pakistan,1,0,0,b287e7b1,84f1ae7f,2ea9b32c,0,0,0,0,
Pakistan,2,0,0,b287e7b1,84f1ae7f,2ea9b32c,0,0,0,0,
Pakistan,3,0,0,b287e7b1,84f1ae7f,2ea9b32c,0,0,0,0,
Pakistan,4,0,0,b287e7b1,84f1ae7f,2ea9b32c,0,0,0,0,
Pakistan,5,0,0,b287e7b1,84f1ae7f,2ea9b32c,0,0,0,0,
Pakistan,6,0,0,b287e7b1,84f1ae7f,2ea9b32c,0,0,0,0,
Pakistan,7,0,0,2ea9b32c,b4bbe95c,b287e7b1,0,0,0,0,
Pakistan,8,0,0,2ea9b32c,b4bbe95c,b287e7b1,0,0,0,0,
Pakistan,9,1,0,2ea9b32c,b4bbe95c,b287e7b1,1,0,1,0,
Pakistan,10,2,0,b287e7b1,b4bbe95c,2ea9b32c,1,0,1,0,
Pakistan,11,3,0,2ea9b32c,b4bbe95c,b287e7b1,1,0,1,0,
Pakistan,12,4,0,b287e7b1,b4bbe95c,2ea9b32c,1,0,1,0,
Pakistan,13,5,0,b287e7b1,84f1ae7f,2ea9b32c,0,1,1,0,
Pakistan,14,6,0,b287e7b1,84f1ae7f,2ea9b32c,1,0,1,0,
Pakistan,15,7,0,2ea9b32c,84f1ae7f,b287e7b1,0,1,1,0,
Pakistan,16,11,0,b287e7b1,84f1ae7f,2ea9b32c,0,4,4,0,
Pakistan,17,13,0,b287e7b1,84f1ae7f,2ea9b32c,2,0,2,0,
Pakistan,18,13,0,b287e7b1,84f1ae7f,2ea9b32c,0,0,0,0,
Pakistan,19,13,0,b287e7b1,84f1ae7f,2ea9b32c,0,0,0,0,
Pakistan,20,14,0,2ea9b32c,b4bbe95c,b287e7b1,1,0,1,0,
Pakistan,21,14,0,b287e7b1,b4bbe95c,2ea9b32c,0,0,0,0,
Pakistan,22,14,0,b287e7b1,b4bbe95c,2ea9b32c,0,0,0,0,
Pakistan,23,16,0,b287e7b1,b4bbe95c,2ea9b32c,2,0,2,0,
Pakistan,24,17,0,b287e7b1,b4bbe95c,2ea9b32c,1,0,1,0,
Pakistan,25,17,1,2ea9b32c,b4bbe95c,b287e7b1,0,0,0,1,caught
Pakistan,26,17,1,b287e7b1,89ee5191,5486d41f,0,0,0,0,
Pakistan,27,17,1,b287e7b1,89ee5191,5486d41f,0,0,0,0,
Pakistan,28,21,1,b287e7b1,89ee5191,5486d41f,4,0,4,0,
Pakistan,29,21,1,b287e7b1,89ee5191,5486d41f,0,0,0,0,
Pakistan,30,21,1,b287e7b1,89ee5191,5486d41f,0,0,0,0,
Pakistan,31,21,1,b287e7b1,89ee5191,5486d41f,0,0,0,0,
Pakistan,32,21,1,5486d41f,b4bbe95c,b287e7b1,0,0,0,0,
Pakistan,33,22,1,5486d41f,b4bbe95c,b287e7b1,1,0,1,0,
Pakistan,34,24,1,b287e7b1,b4bbe95c,5486d41f,2,0,2,0,
Pakistan,35,25,1,b287e7b1,b4bbe95c,5486d41f,1,0,1,0,
Pakistan,36,25,1,5486d41f,b4bbe95c,b287e7b1,0,0,0,0,
Pakistan,37,25,1,5486d41f,b4bbe95c,b287e7b1,0,0,0,0,
Pakistan,38,26,1,b287e7b1,89ee5191,5486d41f,1,0,1,0,
Pakistan,39,26,1,5486d41f,89ee5191,b287e7b1,0,0,0,0,
Pakistan,40,26,1,5486d41f,89ee5191,b287e7b1,0,0,0,0,
Pakistan,41,27,1,5486d41f,89ee5191,b287e7b1,1,0,1,0,
Pakistan,42,28,1,b287e7b1,89ee5191,5486d41f,1,0,1,0,
Pakistan,43,28,1,5486d41f,89ee5191,b287e7b1,0,0,0,0,
Pakistan,44,29,1,b287e7b1,57a45277,5486d41f,0,1,1,0,
Pakistan,45,29,1,b287e7b1,57a45277,5486d41f,0,0,0,0,
Pakistan,46,33,1,b287e7b1,57a45277,5486d41f,4,0,4,0,
Pakistan,47,33,1,b287e7b1,57a45277,5486d41f,0,0,0,0,
Pakistan,48,34,1,b287e7b1,57a45277,5486d41f,1,0,1,0,
Pakistan,49,34,1,5486d41f,57a45277,b287e7b1,0,0,0,0,
Pakistan,50,34,1,5486d41f,57a45277,b287e7b1,0,0,0,0,
Pakistan,51,34,1,b287e7b1,89ee5191,5486d41f,0,0,0,0,
Pakistan,52,35,1,b287e7b1,89ee5191,5486d41f,1,0,1,0,
Pakistan,53,36,1,5486d41f,89ee5191,b287e7b1,1,0,1,0,
Pakistan,54,36,1,b287e7b1,89ee5191,5486d41f,0,0,0,0,
Pakistan,55,36,1,b287e7b1,89ee5191,5486d41f,0,0,0,0,
Pakistan,56,37,1,b287e7b1,89ee5191,5486d41f,1,0,1,0,
Pakistan,57,39,1,b287e7b1,57a45277,5486d41f,2,0,2,0,
Pakistan,58,39,2,b287e7b1,57a45277,5486d41f,0,0,0,1,caught
Pakistan,59,39,2,3b770527,57a45277,5486d41f,0,0,0,0,
Pakistan,60,39,2,3b770527,57a45277,5486d41f,0,0,0,0,
Pakistan,61,39,2,3b770527,57a45277,5486d41f,0,0,0,0,
Pakistan,62,39,2,3b770527,57a45277,5486d41f,0,0,0,0,
Pakistan,63,39,2,5486d41f,e13f5984,3b770527,0,0,0,0,
Pakistan,64,40,2,5486d41f,e13f5984,3b770527,0,1,1,0,
Pakistan,65,41,2,5486d41f,e13f5984,3b770527,1,0,1,0,
Pakistan,66,43,2,3b770527,e13f5984,5486d41f,2,0,2,0,
Pakistan,67,43,2,3b770527,e13f5984,5486d41f,0,0,0,0,
Pakistan,68,44,2,3b770527,e13f5984,5486d41f,1,0,1,0,
Pakistan,69,45,2,5486d41f,e13f5984,3b770527,1,0,1,0,
Pakistan,70,46,2,5486d41f,57a45277,3b770527,1,0,1,0,
Pakistan,71,46,2,3b770527,57a45277,5486d41f,0,0,0,0,
Pakistan,72,46,2,3b770527,57a45277,5486d41f,0,0,0,0,
Pakistan,73,46,3,3b770527,57a45277,5486d41f,0,0,0,1,caught
Pakistan,74,47,3,5486d41f,57a45277,d921449d,1,0,1,0,
Pakistan,75,48,3,d921449d,57a45277,5486d41f,1,0,1,0,
Pakistan,76,48,3,d921449d,e13f5984,5486d41f,0,0,0,0,
Pakistan,77,49,3,d921449d,e13f5984,5486d41f,1,0,1,0,
Pakistan,78,53,3,5486d41f,e13f5984,d921449d,4,0,4,0,
Pakistan,79,54,3,5486d41f,e13f5984,d921449d,1,0,1,0,
Pakistan,80,55,3,d921449d,e13f5984,5486d41f,1,0,1,0,
Pakistan,81,56,3,5486d41f,e13f5984,d921449d,0,1,1,0,
Pakistan,82,56,3,5486d41f,57a45277,d921449d,0,0,0,0,
Pakistan,83,57,3,5486d41f,57a45277,d921449d,1,0,1,0,
Pakistan,84,58,3,d921449d,57a45277,5486d41f,1,0,1,0,
Pakistan,85,59,3,5486d41f,57a45277,d921449d,1,0,1,0,
Pakistan,86,59,3,d921449d,57a45277,5486d41f,0,0,0,0,
Pakistan,87,60,3,d921449d,57a45277,5486d41f,1,0,1,0,
Pakistan,88,61,3,d921449d,b4bbe95c,5486d41f,1,0,1,0,
Pakistan,89,65,3,5486d41f,b4bbe95c,d921449d,4,0,4,0,
Pakistan,90,65,3,5486d41f,b4bbe95c,d921449d,0,0,0,0,
Pakistan,91,66,3,5486d41f,b4bbe95c,d921449d,1,0,1,0,
Pakistan,92,66,3,d921449d,b4bbe95c,5486d41f,0,0,0,0,
Pakistan,93,66,4,d921449d,b4bbe95c,5486d41f,0,0,0,1,run out
Pakistan,94,67,4,98dfe425,89ee5191,5486d41f,1,0,1,0,
Pakistan,95,69,4,5486d41f,89ee5191,98dfe425,2,0,2,0,
Pakistan,96,69,4,5486d41f,89ee5191,98dfe425,0,0,0,0,
Pakistan,97,69,4,5486d41f,89ee5191,98dfe425,0,0,0,0,
Pakistan,98,69,4,5486d41f,89ee5191,98dfe425,0,0,0,0,
Pakistan,99,70,4,5486d41f,89ee5191,98dfe425,1,0,1,0,
Pakistan,100,70,4,5486d41f,84f1ae7f,98dfe425,0,0,0,0,
Pakistan,101,71,4,5486d41f,84f1ae7f,98dfe425,1,0,1,0,
Pakistan,102,72,4,98dfe425,84f1ae7f,5486d41f,1,0,1,0,
Pakistan,103,74,4,5486d41f,84f1ae7f,98dfe425,2,0,2,0,
Pakistan,104,74,5,5486d41f,84f1ae7f,98dfe425,0,0,0,1,caught
Pakistan,105,74,5,98dfe425,84f1ae7f,ed840f44,0,0,0,0,
Pakistan,106,77,5,ed840f44,7c1ba524,98dfe425,0,3,3,0,
Pakistan,107,77,5,ed840f44,7c1ba524,98dfe425,0,0,0,0,
Pakistan,108,77,6,ed840f44,7c1ba524,98dfe425,0,0,0,1,caught
Pakistan,109,78,6,98dfe425,7c1ba524,e429f443,1,0,1,0,
Pakistan,110,78,6,e429f443,7c1ba524,98dfe425,0,0,0,0,
Pakistan,111,79,6,e429f443,7c1ba524,98dfe425,1,0,1,0,
Pakistan,112,80,6,98dfe425,7c1ba524,e429f443,1,0,1,0,
Pakistan,113,80,6,98dfe425,84f1ae7f,e429f443,0,0,0,0,
Pakistan,114,86,6,98dfe425,84f1ae7f,e429f443,6,0,6,0,
Pakistan,115,86,6,98dfe425,84f1ae7f,e429f443,0,0,0,0,
Pakistan,116,86,6,98dfe425,84f1ae7f,e429f443,0,0,0,0,
Pakistan,117,87,6,98dfe425,84f1ae7f,e429f443,0,1,1,0,
Pakistan,118,87,7,98dfe425,84f1ae7f,e429f443,0,0,0,1,caught
Pakistan,119,88,8,b1e5dade,84f1ae7f,e429f443,1,0,1,1,run out
Pakistan,120,89,8,e429f443,7c1ba524,d4f0c300,0,1,1,0,
Pakistan,121,89,8,e429f443,7c1ba524,d4f0c300,0,0,0,0,
Pakistan,122,95,8,e429f443,7c1ba524,d4f0c300,6,0,6,0,
Pakistan,123,96,8,e429f443,7c1ba524,d4f0c300,1,0,1,0,
Pakistan,124,96,9,d4f0c300,7c1ba524,e429f443,0,0,0,1,caught
Pakistan,125,97,9,3cfbddce,7c1ba524,e429f443,1,0,1,0,
Pakistan,126,98,9,e429f443,7c1ba524,3cfbddce,1,0,1,0,
India,1,0,0,1318a5f1,3cfbddce,4958ad5f,0,0,0,0,
India,2,0,0,1318a5f1,3cfbddce,4958ad5f,0,0,0,0,
India,3,1,0,1318a5f1,3cfbddce,4958ad5f,1,0,1,0,
India,4,1,0,4958ad5f,3cfbddce,1318a5f1,0,0,0,0,
India,5,1,0,4958ad5f,3cfbddce,1318a5f1,0,0,0,0,
India,6,1,0,4958ad5f,3cfbddce,1318a5f1,0,0,0,0,
India,7,2,0,1318a5f1,2ea9b32c,4958ad5f,1,0,1,0,
India,8,2,0,4958ad5f,2ea9b32c,1318a5f1,0,0,0,0,
India,9,2,0,4958ad5f,2ea9b32c,1318a5f1,0,0,0,0,
India,10,6,0,4958ad5f,2ea9b32c,1318a5f1,4,0,4,0,
India,11,6,0,4958ad5f,2ea9b32c,1318a5f1,0,0,0,0,
India,12,6,0,4958ad5f,2ea9b32c,1318a5f1,0,0,0,0,
India,13,6,0,1318a5f1,d4f0c300,4958ad5f,0,0,0,0,
India,14,10,0,1318a5f1,d4f0c300,4958ad5f,4,0,4,0,
India,15,11,0,1318a5f1,d4f0c300,4958ad5f,1,0,1,0,
India,16,11,0,4958ad5f,d4f0c300,1318a5f1,0,0,0,0,
India,17,11,0,4958ad5f,d4f0c300,1318a5f1,0,0,0,0,
India,18,11,0,4958ad5f,d4f0c300,1318a5f1,0,0,0,0,
India,19,13,0,1318a5f1,2ea9b32c,4958ad5f,2,0,2,0,
India,20,13,1,1318a5f1,2ea9b32c,4958ad5f,0,0,0,1,caught
India,21,13,1,ec2269dc,2ea9b32c,4958ad5f,0,0,0,0,
India,22,13,1,ec2269dc,2ea9b32c,4958ad5f,0,0,0,0,
India,23,13,1,ec2269dc,2ea9b32c,4958ad5f,0,0,0,0,
India,24,14,1,ec2269dc,2ea9b32c,4958ad5f,0,1,1,0,
India,25,15,1,ec2269dc,2ea9b32c,4958ad5f,1,0,1,0,
India,26,15,1,ec2269dc,d4f0c300,4958ad5f,0,0,0,0,
India,27,19,1,ec2269dc,d4f0c300,4958ad5f,4,0,4,0,
India,28,19,1,ec2269dc,d4f0c300,4958ad5f,0,0,0,0,
India,29,19,1,ec2269dc,d4f0c300,4958ad5f,0,0,0,0,
India,30,19,1,ec2269dc,d4f0c300,4958ad5f,0,0,0,0,
India,31,20,1,ec2269dc,d4f0c300,4958ad5f,1,0,1,0,
India,32,20,1,ec2269dc,b287e7b1,4958ad5f,0,0,0,0,
India,33,20,1,ec2269dc,b287e7b1,4958ad5f,0,0,0,0,
India,34,20,1,ec2269dc,b287e7b1,4958ad5f,0,0,0,0,
India,35,20,1,ec2269dc,b287e7b1,4958ad5f,0,0,0,0,
India,36,21,1,ec2269dc,b287e7b1,4958ad5f,1,0,1,0,
India,37,22,1,4958ad5f,b287e7b1,ec2269dc,1,0,1,0,
India,38,26,1,4958ad5f,3cfbddce,ec2269dc,4,0,4,0,
India,39,27,1,4958ad5f,3cfbddce,ec2269dc,1,0,1,0,
India,40,29,1,ec2269dc,3cfbddce,4958ad5f,2,0,2,0,
India,41,29,1,ec2269dc,3cfbddce,4958ad5f,0,0,0,0,
India,42,29,1,ec2269dc,3cfbddce,4958ad5f,0,0,0,0,
India,43,30,1,ec2269dc,3cfbddce,4958ad5f,1,0,1,0,
India,44,30,1,ec2269dc,b287e7b1,4958ad5f,0,0,0,0,
India,45,31,1,ec2269dc,b287e7b1,4958ad5f,1,0,1,0,
India,46,32,1,4958ad5f,b287e7b1,ec2269dc,1,0,1,0,
India,47,33,1,ec2269dc,b287e7b1,4958ad5f,1,0,1,0,
India,48,35,1,4958ad5f,b287e7b1,ec2269dc,2,0,2,0,
India,49,36,1,4958ad5f,b287e7b1,ec2269dc,1,0,1,0,
India,50,36,1,4958ad5f,3b770527,ec2269dc,0,0,0,0,
India,51,36,1,4958ad5f,3b770527,ec2269dc,0,0,0,0,
India,52,37,1,4958ad5f,3b770527,ec2269dc,1,0,1,0,
India,53,38,1,ec2269dc,3b770527,4958ad5f,1,0,1,0,
India,54,40,1,4958ad5f,3b770527,ec2269dc,2,0,2,0,
India,55,40,1,4958ad5f,3b770527,ec2269dc,0,0,0,0,
India,56,41,1,ec2269dc,ed840f44,4958ad5f,1,0,1,0,
India,57,42,1,4958ad5f,ed840f44,ec2269dc,1,0,1,0,
India,58,42,1,ec2269dc,ed840f44,4958ad5f,0,0,0,0,
India,59,43,1,ec2269dc,ed840f44,4958ad5f,1,0,1,0,
India,60,44,1,4958ad5f,ed840f44,ec2269dc,0,1,1,0,
India,61,44,2,4958ad5f,ed840f44,ec2269dc,0,0,0,1,stumped
India,62,44,2,53cd8da6,ed840f44,ec2269dc,0,0,0,0,
India,63,45,2,ec2269dc,3b770527,53cd8da6,1,0,1,0,
India,64,45,2,53cd8da6,3b770527,ec2269dc,0,0,0,0,
India,65,49,2,53cd8da6,3b770527,ec2269dc,4,0,4,0,
India,66,49,2,53cd8da6,3b770527,ec2269dc,0,0,0,0,
India,67,49,2,53cd8da6,3b770527,ec2269dc,0,0,0,0,
India,68,50,2,53cd8da6,3b770527,ec2269dc,1,0,1,0,
India,69,50,3,53cd8da6,ed840f44,ec2269dc,0,0,0,1,caught
India,70,50,3,84f1ae7f,ed840f44,ec2269dc,0,0,0,0,
India,71,51,3,84f1ae7f,ed840f44,ec2269dc,1,0,1,0,
India,72,51,3,ec2269dc,ed840f44,84f1ae7f,0,0,0,0,
India,73,51,4,ec2269dc,ed840f44,84f1ae7f,0,0,0,1,caught
India,74,51,4,e13f5984,ed840f44,84f1ae7f,0,0,0,0,
India,75,52,4,84f1ae7f,3b770527,e13f5984,1,0,1,0,
India,76,53,4,e13f5984,3b770527,84f1ae7f,1,0,1,0,
India,77,54,4,84f1ae7f,3b770527,e13f5984,1,0,1,0,
India,78,55,4,e13f5984,3b770527,84f1ae7f,1,0,1,0,
India,79,55,4,84f1ae7f,3b770527,e13f5984,0,0,0,0,
India,80,56,4,84f1ae7f,3b770527,e13f5984,1,0,1,0,
India,81,56,4,84f1ae7f,ed840f44,e13f5984,0,0,0,0,
India,82,56,4,84f1ae7f,ed840f44,e13f5984,0,0,0,0,
India,83,56,4,84f1ae7f,ed840f44,e13f5984,0,0,0,0,
India,84,58,4,84f1ae7f,ed840f44,e13f5984,2,0,2,0,
India,85,58,4,84f1ae7f,ed840f44,e13f5984,0,0,0,0,
India,86,60,4,84f1ae7f,ed840f44,e13f5984,2,0,2,0,
India,87,60,4,e13f5984,3cfbddce,84f1ae7f,0,0,0,0,
India,88,60,4,e13f5984,3cfbddce,84f1ae7f,0,0,0,0,
India,89,61,4,e13f5984,3cfbddce,84f1ae7f,1,0,1,0,
India,90,61,4,84f1ae7f,3cfbddce,e13f5984,0,0,0,0,
India,91,62,4,84f1ae7f,3cfbddce,e13f5984,1,0,1,0,
India,92,63,4,e13f5984,3cfbddce,84f1ae7f,1,0,1,0,
India,93,65,4,e13f5984,b287e7b1,84f1ae7f,2,0,2,0,
India,94,66,4,e13f5984,b287e7b1,84f1ae7f,1,0,1,0,
India,95,70,4,84f1ae7f,b287e7b1,e13f5984,4,0,4,0,
India,96,71,4,84f1ae7f,b287e7b1,e13f5984,1,0,1,0,
India,97,71,5,e13f5984,b287e7b1,84f1ae7f,0,0,0,1,bowled
India,98,72,5,a3ead8da,b287e7b1,84f1ae7f,1,0,1,0,
India,99,72,5,a3ead8da,3cfbddce,84f1ae7f,0,0,0,0,
India,100,73,5,a3ead8da,3cfbddce,84f1ae7f,1,0,1,0,
India,101,75,5,84f1ae7f,3cfbddce,a3ead8da,2,0,2,0,
India,102,79,5,84f1ae7f,3cfbddce,a3ead8da,4,0,4,0,
India,103,79,5,84f1ae7f,3cfbddce,a3ead8da,0,0,0,0,
India,104,79,5,84f1ae7f,3cfbddce,a3ead8da,0,0,0,0,
India,105,80,5,a3ead8da,ed840f44,84f1ae7f,1,0,1,0,
India,106,80,5,84f1ae7f,ed840f44,a3ead8da,0,0,0,0,
India,107,81,5,84f1ae7f,ed840f44,a3ead8da,1,0,1,0,
India,108,81,5,a3ead8da,ed840f44,84f1ae7f,0,0,0,0,
India,109,82,5,a3ead8da,ed840f44,84f1ae7f,1,0,1,0,
India,110,82,5,84f1ae7f,ed840f44,a3ead8da,0,0,0,0,
India,111,83,5,a3ead8da,3b770527,84f1ae7f,1,0,1,0,
India,112,83,6,84f1ae7f,3b770527,a3ead8da,0,0,0,1,caught
India,113,85,6,a3ead8da,3b770527,b4bbe95c,2,0,2,0,
India,114,85,6,a3ead8da,3b770527,b4bbe95c,0,0,0,0,
India,115,85,6,a3ead8da,3b770527,b4bbe95c,0,0,0,0,
India,116,85,7,a3ead8da,3b770527,b4bbe95c,0,0,0,1,bowled
India,117,89,7,b4bbe95c,b287e7b1,7c1ba524,4,0,4,0,
India,118,90,7,b4bbe95c,b287e7b1,7c1ba524,1,0,1,0,
India,119,91,7,7c1ba524,b287e7b1,b4bbe95c,1,0,1,0,
India,120,93,7,b4bbe95c,b287e7b1,7c1ba524,0,2,2,0,
India,121,95,7,b4bbe95c,b287e7b1,7c1ba524,2,0,2,0,
India,122,97,8,b4bbe95c,b287e7b1,7c1ba524,2,0,2,1,run out
