batting_team,ball_number,total_team_runs,total_team_wickets,striker_ID,bowler_ID,nonstriker_ID,batter_runs,extras_runs,total_delivery_runs,wicket,wicket_type
Australia,1,0,0,dcce6f09,390ff45b,4329fbb5,0,0,0,0,
Australia,2,0,0,dcce6f09,390ff45b,4329fbb5,0,0,0,0,
Australia,3,4,0,dcce6f09,390ff45b,4329fbb5,4,0,4,0,
Australia,4,4,0,dcce6f09,390ff45b,4329fbb5,0,0,0,0,
Australia,5,4,0,dcce6f09,390ff45b,4329fbb5,0,0,0,0,
Australia,6,6,0,dcce6f09,390ff45b,4329fbb5,2,0,2,0,
Australia,7,6,0,4329fbb5,16dfcc19,dcce6f09,0,0,0,0,
Australia,8,6,0,4329fbb5,16dfcc19,dcce6f09,0,0,0,0,
Australia,9,7,0,4329fbb5,16dfcc19,dcce6f09,1,0,1,0,
Australia,10,8,0,dcce6f09,16dfcc19,4329fbb5,1,0,1,0,
Australia,11,9,0,4329fbb5,16dfcc19,dcce6f09,1,0,1,0,
Australia,12,10,0,dcce6f09,16dfcc19,4329fbb5,1,0,1,0,
Australia,13,11,0,dcce6f09,390ff45b,4329fbb5,1,0,1,0,
Australia,14,11,0,4329fbb5,390ff45b,dcce6f09,0,0,0,0,
Australia,15,15,0,4329fbb5,390ff45b,dcce6f09,4,0,4,0,
Australia,16,15,0,4329fbb5,390ff45b,dcce6f09,0,0,0,0,
Australia,17,15,0,4329fbb5,390ff45b,dcce6f09,0,0,0,0,
Australia,18,16,0,4329fbb5,390ff45b,dcce6f09,1,0,1,0,
Australia,19,17,0,4329fbb5,16dfcc19,dcce6f09,1,0,1,0,
Australia,20,23,0,dcce6f09,16dfcc19,4329fbb5,6,0,6,0,
Australia,21,24,0,dcce6f09,16dfcc19,4329fbb5,1,0,1,0,
Australia,22,25,0,4329fbb5,16dfcc19,dcce6f09,1,0,1,0,
Australia,23,26,0,dcce6f09,16dfcc19,4329fbb5,1,0,1,0,
Australia,24,27,0,4329fbb5,16dfcc19,dcce6f09,1,0,1,0,
Australia,25,29,0,4329fbb5,3cf5ae43,dcce6f09,2,0,2,0,
Australia,26,31,0,4329fbb5,3cf5ae43,dcce6f09,2,0,2,0,
Australia,27,37,0,4329fbb5,3cf5ae43,dcce6f09,6,0,6,0,
Australia,28,37,0,4329fbb5,3cf5ae43,dcce6f09,0,0,0,0,
Australia,29,38,0,4329fbb5,3cf5ae43,dcce6f09,0,1,1,0,
Australia,30,41,0,dcce6f09,3cf5ae43,4329fbb5,3,0,3,0,
Australia,31,41,0,dcce6f09,05d74535,4329fbb5,0,0,0,0,
Australia,32,42,0,dcce6f09,05d74535,4329fbb5,1,0,1,0,
Australia,33,42,0,4329fbb5,05d74535,dcce6f09,0,0,0,0,
Australia,34,42,0,4329fbb5,05d74535,dcce6f09,0,0,0,0,
Australia,35,42,0,4329fbb5,05d74535,dcce6f09,0,0,0,0,
Australia,36,42,0,4329fbb5,05d74535,dcce6f09,0,0,0,0,
Australia,37,42,0,dcce6f09,4f7279a4,4329fbb5,0,0,0,0,
Australia,38,44,0,dcce6f09,4f7279a4,4329fbb5,2,0,2,0,
Australia,39,47,0,dcce6f09,4f7279a4,4329fbb5,0,3,3,0,
Australia,40,47,0,dcce6f09,4f7279a4,4329fbb5,0,0,0,0,
Australia,41,47,0,dcce6f09,4f7279a4,4329fbb5,0,0,0,0,
Australia,42,48,0,dcce6f09,4f7279a4,4329fbb5,0,1,1,0,
Australia,43,49,0,dcce6f09,4f7279a4,4329fbb5,1,0,1,0,
Australia,44,50,0,4329fbb5,4f7279a4,dcce6f09,1,0,1,0,
Australia,45,56,0,4329fbb5,64c34cd0,dcce6f09,6,0,6,0,
Australia,46,57,0,4329fbb5,64c34cd0,dcce6f09,1,0,1,0,
Australia,47,58,0,dcce6f09,64c34cd0,4329fbb5,1,0,1,0,
Australia,48,64,0,4329fbb5,64c34cd0,dcce6f09,6,0,6,0,
Australia,49,64,0,4329fbb5,64c34cd0,dcce6f09,0,0,0,0,
Australia,50,70,0,4329fbb5,64c34cd0,dcce6f09,6,0,6,0,
Australia,51,76,0,dcce6f09,4f7279a4,4329fbb5,6,0,6,0,
Australia,52,76,0,dcce6f09,4f7279a4,4329fbb5,0,0,0,0,
Australia,53,76,0,dcce6f09,4f7279a4,4329fbb5,0,0,0,0,
Australia,54,82,0,dcce6f09,4f7279a4,4329fbb5,6,0,6,0,
Australia,55,88,0,dcce6f09,4f7279a4,4329fbb5,6,0,6,0,
Australia,56,89,0,dcce6f09,4f7279a4,4329fbb5,1,0,1,0,
Australia,57,95,0,dcce6f09,05d74535,4329fbb5,6,0,6,0,
Australia,58,96,0,dcce6f09,05d74535,4329fbb5,1,0,1,0,
Australia,59,102,0,4329fbb5,05d74535,dcce6f09,6,0,6,0,
Australia,60,102,0,4329fbb5,05d74535,dcce6f09,0,0,0,0,
Australia,61,103,0,4329fbb5,05d74535,dcce6f09,1,0,1,0,
Australia,62,104,0,dcce6f09,05d74535,4329fbb5,1,0,1,0,
Australia,63,110,0,dcce6f09,3cf5ae43,4329fbb5,6,0,6,0,
Australia,64,111,0,dcce6f09,3cf5ae43,4329fbb5,1,0,1,0,
Australia,65,111,0,4329fbb5,3cf5ae43,dcce6f09,0,0,0,0,
Australia,66,111,1,4329fbb5,3cf5ae43,dcce6f09,0,0,0,1,caught
Australia,67,112,1,b681e71e,3cf5ae43,dcce6f09,1,0,1,0,
Australia,68,112,1,dcce6f09,3cf5ae43,b681e71e,0,0,0,0,
Australia,69,112,1,b681e71e,9ab63e7b,dcce6f09,0,0,0,0,
Australia,70,112,1,b681e71e,9ab63e7b,dcce6f09,0,0,0,0,
Australia,71,112,1,b681e71e,9ab63e7b,dcce6f09,0,0,0,0,
Australia,72,112,1,b681e71e,9ab63e7b,dcce6f09,0,0,0,0,
Australia,73,112,1,b681e71e,9ab63e7b,dcce6f09,0,0,0,0,
Australia,74,114,1,b681e71e,9ab63e7b,dcce6f09,2,0,2,0,
Australia,75,114,2,dcce6f09,3cf5ae43,b681e71e,0,0,0,1,caught
Australia,76,114,2,b681e71e,3cf5ae43,48fd7349,0,0,0,0,
Australia,77,118,2,b681e71e,3cf5ae43,48fd7349,4,0,4,0,
Australia,78,122,2,b681e71e,3cf5ae43,48fd7349,4,0,4,0,
Australia,79,122,2,b681e71e,3cf5ae43,48fd7349,0,0,0,0,
Australia,80,123,2,b681e71e,3cf5ae43,48fd7349,1,0,1,0,
Australia,81,124,2,b681e71e,9ab63e7b,48fd7349,1,0,1,0,
Australia,82,125,2,48fd7349,9ab63e7b,b681e71e,1,0,1,0,
Australia,83,131,2,b681e71e,9ab63e7b,48fd7349,6,0,6,0,
Australia,84,132,2,b681e71e,9ab63e7b,48fd7349,1,0,1,0,
Australia,85,133,2,48fd7349,9ab63e7b,b681e71e,1,0,1,0,
Australia,86,134,2,b681e71e,9ab63e7b,48fd7349,1,0,1,0,
Australia,87,136,2,b681e71e,4f7279a4,48fd7349,2,0,2,0,
Australia,88,140,2,b681e71e,4f7279a4,48fd7349,4,0,4,0,
Australia,89,140,2,b681e71e,4f7279a4,48fd7349,0,0,0,0,
Australia,90,140,3,b681e71e,4f7279a4,48fd7349,0,0,0,1,caught
Australia,91,141,3,48fd7349,4f7279a4,5056011d,1,0,1,0,
Australia,92,141,3,5056011d,4f7279a4,48fd7349,0,0,0,0,
Australia,93,142,3,48fd7349,9ab63e7b,5056011d,1,0,1,0,
Australia,94,144,3,5056011d,9ab63e7b,48fd7349,2,0,2,0,
Australia,95,144,3,5056011d,9ab63e7b,48fd7349,0,0,0,0,
Australia,96,144,3,5056011d,9ab63e7b,48fd7349,0,0,0,0,
Australia,97,145,3,5056011d,9ab63e7b,48fd7349,1,0,1,0,
Australia,98,145,3,48fd7349,9ab63e7b,5056011d,0,0,0,0,
Australia,99,145,4,5056011d,05d74535,48fd7349,0,0,0,1,bowled
Australia,100,146,4,d0513f63,05d74535,48fd7349,0,1,1,0,
Australia,101,150,4,48fd7349,05d74535,d0513f63,0,4,4,0,
Australia,102,150,4,48fd7349,05d74535,d0513f63,0,0,0,0,
Australia,103,151,4,48fd7349,05d74535,d0513f63,1,0,1,0,
Australia,104,151,4,d0513f63,05d74535,48fd7349,0,0,0,0,
Australia,105,152,4,48fd7349,16dfcc19,d0513f63,1,0,1,0,
Australia,106,152,4,d0513f63,16dfcc19,48fd7349,0,0,0,0,
Australia,107,152,5,d0513f63,16dfcc19,48fd7349,0,0,0,1,caught
Australia,108,152,5,48fd7349,16dfcc19,2a2e6343,0,0,0,0,
Australia,109,156,5,48fd7349,16dfcc19,2a2e6343,4,0,4,0,
Australia,110,158,5,48fd7349,16dfcc19,2a2e6343,2,0,2,0,
Australia,111,159,5,2a2e6343,05d74535,48fd7349,1,0,1,0,
Australia,112,159,5,48fd7349,05d74535,2a2e6343,0,0,0,0,
Australia,113,159,6,48fd7349,05d74535,2a2e6343,0,0,0,1,bowled
Australia,114,159,6,afa7e784,05d74535,2a2e6343,0,0,0,0,
Australia,115,159,6,afa7e784,05d74535,2a2e6343,0,0,0,0,
Australia,116,160,6,afa7e784,05d74535,2a2e6343,1,0,1,0,
Australia,117,162,6,afa7e784,16dfcc19,2a2e6343,2,0,2,0,
Australia,118,164,6,afa7e784,16dfcc19,2a2e6343,2,0,2,0,
Australia,119,165,6,afa7e784,16dfcc19,2a2e6343,1,0,1,0,
Australia,120,167,6,2a2e6343,16dfcc19,afa7e784,2,0,2,0,
Australia,121,167,7,2a2e6343,16dfcc19,afa7e784,0,0,0,1,caught
Australia,122,168,7,ded9240e,16dfcc19,afa7e784,1,0,1,0,
Pakistan,1,2,0,9ab63e7b,4329fbb5,3eb7c45d,2,0,2,0,
Pakistan,2,2,0,9ab63e7b,4329fbb5,3eb7c45d,0,0,0,0,
Pakistan,3,5,0,9ab63e7b,4329fbb5,3eb7c45d,3,0,3,0,
Pakistan,4,5,0,3eb7c45d,4329fbb5,9ab63e7b,0,0,0,0,
Pakistan,5,5,0,3eb7c45d,4329fbb5,9ab63e7b,0,0,0,0,
Pakistan,6,6,0,3eb7c45d,4329fbb5,9ab63e7b,1,0,1,0,
Pakistan,7,6,0,3eb7c45d,3fb19989,9ab63e7b,0,0,0,0,
Pakistan,8,7,0,3eb7c45d,3fb19989,9ab63e7b,0,1,1,0,
Pakistan,9,7,1,3eb7c45d,3fb19989,9ab63e7b,0,0,0,1,lbw
Pakistan,10,7,1,4c4a06fb,3fb19989,9ab63e7b,0,0,0,0,
Pakistan,11,11,1,4c4a06fb,3fb19989,9ab63e7b,4,0,4,0,
Pakistan,12,11,1,4c4a06fb,3fb19989,9ab63e7b,0,0,0,0,
Pakistan,13,11,1,4c4a06fb,3fb19989,9ab63e7b,0,0,0,0,
Pakistan,14,15,1,9ab63e7b,ded9240e,4c4a06fb,4,0,4,0,
Pakistan,15,15,2,9ab63e7b,ded9240e,4c4a06fb,0,0,0,1,caught
Pakistan,16,15,2,64c34cd0,ded9240e,4c4a06fb,0,0,0,0,
Pakistan,17,15,2,64c34cd0,ded9240e,4c4a06fb,0,0,0,0,
Pakistan,18,15,3,64c34cd0,ded9240e,4c4a06fb,0,0,0,1,bowled
Pakistan,19,15,3,ff077124,ded9240e,4c4a06fb,0,0,0,0,
Pakistan,20,16,3,4c4a06fb,3fb19989,ff077124,1,0,1,0,
Pakistan,21,16,3,ff077124,3fb19989,4c4a06fb,0,0,0,0,
Pakistan,22,16,3,ff077124,3fb19989,4c4a06fb,0,0,0,0,
Pakistan,23,16,4,ff077124,3fb19989,4c4a06fb,0,0,0,1,caught
Pakistan,24,16,4,4c4a06fb,3fb19989,fd2bf2a0,0,0,0,0,
Pakistan,25,16,4,4c4a06fb,3fb19989,fd2bf2a0,0,0,0,0,
Pakistan,26,17,4,fd2bf2a0,ded9240e,4c4a06fb,1,0,1,0,
Pakistan,27,18,4,4c4a06fb,ded9240e,fd2bf2a0,1,0,1,0,
Pakistan,28,18,4,fd2bf2a0,ded9240e,4c4a06fb,0,0,0,0,
Pakistan,29,18,4,fd2bf2a0,ded9240e,4c4a06fb,0,0,0,0,
Pakistan,30,18,4,fd2bf2a0,ded9240e,4c4a06fb,0,0,0,0,
Pakistan,31,19,4,fd2bf2a0,ded9240e,4c4a06fb,1,0,1,0,
Pakistan,32,19,5,fd2bf2a0,4329fbb5,4c4a06fb,0,0,0,1,caught
Pakistan,33,20,5,4c4a06fb,4329fbb5,390ff45b,1,0,1,0,
Pakistan,34,20,5,390ff45b,4329fbb5,4c4a06fb,0,0,0,0,
Pakistan,35,21,5,390ff45b,4329fbb5,4c4a06fb,1,0,1,0,
Pakistan,36,21,5,4c4a06fb,4329fbb5,390ff45b,0,0,0,0,
Pakistan,37,21,5,4c4a06fb,4329fbb5,390ff45b,0,0,0,0,
Pakistan,38,21,5,390ff45b,f708a0bc,4c4a06fb,0,0,0,0,
Pakistan,39,23,5,390ff45b,f708a0bc,4c4a06fb,0,2,2,0,
Pakistan,40,23,5,4c4a06fb,f708a0bc,390ff45b,0,0,0,0,
Pakistan,41,24,5,4c4a06fb,f708a0bc,390ff45b,1,0,1,0,
Pakistan,42,25,5,390ff45b,f708a0bc,4c4a06fb,1,0,1,0,
Pakistan,43,25,5,4c4a06fb,f708a0bc,390ff45b,0,0,0,0,
Pakistan,44,26,5,4c4a06fb,f708a0bc,390ff45b,1,0,1,0,
Pakistan,45,26,5,4c4a06fb,b681e71e,390ff45b,0,0,0,0,
Pakistan,46,26,5,4c4a06fb,b681e71e,390ff45b,0,0,0,0,
Pakistan,47,26,5,4c4a06fb,b681e71e,390ff45b,0,0,0,0,
Pakistan,48,27,5,4c4a06fb,b681e71e,390ff45b,1,0,1,0,
Pakistan,49,27,5,390ff45b,b681e71e,4c4a06fb,0,0,0,0,
Pakistan,50,29,5,390ff45b,b681e71e,4c4a06fb,2,0,2,0,
Pakistan,51,33,5,4c4a06fb,f708a0bc,390ff45b,4,0,4,0,
Pakistan,52,34,5,4c4a06fb,f708a0bc,390ff45b,1,0,1,0,
Pakistan,53,34,5,390ff45b,f708a0bc,4c4a06fb,0,0,0,0,
Pakistan,54,34,5,390ff45b,f708a0bc,4c4a06fb,0,0,0,0,
Pakistan,55,34,5,390ff45b,f708a0bc,4c4a06fb,0,0,0,0,
Pakistan,56,34,5,390ff45b,f708a0bc,4c4a06fb,0,0,0,0,
Pakistan,57,36,5,4c4a06fb,b681e71e,390ff45b,2,0,2,0,
Pakistan,58,36,6,4c4a06fb,b681e71e,390ff45b,0,0,0,1,caught
Pakistan,59,37,6,3cf5ae43,b681e71e,390ff45b,1,0,1,0,
Pakistan,60,37,6,390ff45b,b681e71e,3cf5ae43,0,0,0,0,
Pakistan,61,38,6,390ff45b,b681e71e,3cf5ae43,0,1,1,0,
Pakistan,62,38,6,390ff45b,b681e71e,3cf5ae43,0,0,0,0,
Pakistan,63,38,6,390ff45b,b681e71e,3cf5ae43,0,0,0,0,
Pakistan,64,38,6,3cf5ae43,f708a0bc,390ff45b,0,0,0,0,
Pakistan,65,38,6,3cf5ae43,f708a0bc,390ff45b,0,0,0,0,
Pakistan,66,38,6,3cf5ae43,f708a0bc,390ff45b,0,0,0,0,
Pakistan,67,38,6,3cf5ae43,f708a0bc,390ff45b,0,0,0,0,
Pakistan,68,38,6,3cf5ae43,f708a0bc,390ff45b,0,0,0,0,
Pakistan,69,38,6,3cf5ae43,f708a0bc,390ff45b,0,0,0,0,
Pakistan,70,39,6,390ff45b,2a2e6343,3cf5ae43,1,0,1,0,
Pakistan,71,39,6,3cf5ae43,2a2e6343,390ff45b,0,0,0,0,
Pakistan,72,39,6,3cf5ae43,2a2e6343,390ff45b,0,0,0,0,
Pakistan,73,39,6,3cf5ae43,2a2e6343,390ff45b,0,0,0,0,
Pakistan,74,45,6,3cf5ae43,2a2e6343,390ff45b,6,0,6,0,
Pakistan,75,46,6,3cf5ae43,2a2e6343,390ff45b,1,0,1,0,
Pakistan,76,49,6,3cf5ae43,3fb19989,390ff45b,3,0,3,0,
Pakistan,77,49,6,390ff45b,3fb19989,3cf5ae43,0,0,0,0,
Pakistan,78,49,6,390ff45b,3fb19989,3cf5ae43,0,0,0,0,
Pakistan,79,49,6,390ff45b,3fb19989,3cf5ae43,0,0,0,0,
Pakistan,80,50,6,390ff45b,3fb19989,3cf5ae43,1,0,1,0,
Pakistan,81,51,6,3cf5ae43,3fb19989,390ff45b,1,0,1,0,
Pakistan,82,51,6,3cf5ae43,4329fbb5,390ff45b,0,0,0,0,
Pakistan,83,52,6,3cf5ae43,4329fbb5,390ff45b,1,0,1,0,
Pakistan,84,53,6,390ff45b,4329fbb5,3cf5ae43,1,0,1,0,
Pakistan,85,54,6,3cf5ae43,4329fbb5,390ff45b,1,0,1,0,
Pakistan,86,55,6,390ff45b,4329fbb5,3cf5ae43,1,0,1,0,
Pakistan,87,56,6,3cf5ae43,4329fbb5,390ff45b,1,0,1,0,
Pakistan,88,56,7,3cf5ae43,f708a0bc,390ff45b,0,0,0,1,caught
Pakistan,89,56,7,16dfcc19,f708a0bc,390ff45b,0,0,0,0,
Pakistan,90,56,7,16dfcc19,f708a0bc,390ff45b,0,0,0,0,
Pakistan,91,57,7,16dfcc19,f708a0bc,390ff45b,1,0,1,0,
Pakistan,92,57,7,390ff45b,f708a0bc,16dfcc19,0,0,0,0,
Pakistan,93,57,7,390ff45b,f708a0bc,16dfcc19,0,0,0,0,
Pakistan,94,57,7,16dfcc19,b681e71e,390ff45b,0,0,0,0,
Pakistan,95,58,7,16dfcc19,b681e71e,390ff45b,1,0,1,0,
Pakistan,96,59,7,390ff45b,b681e71e,16dfcc19,1,0,1,0,
Pakistan,97,60,7,16dfcc19,b681e71e,390ff45b,1,0,1,0,
Pakistan,98,60,8,390ff45b,b681e71e,16dfcc19,0,0,0,1,run out
Pakistan,99,60,8,05d74535,b681e71e,390ff45b,0,0,0,0,
Pakistan,100,64,8,390ff45b,ded9240e,05d74535,4,0,4,0,
Pakistan,101,64,8,390ff45b,ded9240e,05d74535,0,0,0,0,
Pakistan,102,64,9,390ff45b,ded9240e,05d74535,0,0,0,1,caught
Pakistan,103,64,9,4f7279a4,ded9240e,05d74535,0,0,0,0,
Pakistan,104,64,9,4f7279a4,ded9240e,05d74535,0,0,0,0,
Pakistan,105,64,9,4f7279a4,ded9240e,05d74535,0,0,0,0,
Pakistan,106,64,9,05d74535,b681e71e,4f7279a4,0,0,0,0,
Pakistan,107,64,9,05d74535,b681e71e,4f7279a4,0,0,0,0,
Pakistan,108,65,9,05d74535,b681e71e,4f7279a4,1,0,1,0,
Pakistan,109,69,9,4f7279a4,b681e71e,05d74535,0,4,4,0,
Pakistan,110,69,9,4f7279a4,b681e71e,05d74535,0,0,0,0,
Pakistan,111,70,9,4f7279a4,b681e71e,05d74535,1,0,1,0,
Pakistan,112,70,9,4f7279a4,ded9240e,05d74535,0,0,0,0,
Pakistan,113,70,9,4f7279a4,ded9240e,05d74535,0,0,0,0,
Pakistan,114,74,9,4f7279a4,ded9240e,05d74535,4,0,4,0,
Pakistan,115,74,9,4f7279a4,ded9240e,05d74535,0,0,0,0,
Pakistan,116,74,9,4f7279a4,ded9240e,05d74535,0,0,0,0,
Pakistan,117,74,9,4f7279a4,ded9240e,05d74535,0,0,0,0,
Pakistan,118,74,10,05d74535,3fb19989,4f7279a4,0,0,0,1,bowled
