batting_team,ball_number,total_team_runs,total_team_wickets,striker_ID,bowler_ID,nonstriker_ID,batter_runs,extras_runs,total_delivery_runs,wicket,wicket_type
Kolkata Knight Riders,1,4,0,5afd4539,5fa06777,bb345e0b,4,0,4,0,
Kolkata Knight Riders,2,4,1,5afd4539,5fa06777,bb345e0b,0,0,0,1,run out
Kolkata Knight Riders,3,5,1,3c6ffae8,5fa06777,5afd4539,1,0,1,0,
Kolkata Knight Riders,4,5,1,5afd4539,5fa06777,3c6ffae8,0,0,0,0,
Kolkata Knight Riders,5,5,1,5afd4539,5fa06777,3c6ffae8,0,0,0,0,
Kolkata Knight Riders,6,5,1,5afd4539,5fa06777,3c6ffae8,0,0,0,0,
Kolkata Knight Riders,7,7,1,3c6ffae8,96fd40ae,5afd4539,2,0,2,0,
Kolkata Knight Riders,8,11,1,3c6ffae8,96fd40ae,5afd4539,4,0,4,0,
Kolkata Knight Riders,9,15,1,3c6ffae8,96fd40ae,5afd4539,4,0,4,0,
Kolkata Knight Riders,10,15,1,3c6ffae8,96fd40ae,5afd4539,0,0,0,0,
Kolkata Knight Riders,11,15,1,3c6ffae8,96fd40ae,5afd4539,0,0,0,0,
Kolkata Knight Riders,12,15,1,3c6ffae8,96fd40ae,5afd4539,0,0,0,0,
Kolkata Knight Riders,13,16,1,5afd4539,cc1e8c68,3c6ffae8,0,1,1,0,
Kolkata Knight Riders,14,16,1,5afd4539,cc1e8c68,3c6ffae8,0,0,0,0,
Kolkata Knight Riders,15,16,2,5afd4539,cc1e8c68,3c6ffae8,0,0,0,1,bowled
Kolkata Knight Riders,16,16,2,86dc8f2e,cc1e8c68,3c6ffae8,0,0,0,0,
Kolkata Knight Riders,17,16,2,86dc8f2e,cc1e8c68,3c6ffae8,0,0,0,0,
Kolkata Knight Riders,18,17,2,86dc8f2e,cc1e8c68,3c6ffae8,1,0,1,0,
Kolkata Knight Riders,19,17,2,3c6ffae8,cc1e8c68,86dc8f2e,0,0,0,0,
Kolkata Knight Riders,20,18,2,86dc8f2e,96fd40ae,3c6ffae8,1,0,1,0,
Kolkata Knight Riders,21,19,2,3c6ffae8,96fd40ae,86dc8f2e,1,0,1,0,
Kolkata Knight Riders,22,19,2,86dc8f2e,96fd40ae,3c6ffae8,0,0,0,0,
Kolkata Knight Riders,23,20,2,86dc8f2e,96fd40ae,3c6ffae8,1,0,1,0,
Kolkata Knight Riders,24,20,2,3c6ffae8,96fd40ae,86dc8f2e,0,0,0,0,
Kolkata Knight Riders,25,20,2,3c6ffae8,96fd40ae,86dc8f2e,0,0,0,0,
Kolkata Knight Riders,26,24,2,86dc8f2e,cc1e8c68,3c6ffae8,4,0,4,0,
Kolkata Knight Riders,27,24,2,86dc8f2e,cc1e8c68,3c6ffae8,0,0,0,0,
Kolkata Knight Riders,28,25,2,86dc8f2e,cc1e8c68,3c6ffae8,0,1,1,0,
Kolkata Knight Riders,29,29,2,86dc8f2e,cc1e8c68,3c6ffae8,4,0,4,0,
Kolkata Knight Riders,30,29,2,86dc8f2e,cc1e8c68,3c6ffae8,0,0,0,0,
Kolkata Knight Riders,31,29,2,86dc8f2e,cc1e8c68,3c6ffae8,0,0,0,0,
Kolkata Knight Riders,32,29,2,86dc8f2e,cc1e8c68,3c6ffae8,0,0,0,0,
Kolkata Knight Riders,33,29,2,3c6ffae8,5bb5a915,86dc8f2e,0,0,0,0,
Kolkata Knight Riders,34,31,2,3c6ffae8,5bb5a915,86dc8f2e,2,0,2,0,
Kolkata Knight Riders,35,31,2,3c6ffae8,5bb5a915,86dc8f2e,0,0,0,0,
Kolkata Knight Riders,36,37,2,3c6ffae8,5bb5a915,86dc8f2e,6,0,6,0,
Kolkata Knight Riders,37,37,3,3c6ffae8,5bb5a915,86dc8f2e,0,0,0,1,caught
Kolkata Knight Riders,38,37,3,86dc8f2e,5bb5a915,d2a6c0e6,0,0,0,0,
Kolkata Knight Riders,39,37,3,d2a6c0e6,5fa06777,86dc8f2e,0,0,0,0,
Kolkata Knight Riders,40,37,3,d2a6c0e6,5fa06777,86dc8f2e,0,0,0,0,
Kolkata Knight Riders,41,37,3,d2a6c0e6,5fa06777,86dc8f2e,0,0,0,0,
Kolkata Knight Riders,42,41,3,d2a6c0e6,5fa06777,86dc8f2e,4,0,4,0,
Kolkata Knight Riders,43,41,3,d2a6c0e6,5fa06777,86dc8f2e,0,0,0,0,
Kolkata Knight Riders,44,42,3,d2a6c0e6,5fa06777,86dc8f2e,1,0,1,0,
Kolkata Knight Riders,45,43,3,d2a6c0e6,9d80c5e1,86dc8f2e,1,0,1,0,
Kolkata Knight Riders,46,44,3,86dc8f2e,9d80c5e1,d2a6c0e6,1,0,1,0,
Kolkata Knight Riders,47,48,3,d2a6c0e6,9d80c5e1,86dc8f2e,4,0,4,0,
Kolkata Knight Riders,48,48,4,d2a6c0e6,9d80c5e1,86dc8f2e,0,0,0,1,caught
Kolkata Knight Riders,49,48,4,7050a1e7,9d80c5e1,86dc8f2e,0,0,0,0,
Kolkata Knight Riders,50,49,4,7050a1e7,9d80c5e1,86dc8f2e,1,0,1,0,
Kolkata Knight Riders,51,49,4,7050a1e7,5fa06777,86dc8f2e,0,0,0,0,
Kolkata Knight Riders,52,50,4,7050a1e7,5fa06777,86dc8f2e,1,0,1,0,
Kolkata Knight Riders,53,50,5,86dc8f2e,5fa06777,7050a1e7,0,0,0,1,caught
Kolkata Knight Riders,54,50,5,33a364a6,5fa06777,7050a1e7,0,0,0,0,
Kolkata Knight Riders,55,50,5,33a364a6,5fa06777,7050a1e7,0,0,0,0,
Kolkata Knight Riders,56,50,5,33a364a6,5fa06777,7050a1e7,0,0,0,0,
Kolkata Knight Riders,57,50,5,7050a1e7,9d80c5e1,33a364a6,0,0,0,0,
Kolkata Knight Riders,58,50,5,7050a1e7,9d80c5e1,33a364a6,0,0,0,0,
Kolkata Knight Riders,59,50,5,7050a1e7,9d80c5e1,33a364a6,0,0,0,0,
Kolkata Knight Riders,60,50,5,7050a1e7,9d80c5e1,33a364a6,0,0,0,0,
Kolkata Knight Riders,61,50,5,7050a1e7,9d80c5e1,33a364a6,0,0,0,0,
Kolkata Knight Riders,62,50,5,7050a1e7,9d80c5e1,33a364a6,0,0,0,0,
Kolkata Knight Riders,63,51,5,33a364a6,5bb5a915,7050a1e7,1,0,1,0,
Kolkata Knight Riders,64,51,5,7050a1e7,5bb5a915,33a364a6,0,0,0,0,
Kolkata Knight Riders,65,52,5,7050a1e7,5bb5a915,33a364a6,0,1,1,0,
Kolkata Knight Riders,66,54,5,33a364a6,5bb5a915,7050a1e7,2,0,2,0,
Kolkata Knight Riders,67,54,5,33a364a6,5bb5a915,7050a1e7,0,0,0,0,
Kolkata Knight Riders,68,54,5,33a364a6,5bb5a915,7050a1e7,0,0,0,0,
Kolkata Knight Riders,69,54,5,7050a1e7,9d80c5e1,33a364a6,0,0,0,0,
Kolkata Knight Riders,70,54,5,7050a1e7,9d80c5e1,33a364a6,0,0,0,0,
Kolkata Knight Riders,71,54,5,7050a1e7,9d80c5e1,33a364a6,0,0,0,0,
Kolkata Knight Riders,72,55,5,7050a1e7,9d80c5e1,33a364a6,1,0,1,0,
Kolkata Knight Riders,73,56,5,33a364a6,9d80c5e1,7050a1e7,1,0,1,0,
Kolkata Knight Riders,74,60,5,7050a1e7,9d80c5e1,33a364a6,4,0,4,0,
Kolkata Knight Riders,75,60,5,33a364a6,5fa06777,7050a1e7,0,0,0,0,
Kolkata Knight Riders,76,61,5,33a364a6,5fa06777,7050a1e7,1,0,1,0,
Kolkata Knight Riders,77,62,5,7050a1e7,5fa06777,33a364a6,1,0,1,0,
Kolkata Knight Riders,78,63,5,33a364a6,5fa06777,7050a1e7,1,0,1,0,
Kolkata Knight Riders,79,64,5,7050a1e7,5fa06777,33a364a6,0,1,1,0,
Kolkata Knight Riders,80,65,5,7050a1e7,5fa06777,33a364a6,1,0,1,0,
Kolkata Knight Riders,81,65,5,33a364a6,5fa06777,7050a1e7,0,0,0,0,
Kolkata Knight Riders,82,66,5,7050a1e7,9d80c5e1,33a364a6,0,1,1,0,
Kolkata Knight Riders,83,67,5,33a364a6,9d80c5e1,7050a1e7,1,0,1,0,
Kolkata Knight Riders,84,68,5,7050a1e7,9d80c5e1,33a364a6,1,0,1,0,
Kolkata Knight Riders,85,69,5,33a364a6,9d80c5e1,7050a1e7,1,0,1,0,
Kolkata Knight Riders,86,75,5,7050a1e7,9d80c5e1,33a364a6,6,0,6,0,
Kolkata Knight Riders,87,76,5,7050a1e7,9d80c5e1,33a364a6,1,0,1,0,
Kolkata Knight Riders,88,77,5,7050a1e7,5bb5a915,33a364a6,1,0,1,0,
Kolkata Knight Riders,89,77,5,33a364a6,5bb5a915,7050a1e7,0,0,0,0,
Kolkata Knight Riders,90,77,5,33a364a6,5bb5a915,7050a1e7,0,0,0,0,
Kolkata Knight Riders,91,77,5,33a364a6,5bb5a915,7050a1e7,0,0,0,0,
Kolkata Knight Riders,92,79,5,33a364a6,5bb5a915,7050a1e7,2,0,2,0,
Kolkata Knight Riders,93,83,5,33a364a6,5bb5a915,7050a1e7,4,0,4,0,
Kolkata Knight Riders,94,84,5,7050a1e7,96fd40ae,33a364a6,0,1,1,0,
Kolkata Knight Riders,95,84,5,7050a1e7,96fd40ae,33a364a6,0,0,0,0,
Kolkata Knight Riders,96,84,6,7050a1e7,96fd40ae,33a364a6,0,0,0,1,caught
Kolkata Knight Riders,97,85,6,287686fd,96fd40ae,33a364a6,1,0,1,0,
Kolkata Knight Riders,98,86,6,33a364a6,96fd40ae,287686fd,1,0,1,0,
Kolkata Knight Riders,99,90,6,287686fd,96fd40ae,33a364a6,4,0,4,0,
Kolkata Knight Riders,100,91,6,287686fd,96fd40ae,33a364a6,1,0,1,0,
Kolkata Knight Riders,101,95,6,287686fd,cc1e8c68,33a364a6,4,0,4,0,
Kolkata Knight Riders,102,99,6,287686fd,cc1e8c68,33a364a6,4,0,4,0,
Kolkata Knight Riders,103,100,6,287686fd,cc1e8c68,33a364a6,1,0,1,0,
Kolkata Knight Riders,104,102,6,33a364a6,cc1e8c68,287686fd,2,0,2,0,
Kolkata Knight Riders,105,105,6,33a364a6,cc1e8c68,287686fd,3,0,3,0,
Kolkata Knight Riders,106,106,6,287686fd,cc1e8c68,33a364a6,1,0,1,0,
Kolkata Knight Riders,107,106,6,287686fd,5bb5a915,33a364a6,0,0,0,0,
Kolkata Knight Riders,108,106,6,287686fd,5bb5a915,33a364a6,0,0,0,0,
Kolkata Knight Riders,109,108,6,287686fd,5bb5a915,33a364a6,2,0,2,0,
Kolkata Knight Riders,110,108,6,287686fd,5bb5a915,33a364a6,0,0,0,0,
Kolkata Knight Riders,111,108,6,287686fd,5bb5a915,33a364a6,0,0,0,0,
Kolkata Knight Riders,112,109,6,287686fd,5bb5a915,33a364a6,0,1,1,0,
Kolkata Knight Riders,113,110,6,287686fd,5bb5a915,33a364a6,1,0,1,0,
Kolkata Knight Riders,114,114,6,287686fd,cc1e8c68,33a364a6,4,0,4,0,
Kolkata Knight Riders,115,114,7,287686fd,cc1e8c68,33a364a6,0,0,0,1,caught
Kolkata Knight Riders,116,115,7,33a364a6,cc1e8c68,dd09ff8e,1,0,1,0,
Kolkata Knight Riders,117,116,7,dd09ff8e,cc1e8c68,33a364a6,1,0,1,0,
Kolkata Knight Riders,118,116,7,33a364a6,cc1e8c68,dd09ff8e,0,0,0,0,
Kolkata Knight Riders,119,120,7,33a364a6,cc1e8c68,dd09ff8e,4,0,4,0,
Kolkata Knight Riders,120,121,7,dd09ff8e,96fd40ae,33a364a6,1,0,1,0,
Kolkata Knight Riders,121,122,7,33a364a6,96fd40ae,dd09ff8e,1,0,1,0,
Kolkata Knight Riders,122,128,7,dd09ff8e,96fd40ae,33a364a6,6,0,6,0,
Kolkata Knight Riders,123,128,7,dd09ff8e,96fd40ae,33a364a6,0,0,0,0,
Kolkata Knight Riders,124,134,7,dd09ff8e,96fd40ae,33a364a6,6,0,6,0,
Kolkata Knight Riders,125,136,7,dd09ff8e,96fd40ae,33a364a6,2,0,2,0,
Delhi Daredevils,1,0,0,d18f9182,dd09ff8e,8ba8195d,0,0,0,0,
Delhi Daredevils,2,1,0,d18f9182,dd09ff8e,8ba8195d,0,1,1,0,
Delhi Daredevils,3,2,0,d18f9182,dd09ff8e,8ba8195d,1,0,1,0,
Delhi Daredevils,4,2,0,8ba8195d,dd09ff8e,d18f9182,0,0,0,0,
Delhi Daredevils,5,2,0,8ba8195d,dd09ff8e,d18f9182,0,0,0,0,
Delhi Daredevils,6,3,0,8ba8195d,dd09ff8e,d18f9182,1,0,1,0,
Delhi Daredevils,7,3,0,d18f9182,dd09ff8e,8ba8195d,0,0,0,0,
Delhi Daredevils,8,4,0,8ba8195d,b2b50355,d18f9182,1,0,1,0,
Delhi Daredevils,9,4,0,d18f9182,b2b50355,8ba8195d,0,0,0,0,
Delhi Daredevils,10,6,0,d18f9182,b2b50355,8ba8195d,2,0,2,0,
Delhi Daredevils,11,7,0,d18f9182,b2b50355,8ba8195d,1,0,1,0,
Delhi Daredevils,12,11,0,8ba8195d,b2b50355,d18f9182,4,0,4,0,
Delhi Daredevils,13,12,0,8ba8195d,b2b50355,d18f9182,1,0,1,0,
Delhi Daredevils,14,12,0,8ba8195d,dd09ff8e,d18f9182,0,0,0,0,
Delhi Daredevils,15,12,0,8ba8195d,dd09ff8e,d18f9182,0,0,0,0,
Delhi Daredevils,16,16,0,8ba8195d,dd09ff8e,d18f9182,4,0,4,0,
Delhi Daredevils,17,17,0,8ba8195d,dd09ff8e,d18f9182,1,0,1,0,
Delhi Daredevils,18,18,0,d18f9182,dd09ff8e,8ba8195d,1,0,1,0,
Delhi Daredevils,19,19,0,8ba8195d,dd09ff8e,d18f9182,1,0,1,0,
Delhi Daredevils,20,23,0,8ba8195d,86dc8f2e,d18f9182,4,0,4,0,
Delhi Daredevils,21,23,0,8ba8195d,86dc8f2e,d18f9182,0,0,0,0,
Delhi Daredevils,22,23,0,8ba8195d,86dc8f2e,d18f9182,0,0,0,0,
Delhi Daredevils,23,23,1,8ba8195d,86dc8f2e,d18f9182,0,0,0,1,caught
Delhi Daredevils,24,23,1,0c94f480,86dc8f2e,d18f9182,0,0,0,0,
Delhi Daredevils,25,27,1,0c94f480,86dc8f2e,d18f9182,4,0,4,0,
Delhi Daredevils,26,27,2,d18f9182,b2b50355,0c94f480,0,0,0,1,caught
Delhi Daredevils,27,27,2,dcce6f09,b2b50355,0c94f480,0,0,0,0,
Delhi Daredevils,28,31,2,dcce6f09,b2b50355,0c94f480,4,0,4,0,
Delhi Daredevils,29,32,2,dcce6f09,b2b50355,0c94f480,1,0,1,0,
Delhi Daredevils,30,32,2,0c94f480,b2b50355,dcce6f09,0,0,0,0,
Delhi Daredevils,31,32,2,0c94f480,b2b50355,dcce6f09,0,0,0,0,
Delhi Daredevils,32,32,2,dcce6f09,9d430b40,0c94f480,0,0,0,0,
Delhi Daredevils,33,32,2,dcce6f09,9d430b40,0c94f480,0,0,0,0,
Delhi Daredevils,34,32,2,dcce6f09,9d430b40,0c94f480,0,0,0,0,
Delhi Daredevils,35,33,2,dcce6f09,9d430b40,0c94f480,1,0,1,0,
Delhi Daredevils,36,34,2,0c94f480,9d430b40,dcce6f09,1,0,1,0,
Delhi Daredevils,37,34,2,dcce6f09,9d430b40,0c94f480,0,0,0,0,
Delhi Daredevils,38,34,2,0c94f480,dd09ff8e,dcce6f09,0,0,0,0,
Delhi Daredevils,39,34,2,0c94f480,dd09ff8e,dcce6f09,0,0,0,0,
Delhi Daredevils,40,36,2,0c94f480,dd09ff8e,dcce6f09,2,0,2,0,
Delhi Daredevils,41,36,2,0c94f480,dd09ff8e,dcce6f09,0,0,0,0,
Delhi Daredevils,42,37,2,0c94f480,dd09ff8e,dcce6f09,1,0,1,0,
Delhi Daredevils,43,38,2,dcce6f09,dd09ff8e,0c94f480,1,0,1,0,
Delhi Daredevils,44,39,2,dcce6f09,86dc8f2e,0c94f480,1,0,1,0,
Delhi Daredevils,45,41,2,0c94f480,86dc8f2e,dcce6f09,2,0,2,0,
Delhi Daredevils,46,42,2,0c94f480,86dc8f2e,dcce6f09,1,0,1,0,
Delhi Daredevils,47,48,2,dcce6f09,86dc8f2e,0c94f480,6,0,6,0,
Delhi Daredevils,48,49,2,dcce6f09,86dc8f2e,0c94f480,1,0,1,0,
Delhi Daredevils,49,49,2,0c94f480,86dc8f2e,dcce6f09,0,0,0,0,
Delhi Daredevils,50,50,2,dcce6f09,9d430b40,0c94f480,1,0,1,0,
Delhi Daredevils,51,50,2,0c94f480,9d430b40,dcce6f09,0,0,0,0,
Delhi Daredevils,52,50,2,0c94f480,9d430b40,dcce6f09,0,0,0,0,
Delhi Daredevils,53,50,2,0c94f480,9d430b40,dcce6f09,0,0,0,0,
Delhi Daredevils,54,50,2,0c94f480,9d430b40,dcce6f09,0,0,0,0,
Delhi Daredevils,55,50,2,0c94f480,9d430b40,dcce6f09,0,0,0,0,
Delhi Daredevils,56,50,2,dcce6f09,33a364a6,0c94f480,0,0,0,0,
Delhi Daredevils,57,52,2,dcce6f09,33a364a6,0c94f480,2,0,2,0,
Delhi Daredevils,58,52,2,dcce6f09,33a364a6,0c94f480,0,0,0,0,
Delhi Daredevils,59,52,2,dcce6f09,33a364a6,0c94f480,0,0,0,0,
Delhi Daredevils,60,56,2,dcce6f09,33a364a6,0c94f480,4,0,4,0,
Delhi Daredevils,61,56,2,dcce6f09,33a364a6,0c94f480,0,0,0,0,
Delhi Daredevils,62,57,2,0c94f480,b2b50355,dcce6f09,1,0,1,0,
Delhi Daredevils,63,58,2,dcce6f09,b2b50355,0c94f480,1,0,1,0,
Delhi Daredevils,64,59,2,0c94f480,b2b50355,dcce6f09,1,0,1,0,
Delhi Daredevils,65,61,2,dcce6f09,b2b50355,0c94f480,2,0,2,0,
Delhi Daredevils,66,62,2,dcce6f09,b2b50355,0c94f480,1,0,1,0,
Delhi Daredevils,67,63,2,0c94f480,b2b50355,dcce6f09,1,0,1,0,
Delhi Daredevils,68,63,2,0c94f480,33a364a6,dcce6f09,0,0,0,0,
Delhi Daredevils,69,67,2,0c94f480,33a364a6,dcce6f09,4,0,4,0,
Delhi Daredevils,70,69,2,0c94f480,33a364a6,dcce6f09,2,0,2,0,
Delhi Daredevils,71,70,2,0c94f480,33a364a6,dcce6f09,1,0,1,0,
Delhi Daredevils,72,72,2,dcce6f09,33a364a6,0c94f480,2,0,2,0,
Delhi Daredevils,73,78,2,dcce6f09,33a364a6,0c94f480,6,0,6,0,
Delhi Daredevils,74,78,2,0c94f480,9d430b40,dcce6f09,0,0,0,0,
Delhi Daredevils,75,79,2,0c94f480,9d430b40,dcce6f09,1,0,1,0,
Delhi Daredevils,76,83,2,dcce6f09,9d430b40,0c94f480,4,0,4,0,
Delhi Daredevils,77,83,2,dcce6f09,9d430b40,0c94f480,0,0,0,0,
Delhi Daredevils,78,83,2,dcce6f09,9d430b40,0c94f480,0,0,0,0,
Delhi Daredevils,79,85,2,dcce6f09,9d430b40,0c94f480,2,0,2,0,
Delhi Daredevils,80,89,2,0c94f480,86dc8f2e,dcce6f09,4,0,4,0,
Delhi Daredevils,81,89,2,0c94f480,86dc8f2e,dcce6f09,0,0,0,0,
Delhi Daredevils,82,90,2,0c94f480,86dc8f2e,dcce6f09,0,1,1,0,
Delhi Daredevils,83,91,2,dcce6f09,86dc8f2e,0c94f480,1,0,1,0,
Delhi Daredevils,84,95,2,0c94f480,86dc8f2e,dcce6f09,4,0,4,0,
Delhi Daredevils,85,96,2,0c94f480,86dc8f2e,dcce6f09,1,0,1,0,
Delhi Daredevils,86,97,2,0c94f480,9d430b40,dcce6f09,1,0,1,0,
Delhi Daredevils,87,97,2,dcce6f09,9d430b40,0c94f480,0,0,0,0,
Delhi Daredevils,88,97,2,dcce6f09,9d430b40,0c94f480,0,0,0,0,
Delhi Daredevils,89,98,2,dcce6f09,9d430b40,0c94f480,1,0,1,0,
Delhi Daredevils,90,99,2,0c94f480,9d430b40,dcce6f09,1,0,1,0,
Delhi Daredevils,91,100,2,dcce6f09,9d430b40,0c94f480,1,0,1,0,
Delhi Daredevils,92,104,2,dcce6f09,b2b50355,0c94f480,4,0,4,0,
Delhi Daredevils,93,108,2,dcce6f09,b2b50355,0c94f480,4,0,4,0,
Delhi Daredevils,94,109,2,dcce6f09,b2b50355,0c94f480,1,0,1,0,
Delhi Daredevils,95,111,2,0c94f480,b2b50355,dcce6f09,2,0,2,0,
Delhi Daredevils,96,112,2,0c94f480,b2b50355,dcce6f09,1,0,1,0,
Delhi Daredevils,97,114,2,dcce6f09,b2b50355,0c94f480,2,0,2,0,
Delhi Daredevils,98,114,2,0c94f480,dd09ff8e,dcce6f09,0,0,0,0,
Delhi Daredevils,99,115,2,0c94f480,dd09ff8e,dcce6f09,1,0,1,0,
Delhi Daredevils,100,121,2,dcce6f09,dd09ff8e,0c94f480,6,0,6,0,
Delhi Daredevils,101,122,2,dcce6f09,dd09ff8e,0c94f480,1,0,1,0,
Delhi Daredevils,102,122,3,0c94f480,dd09ff8e,dcce6f09,0,0,0,1,caught
Delhi Daredevils,103,126,3,dcce6f09,dd09ff8e,27af6414,4,0,4,0,
Delhi Daredevils,104,129,3,27af6414,3c6ffae8,dcce6f09,3,0,3,0,
Delhi Daredevils,105,129,3,dcce6f09,3c6ffae8,27af6414,0,0,0,0,
Delhi Daredevils,106,130,3,dcce6f09,3c6ffae8,27af6414,1,0,1,0,
Delhi Daredevils,107,136,3,27af6414,3c6ffae8,dcce6f09,6,0,6,0,
Delhi Daredevils,108,137,3,27af6414,3c6ffae8,dcce6f09,1,0,1,0,
