batting_team,ball_number,total_team_runs,total_team_wickets,striker_ID,bowler_ID,nonstriker_ID,batter_runs,extras_runs,total_delivery_runs,wicket,wicket_type
Chennai Super Kings,1,0,0,48fd7349,8fd1a8f5,4b57e452,0,0,0,0,
Chennai Super Kings,2,0,0,48fd7349,8fd1a8f5,4b57e452,0,0,0,0,
Chennai Super Kings,3,0,0,48fd7349,8fd1a8f5,4b57e452,0,0,0,0,
Chennai Super Kings,4,0,0,48fd7349,8fd1a8f5,4b57e452,0,0,0,0,
Chennai Super Kings,5,0,0,48fd7349,8fd1a8f5,4b57e452,0,0,0,0,
Chennai Super Kings,6,0,0,48fd7349,8fd1a8f5,4b57e452,0,0,0,0,
Chennai Super Kings,7,0,0,4b57e452,5bb1a1c4,48fd7349,0,0,0,0,
Chennai Super Kings,8,0,0,4b57e452,5bb1a1c4,48fd7349,0,0,0,0,
Chennai Super Kings,9,1,0,4b57e452,5bb1a1c4,48fd7349,1,0,1,0,
Chennai Super Kings,10,2,0,48fd7349,5bb1a1c4,4b57e452,0,1,1,0,
Chennai Super Kings,11,6,0,48fd7349,5bb1a1c4,4b57e452,4,0,4,0,
Chennai Super Kings,12,10,0,48fd7349,5bb1a1c4,4b57e452,4,0,4,0,
Chennai Super Kings,13,11,0,48fd7349,5bb1a1c4,4b57e452,1,0,1,0,
Chennai Super Kings,14,12,0,48fd7349,8fd1a8f5,4b57e452,1,0,1,0,
Chennai Super Kings,15,12,0,4b57e452,8fd1a8f5,48fd7349,0,0,0,0,
Chennai Super Kings,16,12,0,4b57e452,8fd1a8f5,48fd7349,0,0,0,0,
Chennai Super Kings,17,12,0,4b57e452,8fd1a8f5,48fd7349,0,0,0,0,
Chennai Super Kings,18,12,0,4b57e452,8fd1a8f5,48fd7349,0,0,0,0,
Chennai Super Kings,19,13,0,4b57e452,8fd1a8f5,48fd7349,1,0,1,0,
Chennai Super Kings,20,17,0,4b57e452,0f12f9df,48fd7349,4,0,4,0,
Chennai Super Kings,21,21,0,4b57e452,0f12f9df,48fd7349,4,0,4,0,
Chennai Super Kings,22,21,0,4b57e452,0f12f9df,48fd7349,0,0,0,0,
Chennai Super Kings,23,21,0,4b57e452,0f12f9df,48fd7349,0,0,0,0,
Chennai Super Kings,24,22,0,4b57e452,0f12f9df,48fd7349,1,0,1,0,
Chennai Super Kings,25,26,0,48fd7349,0f12f9df,4b57e452,4,0,4,0,
Chennai Super Kings,26,26,0,4b57e452,5bb1a1c4,48fd7349,0,0,0,0,
Chennai Super Kings,27,26,0,4b57e452,5bb1a1c4,48fd7349,0,0,0,0,
Chennai Super Kings,28,32,0,4b57e452,5bb1a1c4,48fd7349,6,0,6,0,
Chennai Super Kings,29,38,0,4b57e452,5bb1a1c4,48fd7349,6,0,6,0,
Chennai Super Kings,30,44,0,4b57e452,5bb1a1c4,48fd7349,6,0,6,0,
Chennai Super Kings,31,44,0,4b57e452,5bb1a1c4,48fd7349,0,0,0,0,
Chennai Super Kings,32,45,0,48fd7349,0f12f9df,4b57e452,1,0,1,0,
Chennai Super Kings,33,45,1,4b57e452,0f12f9df,48fd7349,0,0,0,1,caught
Chennai Super Kings,34,45,1,1dc12ab9,0f12f9df,48fd7349,0,0,0,0,
Chennai Super Kings,35,48,1,1dc12ab9,0f12f9df,48fd7349,3,0,3,0,
Chennai Super Kings,36,49,1,48fd7349,0f12f9df,1dc12ab9,1,0,1,0,
Chennai Super Kings,37,50,1,1dc12ab9,0f12f9df,48fd7349,1,0,1,0,
Chennai Super Kings,38,51,1,1dc12ab9,119678fd,48fd7349,1,0,1,0,
Chennai Super Kings,39,52,1,48fd7349,119678fd,1dc12ab9,1,0,1,0,
Chennai Super Kings,40,53,1,1dc12ab9,119678fd,48fd7349,1,0,1,0,
Chennai Super Kings,41,54,1,48fd7349,119678fd,1dc12ab9,1,0,1,0,
Chennai Super Kings,42,54,1,1dc12ab9,119678fd,48fd7349,0,0,0,0,
Chennai Super Kings,43,55,1,1dc12ab9,119678fd,48fd7349,1,0,1,0,
Chennai Super Kings,44,56,1,1dc12ab9,6b19d823,48fd7349,1,0,1,0,
Chennai Super Kings,45,60,1,48fd7349,6b19d823,1dc12ab9,4,0,4,0,
Chennai Super Kings,46,61,1,48fd7349,6b19d823,1dc12ab9,1,0,1,0,
Chennai Super Kings,47,65,1,1dc12ab9,6b19d823,48fd7349,4,0,4,0,
Chennai Super Kings,48,65,1,1dc12ab9,6b19d823,48fd7349,0,0,0,0,
Chennai Super Kings,49,65,1,1dc12ab9,6b19d823,48fd7349,0,0,0,0,
Chennai Super Kings,50,66,1,48fd7349,119678fd,1dc12ab9,0,1,1,0,
Chennai Super Kings,51,72,1,48fd7349,119678fd,1dc12ab9,6,0,6,0,
Chennai Super Kings,52,72,1,48fd7349,119678fd,1dc12ab9,0,0,0,0,
Chennai Super Kings,53,72,1,48fd7349,119678fd,1dc12ab9,0,0,0,0,
Chennai Super Kings,54,72,1,48fd7349,119678fd,1dc12ab9,0,0,0,0,
Chennai Super Kings,55,73,1,48fd7349,119678fd,1dc12ab9,1,0,1,0,
Chennai Super Kings,56,79,1,1dc12ab9,119678fd,48fd7349,6,0,6,0,
Chennai Super Kings,57,80,1,48fd7349,5bb1a1c4,1dc12ab9,1,0,1,0,
Chennai Super Kings,58,81,1,1dc12ab9,5bb1a1c4,48fd7349,1,0,1,0,
Chennai Super Kings,59,82,1,48fd7349,5bb1a1c4,1dc12ab9,1,0,1,0,
Chennai Super Kings,60,83,1,1dc12ab9,5bb1a1c4,48fd7349,1,0,1,0,
Chennai Super Kings,61,85,1,48fd7349,5bb1a1c4,1dc12ab9,2,0,2,0,
Chennai Super Kings,62,91,1,48fd7349,5bb1a1c4,1dc12ab9,6,0,6,0,
Chennai Super Kings,63,91,1,1dc12ab9,c03c6200,48fd7349,0,0,0,0,
Chennai Super Kings,64,92,1,1dc12ab9,c03c6200,48fd7349,1,0,1,0,
Chennai Super Kings,65,93,1,48fd7349,c03c6200,1dc12ab9,1,0,1,0,
Chennai Super Kings,66,97,1,1dc12ab9,c03c6200,48fd7349,4,0,4,0,
Chennai Super Kings,67,98,1,1dc12ab9,c03c6200,48fd7349,1,0,1,0,
Chennai Super Kings,68,104,1,48fd7349,c03c6200,1dc12ab9,6,0,6,0,
Chennai Super Kings,69,105,1,1dc12ab9,6b19d823,48fd7349,1,0,1,0,
Chennai Super Kings,70,106,1,48fd7349,6b19d823,1dc12ab9,1,0,1,0,
Chennai Super Kings,71,108,1,1dc12ab9,6b19d823,48fd7349,2,0,2,0,
Chennai Super Kings,72,109,1,1dc12ab9,6b19d823,48fd7349,1,0,1,0,
Chennai Super Kings,73,110,1,48fd7349,6b19d823,1dc12ab9,1,0,1,0,
Chennai Super Kings,74,111,1,1dc12ab9,6b19d823,48fd7349,1,0,1,0,
Chennai Super Kings,75,112,1,1dc12ab9,8fd1a8f5,48fd7349,1,0,1,0,
Chennai Super Kings,76,112,1,48fd7349,8fd1a8f5,1dc12ab9,0,0,0,0,
Chennai Super Kings,77,113,1,48fd7349,8fd1a8f5,1dc12ab9,1,0,1,0,
Chennai Super Kings,78,114,1,1dc12ab9,8fd1a8f5,48fd7349,1,0,1,0,
Chennai Super Kings,79,115,1,48fd7349,8fd1a8f5,1dc12ab9,1,0,1,0,
Chennai Super Kings,80,116,1,1dc12ab9,8fd1a8f5,48fd7349,1,0,1,0,
Chennai Super Kings,81,117,1,1dc12ab9,6b19d823,48fd7349,1,0,1,0,
Chennai Super Kings,82,117,1,48fd7349,6b19d823,1dc12ab9,0,0,0,0,
Chennai Super Kings,83,118,1,48fd7349,6b19d823,1dc12ab9,1,0,1,0,
Chennai Super Kings,84,119,1,1dc12ab9,6b19d823,48fd7349,1,0,1,0,
Chennai Super Kings,85,121,1,48fd7349,6b19d823,1dc12ab9,1,1,2,0,
Chennai Super Kings,86,123,1,1dc12ab9,6b19d823,48fd7349,2,0,2,0,
Chennai Super Kings,87,124,1,1dc12ab9,6b19d823,48fd7349,1,0,1,0,
Chennai Super Kings,88,125,1,1dc12ab9,0f12f9df,48fd7349,1,0,1,0,
Chennai Super Kings,89,129,1,48fd7349,0f12f9df,1dc12ab9,4,0,4,0,
Chennai Super Kings,90,130,1,48fd7349,0f12f9df,1dc12ab9,1,0,1,0,
Chennai Super Kings,91,132,1,1dc12ab9,0f12f9df,48fd7349,0,2,2,0,
Chennai Super Kings,92,132,1,1dc12ab9,0f12f9df,48fd7349,0,0,0,0,
Chennai Super Kings,93,136,1,1dc12ab9,0f12f9df,48fd7349,4,0,4,0,
Chennai Super Kings,94,137,1,48fd7349,6b19d823,1dc12ab9,1,0,1,0,
Chennai Super Kings,95,141,1,1dc12ab9,6b19d823,48fd7349,4,0,4,0,
Chennai Super Kings,96,143,1,1dc12ab9,6b19d823,48fd7349,2,0,2,0,
Chennai Super Kings,97,144,1,1dc12ab9,6b19d823,48fd7349,1,0,1,0,
Chennai Super Kings,98,146,1,48fd7349,6b19d823,1dc12ab9,2,0,2,0,
Chennai Super Kings,99,152,1,48fd7349,6b19d823,1dc12ab9,6,0,6,0,
Chennai Super Kings,100,153,1,1dc12ab9,5bb1a1c4,48fd7349,0,1,1,0,
Chennai Super Kings,101,157,1,1dc12ab9,5bb1a1c4,48fd7349,4,0,4,0,
Chennai Super Kings,102,158,1,1dc12ab9,5bb1a1c4,48fd7349,0,1,1,0,
Chennai Super Kings,103,164,1,1dc12ab9,5bb1a1c4,48fd7349,6,0,6,0,
Chennai Super Kings,104,168,1,1dc12ab9,5bb1a1c4,48fd7349,4,0,4,0,
Chennai Super Kings,105,172,1,1dc12ab9,5bb1a1c4,48fd7349,4,0,4,0,
Chennai Super Kings,106,176,1,1dc12ab9,5bb1a1c4,48fd7349,4,0,4,0,
Chennai Super Kings,107,177,1,1dc12ab9,5bb1a1c4,48fd7349,1,0,1,0,
Chennai Super Kings,108,178,1,1dc12ab9,0f12f9df,48fd7349,1,0,1,0,
Chennai Super Kings,109,178,2,48fd7349,0f12f9df,1dc12ab9,0,0,0,1,bowled
Chennai Super Kings,110,181,2,4a8a2e3b,0f12f9df,1dc12ab9,2,1,3,0,
Chennai Super Kings,111,183,2,4a8a2e3b,0f12f9df,1dc12ab9,2,0,2,0,
Chennai Super Kings,112,183,3,4a8a2e3b,0f12f9df,1dc12ab9,0,0,0,1,caught
Chennai Super Kings,113,187,3,1dc12ab9,0f12f9df,fe93fd9d,4,0,4,0,
Chennai Super Kings,114,193,3,1dc12ab9,0f12f9df,fe93fd9d,6,0,6,0,
Chennai Super Kings,115,193,3,fe93fd9d,8fd1a8f5,1dc12ab9,0,0,0,0,
Chennai Super Kings,116,197,3,fe93fd9d,8fd1a8f5,1dc12ab9,4,0,4,0,
Chennai Super Kings,117,201,3,fe93fd9d,8fd1a8f5,1dc12ab9,4,0,4,0,
Chennai Super Kings,118,202,3,fe93fd9d,8fd1a8f5,1dc12ab9,1,0,1,0,
Chennai Super Kings,119,202,3,1dc12ab9,8fd1a8f5,fe93fd9d,0,0,0,0,
Chennai Super Kings,120,203,3,1dc12ab9,8fd1a8f5,fe93fd9d,1,0,1,0,
Chennai Super Kings,121,207,3,1dc12ab9,c03c6200,fe93fd9d,4,0,4,0,
Chennai Super Kings,122,208,3,1dc12ab9,c03c6200,fe93fd9d,0,1,1,0,
Chennai Super Kings,123,210,3,1dc12ab9,c03c6200,fe93fd9d,2,0,2,0,
Chennai Super Kings,124,211,3,1dc12ab9,c03c6200,fe93fd9d,1,0,1,0,
Chennai Super Kings,125,215,3,fe93fd9d,c03c6200,1dc12ab9,4,0,4,0,
Chennai Super Kings,126,216,3,fe93fd9d,c03c6200,1dc12ab9,1,0,1,0,
Chennai Super Kings,127,219,3,1dc12ab9,c03c6200,fe93fd9d,2,1,3,0,
Chennai Super Kings,128,223,3,1dc12ab9,c03c6200,fe93fd9d,4,0,4,0,
Sunrisers Hyderabad,1,4,0,b5da6c24,759ac88f,0a476045,4,0,4,0,
Sunrisers Hyderabad,2,4,0,b5da6c24,759ac88f,0a476045,0,0,0,0,
Sunrisers Hyderabad,3,4,0,b5da6c24,759ac88f,0a476045,0,0,0,0,
Sunrisers Hyderabad,4,4,0,b5da6c24,759ac88f,0a476045,0,0,0,0,
Sunrisers Hyderabad,5,4,0,b5da6c24,759ac88f,0a476045,0,0,0,0,
Sunrisers Hyderabad,6,4,0,b5da6c24,759ac88f,0a476045,0,0,0,0,
Sunrisers Hyderabad,7,6,0,0a476045,0f721006,b5da6c24,2,0,2,0,
Sunrisers Hyderabad,8,6,0,0a476045,0f721006,b5da6c24,0,0,0,0,
Sunrisers Hyderabad,9,7,0,0a476045,0f721006,b5da6c24,1,0,1,0,
Sunrisers Hyderabad,10,11,0,b5da6c24,0f721006,0a476045,4,0,4,0,
Sunrisers Hyderabad,11,11,1,b5da6c24,0f721006,0a476045,0,0,0,1,run out
Sunrisers Hyderabad,12,11,1,6b71e6cf,0f721006,b5da6c24,0,0,0,0,
Sunrisers Hyderabad,13,15,1,b5da6c24,759ac88f,6b71e6cf,4,0,4,0,
Sunrisers Hyderabad,14,16,1,b5da6c24,759ac88f,6b71e6cf,1,0,1,0,
Sunrisers Hyderabad,15,16,1,6b71e6cf,759ac88f,b5da6c24,0,0,0,0,
Sunrisers Hyderabad,16,17,1,6b71e6cf,759ac88f,b5da6c24,0,1,1,0,
Sunrisers Hyderabad,17,18,1,6b71e6cf,759ac88f,b5da6c24,1,0,1,0,
Sunrisers Hyderabad,18,20,1,b5da6c24,759ac88f,6b71e6cf,2,0,2,0,
Sunrisers Hyderabad,19,24,1,b5da6c24,759ac88f,6b71e6cf,4,0,4,0,
Sunrisers Hyderabad,20,24,1,6b71e6cf,495d42a5,b5da6c24,0,0,0,0,
Sunrisers Hyderabad,21,25,1,6b71e6cf,495d42a5,b5da6c24,1,0,1,0,
Sunrisers Hyderabad,22,26,1,b5da6c24,495d42a5,6b71e6cf,0,1,1,0,
Sunrisers Hyderabad,23,26,1,b5da6c24,495d42a5,6b71e6cf,0,0,0,0,
Sunrisers Hyderabad,24,27,1,b5da6c24,495d42a5,6b71e6cf,1,0,1,0,
Sunrisers Hyderabad,25,28,1,6b71e6cf,495d42a5,b5da6c24,1,0,1,0,
Sunrisers Hyderabad,26,29,1,b5da6c24,495d42a5,6b71e6cf,1,0,1,0,
Sunrisers Hyderabad,27,33,1,b5da6c24,0f721006,6b71e6cf,4,0,4,0,
Sunrisers Hyderabad,28,33,1,b5da6c24,0f721006,6b71e6cf,0,0,0,0,
Sunrisers Hyderabad,29,37,1,b5da6c24,0f721006,6b71e6cf,4,0,4,0,
Sunrisers Hyderabad,30,38,1,b5da6c24,0f721006,6b71e6cf,0,1,1,0,
Sunrisers Hyderabad,31,44,1,b5da6c24,0f721006,6b71e6cf,6,0,6,0,
Sunrisers Hyderabad,32,44,1,b5da6c24,0f721006,6b71e6cf,0,0,0,0,
Sunrisers Hyderabad,33,46,1,b5da6c24,0f721006,6b71e6cf,2,0,2,0,
Sunrisers Hyderabad,34,46,1,6b71e6cf,495d42a5,b5da6c24,0,0,0,0,
Sunrisers Hyderabad,35,46,1,6b71e6cf,495d42a5,b5da6c24,0,0,0,0,
Sunrisers Hyderabad,36,46,2,6b71e6cf,495d42a5,b5da6c24,0,0,0,1,caught
Sunrisers Hyderabad,37,47,2,b5da6c24,495d42a5,94253925,1,0,1,0,
Sunrisers Hyderabad,38,48,2,94253925,495d42a5,b5da6c24,1,0,1,0,
Sunrisers Hyderabad,39,49,2,b5da6c24,495d42a5,94253925,1,0,1,0,
Sunrisers Hyderabad,40,50,2,b5da6c24,759ac88f,94253925,1,0,1,0,
Sunrisers Hyderabad,41,50,2,94253925,759ac88f,b5da6c24,0,0,0,0,
Sunrisers Hyderabad,42,50,2,94253925,759ac88f,b5da6c24,0,0,0,0,
Sunrisers Hyderabad,43,51,2,94253925,759ac88f,b5da6c24,1,0,1,0,
Sunrisers Hyderabad,44,52,2,b5da6c24,759ac88f,94253925,1,0,1,0,
Sunrisers Hyderabad,45,52,2,94253925,759ac88f,b5da6c24,0,0,0,0,
Sunrisers Hyderabad,46,53,2,b5da6c24,1dc12ab9,94253925,1,0,1,0,
Sunrisers Hyderabad,47,53,2,94253925,1dc12ab9,b5da6c24,0,0,0,0,
Sunrisers Hyderabad,48,54,2,94253925,1dc12ab9,b5da6c24,1,0,1,0,
Sunrisers Hyderabad,49,55,2,b5da6c24,1dc12ab9,94253925,1,0,1,0,
Sunrisers Hyderabad,50,55,3,94253925,1dc12ab9,b5da6c24,0,0,0,1,caught
Sunrisers Hyderabad,51,56,3,c03c6200,1dc12ab9,b5da6c24,1,0,1,0,
Sunrisers Hyderabad,52,62,3,c03c6200,759ac88f,b5da6c24,6,0,6,0,
Sunrisers Hyderabad,53,62,4,c03c6200,759ac88f,b5da6c24,0,0,0,1,caught
Sunrisers Hyderabad,54,63,4,b5da6c24,759ac88f,0f12f9df,1,0,1,0,
Sunrisers Hyderabad,55,64,4,0f12f9df,759ac88f,b5da6c24,1,0,1,0,
Sunrisers Hyderabad,56,64,4,b5da6c24,759ac88f,0f12f9df,0,0,0,0,
Sunrisers Hyderabad,57,64,5,b5da6c24,759ac88f,0f12f9df,0,0,0,1,caught
Sunrisers Hyderabad,58,65,5,0f12f9df,495d42a5,119678fd,1,0,1,0,
Sunrisers Hyderabad,59,69,5,119678fd,495d42a5,0f12f9df,4,0,4,0,
Sunrisers Hyderabad,60,69,5,119678fd,495d42a5,0f12f9df,0,0,0,0,
Sunrisers Hyderabad,61,73,5,119678fd,495d42a5,0f12f9df,4,0,4,0,
Sunrisers Hyderabad,62,74,5,119678fd,495d42a5,0f12f9df,1,0,1,0,
Sunrisers Hyderabad,63,75,5,0f12f9df,495d42a5,119678fd,1,0,1,0,
Sunrisers Hyderabad,64,76,5,0f12f9df,fb66ce1f,119678fd,1,0,1,0,
Sunrisers Hyderabad,65,76,5,119678fd,fb66ce1f,0f12f9df,0,0,0,0,
Sunrisers Hyderabad,66,77,5,119678fd,fb66ce1f,0f12f9df,1,0,1,0,
Sunrisers Hyderabad,67,81,5,0f12f9df,fb66ce1f,119678fd,4,0,4,0,
Sunrisers Hyderabad,68,87,5,0f12f9df,fb66ce1f,119678fd,6,0,6,0,
Sunrisers Hyderabad,69,87,5,0f12f9df,fb66ce1f,119678fd,0,0,0,0,
Sunrisers Hyderabad,70,88,5,119678fd,495d42a5,0f12f9df,1,0,1,0,
Sunrisers Hyderabad,71,89,5,0f12f9df,495d42a5,119678fd,1,0,1,0,
Sunrisers Hyderabad,72,89,5,119678fd,495d42a5,0f12f9df,0,0,0,0,
Sunrisers Hyderabad,73,90,5,119678fd,495d42a5,0f12f9df,1,0,1,0,
Sunrisers Hyderabad,74,90,5,0f12f9df,495d42a5,119678fd,0,0,0,0,
Sunrisers Hyderabad,75,91,5,0f12f9df,495d42a5,119678fd,1,0,1,0,
Sunrisers Hyderabad,76,92,5,0f12f9df,87e562a9,119678fd,1,0,1,0,
Sunrisers Hyderabad,77,92,5,119678fd,87e562a9,0f12f9df,0,0,0,0,
Sunrisers Hyderabad,78,93,5,119678fd,87e562a9,0f12f9df,1,0,1,0,
Sunrisers Hyderabad,79,99,5,0f12f9df,87e562a9,119678fd,6,0,6,0,
Sunrisers Hyderabad,80,99,6,0f12f9df,87e562a9,119678fd,0,0,0,1,caught
Sunrisers Hyderabad,81,100,6,119678fd,87e562a9,6b19d823,1,0,1,0,
Sunrisers Hyderabad,82,101,6,119678fd,0f721006,6b19d823,1,0,1,0,
Sunrisers Hyderabad,83,101,6,6b19d823,0f721006,119678fd,0,0,0,0,
Sunrisers Hyderabad,84,101,6,6b19d823,0f721006,119678fd,0,0,0,0,
Sunrisers Hyderabad,85,101,6,6b19d823,0f721006,119678fd,0,0,0,0,
Sunrisers Hyderabad,86,103,6,6b19d823,0f721006,119678fd,2,0,2,0,
Sunrisers Hyderabad,87,104,6,6b19d823,0f721006,119678fd,1,0,1,0,
Sunrisers Hyderabad,88,105,6,6b19d823,87e562a9,119678fd,1,0,1,0,
Sunrisers Hyderabad,89,105,6,119678fd,87e562a9,6b19d823,0,0,0,0,
Sunrisers Hyderabad,90,105,6,119678fd,87e562a9,6b19d823,0,0,0,0,
Sunrisers Hyderabad,91,107,6,119678fd,87e562a9,6b19d823,2,0,2,0,
Sunrisers Hyderabad,92,108,6,119678fd,87e562a9,6b19d823,1,0,1,0,
Sunrisers Hyderabad,93,109,6,6b19d823,87e562a9,119678fd,1,0,1,0,
Sunrisers Hyderabad,94,110,6,6b19d823,fe93fd9d,119678fd,1,0,1,0,
Sunrisers Hyderabad,95,110,7,119678fd,fe93fd9d,6b19d823,0,0,0,1,run out
Sunrisers Hyderabad,96,110,7,119678fd,fe93fd9d,8fd1a8f5,0,0,0,0,
Sunrisers Hyderabad,97,111,7,119678fd,fe93fd9d,8fd1a8f5,1,0,1,0,
Sunrisers Hyderabad,98,111,7,8fd1a8f5,fe93fd9d,119678fd,0,0,0,0,
Sunrisers Hyderabad,99,111,7,8fd1a8f5,fe93fd9d,119678fd,0,0,0,0,
Sunrisers Hyderabad,100,112,7,119678fd,87e562a9,8fd1a8f5,1,0,1,0,
Sunrisers Hyderabad,101,112,7,8fd1a8f5,87e562a9,119678fd,0,0,0,0,
Sunrisers Hyderabad,102,113,7,8fd1a8f5,87e562a9,119678fd,1,0,1,0,
Sunrisers Hyderabad,103,113,7,119678fd,87e562a9,8fd1a8f5,0,0,0,0,
Sunrisers Hyderabad,104,113,7,119678fd,87e562a9,8fd1a8f5,0,0,0,0,
Sunrisers Hyderabad,105,115,7,119678fd,87e562a9,8fd1a8f5,2,0,2,0,
Sunrisers Hyderabad,106,115,7,8fd1a8f5,fe93fd9d,119678fd,0,0,0,0,
Sunrisers Hyderabad,107,116,7,8fd1a8f5,fe93fd9d,119678fd,1,0,1,0,
Sunrisers Hyderabad,108,116,7,119678fd,fe93fd9d,8fd1a8f5,0,0,0,0,
Sunrisers Hyderabad,109,122,7,119678fd,fe93fd9d,8fd1a8f5,6,0,6,0,
Sunrisers Hyderabad,110,126,7,119678fd,fe93fd9d,8fd1a8f5,4,0,4,0,
Sunrisers Hyderabad,111,127,7,119678fd,fe93fd9d,8fd1a8f5,1,0,1,0,
Sunrisers Hyderabad,112,128,7,119678fd,87e562a9,8fd1a8f5,1,0,1,0,
Sunrisers Hyderabad,113,129,7,8fd1a8f5,87e562a9,119678fd,1,0,1,0,
Sunrisers Hyderabad,114,130,7,119678fd,87e562a9,8fd1a8f5,1,0,1,0,
Sunrisers Hyderabad,115,130,7,8fd1a8f5,87e562a9,119678fd,0,0,0,0,
Sunrisers Hyderabad,116,130,7,8fd1a8f5,87e562a9,119678fd,0,0,0,0,
Sunrisers Hyderabad,117,134,7,8fd1a8f5,87e562a9,119678fd,4,0,4,0,
Sunrisers Hyderabad,118,135,7,119678fd,fb66ce1f,8fd1a8f5,1,0,1,0,
Sunrisers Hyderabad,119,136,7,8fd1a8f5,fb66ce1f,119678fd,1,0,1,0,
Sunrisers Hyderabad,120,137,7,119678fd,fb66ce1f,8fd1a8f5,1,0,1,0,
Sunrisers Hyderabad,121,143,7,8fd1a8f5,fb66ce1f,119678fd,6,0,6,0,
Sunrisers Hyderabad,122,143,8,8fd1a8f5,fb66ce1f,119678fd,0,0,0,1,caught
Sunrisers Hyderabad,123,144,8,119678fd,fb66ce1f,5bb1a1c4,0,1,1,0,
Sunrisers Hyderabad,124,146,8,119678fd,fb66ce1f,5bb1a1c4,2,0,2,0,
