batting_team,ball_number,total_team_runs,total_team_wickets,striker_ID,bowler_ID,nonstriker_ID,batter_runs,extras_runs,total_delivery_runs,wicket,wicket_type
Barbados Tridents,1,0,0,35205dfc,cfe70281,d7725664,0,0,0,0,
Barbados Tridents,2,0,0,35205dfc,cfe70281,d7725664,0,0,0,0,
Barbados Tridents,3,0,0,35205dfc,cfe70281,d7725664,0,0,0,0,
Barbados Tridents,4,0,0,35205dfc,cfe70281,d7725664,0,0,0,0,
Barbados Tridents,5,0,0,35205dfc,cfe70281,d7725664,0,0,0,0,
Barbados Tridents,6,1,0,35205dfc,cfe70281,d7725664,1,0,1,0,
Barbados Tridents,7,1,1,35205dfc,e0557f7f,d7725664,0,0,0,1,lbw
Barbados Tridents,8,5,1,0f721006,e0557f7f,d7725664,4,0,4,0,
Barbados Tridents,9,5,1,0f721006,e0557f7f,d7725664,0,0,0,0,
Barbados Tridents,10,5,1,0f721006,e0557f7f,d7725664,0,0,0,0,
Barbados Tridents,11,6,1,0f721006,e0557f7f,d7725664,1,0,1,0,
Barbados Tridents,12,6,1,d7725664,e0557f7f,0f721006,0,0,0,0,
Barbados Tridents,13,6,2,0f721006,cfe70281,d7725664,0,0,0,1,caught
Barbados Tridents,14,6,2,64c34cd0,cfe70281,d7725664,0,0,0,0,
Barbados Tridents,15,6,2,64c34cd0,cfe70281,d7725664,0,0,0,0,
Barbados Tridents,16,7,2,64c34cd0,cfe70281,d7725664,1,0,1,0,
Barbados Tridents,17,11,2,d7725664,cfe70281,64c34cd0,0,4,4,0,
Barbados Tridents,18,13,2,d7725664,cfe70281,64c34cd0,0,2,2,0,
Barbados Tridents,19,13,2,64c34cd0,e0557f7f,d7725664,0,0,0,0,
Barbados Tridents,20,14,2,64c34cd0,e0557f7f,d7725664,1,0,1,0,
Barbados Tridents,21,18,2,d7725664,e0557f7f,64c34cd0,4,0,4,0,
Barbados Tridents,22,18,2,d7725664,e0557f7f,64c34cd0,0,0,0,0,
Barbados Tridents,23,19,2,d7725664,e0557f7f,64c34cd0,1,0,1,0,
Barbados Tridents,24,20,2,64c34cd0,e0557f7f,d7725664,0,1,1,0,
Barbados Tridents,25,20,2,64c34cd0,e0557f7f,d7725664,0,0,0,0,
Barbados Tridents,26,21,2,d7725664,bbd41817,64c34cd0,1,0,1,0,
Barbados Tridents,27,22,2,64c34cd0,bbd41817,d7725664,1,0,1,0,
Barbados Tridents,28,23,2,d7725664,bbd41817,64c34cd0,1,0,1,0,
Barbados Tridents,29,24,2,64c34cd0,bbd41817,d7725664,0,1,1,0,
Barbados Tridents,30,25,2,d7725664,bbd41817,64c34cd0,1,0,1,0,
Barbados Tridents,31,25,2,64c34cd0,bbd41817,d7725664,0,0,0,0,
Barbados Tridents,32,25,2,d7725664,4ba44e19,64c34cd0,0,0,0,0,
Barbados Tridents,33,25,2,d7725664,4ba44e19,64c34cd0,0,0,0,0,
Barbados Tridents,34,25,2,d7725664,4ba44e19,64c34cd0,0,0,0,0,
Barbados Tridents,35,26,2,d7725664,4ba44e19,64c34cd0,1,0,1,0,
Barbados Tridents,36,32,2,64c34cd0,4ba44e19,d7725664,6,0,6,0,
Barbados Tridents,37,32,2,64c34cd0,4ba44e19,d7725664,0,0,0,0,
Barbados Tridents,38,33,2,d7725664,ea3ffd1b,64c34cd0,1,0,1,0,
Barbados Tridents,39,34,2,64c34cd0,ea3ffd1b,d7725664,1,0,1,0,
Barbados Tridents,40,34,2,d7725664,ea3ffd1b,64c34cd0,0,0,0,0,
Barbados Tridents,41,35,2,d7725664,ea3ffd1b,64c34cd0,1,0,1,0,
Barbados Tridents,42,35,2,64c34cd0,ea3ffd1b,d7725664,0,0,0,0,
Barbados Tridents,43,36,2,64c34cd0,ea3ffd1b,d7725664,1,0,1,0,
Barbados Tridents,44,37,2,64c34cd0,e0557f7f,d7725664,0,1,1,0,
Barbados Tridents,45,39,2,d7725664,e0557f7f,64c34cd0,2,0,2,0,
Barbados Tridents,46,40,2,d7725664,e0557f7f,64c34cd0,1,0,1,0,
Barbados Tridents,47,40,2,64c34cd0,e0557f7f,d7725664,0,0,0,0,
Barbados Tridents,48,41,2,64c34cd0,e0557f7f,d7725664,1,0,1,0,
Barbados Tridents,49,41,2,d7725664,e0557f7f,64c34cd0,0,0,0,0,
Barbados Tridents,50,41,2,64c34cd0,ea3ffd1b,d7725664,0,0,0,0,
Barbados Tridents,51,47,2,64c34cd0,ea3ffd1b,d7725664,6,0,6,0,
Barbados Tridents,52,48,2,64c34cd0,ea3ffd1b,d7725664,1,0,1,0,
Barbados Tridents,53,48,2,d7725664,ea3ffd1b,64c34cd0,0,0,0,0,
Barbados Tridents,54,49,2,d7725664,ea3ffd1b,64c34cd0,1,0,1,0,
Barbados Tridents,55,49,2,64c34cd0,ea3ffd1b,d7725664,0,0,0,0,
Barbados Tridents,56,49,2,d7725664,db584dad,64c34cd0,0,0,0,0,
Barbados Tridents,57,49,2,d7725664,db584dad,64c34cd0,0,0,0,0,
Barbados Tridents,58,50,2,d7725664,db584dad,64c34cd0,0,1,1,0,
Barbados Tridents,59,53,2,64c34cd0,db584dad,d7725664,0,3,3,0,
Barbados Tridents,60,53,2,64c34cd0,db584dad,d7725664,0,0,0,0,
Barbados Tridents,61,54,2,64c34cd0,db584dad,d7725664,0,1,1,0,
Barbados Tridents,62,54,2,64c34cd0,db584dad,d7725664,0,0,0,0,
Barbados Tridents,63,55,2,64c34cd0,db584dad,d7725664,1,0,1,0,
Barbados Tridents,64,56,2,64c34cd0,e0557f7f,d7725664,0,1,1,0,
Barbados Tridents,65,56,2,64c34cd0,e0557f7f,d7725664,0,0,0,0,
Barbados Tridents,66,56,2,64c34cd0,e0557f7f,d7725664,0,0,0,0,
Barbados Tridents,67,57,2,64c34cd0,e0557f7f,d7725664,1,0,1,0,
Barbados Tridents,68,58,2,d7725664,e0557f7f,64c34cd0,1,0,1,0,
Barbados Tridents,69,60,2,64c34cd0,e0557f7f,d7725664,2,0,2,0,
Barbados Tridents,70,60,2,64c34cd0,e0557f7f,d7725664,0,0,0,0,
Barbados Tridents,71,60,2,d7725664,4ba44e19,64c34cd0,0,0,0,0,
Barbados Tridents,72,60,2,d7725664,4ba44e19,64c34cd0,0,0,0,0,
Barbados Tridents,73,60,2,d7725664,4ba44e19,64c34cd0,0,0,0,0,
Barbados Tridents,74,61,2,d7725664,4ba44e19,64c34cd0,1,0,1,0,
Barbados Tridents,75,62,2,64c34cd0,4ba44e19,d7725664,0,1,1,0,
Barbados Tridents,76,64,2,64c34cd0,4ba44e19,d7725664,2,0,2,0,
Barbados Tridents,77,65,2,64c34cd0,4ba44e19,d7725664,1,0,1,0,
Barbados Tridents,78,66,2,64c34cd0,bbd41817,d7725664,1,0,1,0,
Barbados Tridents,79,68,2,d7725664,bbd41817,64c34cd0,2,0,2,0,
Barbados Tridents,80,68,2,d7725664,bbd41817,64c34cd0,0,0,0,0,
Barbados Tridents,81,72,2,d7725664,bbd41817,64c34cd0,4,0,4,0,
Barbados Tridents,82,76,2,d7725664,bbd41817,64c34cd0,4,0,4,0,
Barbados Tridents,83,78,2,d7725664,bbd41817,64c34cd0,2,0,2,0,
Barbados Tridents,84,79,2,64c34cd0,db584dad,d7725664,1,0,1,0,
Barbados Tridents,85,80,2,d7725664,db584dad,64c34cd0,1,0,1,0,
Barbados Tridents,86,80,2,64c34cd0,db584dad,d7725664,0,0,0,0,
Barbados Tridents,87,81,2,64c34cd0,db584dad,d7725664,1,0,1,0,
Barbados Tridents,88,82,2,d7725664,db584dad,64c34cd0,1,0,1,0,
Barbados Tridents,89,83,2,64c34cd0,db584dad,d7725664,1,0,1,0,
Barbados Tridents,90,85,2,64c34cd0,ea3ffd1b,d7725664,2,0,2,0,
Barbados Tridents,91,86,2,64c34cd0,ea3ffd1b,d7725664,0,1,1,0,
Barbados Tridents,92,87,2,d7725664,ea3ffd1b,64c34cd0,1,0,1,0,
Barbados Tridents,93,88,2,64c34cd0,ea3ffd1b,d7725664,1,0,1,0,
Barbados Tridents,94,89,2,d7725664,ea3ffd1b,64c34cd0,1,0,1,0,
Barbados Tridents,95,90,2,64c34cd0,ea3ffd1b,d7725664,1,0,1,0,
Barbados Tridents,96,92,2,64c34cd0,4ba44e19,d7725664,2,0,2,0,
Barbados Tridents,97,98,2,64c34cd0,4ba44e19,d7725664,6,0,6,0,
Barbados Tridents,98,99,2,64c34cd0,4ba44e19,d7725664,1,0,1,0,
Barbados Tridents,99,99,2,d7725664,4ba44e19,64c34cd0,0,0,0,0,
Barbados Tridents,100,100,2,d7725664,4ba44e19,64c34cd0,1,0,1,0,
Barbados Tridents,101,104,2,64c34cd0,4ba44e19,d7725664,4,0,4,0,
Barbados Tridents,102,105,2,d7725664,db584dad,64c34cd0,1,0,1,0,
Barbados Tridents,103,106,2,64c34cd0,db584dad,d7725664,1,0,1,0,
Barbados Tridents,104,106,2,d7725664,db584dad,64c34cd0,0,0,0,0,
Barbados Tridents,105,107,2,d7725664,db584dad,64c34cd0,1,0,1,0,
Barbados Tridents,106,108,3,64c34cd0,db584dad,d7725664,1,0,1,1,run out
Barbados Tridents,107,108,4,64c34cd0,db584dad,a757b0d8,0,0,0,1,caught
Barbados Tridents,108,109,4,a757b0d8,cfe70281,9a158001,0,1,1,0,
Barbados Tridents,109,111,4,a757b0d8,cfe70281,9a158001,2,0,2,0,
Barbados Tridents,110,115,4,a757b0d8,cfe70281,9a158001,4,0,4,0,
Barbados Tridents,111,116,4,a757b0d8,cfe70281,9a158001,1,0,1,0,
Barbados Tridents,112,117,4,9a158001,cfe70281,a757b0d8,1,0,1,0,
Barbados Tridents,113,121,4,a757b0d8,cfe70281,9a158001,4,0,4,0,
Barbados Tridents,114,123,4,a757b0d8,cfe70281,9a158001,2,0,2,0,
Barbados Tridents,115,129,4,9a158001,bbd41817,a757b0d8,6,0,6,0,
Barbados Tridents,116,133,4,9a158001,bbd41817,a757b0d8,4,0,4,0,
Barbados Tridents,117,133,5,9a158001,bbd41817,a757b0d8,0,0,0,1,run out
Barbados Tridents,118,134,5,9a158001,bbd41817,73c18486,1,0,1,0,
Barbados Tridents,119,135,5,73c18486,bbd41817,9a158001,1,0,1,0,
Barbados Tridents,120,137,5,9a158001,bbd41817,73c18486,2,0,2,0,
Barbados Tridents,121,139,5,73c18486,cfe70281,9a158001,2,0,2,0,
Barbados Tridents,122,143,5,73c18486,cfe70281,9a158001,4,0,4,0,
Barbados Tridents,123,145,5,73c18486,cfe70281,9a158001,2,0,2,0,
Barbados Tridents,124,147,5,73c18486,cfe70281,9a158001,2,0,2,0,
Barbados Tridents,125,148,5,73c18486,cfe70281,9a158001,1,0,1,0,
Barbados Tridents,126,148,6,9a158001,cfe70281,73c18486,0,0,0,1,caught
Jamaica Tallawahs,1,0,0,bbff906c,64c34cd0,db584dad,0,0,0,0,
Jamaica Tallawahs,2,1,0,bbff906c,64c34cd0,db584dad,0,1,1,0,
Jamaica Tallawahs,3,2,0,bbff906c,64c34cd0,db584dad,1,0,1,0,
Jamaica Tallawahs,4,2,0,db584dad,64c34cd0,bbff906c,0,0,0,0,
Jamaica Tallawahs,5,2,0,db584dad,64c34cd0,bbff906c,0,0,0,0,
Jamaica Tallawahs,6,3,0,db584dad,64c34cd0,bbff906c,1,0,1,0,
Jamaica Tallawahs,7,4,0,bbff906c,64c34cd0,db584dad,1,0,1,0,
Jamaica Tallawahs,8,4,0,bbff906c,9a158001,db584dad,0,0,0,0,
Jamaica Tallawahs,9,8,0,bbff906c,9a158001,db584dad,4,0,4,0,
Jamaica Tallawahs,10,9,0,bbff906c,9a158001,db584dad,1,0,1,0,
Jamaica Tallawahs,11,9,0,db584dad,9a158001,bbff906c,0,0,0,0,
Jamaica Tallawahs,12,9,0,db584dad,9a158001,bbff906c,0,0,0,0,
Jamaica Tallawahs,13,9,0,db584dad,9a158001,bbff906c,0,0,0,0,
Jamaica Tallawahs,14,9,0,bbff906c,0f721006,db584dad,0,0,0,0,
Jamaica Tallawahs,15,9,0,bbff906c,0f721006,db584dad,0,0,0,0,
Jamaica Tallawahs,16,11,0,bbff906c,0f721006,db584dad,2,0,2,0,
Jamaica Tallawahs,17,11,0,bbff906c,0f721006,db584dad,0,0,0,0,
Jamaica Tallawahs,18,12,0,bbff906c,0f721006,db584dad,0,1,1,0,
Jamaica Tallawahs,19,13,0,bbff906c,0f721006,db584dad,1,0,1,0,
Jamaica Tallawahs,20,14,0,db584dad,0f721006,bbff906c,1,0,1,0,
Jamaica Tallawahs,21,15,0,db584dad,9a158001,bbff906c,1,0,1,0,
Jamaica Tallawahs,22,16,0,bbff906c,9a158001,db584dad,1,0,1,0,
Jamaica Tallawahs,23,16,1,db584dad,9a158001,bbff906c,0,0,0,1,caught
Jamaica Tallawahs,24,16,1,6b71e6cf,9a158001,bbff906c,0,0,0,0,
Jamaica Tallawahs,25,16,1,6b71e6cf,9a158001,bbff906c,0,0,0,0,
Jamaica Tallawahs,26,20,1,6b71e6cf,9a158001,bbff906c,4,0,4,0,
Jamaica Tallawahs,27,20,1,bbff906c,0f721006,6b71e6cf,0,0,0,0,
Jamaica Tallawahs,28,20,1,bbff906c,0f721006,6b71e6cf,0,0,0,0,
Jamaica Tallawahs,29,20,1,bbff906c,0f721006,6b71e6cf,0,0,0,0,
Jamaica Tallawahs,30,24,1,bbff906c,0f721006,6b71e6cf,4,0,4,0,
Jamaica Tallawahs,31,25,1,bbff906c,0f721006,6b71e6cf,1,0,1,0,
Jamaica Tallawahs,32,29,1,6b71e6cf,0f721006,bbff906c,4,0,4,0,
Jamaica Tallawahs,33,33,1,bbff906c,64c34cd0,6b71e6cf,4,0,4,0,
Jamaica Tallawahs,34,37,1,bbff906c,64c34cd0,6b71e6cf,4,0,4,0,
Jamaica Tallawahs,35,38,1,bbff906c,64c34cd0,6b71e6cf,1,0,1,0,
Jamaica Tallawahs,36,38,1,6b71e6cf,64c34cd0,bbff906c,0,0,0,0,
Jamaica Tallawahs,37,38,1,6b71e6cf,64c34cd0,bbff906c,0,0,0,0,
Jamaica Tallawahs,38,44,1,6b71e6cf,64c34cd0,bbff906c,6,0,6,0,
Jamaica Tallawahs,39,44,1,bbff906c,e7de4f6b,6b71e6cf,0,0,0,0,
Jamaica Tallawahs,40,45,1,bbff906c,e7de4f6b,6b71e6cf,1,0,1,0,
Jamaica Tallawahs,41,45,1,6b71e6cf,e7de4f6b,bbff906c,0,0,0,0,
Jamaica Tallawahs,42,46,1,6b71e6cf,e7de4f6b,bbff906c,1,0,1,0,
Jamaica Tallawahs,43,47,1,bbff906c,e7de4f6b,6b71e6cf,0,1,1,0,
Jamaica Tallawahs,44,53,1,6b71e6cf,e7de4f6b,bbff906c,6,0,6,0,
Jamaica Tallawahs,45,55,1,bbff906c,7dc35884,6b71e6cf,0,2,2,0,
Jamaica Tallawahs,46,57,1,bbff906c,7dc35884,6b71e6cf,2,0,2,0,
Jamaica Tallawahs,47,63,1,bbff906c,7dc35884,6b71e6cf,6,0,6,0,
Jamaica Tallawahs,48,63,1,bbff906c,7dc35884,6b71e6cf,0,0,0,0,
Jamaica Tallawahs,49,63,1,bbff906c,7dc35884,6b71e6cf,0,0,0,0,
Jamaica Tallawahs,50,63,1,bbff906c,7dc35884,6b71e6cf,0,0,0,0,
Jamaica Tallawahs,51,64,1,6b71e6cf,e7de4f6b,bbff906c,1,0,1,0,
Jamaica Tallawahs,52,68,1,bbff906c,e7de4f6b,6b71e6cf,4,0,4,0,
Jamaica Tallawahs,53,69,1,bbff906c,e7de4f6b,6b71e6cf,1,0,1,0,
Jamaica Tallawahs,54,73,1,6b71e6cf,e7de4f6b,bbff906c,4,0,4,0,
Jamaica Tallawahs,55,74,1,6b71e6cf,e7de4f6b,bbff906c,1,0,1,0,
Jamaica Tallawahs,56,74,1,bbff906c,e7de4f6b,6b71e6cf,0,0,0,0,
Jamaica Tallawahs,57,75,1,6b71e6cf,a757b0d8,bbff906c,1,0,1,0,
Jamaica Tallawahs,58,77,1,bbff906c,a757b0d8,6b71e6cf,2,0,2,0,
Jamaica Tallawahs,59,77,1,bbff906c,a757b0d8,6b71e6cf,0,0,0,0,
Jamaica Tallawahs,60,77,1,bbff906c,a757b0d8,6b71e6cf,0,0,0,0,
Jamaica Tallawahs,61,78,1,bbff906c,a757b0d8,6b71e6cf,1,0,1,0,
Jamaica Tallawahs,62,79,1,6b71e6cf,a757b0d8,bbff906c,1,0,1,0,
Jamaica Tallawahs,63,79,1,6b71e6cf,4a745f65,bbff906c,0,0,0,0,
Jamaica Tallawahs,64,80,1,6b71e6cf,4a745f65,bbff906c,0,1,1,0,
Jamaica Tallawahs,65,81,1,6b71e6cf,4a745f65,bbff906c,1,0,1,0,
Jamaica Tallawahs,66,82,1,bbff906c,4a745f65,6b71e6cf,1,0,1,0,
Jamaica Tallawahs,67,82,1,6b71e6cf,4a745f65,bbff906c,0,0,0,0,
Jamaica Tallawahs,68,83,1,6b71e6cf,4a745f65,bbff906c,1,0,1,0,
Jamaica Tallawahs,69,84,1,bbff906c,4a745f65,6b71e6cf,1,0,1,0,
Jamaica Tallawahs,70,85,1,bbff906c,a757b0d8,6b71e6cf,1,0,1,0,
Jamaica Tallawahs,71,86,1,6b71e6cf,a757b0d8,bbff906c,1,0,1,0,
Jamaica Tallawahs,72,86,1,bbff906c,a757b0d8,6b71e6cf,0,0,0,0,
Jamaica Tallawahs,73,87,2,bbff906c,a757b0d8,6b71e6cf,0,1,1,1,run out
Jamaica Tallawahs,74,87,2,2e2fe3e8,a757b0d8,6b71e6cf,0,0,0,0,
Jamaica Tallawahs,75,91,2,2e2fe3e8,a757b0d8,6b71e6cf,4,0,4,0,
Jamaica Tallawahs,76,91,2,2e2fe3e8,a757b0d8,6b71e6cf,0,0,0,0,
Jamaica Tallawahs,77,92,2,6b71e6cf,4a745f65,2e2fe3e8,0,1,1,0,
Jamaica Tallawahs,78,93,2,6b71e6cf,4a745f65,2e2fe3e8,1,0,1,0,
Jamaica Tallawahs,79,93,2,2e2fe3e8,4a745f65,6b71e6cf,0,0,0,0,
Jamaica Tallawahs,80,93,2,2e2fe3e8,4a745f65,6b71e6cf,0,0,0,0,
Jamaica Tallawahs,81,93,2,2e2fe3e8,4a745f65,6b71e6cf,0,0,0,0,
Jamaica Tallawahs,82,93,2,2e2fe3e8,4a745f65,6b71e6cf,0,0,0,0,
Jamaica Tallawahs,83,93,2,2e2fe3e8,4a745f65,6b71e6cf,0,0,0,0,
Jamaica Tallawahs,84,93,2,6b71e6cf,a757b0d8,2e2fe3e8,0,0,0,0,
Jamaica Tallawahs,85,94,2,6b71e6cf,a757b0d8,2e2fe3e8,1,0,1,0,
Jamaica Tallawahs,86,94,2,2e2fe3e8,a757b0d8,6b71e6cf,0,0,0,0,
Jamaica Tallawahs,87,94,2,2e2fe3e8,a757b0d8,6b71e6cf,0,0,0,0,
Jamaica Tallawahs,88,95,2,2e2fe3e8,a757b0d8,6b71e6cf,1,0,1,0,
Jamaica Tallawahs,89,96,2,6b71e6cf,a757b0d8,2e2fe3e8,1,0,1,0,
Jamaica Tallawahs,90,97,2,6b71e6cf,4a745f65,2e2fe3e8,1,0,1,0,
Jamaica Tallawahs,91,98,2,2e2fe3e8,4a745f65,6b71e6cf,1,0,1,0,
Jamaica Tallawahs,92,99,2,6b71e6cf,4a745f65,2e2fe3e8,1,0,1,0,
Jamaica Tallawahs,93,100,2,2e2fe3e8,4a745f65,6b71e6cf,1,0,1,0,
Jamaica Tallawahs,94,104,2,6b71e6cf,4a745f65,2e2fe3e8,4,0,4,0,
Jamaica Tallawahs,95,106,2,6b71e6cf,4a745f65,2e2fe3e8,2,0,2,0,
Jamaica Tallawahs,96,106,2,2e2fe3e8,a757b0d8,6b71e6cf,0,0,0,0,
Jamaica Tallawahs,97,107,2,2e2fe3e8,a757b0d8,6b71e6cf,0,1,1,0,
Jamaica Tallawahs,98,108,2,6b71e6cf,a757b0d8,2e2fe3e8,1,0,1,0,
Jamaica Tallawahs,99,109,2,2e2fe3e8,a757b0d8,6b71e6cf,1,0,1,0,
Jamaica Tallawahs,100,110,2,6b71e6cf,a757b0d8,2e2fe3e8,1,0,1,0,
Jamaica Tallawahs,101,114,2,2e2fe3e8,a757b0d8,6b71e6cf,4,0,4,0,
Jamaica Tallawahs,102,116,2,6b71e6cf,9a158001,2e2fe3e8,2,0,2,0,
Jamaica Tallawahs,103,116,2,6b71e6cf,9a158001,2e2fe3e8,0,0,0,0,
Jamaica Tallawahs,104,117,2,6b71e6cf,9a158001,2e2fe3e8,1,0,1,0,
Jamaica Tallawahs,105,117,3,2e2fe3e8,9a158001,6b71e6cf,0,0,0,1,caught
Jamaica Tallawahs,106,118,3,6b71e6cf,9a158001,bbd41817,1,0,1,0,
Jamaica Tallawahs,107,122,3,bbd41817,9a158001,6b71e6cf,4,0,4,0,
Jamaica Tallawahs,108,122,3,6b71e6cf,0f721006,bbd41817,0,0,0,0,
Jamaica Tallawahs,109,123,3,6b71e6cf,0f721006,bbd41817,1,0,1,0,
Jamaica Tallawahs,110,129,3,bbd41817,0f721006,6b71e6cf,6,0,6,0,
Jamaica Tallawahs,111,130,3,bbd41817,0f721006,6b71e6cf,1,0,1,0,
Jamaica Tallawahs,112,134,3,6b71e6cf,0f721006,bbd41817,0,4,4,0,
Jamaica Tallawahs,113,134,3,6b71e6cf,0f721006,bbd41817,0,0,0,0,
Jamaica Tallawahs,114,140,3,bbd41817,9a158001,6b71e6cf,6,0,6,0,
Jamaica Tallawahs,115,146,3,bbd41817,9a158001,6b71e6cf,6,0,6,0,
Jamaica Tallawahs,116,152,3,bbd41817,9a158001,6b71e6cf,6,0,6,0,
