batting_team,ball_number,total_team_runs,total_team_wickets,striker_ID,bowler_ID,nonstriker_ID,batter_runs,extras_runs,total_delivery_runs,wicket,wicket_type
Sylhet Royals,1,0,0,881a9bdd,531f0278,cf494ffe,0,0,0,0,
Sylhet Royals,2,0,0,881a9bdd,531f0278,cf494ffe,0,0,0,0,
Sylhet Royals,3,0,0,881a9bdd,531f0278,cf494ffe,0,0,0,0,
Sylhet Royals,4,0,0,881a9bdd,531f0278,cf494ffe,0,0,0,0,
Sylhet Royals,5,1,0,881a9bdd,531f0278,cf494ffe,1,0,1,0,
Sylhet Royals,6,1,0,cf494ffe,531f0278,881a9bdd,0,0,0,0,
Sylhet Royals,7,5,0,881a9bdd,090f9211,cf494ffe,0,4,4,0,
Sylhet Royals,8,6,0,881a9bdd,090f9211,cf494ffe,1,0,1,0,
Sylhet Royals,9,6,0,cf494ffe,090f9211,881a9bdd,0,0,0,0,
Sylhet Royals,10,10,0,cf494ffe,090f9211,881a9bdd,4,0,4,0,
Sylhet Royals,11,14,0,cf494ffe,090f9211,881a9bdd,4,0,4,0,
Sylhet Royals,12,14,0,cf494ffe,090f9211,881a9bdd,0,0,0,0,
Sylhet Royals,13,15,0,881a9bdd,531f0278,cf494ffe,0,1,1,0,
Sylhet Royals,14,15,0,cf494ffe,531f0278,881a9bdd,0,0,0,0,
Sylhet Royals,15,19,0,cf494ffe,531f0278,881a9bdd,4,0,4,0,
Sylhet Royals,16,19,0,cf494ffe,531f0278,881a9bdd,0,0,0,0,
Sylhet Royals,17,20,0,cf494ffe,531f0278,881a9bdd,0,1,1,0,
Sylhet Royals,18,21,0,881a9bdd,531f0278,cf494ffe,0,1,1,0,
Sylhet Royals,19,21,0,881a9bdd,531f0278,cf494ffe,0,0,0,0,
Sylhet Royals,20,25,0,cf494ffe,a9520ac2,881a9bdd,4,0,4,0,
Sylhet Royals,21,29,0,cf494ffe,a9520ac2,881a9bdd,4,0,4,0,
Sylhet Royals,22,29,0,cf494ffe,a9520ac2,881a9bdd,0,0,0,0,
Sylhet Royals,23,35,0,cf494ffe,a9520ac2,881a9bdd,6,0,6,0,
Sylhet Royals,24,36,0,cf494ffe,a9520ac2,881a9bdd,1,0,1,0,
Sylhet Royals,25,37,0,881a9bdd,a9520ac2,cf494ffe,1,0,1,0,
Sylhet Royals,26,37,0,881a9bdd,090f9211,cf494ffe,0,0,0,0,
Sylhet Royals,27,38,0,881a9bdd,090f9211,cf494ffe,0,1,1,0,
Sylhet Royals,28,38,0,881a9bdd,090f9211,cf494ffe,0,0,0,0,
Sylhet Royals,29,38,0,881a9bdd,090f9211,cf494ffe,0,0,0,0,
Sylhet Royals,30,39,0,881a9bdd,090f9211,cf494ffe,1,0,1,0,
Sylhet Royals,31,40,0,cf494ffe,090f9211,881a9bdd,1,0,1,0,
Sylhet Royals,32,41,0,881a9bdd,090f9211,cf494ffe,1,0,1,0,
Sylhet Royals,33,45,0,881a9bdd,b8d18afc,cf494ffe,4,0,4,0,
Sylhet Royals,34,45,0,881a9bdd,b8d18afc,cf494ffe,0,0,0,0,
Sylhet Royals,35,45,0,881a9bdd,b8d18afc,cf494ffe,0,0,0,0,
Sylhet Royals,36,49,0,881a9bdd,b8d18afc,cf494ffe,4,0,4,0,
Sylhet Royals,37,49,0,881a9bdd,b8d18afc,cf494ffe,0,0,0,0,
Sylhet Royals,38,53,0,881a9bdd,b8d18afc,cf494ffe,4,0,4,0,
Sylhet Royals,39,57,0,cf494ffe,090f9211,881a9bdd,4,0,4,0,
Sylhet Royals,40,58,0,cf494ffe,090f9211,881a9bdd,1,0,1,0,
Sylhet Royals,41,59,0,881a9bdd,090f9211,cf494ffe,1,0,1,0,
Sylhet Royals,42,63,0,cf494ffe,090f9211,881a9bdd,4,0,4,0,
Sylhet Royals,43,64,0,cf494ffe,090f9211,881a9bdd,1,0,1,0,
Sylhet Royals,44,64,0,881a9bdd,090f9211,cf494ffe,0,0,0,0,
Sylhet Royals,45,64,0,cf494ffe,b8d18afc,881a9bdd,0,0,0,0,
Sylhet Royals,46,65,0,cf494ffe,b8d18afc,881a9bdd,1,0,1,0,
Sylhet Royals,47,66,0,881a9bdd,b8d18afc,cf494ffe,1,0,1,0,
Sylhet Royals,48,67,0,cf494ffe,b8d18afc,881a9bdd,1,0,1,0,
Sylhet Royals,49,69,0,881a9bdd,b8d18afc,cf494ffe,2,0,2,0,
Sylhet Royals,50,70,0,881a9bdd,b8d18afc,cf494ffe,1,0,1,0,
Sylhet Royals,51,71,0,881a9bdd,07a67c50,cf494ffe,1,0,1,0,
Sylhet Royals,52,71,0,cf494ffe,07a67c50,881a9bdd,0,0,0,0,
Sylhet Royals,53,72,0,cf494ffe,07a67c50,881a9bdd,1,0,1,0,
Sylhet Royals,54,73,0,881a9bdd,07a67c50,cf494ffe,1,0,1,0,
Sylhet Royals,55,73,0,cf494ffe,07a67c50,881a9bdd,0,0,0,0,
Sylhet Royals,56,75,0,cf494ffe,07a67c50,881a9bdd,2,0,2,0,
Sylhet Royals,57,75,0,881a9bdd,b8d18afc,cf494ffe,0,0,0,0,
Sylhet Royals,58,76,0,881a9bdd,b8d18afc,cf494ffe,1,0,1,0,
Sylhet Royals,59,77,0,cf494ffe,b8d18afc,881a9bdd,1,0,1,0,
Sylhet Royals,60,81,0,881a9bdd,b8d18afc,cf494ffe,4,0,4,0,
Sylhet Royals,61,82,0,881a9bdd,b8d18afc,cf494ffe,1,0,1,0,
Sylhet Royals,62,83,0,cf494ffe,b8d18afc,881a9bdd,1,0,1,0,
Sylhet Royals,63,83,0,cf494ffe,07a67c50,881a9bdd,0,0,0,0,
Sylhet Royals,64,85,0,cf494ffe,07a67c50,881a9bdd,2,0,2,0,
Sylhet Royals,65,89,0,cf494ffe,07a67c50,881a9bdd,4,0,4,0,
Sylhet Royals,66,90,0,cf494ffe,07a67c50,881a9bdd,1,0,1,0,
Sylhet Royals,67,94,0,881a9bdd,07a67c50,cf494ffe,4,0,4,0,
Sylhet Royals,68,95,0,881a9bdd,07a67c50,cf494ffe,1,0,1,0,
Sylhet Royals,69,99,0,881a9bdd,39f82db3,cf494ffe,4,0,4,0,
Sylhet Royals,70,103,0,881a9bdd,39f82db3,cf494ffe,4,0,4,0,
Sylhet Royals,71,104,0,881a9bdd,39f82db3,cf494ffe,1,0,1,0,
Sylhet Royals,72,105,0,cf494ffe,39f82db3,881a9bdd,1,0,1,0,
Sylhet Royals,73,111,0,881a9bdd,39f82db3,cf494ffe,6,0,6,0,
Sylhet Royals,74,115,0,881a9bdd,39f82db3,cf494ffe,4,0,4,0,
Sylhet Royals,75,119,0,cf494ffe,07a67c50,881a9bdd,4,0,4,0,
Sylhet Royals,76,125,0,cf494ffe,07a67c50,881a9bdd,6,0,6,0,
Sylhet Royals,77,126,0,cf494ffe,07a67c50,881a9bdd,1,0,1,0,
Sylhet Royals,78,130,0,881a9bdd,07a67c50,cf494ffe,4,0,4,0,
Sylhet Royals,79,131,0,881a9bdd,07a67c50,cf494ffe,1,0,1,0,
Sylhet Royals,80,132,0,cf494ffe,07a67c50,881a9bdd,1,0,1,0,
Sylhet Royals,81,133,0,cf494ffe,531f0278,881a9bdd,1,0,1,0,
Sylhet Royals,82,133,0,881a9bdd,531f0278,cf494ffe,0,0,0,0,
Sylhet Royals,83,133,0,881a9bdd,531f0278,cf494ffe,0,0,0,0,
Sylhet Royals,84,134,0,881a9bdd,531f0278,cf494ffe,1,0,1,0,
Sylhet Royals,85,134,1,cf494ffe,531f0278,881a9bdd,0,0,0,1,bowled
Sylhet Royals,86,134,1,a94e08ea,531f0278,881a9bdd,0,0,0,0,
Sylhet Royals,87,134,1,881a9bdd,a9520ac2,a94e08ea,0,0,0,0,
Sylhet Royals,88,135,1,881a9bdd,a9520ac2,a94e08ea,1,0,1,0,
Sylhet Royals,89,136,1,a94e08ea,a9520ac2,881a9bdd,1,0,1,0,
Sylhet Royals,90,140,1,881a9bdd,a9520ac2,a94e08ea,4,0,4,0,
Sylhet Royals,91,140,1,881a9bdd,a9520ac2,a94e08ea,0,0,0,0,
Sylhet Royals,92,141,1,881a9bdd,a9520ac2,a94e08ea,0,1,1,0,
Sylhet Royals,93,142,1,881a9bdd,07a67c50,a94e08ea,1,0,1,0,
Sylhet Royals,94,142,1,a94e08ea,07a67c50,881a9bdd,0,0,0,0,
Sylhet Royals,95,143,1,a94e08ea,07a67c50,881a9bdd,1,0,1,0,
Sylhet Royals,96,143,2,881a9bdd,07a67c50,a94e08ea,0,0,0,1,caught
Sylhet Royals,97,143,2,a94e08ea,07a67c50,d2babdd5,0,0,0,0,
Sylhet Royals,98,144,2,a94e08ea,07a67c50,d2babdd5,1,0,1,0,
Sylhet Royals,99,144,3,a94e08ea,a9520ac2,d2babdd5,0,0,0,1,caught
Sylhet Royals,100,144,3,d2babdd5,a9520ac2,0637aa94,0,0,0,0,
Sylhet Royals,101,145,3,d2babdd5,a9520ac2,0637aa94,1,0,1,0,
Sylhet Royals,102,151,3,0637aa94,a9520ac2,d2babdd5,6,0,6,0,
Sylhet Royals,103,151,3,0637aa94,a9520ac2,d2babdd5,0,0,0,0,
Sylhet Royals,104,157,3,0637aa94,a9520ac2,d2babdd5,6,0,6,0,
Sylhet Royals,105,158,3,d2babdd5,b8d18afc,0637aa94,1,0,1,0,
Sylhet Royals,106,159,3,0637aa94,b8d18afc,d2babdd5,1,0,1,0,
Sylhet Royals,107,165,3,d2babdd5,b8d18afc,0637aa94,6,0,6,0,
Sylhet Royals,108,166,3,d2babdd5,b8d18afc,0637aa94,0,1,1,0,
Sylhet Royals,109,167,3,0637aa94,b8d18afc,d2babdd5,1,0,1,0,
Sylhet Royals,110,169,3,d2babdd5,b8d18afc,0637aa94,2,0,2,0,
Sylhet Royals,111,170,3,0637aa94,531f0278,d2babdd5,1,0,1,0,
Sylhet Royals,112,172,3,d2babdd5,531f0278,0637aa94,2,0,2,0,
Sylhet Royals,113,173,3,d2babdd5,531f0278,0637aa94,1,0,1,0,
Sylhet Royals,114,179,3,0637aa94,531f0278,d2babdd5,6,0,6,0,
Sylhet Royals,115,180,3,0637aa94,531f0278,d2babdd5,1,0,1,0,
Sylhet Royals,116,182,3,d2babdd5,531f0278,0637aa94,2,0,2,0,
Sylhet Royals,117,182,3,0637aa94,090f9211,d2babdd5,0,0,0,0,
Sylhet Royals,118,182,3,0637aa94,090f9211,d2babdd5,0,0,0,0,
Sylhet Royals,119,182,3,0637aa94,090f9211,d2babdd5,0,0,0,0,
Sylhet Royals,120,184,3,0637aa94,090f9211,d2babdd5,2,0,2,0,
Sylhet Royals,121,190,3,0637aa94,090f9211,d2babdd5,6,0,6,0,
Sylhet Royals,122,196,3,0637aa94,090f9211,d2babdd5,6,0,6,0,
Khulna Royal Bengals,1,1,0,39f82db3,c404f58a,b9c225c2,1,0,1,0,
Khulna Royal Bengals,2,4,0,b9c225c2,c404f58a,39f82db3,3,0,3,0,
Khulna Royal Bengals,3,4,0,39f82db3,c404f58a,b9c225c2,0,0,0,0,
Khulna Royal Bengals,4,4,0,39f82db3,c404f58a,b9c225c2,0,0,0,0,
Khulna Royal Bengals,5,4,0,39f82db3,c404f58a,b9c225c2,0,0,0,0,
Khulna Royal Bengals,6,5,0,39f82db3,c404f58a,b9c225c2,1,0,1,0,
Khulna Royal Bengals,7,5,0,39f82db3,5a4c12ab,b9c225c2,0,0,0,0,
Khulna Royal Bengals,8,9,0,39f82db3,5a4c12ab,b9c225c2,4,0,4,0,
Khulna Royal Bengals,9,10,0,39f82db3,5a4c12ab,b9c225c2,1,0,1,0,
Khulna Royal Bengals,10,10,0,b9c225c2,5a4c12ab,39f82db3,0,0,0,0,
Khulna Royal Bengals,11,11,0,b9c225c2,5a4c12ab,39f82db3,1,0,1,0,
Khulna Royal Bengals,12,17,0,39f82db3,5a4c12ab,b9c225c2,6,0,6,0,
Khulna Royal Bengals,13,18,0,b9c225c2,c404f58a,39f82db3,0,1,1,0,
Khulna Royal Bengals,14,18,0,b9c225c2,c404f58a,39f82db3,0,0,0,0,
Khulna Royal Bengals,15,22,0,b9c225c2,c404f58a,39f82db3,4,0,4,0,
Khulna Royal Bengals,16,22,1,b9c225c2,c404f58a,39f82db3,0,0,0,1,caught
Khulna Royal Bengals,17,23,1,39f82db3,c404f58a,d2d4bb0a,1,0,1,0,
Khulna Royal Bengals,18,23,1,d2d4bb0a,c404f58a,39f82db3,0,0,0,0,
Khulna Royal Bengals,19,24,1,d2d4bb0a,c404f58a,39f82db3,1,0,1,0,
Khulna Royal Bengals,20,24,1,d2d4bb0a,62af8546,39f82db3,0,0,0,0,
Khulna Royal Bengals,21,25,1,d2d4bb0a,62af8546,39f82db3,1,0,1,0,
Khulna Royal Bengals,22,25,2,39f82db3,62af8546,d2d4bb0a,0,0,0,1,caught
Khulna Royal Bengals,23,25,2,a9520ac2,62af8546,d2d4bb0a,0,0,0,0,
Khulna Royal Bengals,24,25,2,a9520ac2,62af8546,d2d4bb0a,0,0,0,0,
Khulna Royal Bengals,25,25,3,a9520ac2,62af8546,d2d4bb0a,0,0,0,1,stumped
Khulna Royal Bengals,26,25,3,d2d4bb0a,5a4c12ab,90f47cf2,0,0,0,0,
Khulna Royal Bengals,27,31,3,d2d4bb0a,5a4c12ab,90f47cf2,6,0,6,0,
Khulna Royal Bengals,28,31,4,d2d4bb0a,5a4c12ab,90f47cf2,0,0,0,1,bowled
Khulna Royal Bengals,29,32,4,77191792,5a4c12ab,90f47cf2,1,0,1,0,
Khulna Royal Bengals,30,32,4,90f47cf2,5a4c12ab,77191792,0,0,0,0,
Khulna Royal Bengals,31,32,4,90f47cf2,5a4c12ab,77191792,0,0,0,0,
Khulna Royal Bengals,32,32,4,77191792,62af8546,90f47cf2,0,0,0,0,
Khulna Royal Bengals,33,32,4,77191792,62af8546,90f47cf2,0,0,0,0,
Khulna Royal Bengals,34,32,4,77191792,62af8546,90f47cf2,0,0,0,0,
Khulna Royal Bengals,35,32,4,77191792,62af8546,90f47cf2,0,0,0,0,
Khulna Royal Bengals,36,34,4,77191792,62af8546,90f47cf2,2,0,2,0,
Khulna Royal Bengals,37,35,4,77191792,62af8546,90f47cf2,1,0,1,0,
Khulna Royal Bengals,38,39,4,77191792,8fb49ef8,90f47cf2,4,0,4,0,
Khulna Royal Bengals,39,40,4,77191792,8fb49ef8,90f47cf2,1,0,1,0,
Khulna Royal Bengals,40,40,4,90f47cf2,8fb49ef8,77191792,0,0,0,0,
Khulna Royal Bengals,41,41,4,90f47cf2,8fb49ef8,77191792,1,0,1,0,
Khulna Royal Bengals,42,41,4,77191792,8fb49ef8,90f47cf2,0,0,0,0,
Khulna Royal Bengals,43,41,4,77191792,8fb49ef8,90f47cf2,0,0,0,0,
Khulna Royal Bengals,44,41,4,90f47cf2,8d70ab3e,77191792,0,0,0,0,
Khulna Royal Bengals,45,41,4,90f47cf2,8d70ab3e,77191792,0,0,0,0,
Khulna Royal Bengals,46,42,4,90f47cf2,8d70ab3e,77191792,1,0,1,0,
Khulna Royal Bengals,47,43,4,77191792,8d70ab3e,90f47cf2,1,0,1,0,
Khulna Royal Bengals,48,43,4,90f47cf2,8d70ab3e,77191792,0,0,0,0,
Khulna Royal Bengals,49,44,4,90f47cf2,8d70ab3e,77191792,1,0,1,0,
Khulna Royal Bengals,50,45,4,90f47cf2,8fb49ef8,77191792,1,0,1,0,
Khulna Royal Bengals,51,46,4,77191792,8fb49ef8,90f47cf2,1,0,1,0,
Khulna Royal Bengals,52,46,4,90f47cf2,8fb49ef8,77191792,0,0,0,0,
Khulna Royal Bengals,53,47,4,90f47cf2,8fb49ef8,77191792,1,0,1,0,
Khulna Royal Bengals,54,47,4,77191792,8fb49ef8,90f47cf2,0,0,0,0,
Khulna Royal Bengals,55,48,4,77191792,8fb49ef8,90f47cf2,1,0,1,0,
Khulna Royal Bengals,56,49,4,77191792,8d70ab3e,90f47cf2,1,0,1,0,
Khulna Royal Bengals,57,50,4,90f47cf2,8d70ab3e,77191792,1,0,1,0,
Khulna Royal Bengals,58,50,4,77191792,8d70ab3e,90f47cf2,0,0,0,0,
Khulna Royal Bengals,59,51,4,77191792,8d70ab3e,90f47cf2,1,0,1,0,
Khulna Royal Bengals,60,51,4,90f47cf2,8d70ab3e,77191792,0,0,0,0,
Khulna Royal Bengals,61,52,4,90f47cf2,8d70ab3e,77191792,1,0,1,0,
Khulna Royal Bengals,62,53,4,90f47cf2,8fb49ef8,77191792,1,0,1,0,
Khulna Royal Bengals,63,53,4,77191792,8fb49ef8,90f47cf2,0,0,0,0,
Khulna Royal Bengals,64,53,4,77191792,8fb49ef8,90f47cf2,0,0,0,0,
Khulna Royal Bengals,65,54,4,77191792,8fb49ef8,90f47cf2,1,0,1,0,
Khulna Royal Bengals,66,54,4,90f47cf2,8fb49ef8,77191792,0,0,0,0,
Khulna Royal Bengals,67,54,4,90f47cf2,8fb49ef8,77191792,0,0,0,0,
Khulna Royal Bengals,68,60,4,77191792,8d70ab3e,90f47cf2,6,0,6,0,
Khulna Royal Bengals,69,61,4,77191792,8d70ab3e,90f47cf2,1,0,1,0,
Khulna Royal Bengals,70,62,4,90f47cf2,8d70ab3e,77191792,1,0,1,0,
Khulna Royal Bengals,71,62,4,77191792,8d70ab3e,90f47cf2,0,0,0,0,
Khulna Royal Bengals,72,63,4,77191792,8d70ab3e,90f47cf2,1,0,1,0,
Khulna Royal Bengals,73,63,4,90f47cf2,8d70ab3e,77191792,0,0,0,0,
Khulna Royal Bengals,74,63,4,77191792,d2babdd5,90f47cf2,0,0,0,0,
Khulna Royal Bengals,75,63,4,77191792,d2babdd5,90f47cf2,0,0,0,0,
Khulna Royal Bengals,76,65,4,77191792,d2babdd5,90f47cf2,2,0,2,0,
Khulna Royal Bengals,77,71,4,77191792,d2babdd5,90f47cf2,6,0,6,0,
Khulna Royal Bengals,78,75,4,77191792,d2babdd5,90f47cf2,4,0,4,0,
Khulna Royal Bengals,79,75,4,77191792,d2babdd5,90f47cf2,0,0,0,0,
Khulna Royal Bengals,80,75,4,90f47cf2,5a4c12ab,77191792,0,0,0,0,
Khulna Royal Bengals,81,75,4,90f47cf2,5a4c12ab,77191792,0,0,0,0,
Khulna Royal Bengals,82,75,4,90f47cf2,5a4c12ab,77191792,0,0,0,0,
Khulna Royal Bengals,83,76,4,90f47cf2,5a4c12ab,77191792,1,0,1,0,
Khulna Royal Bengals,84,76,4,77191792,5a4c12ab,90f47cf2,0,0,0,0,
Khulna Royal Bengals,85,77,4,77191792,5a4c12ab,90f47cf2,1,0,1,0,
Khulna Royal Bengals,86,77,4,77191792,8d70ab3e,90f47cf2,0,0,0,0,
Khulna Royal Bengals,87,77,4,77191792,8d70ab3e,90f47cf2,0,0,0,0,
Khulna Royal Bengals,88,81,4,77191792,8d70ab3e,90f47cf2,4,0,4,0,
Khulna Royal Bengals,89,82,4,77191792,8d70ab3e,90f47cf2,1,0,1,0,
Khulna Royal Bengals,90,83,4,90f47cf2,8d70ab3e,77191792,0,1,1,0,
Khulna Royal Bengals,91,83,4,90f47cf2,8d70ab3e,77191792,0,0,0,0,
Khulna Royal Bengals,92,84,4,90f47cf2,8d70ab3e,77191792,0,1,1,0,
Khulna Royal Bengals,93,85,4,90f47cf2,5a4c12ab,77191792,1,0,1,0,
Khulna Royal Bengals,94,86,4,77191792,5a4c12ab,90f47cf2,1,0,1,0,
Khulna Royal Bengals,95,87,4,90f47cf2,5a4c12ab,77191792,1,0,1,0,
Khulna Royal Bengals,96,88,4,77191792,5a4c12ab,90f47cf2,1,0,1,0,
Khulna Royal Bengals,97,88,4,90f47cf2,5a4c12ab,77191792,0,0,0,0,
Khulna Royal Bengals,98,89,4,90f47cf2,5a4c12ab,77191792,1,0,1,0,
Khulna Royal Bengals,99,93,4,90f47cf2,8fb49ef8,77191792,4,0,4,0,
Khulna Royal Bengals,100,94,4,90f47cf2,8fb49ef8,77191792,1,0,1,0,
Khulna Royal Bengals,101,95,4,77191792,8fb49ef8,90f47cf2,1,0,1,0,
Khulna Royal Bengals,102,96,4,90f47cf2,8fb49ef8,77191792,1,0,1,0,
Khulna Royal Bengals,103,102,4,77191792,8fb49ef8,90f47cf2,6,0,6,0,
Khulna Royal Bengals,104,103,4,77191792,8fb49ef8,90f47cf2,1,0,1,0,
Khulna Royal Bengals,105,109,4,77191792,62af8546,90f47cf2,6,0,6,0,
Khulna Royal Bengals,106,110,4,77191792,62af8546,90f47cf2,1,0,1,0,
Khulna Royal Bengals,107,111,4,90f47cf2,62af8546,77191792,0,1,1,0,
Khulna Royal Bengals,108,112,4,77191792,62af8546,90f47cf2,1,0,1,0,
Khulna Royal Bengals,109,113,4,90f47cf2,62af8546,77191792,0,1,1,0,
Khulna Royal Bengals,110,114,4,90f47cf2,62af8546,77191792,1,0,1,0,
Khulna Royal Bengals,111,115,4,77191792,62af8546,90f47cf2,1,0,1,0,
Khulna Royal Bengals,112,115,5,77191792,d2babdd5,90f47cf2,0,0,0,1,caught
Khulna Royal Bengals,113,116,5,7b0fb3d5,d2babdd5,90f47cf2,1,0,1,0,
Khulna Royal Bengals,114,120,5,90f47cf2,d2babdd5,7b0fb3d5,4,0,4,0,
Khulna Royal Bengals,115,121,5,90f47cf2,d2babdd5,7b0fb3d5,0,1,1,0,
Khulna Royal Bengals,116,121,6,7b0fb3d5,d2babdd5,90f47cf2,0,0,0,1,caught
Khulna Royal Bengals,117,122,6,531f0278,d2babdd5,90f47cf2,1,0,1,0,
Khulna Royal Bengals,118,123,6,531f0278,62af8546,90f47cf2,1,0,1,0,
Khulna Royal Bengals,119,124,6,90f47cf2,62af8546,531f0278,1,0,1,0,
Khulna Royal Bengals,120,130,6,531f0278,62af8546,90f47cf2,6,0,6,0,
Khulna Royal Bengals,121,130,7,531f0278,62af8546,90f47cf2,0,0,0,1,caught
Khulna Royal Bengals,122,131,7,90f47cf2,62af8546,07a67c50,1,0,1,0,
Khulna Royal Bengals,123,135,7,07a67c50,62af8546,90f47cf2,4,0,4,0,
