batting_team,ball_number,total_team_runs,total_team_wickets,striker_ID,bowler_ID,nonstriker_ID,batter_runs,extras_runs,total_delivery_runs,wicket,wicket_type
United Arab Emirates,1,4,0,e4271302,a75a78eb,8b89eb80,4,0,4,0,
United Arab Emirates,2,5,0,e4271302,a75a78eb,8b89eb80,1,0,1,0,
United Arab Emirates,3,5,0,8b89eb80,a75a78eb,e4271302,0,0,0,0,
United Arab Emirates,4,11,0,8b89eb80,a75a78eb,e4271302,6,0,6,0,
United Arab Emirates,5,11,0,8b89eb80,a75a78eb,e4271302,0,0,0,0,
United Arab Emirates,6,11,1,8b89eb80,a75a78eb,e4271302,0,0,0,1,caught
United Arab Emirates,7,12,1,e4271302,d99cc23a,ae6746e0,0,1,1,0,
United Arab Emirates,8,12,1,e4271302,d99cc23a,ae6746e0,0,0,0,0,
United Arab Emirates,9,12,1,e4271302,d99cc23a,ae6746e0,0,0,0,0,
United Arab Emirates,10,12,1,e4271302,d99cc23a,ae6746e0,0,0,0,0,
United Arab Emirates,11,12,2,e4271302,d99cc23a,ae6746e0,0,0,0,1,bowled
United Arab Emirates,12,13,2,f5c198fb,d99cc23a,ae6746e0,0,1,1,0,
United Arab Emirates,13,13,2,ae6746e0,d99cc23a,f5c198fb,0,0,0,0,
United Arab Emirates,14,13,2,f5c198fb,37312a74,ae6746e0,0,0,0,0,
United Arab Emirates,15,14,2,f5c198fb,37312a74,ae6746e0,0,1,1,0,
United Arab Emirates,16,14,2,f5c198fb,37312a74,ae6746e0,0,0,0,0,
United Arab Emirates,17,14,2,f5c198fb,37312a74,ae6746e0,0,0,0,0,
United Arab Emirates,18,14,2,f5c198fb,37312a74,ae6746e0,0,0,0,0,
United Arab Emirates,19,15,2,f5c198fb,37312a74,ae6746e0,1,0,1,0,
United Arab Emirates,20,16,2,ae6746e0,37312a74,f5c198fb,1,0,1,0,
United Arab Emirates,21,17,2,ae6746e0,d99cc23a,f5c198fb,1,0,1,0,
United Arab Emirates,22,18,2,f5c198fb,d99cc23a,ae6746e0,1,0,1,0,
United Arab Emirates,23,22,2,ae6746e0,d99cc23a,f5c198fb,4,0,4,0,
United Arab Emirates,24,23,2,ae6746e0,d99cc23a,f5c198fb,1,0,1,0,
United Arab Emirates,25,25,2,f5c198fb,d99cc23a,ae6746e0,0,2,2,0,
United Arab Emirates,26,25,2,f5c198fb,d99cc23a,ae6746e0,0,0,0,0,
United Arab Emirates,27,26,2,ae6746e0,782fb776,f5c198fb,1,0,1,0,
United Arab Emirates,28,28,2,f5c198fb,782fb776,ae6746e0,2,0,2,0,
United Arab Emirates,29,29,2,f5c198fb,782fb776,ae6746e0,0,1,1,0,
United Arab Emirates,30,29,2,f5c198fb,782fb776,ae6746e0,0,0,0,0,
United Arab Emirates,31,30,2,f5c198fb,782fb776,ae6746e0,1,0,1,0,
United Arab Emirates,32,30,2,ae6746e0,782fb776,f5c198fb,0,0,0,0,
United Arab Emirates,33,31,2,ae6746e0,782fb776,f5c198fb,1,0,1,0,
United Arab Emirates,34,33,2,ae6746e0,37312a74,f5c198fb,2,0,2,0,
United Arab Emirates,35,37,2,ae6746e0,37312a74,f5c198fb,4,0,4,0,
United Arab Emirates,36,38,2,ae6746e0,37312a74,f5c198fb,0,1,1,0,
United Arab Emirates,37,39,2,f5c198fb,37312a74,ae6746e0,1,0,1,0,
United Arab Emirates,38,39,2,ae6746e0,37312a74,f5c198fb,0,0,0,0,
United Arab Emirates,39,41,2,ae6746e0,37312a74,f5c198fb,2,0,2,0,
United Arab Emirates,40,42,2,f5c198fb,a75a78eb,ae6746e0,1,0,1,0,
United Arab Emirates,41,43,2,ae6746e0,a75a78eb,f5c198fb,1,0,1,0,
United Arab Emirates,42,44,2,f5c198fb,a75a78eb,ae6746e0,1,0,1,0,
United Arab Emirates,43,46,2,ae6746e0,a75a78eb,f5c198fb,0,2,2,0,
United Arab Emirates,44,47,2,f5c198fb,a75a78eb,ae6746e0,1,0,1,0,
United Arab Emirates,45,48,2,ae6746e0,a75a78eb,f5c198fb,1,0,1,0,
United Arab Emirates,46,49,2,f5c198fb,a75a78eb,ae6746e0,1,0,1,0,
United Arab Emirates,47,49,2,f5c198fb,782fb776,ae6746e0,0,0,0,0,
United Arab Emirates,48,53,2,f5c198fb,782fb776,ae6746e0,4,0,4,0,
United Arab Emirates,49,54,2,f5c198fb,782fb776,ae6746e0,1,0,1,0,
United Arab Emirates,50,58,2,ae6746e0,782fb776,f5c198fb,4,0,4,0,
United Arab Emirates,51,63,2,ae6746e0,782fb776,f5c198fb,0,5,5,0,
United Arab Emirates,52,64,2,ae6746e0,782fb776,f5c198fb,1,0,1,0,
United Arab Emirates,53,64,2,f5c198fb,782fb776,ae6746e0,0,0,0,0,
United Arab Emirates,54,64,2,ae6746e0,abbdca1a,f5c198fb,0,0,0,0,
United Arab Emirates,55,65,2,ae6746e0,abbdca1a,f5c198fb,1,0,1,0,
United Arab Emirates,56,66,2,f5c198fb,abbdca1a,ae6746e0,1,0,1,0,
United Arab Emirates,57,67,2,ae6746e0,abbdca1a,f5c198fb,1,0,1,0,
United Arab Emirates,58,68,2,f5c198fb,abbdca1a,ae6746e0,1,0,1,0,
United Arab Emirates,59,68,2,ae6746e0,abbdca1a,f5c198fb,0,0,0,0,
United Arab Emirates,60,68,2,f5c198fb,96503059,ae6746e0,0,0,0,0,
United Arab Emirates,61,69,2,f5c198fb,96503059,ae6746e0,1,0,1,0,
United Arab Emirates,62,69,2,ae6746e0,96503059,f5c198fb,0,0,0,0,
United Arab Emirates,63,70,2,ae6746e0,96503059,f5c198fb,1,0,1,0,
United Arab Emirates,64,71,2,f5c198fb,96503059,ae6746e0,1,0,1,0,
United Arab Emirates,65,75,2,ae6746e0,96503059,f5c198fb,4,0,4,0,
United Arab Emirates,66,79,2,f5c198fb,2318ba22,ae6746e0,4,0,4,0,
United Arab Emirates,67,79,3,f5c198fb,2318ba22,ae6746e0,0,0,0,1,bowled
United Arab Emirates,68,79,3,e9630504,2318ba22,ae6746e0,0,0,0,0,
United Arab Emirates,69,80,3,e9630504,2318ba22,ae6746e0,1,0,1,0,
United Arab Emirates,70,80,4,ae6746e0,2318ba22,e9630504,0,0,0,1,bowled
United Arab Emirates,71,81,4,d1988788,2318ba22,e9630504,1,0,1,0,
United Arab Emirates,72,85,4,d1988788,37312a74,e9630504,4,0,4,0,
United Arab Emirates,73,86,4,d1988788,37312a74,e9630504,1,0,1,0,
United Arab Emirates,74,86,4,e9630504,37312a74,d1988788,0,0,0,0,
United Arab Emirates,75,88,4,e9630504,37312a74,d1988788,2,0,2,0,
United Arab Emirates,76,92,4,e9630504,37312a74,d1988788,4,0,4,0,
United Arab Emirates,77,93,4,e9630504,37312a74,d1988788,1,0,1,0,
United Arab Emirates,78,94,4,e9630504,2318ba22,d1988788,1,0,1,0,
United Arab Emirates,79,96,4,d1988788,2318ba22,e9630504,2,0,2,0,
United Arab Emirates,80,98,4,d1988788,2318ba22,e9630504,2,0,2,0,
United Arab Emirates,81,98,4,d1988788,2318ba22,e9630504,0,0,0,0,
United Arab Emirates,82,99,4,d1988788,2318ba22,e9630504,1,0,1,0,
United Arab Emirates,83,105,4,e9630504,2318ba22,d1988788,6,0,6,0,
United Arab Emirates,84,106,4,d1988788,96503059,e9630504,1,0,1,0,
United Arab Emirates,85,106,4,e9630504,96503059,d1988788,0,0,0,0,
United Arab Emirates,86,107,4,e9630504,96503059,d1988788,1,0,1,0,
United Arab Emirates,87,108,4,d1988788,96503059,e9630504,1,0,1,0,
United Arab Emirates,88,109,4,e9630504,96503059,d1988788,1,0,1,0,
United Arab Emirates,89,109,4,d1988788,96503059,e9630504,0,0,0,0,
United Arab Emirates,90,110,4,e9630504,abbdca1a,d1988788,1,0,1,0,
United Arab Emirates,91,112,4,d1988788,abbdca1a,e9630504,2,0,2,0,
United Arab Emirates,92,113,4,d1988788,abbdca1a,e9630504,1,0,1,0,
United Arab Emirates,93,117,4,e9630504,abbdca1a,d1988788,4,0,4,0,
United Arab Emirates,94,117,4,e9630504,abbdca1a,d1988788,0,0,0,0,
United Arab Emirates,95,118,4,e9630504,abbdca1a,d1988788,1,0,1,0,
United Arab Emirates,96,122,4,e9630504,d99cc23a,d1988788,4,0,4,0,
United Arab Emirates,97,123,4,e9630504,d99cc23a,d1988788,1,0,1,0,
United Arab Emirates,98,127,4,d1988788,d99cc23a,e9630504,4,0,4,0,
United Arab Emirates,99,127,5,d1988788,d99cc23a,e9630504,0,0,0,1,run out
United Arab Emirates,100,131,5,e9630504,d99cc23a,18eaf2fa,4,0,4,0,
United Arab Emirates,101,131,6,e9630504,d99cc23a,18eaf2fa,0,0,0,1,bowled
United Arab Emirates,102,133,6,18eaf2fa,96503059,fd483a3e,2,0,2,0,
United Arab Emirates,103,133,7,18eaf2fa,96503059,fd483a3e,0,0,0,1,caught
United Arab Emirates,104,134,7,fd483a3e,96503059,7572bf45,1,0,1,0,
United Arab Emirates,105,134,7,7572bf45,96503059,fd483a3e,0,0,0,0,
United Arab Emirates,106,135,7,7572bf45,96503059,fd483a3e,1,0,1,0,
United Arab Emirates,107,136,7,fd483a3e,96503059,7572bf45,0,1,1,0,
United Arab Emirates,108,136,7,fd483a3e,d99cc23a,7572bf45,0,0,0,0,
United Arab Emirates,109,137,7,fd483a3e,d99cc23a,7572bf45,1,0,1,0,
United Arab Emirates,110,138,7,7572bf45,d99cc23a,fd483a3e,1,0,1,0,
United Arab Emirates,111,138,7,fd483a3e,d99cc23a,7572bf45,0,0,0,0,
United Arab Emirates,112,139,7,fd483a3e,d99cc23a,7572bf45,1,0,1,0,
United Arab Emirates,113,139,7,7572bf45,d99cc23a,fd483a3e,0,0,0,0,
United Arab Emirates,114,140,7,fd483a3e,782fb776,7572bf45,1,0,1,0,
United Arab Emirates,115,141,7,7572bf45,782fb776,fd483a3e,0,1,1,0,
United Arab Emirates,116,145,7,fd483a3e,782fb776,7572bf45,4,0,4,0,
United Arab Emirates,117,146,7,fd483a3e,782fb776,7572bf45,0,1,1,0,
United Arab Emirates,118,147,7,fd483a3e,782fb776,7572bf45,1,0,1,0,
United Arab Emirates,119,148,7,7572bf45,782fb776,fd483a3e,1,0,1,0,
United Arab Emirates,120,149,8,fd483a3e,782fb776,7572bf45,1,0,1,1,run out
United Arab Emirates,121,150,8,75186c24,96503059,fd483a3e,0,1,1,0,
United Arab Emirates,122,150,8,fd483a3e,96503059,75186c24,0,0,0,0,
United Arab Emirates,123,150,9,fd483a3e,96503059,75186c24,0,0,0,1,caught and bowled
United Arab Emirates,124,151,9,26534b48,96503059,75186c24,1,0,1,0,
United Arab Emirates,125,151,10,75186c24,96503059,26534b48,0,0,0,1,caught
Netherlands,1,1,0,18261c22,26534b48,a75a78eb,1,0,1,0,
Netherlands,2,2,0,a75a78eb,26534b48,18261c22,1,0,1,0,
Netherlands,3,2,0,18261c22,26534b48,a75a78eb,0,0,0,0,
Netherlands,4,6,0,18261c22,26534b48,a75a78eb,4,0,4,0,
Netherlands,5,6,0,18261c22,26534b48,a75a78eb,0,0,0,0,
Netherlands,6,10,0,18261c22,26534b48,a75a78eb,4,0,4,0,
Netherlands,7,10,0,a75a78eb,7572bf45,18261c22,0,0,0,0,
Netherlands,8,11,0,a75a78eb,7572bf45,18261c22,0,1,1,0,
Netherlands,9,12,0,18261c22,7572bf45,a75a78eb,1,0,1,0,
Netherlands,10,13,0,a75a78eb,7572bf45,18261c22,1,0,1,0,
Netherlands,11,14,0,18261c22,7572bf45,a75a78eb,1,0,1,0,
Netherlands,12,15,0,a75a78eb,7572bf45,18261c22,1,0,1,0,
Netherlands,13,16,0,a75a78eb,26534b48,18261c22,1,0,1,0,
Netherlands,14,20,0,18261c22,26534b48,a75a78eb,4,0,4,0,
Netherlands,15,24,0,18261c22,26534b48,a75a78eb,4,0,4,0,
Netherlands,16,24,0,18261c22,26534b48,a75a78eb,0,0,0,0,
Netherlands,17,24,0,18261c22,26534b48,a75a78eb,0,0,0,0,
Netherlands,18,24,0,18261c22,26534b48,a75a78eb,0,0,0,0,
Netherlands,19,28,0,a75a78eb,7572bf45,18261c22,4,0,4,0,
Netherlands,20,34,0,a75a78eb,7572bf45,18261c22,6,0,6,0,
Netherlands,21,35,0,a75a78eb,7572bf45,18261c22,1,0,1,0,
Netherlands,22,39,0,18261c22,7572bf45,a75a78eb,4,0,4,0,
Netherlands,23,39,0,18261c22,7572bf45,a75a78eb,0,0,0,0,
Netherlands,24,40,0,18261c22,7572bf45,a75a78eb,1,0,1,0,
Netherlands,25,46,0,18261c22,26534b48,a75a78eb,6,0,6,0,
Netherlands,26,46,0,18261c22,26534b48,a75a78eb,0,0,0,0,
Netherlands,27,47,0,18261c22,26534b48,a75a78eb,0,1,1,0,
Netherlands,28,51,0,a75a78eb,26534b48,18261c22,4,0,4,0,
Netherlands,29,55,0,a75a78eb,26534b48,18261c22,4,0,4,0,
Netherlands,30,56,0,a75a78eb,26534b48,18261c22,1,0,1,0,
Netherlands,31,57,0,a75a78eb,18eaf2fa,18261c22,1,0,1,0,
Netherlands,32,63,0,18261c22,18eaf2fa,a75a78eb,6,0,6,0,
Netherlands,33,63,0,18261c22,18eaf2fa,a75a78eb,0,0,0,0,
Netherlands,34,67,0,18261c22,18eaf2fa,a75a78eb,4,0,4,0,
Netherlands,35,67,0,18261c22,18eaf2fa,a75a78eb,0,0,0,0,
Netherlands,36,67,0,18261c22,18eaf2fa,a75a78eb,0,0,0,0,
Netherlands,37,68,0,a75a78eb,75186c24,18261c22,1,0,1,0,
Netherlands,38,69,0,18261c22,75186c24,a75a78eb,1,0,1,0,
Netherlands,39,69,0,a75a78eb,75186c24,18261c22,0,0,0,0,
Netherlands,40,69,1,a75a78eb,75186c24,18261c22,0,0,0,1,caught
Netherlands,41,69,1,18261c22,75186c24,0d677597,0,0,0,0,
Netherlands,42,69,1,18261c22,75186c24,0d677597,0,0,0,0,
Netherlands,43,70,1,0d677597,d1988788,18261c22,1,0,1,0,
Netherlands,44,72,1,18261c22,d1988788,0d677597,2,0,2,0,
Netherlands,45,73,1,18261c22,d1988788,0d677597,0,1,1,0,
Netherlands,46,74,1,0d677597,d1988788,18261c22,1,0,1,0,
Netherlands,47,75,1,18261c22,d1988788,0d677597,1,0,1,0,
Netherlands,48,79,1,0d677597,d1988788,18261c22,4,0,4,0,
Netherlands,49,80,1,18261c22,75186c24,0d677597,1,0,1,0,
Netherlands,50,80,1,0d677597,75186c24,18261c22,0,0,0,0,
Netherlands,51,81,1,0d677597,75186c24,18261c22,1,0,1,0,
Netherlands,52,83,1,18261c22,75186c24,0d677597,2,0,2,0,
Netherlands,53,87,1,18261c22,75186c24,0d677597,4,0,4,0,
Netherlands,54,88,1,18261c22,75186c24,0d677597,1,0,1,0,
Netherlands,55,89,1,18261c22,18eaf2fa,0d677597,1,0,1,0,
Netherlands,56,90,1,0d677597,18eaf2fa,18261c22,1,0,1,0,
Netherlands,57,91,1,18261c22,18eaf2fa,0d677597,1,0,1,0,
Netherlands,58,92,1,0d677597,18eaf2fa,18261c22,1,0,1,0,
Netherlands,59,93,1,18261c22,18eaf2fa,0d677597,1,0,1,0,
Netherlands,60,93,2,0d677597,18eaf2fa,18261c22,0,0,0,1,run out
Netherlands,61,94,2,0d677597,d1988788,2318ba22,1,0,1,0,
Netherlands,62,94,2,2318ba22,d1988788,0d677597,0,0,0,0,
Netherlands,63,98,2,2318ba22,d1988788,0d677597,4,0,4,0,
Netherlands,64,102,2,2318ba22,d1988788,0d677597,4,0,4,0,
Netherlands,65,103,2,2318ba22,d1988788,0d677597,1,0,1,0,
Netherlands,66,103,2,0d677597,d1988788,2318ba22,0,0,0,0,
Netherlands,67,104,2,2318ba22,18eaf2fa,0d677597,1,0,1,0,
Netherlands,68,105,2,0d677597,18eaf2fa,2318ba22,1,0,1,0,
Netherlands,69,111,2,2318ba22,18eaf2fa,0d677597,6,0,6,0,
Netherlands,70,111,2,2318ba22,18eaf2fa,0d677597,0,0,0,0,
Netherlands,71,112,2,2318ba22,18eaf2fa,0d677597,1,0,1,0,
Netherlands,72,112,2,0d677597,18eaf2fa,2318ba22,0,0,0,0,
Netherlands,73,112,2,2318ba22,7572bf45,0d677597,0,0,0,0,
Netherlands,74,113,2,2318ba22,7572bf45,0d677597,1,0,1,0,
Netherlands,75,114,2,0d677597,7572bf45,2318ba22,1,0,1,0,
Netherlands,76,114,2,2318ba22,7572bf45,0d677597,0,0,0,0,
Netherlands,77,115,2,2318ba22,7572bf45,0d677597,1,0,1,0,
Netherlands,78,116,2,0d677597,7572bf45,2318ba22,1,0,1,0,
Netherlands,79,117,2,0d677597,26534b48,2318ba22,1,0,1,0,
Netherlands,80,118,2,2318ba22,26534b48,0d677597,1,0,1,0,
Netherlands,81,119,2,0d677597,26534b48,2318ba22,1,0,1,0,
Netherlands,82,120,2,2318ba22,26534b48,0d677597,1,0,1,0,
Netherlands,83,120,2,0d677597,26534b48,2318ba22,0,0,0,0,
Netherlands,84,121,2,0d677597,26534b48,2318ba22,1,0,1,0,
Netherlands,85,123,2,0d677597,7572bf45,2318ba22,2,0,2,0,
Netherlands,86,129,2,0d677597,7572bf45,2318ba22,6,0,6,0,
Netherlands,87,129,3,0d677597,7572bf45,2318ba22,0,0,0,1,bowled
Netherlands,88,130,3,91052c96,7572bf45,2318ba22,1,0,1,0,
Netherlands,89,134,3,2318ba22,7572bf45,91052c96,4,0,4,0,
Netherlands,90,135,3,2318ba22,7572bf45,91052c96,1,0,1,0,
Netherlands,91,135,3,2318ba22,75186c24,91052c96,0,0,0,0,
Netherlands,92,136,3,2318ba22,75186c24,91052c96,1,0,1,0,
Netherlands,93,136,3,91052c96,75186c24,2318ba22,0,0,0,0,
Netherlands,94,136,3,91052c96,75186c24,2318ba22,0,0,0,0,
Netherlands,95,137,3,91052c96,75186c24,2318ba22,1,0,1,0,
Netherlands,96,141,3,2318ba22,75186c24,91052c96,4,0,4,0,
Netherlands,97,141,3,91052c96,18eaf2fa,2318ba22,0,0,0,0,
Netherlands,98,141,3,91052c96,18eaf2fa,2318ba22,0,0,0,0,
Netherlands,99,142,3,91052c96,18eaf2fa,2318ba22,1,0,1,0,
Netherlands,100,142,3,2318ba22,18eaf2fa,91052c96,0,0,0,0,
Netherlands,101,142,3,2318ba22,18eaf2fa,91052c96,0,0,0,0,
Netherlands,102,143,3,2318ba22,18eaf2fa,91052c96,1,0,1,0,
Netherlands,103,144,3,2318ba22,75186c24,91052c96,0,1,1,0,
Netherlands,104,144,4,91052c96,75186c24,2318ba22,0,0,0,1,caught
Netherlands,105,144,4,2318ba22,75186c24,634a7b21,0,0,0,0,
Netherlands,106,145,4,2318ba22,75186c24,634a7b21,1,0,1,0,
Netherlands,107,145,4,634a7b21,75186c24,2318ba22,0,0,0,0,
Netherlands,108,146,4,634a7b21,75186c24,2318ba22,1,0,1,0,
Netherlands,109,147,4,634a7b21,d1988788,2318ba22,1,0,1,0,
Netherlands,110,148,4,2318ba22,d1988788,634a7b21,1,0,1,0,
Netherlands,111,148,4,634a7b21,d1988788,2318ba22,0,0,0,0,
Netherlands,112,148,4,634a7b21,d1988788,2318ba22,0,0,0,0,
Netherlands,113,152,4,634a7b21,d1988788,2318ba22,4,0,4,0,
