batting_team,ball_number,total_team_runs,total_team_wickets,striker_ID,bowler_ID,nonstriker_ID,batter_runs,extras_runs,total_delivery_runs,wicket,wicket_type
Barbados Tridents,1,0,0,35205dfc,d9609443,1920c721,0,0,0,0,
Barbados Tridents,2,1,0,35205dfc,d9609443,1920c721,0,1,1,0,
Barbados Tridents,3,1,0,35205dfc,d9609443,1920c721,0,0,0,0,
Barbados Tridents,4,5,0,35205dfc,d9609443,1920c721,4,0,4,0,
Barbados Tridents,5,5,0,35205dfc,d9609443,1920c721,0,0,0,0,
Barbados Tridents,6,5,0,35205dfc,d9609443,1920c721,0,0,0,0,
Barbados Tridents,7,6,0,35205dfc,d9609443,1920c721,1,0,1,0,
Barbados Tridents,8,6,1,35205dfc,76388dc8,1920c721,0,0,0,1,caught
Barbados Tridents,9,6,1,64c34cd0,76388dc8,1920c721,0,0,0,0,
Barbados Tridents,10,6,1,64c34cd0,76388dc8,1920c721,0,0,0,0,
Barbados Tridents,11,6,1,64c34cd0,76388dc8,1920c721,0,0,0,0,
Barbados Tridents,12,8,1,64c34cd0,76388dc8,1920c721,2,0,2,0,
Barbados Tridents,13,8,1,64c34cd0,76388dc8,1920c721,0,0,0,0,
Barbados Tridents,14,12,1,1920c721,d9609443,64c34cd0,4,0,4,0,
Barbados Tridents,15,13,1,1920c721,d9609443,64c34cd0,1,0,1,0,
Barbados Tridents,16,14,1,64c34cd0,d9609443,1920c721,1,0,1,0,
Barbados Tridents,17,14,1,1920c721,d9609443,64c34cd0,0,0,0,0,
Barbados Tridents,18,14,1,1920c721,d9609443,64c34cd0,0,0,0,0,
Barbados Tridents,19,20,1,1920c721,d9609443,64c34cd0,6,0,6,0,
Barbados Tridents,20,20,1,64c34cd0,76388dc8,1920c721,0,0,0,0,
Barbados Tridents,21,20,1,64c34cd0,76388dc8,1920c721,0,0,0,0,
Barbados Tridents,22,21,1,64c34cd0,76388dc8,1920c721,1,0,1,0,
Barbados Tridents,23,23,1,1920c721,76388dc8,64c34cd0,0,2,2,0,
Barbados Tridents,24,25,1,64c34cd0,76388dc8,1920c721,2,0,2,0,
Barbados Tridents,25,26,1,64c34cd0,76388dc8,1920c721,1,0,1,0,
Barbados Tridents,26,26,1,1920c721,76388dc8,64c34cd0,0,0,0,0,
Barbados Tridents,27,28,1,64c34cd0,d9609443,1920c721,2,0,2,0,
Barbados Tridents,28,29,1,64c34cd0,d9609443,1920c721,1,0,1,0,
Barbados Tridents,29,30,1,1920c721,d9609443,64c34cd0,1,0,1,0,
Barbados Tridents,30,31,1,64c34cd0,d9609443,1920c721,1,0,1,0,
Barbados Tridents,31,35,1,1920c721,d9609443,64c34cd0,4,0,4,0,
Barbados Tridents,32,39,1,1920c721,d9609443,64c34cd0,4,0,4,0,
Barbados Tridents,33,40,1,64c34cd0,76388dc8,1920c721,1,0,1,0,
Barbados Tridents,34,44,1,1920c721,76388dc8,64c34cd0,4,0,4,0,
Barbados Tridents,35,44,1,1920c721,76388dc8,64c34cd0,0,0,0,0,
Barbados Tridents,36,44,2,1920c721,76388dc8,64c34cd0,0,0,0,1,caught and bowled
Barbados Tridents,37,44,2,a830c083,76388dc8,64c34cd0,0,0,0,0,
Barbados Tridents,38,44,2,a830c083,76388dc8,64c34cd0,0,0,0,0,
Barbados Tridents,39,45,2,64c34cd0,87e562a9,a830c083,1,0,1,0,
Barbados Tridents,40,45,2,a830c083,87e562a9,64c34cd0,0,0,0,0,
Barbados Tridents,41,45,2,a830c083,87e562a9,64c34cd0,0,0,0,0,
Barbados Tridents,42,46,2,a830c083,87e562a9,64c34cd0,1,0,1,0,
Barbados Tridents,43,47,2,64c34cd0,87e562a9,a830c083,1,0,1,0,
Barbados Tridents,44,47,2,a830c083,87e562a9,64c34cd0,0,0,0,0,
Barbados Tridents,45,48,2,64c34cd0,364ee2cf,a830c083,0,1,1,0,
Barbados Tridents,46,49,2,a830c083,364ee2cf,64c34cd0,1,0,1,0,
Barbados Tridents,47,50,2,64c34cd0,364ee2cf,a830c083,0,1,1,0,
Barbados Tridents,48,50,3,64c34cd0,364ee2cf,a830c083,0,0,0,1,run out
Barbados Tridents,49,50,3,64c34cd0,364ee2cf,d7725664,0,0,0,0,
Barbados Tridents,50,51,3,64c34cd0,364ee2cf,d7725664,1,0,1,0,
Barbados Tridents,51,51,3,d7725664,364ee2cf,64c34cd0,0,0,0,0,
Barbados Tridents,52,51,3,64c34cd0,557153ca,d7725664,0,0,0,0,
Barbados Tridents,53,52,3,64c34cd0,557153ca,d7725664,1,0,1,0,
Barbados Tridents,54,52,3,d7725664,557153ca,64c34cd0,0,0,0,0,
Barbados Tridents,55,53,3,d7725664,557153ca,64c34cd0,1,0,1,0,
Barbados Tridents,56,57,3,64c34cd0,557153ca,d7725664,4,0,4,0,
Barbados Tridents,57,58,3,64c34cd0,557153ca,d7725664,1,0,1,0,
Barbados Tridents,58,59,3,64c34cd0,364ee2cf,d7725664,1,0,1,0,
Barbados Tridents,59,65,3,d7725664,364ee2cf,64c34cd0,6,0,6,0,
Barbados Tridents,60,65,3,d7725664,364ee2cf,64c34cd0,0,0,0,0,
Barbados Tridents,61,66,3,d7725664,364ee2cf,64c34cd0,1,0,1,0,
Barbados Tridents,62,66,3,64c34cd0,364ee2cf,d7725664,0,0,0,0,
Barbados Tridents,63,67,3,64c34cd0,364ee2cf,d7725664,1,0,1,0,
Barbados Tridents,64,67,3,64c34cd0,76388dc8,d7725664,0,0,0,0,
Barbados Tridents,65,68,3,64c34cd0,76388dc8,d7725664,1,0,1,0,
Barbados Tridents,66,68,3,d7725664,76388dc8,64c34cd0,0,0,0,0,
Barbados Tridents,67,72,3,d7725664,76388dc8,64c34cd0,4,0,4,0,
Barbados Tridents,68,74,3,d7725664,76388dc8,64c34cd0,2,0,2,0,
Barbados Tridents,69,74,3,d7725664,76388dc8,64c34cd0,0,0,0,0,
Barbados Tridents,70,75,3,64c34cd0,99ed60f8,d7725664,1,0,1,0,
Barbados Tridents,71,76,3,d7725664,99ed60f8,64c34cd0,1,0,1,0,
Barbados Tridents,72,80,3,64c34cd0,99ed60f8,d7725664,4,0,4,0,
Barbados Tridents,73,83,3,64c34cd0,99ed60f8,d7725664,3,0,3,0,
Barbados Tridents,74,83,3,d7725664,99ed60f8,64c34cd0,0,0,0,0,
Barbados Tridents,75,84,3,d7725664,99ed60f8,64c34cd0,1,0,1,0,
Barbados Tridents,76,85,3,d7725664,557153ca,64c34cd0,1,0,1,0,
Barbados Tridents,77,86,3,64c34cd0,557153ca,d7725664,1,0,1,0,
Barbados Tridents,78,88,3,d7725664,557153ca,64c34cd0,2,0,2,0,
Barbados Tridents,79,89,3,d7725664,557153ca,64c34cd0,1,0,1,0,
Barbados Tridents,80,90,3,64c34cd0,557153ca,d7725664,1,0,1,0,
Barbados Tridents,81,91,3,d7725664,557153ca,64c34cd0,1,0,1,0,
Barbados Tridents,82,91,3,d7725664,87e562a9,64c34cd0,0,0,0,0,
Barbados Tridents,83,92,3,d7725664,87e562a9,64c34cd0,0,1,1,0,
Barbados Tridents,84,96,3,d7725664,87e562a9,64c34cd0,4,0,4,0,
Barbados Tridents,85,98,3,d7725664,87e562a9,64c34cd0,2,0,2,0,
Barbados Tridents,86,99,3,d7725664,87e562a9,64c34cd0,1,0,1,0,
Barbados Tridents,87,100,3,64c34cd0,87e562a9,d7725664,0,1,1,0,
Barbados Tridents,88,100,3,d7725664,87e562a9,64c34cd0,0,0,0,0,
Barbados Tridents,89,101,3,64c34cd0,d9609443,d7725664,1,0,1,0,
Barbados Tridents,90,102,3,d7725664,d9609443,64c34cd0,1,0,1,0,
Barbados Tridents,91,102,4,64c34cd0,d9609443,d7725664,0,0,0,1,caught
Barbados Tridents,92,103,4,d7725664,d9609443,a757b0d8,1,0,1,0,
Barbados Tridents,93,103,4,a757b0d8,d9609443,d7725664,0,0,0,0,
Barbados Tridents,94,104,4,a757b0d8,d9609443,d7725664,1,0,1,0,
Barbados Tridents,95,108,4,a757b0d8,99ed60f8,d7725664,4,0,4,0,
Barbados Tridents,96,112,4,a757b0d8,99ed60f8,d7725664,4,0,4,0,
Barbados Tridents,97,113,4,a757b0d8,99ed60f8,d7725664,1,0,1,0,
Barbados Tridents,98,114,4,d7725664,99ed60f8,a757b0d8,1,0,1,0,
Barbados Tridents,99,115,4,a757b0d8,99ed60f8,d7725664,1,0,1,0,
Barbados Tridents,100,116,4,d7725664,99ed60f8,a757b0d8,1,0,1,0,
Barbados Tridents,101,120,4,d7725664,557153ca,a757b0d8,4,0,4,0,
Barbados Tridents,102,121,4,d7725664,557153ca,a757b0d8,1,0,1,0,
Barbados Tridents,103,127,4,a757b0d8,557153ca,d7725664,6,0,6,0,
Barbados Tridents,104,131,4,a757b0d8,557153ca,d7725664,4,0,4,0,
Barbados Tridents,105,132,4,a757b0d8,557153ca,d7725664,1,0,1,0,
Barbados Tridents,106,134,4,d7725664,557153ca,a757b0d8,2,0,2,0,
Barbados Tridents,107,138,4,a757b0d8,87e562a9,d7725664,4,0,4,0,
Barbados Tridents,108,139,4,a757b0d8,87e562a9,d7725664,1,0,1,0,
Barbados Tridents,109,143,4,d7725664,87e562a9,a757b0d8,4,0,4,0,
Barbados Tridents,110,143,4,d7725664,87e562a9,a757b0d8,0,0,0,0,
Barbados Tridents,111,144,4,d7725664,87e562a9,a757b0d8,1,0,1,0,
Barbados Tridents,112,144,4,a757b0d8,87e562a9,d7725664,0,0,0,0,
Barbados Tridents,113,144,4,d7725664,557153ca,a757b0d8,0,0,0,0,
Barbados Tridents,114,145,4,d7725664,557153ca,a757b0d8,1,0,1,0,
Barbados Tridents,115,146,4,a757b0d8,557153ca,d7725664,1,0,1,0,
Barbados Tridents,116,150,4,d7725664,557153ca,a757b0d8,4,0,4,0,
Barbados Tridents,117,151,4,d7725664,557153ca,a757b0d8,0,1,1,0,
Barbados Tridents,118,157,4,a757b0d8,557153ca,d7725664,6,0,6,0,
Barbados Tridents,119,163,4,d7725664,87e562a9,a757b0d8,6,0,6,0,
Barbados Tridents,120,169,4,d7725664,87e562a9,a757b0d8,6,0,6,0,
Barbados Tridents,121,170,4,d7725664,87e562a9,a757b0d8,1,0,1,0,
Barbados Tridents,122,171,4,a757b0d8,87e562a9,d7725664,0,1,1,0,
Barbados Tridents,123,171,5,a757b0d8,87e562a9,d7725664,0,0,0,1,caught
Barbados Tridents,124,173,5,d7725664,87e562a9,0f721006,2,0,2,0,
Barbados Tridents,125,174,5,d7725664,87e562a9,0f721006,1,0,1,0,
Trinidad & Tobago Red Steel,1,2,0,243431b5,0f721006,0ebfb1ad,2,0,2,0,
Trinidad & Tobago Red Steel,2,2,0,243431b5,0f721006,0ebfb1ad,0,0,0,0,
Trinidad & Tobago Red Steel,3,2,1,243431b5,0f721006,0ebfb1ad,0,0,0,1,caught
Trinidad & Tobago Red Steel,4,2,1,0ebfb1ad,0f721006,b61a3e1a,0,0,0,0,
Trinidad & Tobago Red Steel,5,3,1,0ebfb1ad,0f721006,b61a3e1a,0,1,1,0,
Trinidad & Tobago Red Steel,6,3,1,0ebfb1ad,0f721006,b61a3e1a,0,0,0,0,
Trinidad & Tobago Red Steel,7,9,1,0ebfb1ad,0f721006,b61a3e1a,6,0,6,0,
Trinidad & Tobago Red Steel,8,10,1,b61a3e1a,d68e7f48,0ebfb1ad,1,0,1,0,
Trinidad & Tobago Red Steel,9,11,1,0ebfb1ad,d68e7f48,b61a3e1a,1,0,1,0,
Trinidad & Tobago Red Steel,10,11,1,b61a3e1a,d68e7f48,0ebfb1ad,0,0,0,0,
Trinidad & Tobago Red Steel,11,11,1,b61a3e1a,d68e7f48,0ebfb1ad,0,0,0,0,
Trinidad & Tobago Red Steel,12,11,1,b61a3e1a,d68e7f48,0ebfb1ad,0,0,0,0,
Trinidad & Tobago Red Steel,13,12,1,b61a3e1a,d68e7f48,0ebfb1ad,1,0,1,0,
Trinidad & Tobago Red Steel,14,14,1,b61a3e1a,0f721006,0ebfb1ad,2,0,2,0,
Trinidad & Tobago Red Steel,15,14,1,b61a3e1a,0f721006,0ebfb1ad,0,0,0,0,
Trinidad & Tobago Red Steel,16,14,2,b61a3e1a,0f721006,0ebfb1ad,0,0,0,1,caught
Trinidad & Tobago Red Steel,17,14,2,0ebfb1ad,0f721006,87e562a9,0,0,0,0,
Trinidad & Tobago Red Steel,18,18,2,0ebfb1ad,0f721006,87e562a9,4,0,4,0,
Trinidad & Tobago Red Steel,19,19,2,0ebfb1ad,0f721006,87e562a9,1,0,1,0,
Trinidad & Tobago Red Steel,20,20,2,0ebfb1ad,d68e7f48,87e562a9,1,0,1,0,
Trinidad & Tobago Red Steel,21,20,2,87e562a9,d68e7f48,0ebfb1ad,0,0,0,0,
Trinidad & Tobago Red Steel,22,20,2,87e562a9,d68e7f48,0ebfb1ad,0,0,0,0,
Trinidad & Tobago Red Steel,23,24,2,87e562a9,d68e7f48,0ebfb1ad,4,0,4,0,
Trinidad & Tobago Red Steel,24,28,2,87e562a9,d68e7f48,0ebfb1ad,4,0,4,0,
Trinidad & Tobago Red Steel,25,29,2,87e562a9,d68e7f48,0ebfb1ad,0,1,1,0,
Trinidad & Tobago Red Steel,26,33,2,87e562a9,d68e7f48,0ebfb1ad,0,4,4,0,
Trinidad & Tobago Red Steel,27,33,2,0ebfb1ad,0f721006,87e562a9,0,0,0,0,
Trinidad & Tobago Red Steel,28,34,2,0ebfb1ad,0f721006,87e562a9,1,0,1,0,
Trinidad & Tobago Red Steel,29,35,2,87e562a9,0f721006,0ebfb1ad,1,0,1,0,
Trinidad & Tobago Red Steel,30,35,3,0ebfb1ad,0f721006,87e562a9,0,0,0,1,caught
Trinidad & Tobago Red Steel,31,36,3,87e562a9,0f721006,14b14cd8,1,0,1,0,
Trinidad & Tobago Red Steel,32,36,3,14b14cd8,0f721006,87e562a9,0,0,0,0,
Trinidad & Tobago Red Steel,33,37,3,87e562a9,e7de4f6b,14b14cd8,1,0,1,0,
Trinidad & Tobago Red Steel,34,38,3,14b14cd8,e7de4f6b,87e562a9,1,0,1,0,
Trinidad & Tobago Red Steel,35,42,3,87e562a9,e7de4f6b,14b14cd8,4,0,4,0,
Trinidad & Tobago Red Steel,36,43,3,87e562a9,e7de4f6b,14b14cd8,1,0,1,0,
Trinidad & Tobago Red Steel,37,43,3,14b14cd8,e7de4f6b,87e562a9,0,0,0,0,
Trinidad & Tobago Red Steel,38,44,3,14b14cd8,e7de4f6b,87e562a9,0,1,1,0,
Trinidad & Tobago Red Steel,39,44,3,14b14cd8,e7de4f6b,87e562a9,0,0,0,0,
Trinidad & Tobago Red Steel,40,44,3,87e562a9,0f721006,14b14cd8,0,0,0,0,
Trinidad & Tobago Red Steel,41,44,4,87e562a9,0f721006,14b14cd8,0,0,0,1,caught
Trinidad & Tobago Red Steel,42,45,4,3241e3fd,0f721006,14b14cd8,1,0,1,0,
Trinidad & Tobago Red Steel,43,51,4,14b14cd8,0f721006,3241e3fd,6,0,6,0,
Trinidad & Tobago Red Steel,44,51,4,14b14cd8,0f721006,3241e3fd,0,0,0,0,
Trinidad & Tobago Red Steel,45,52,4,14b14cd8,0f721006,3241e3fd,0,1,1,0,
Trinidad & Tobago Red Steel,46,52,4,14b14cd8,0f721006,3241e3fd,0,0,0,0,
Trinidad & Tobago Red Steel,47,53,4,3241e3fd,4a745f65,14b14cd8,0,1,1,0,
Trinidad & Tobago Red Steel,48,53,4,3241e3fd,4a745f65,14b14cd8,0,0,0,0,
Trinidad & Tobago Red Steel,49,53,4,3241e3fd,4a745f65,14b14cd8,0,0,0,0,
Trinidad & Tobago Red Steel,50,53,4,3241e3fd,4a745f65,14b14cd8,0,0,0,0,
Trinidad & Tobago Red Steel,51,53,4,3241e3fd,4a745f65,14b14cd8,0,0,0,0,
Trinidad & Tobago Red Steel,52,53,4,3241e3fd,4a745f65,14b14cd8,0,0,0,0,
Trinidad & Tobago Red Steel,53,54,4,3241e3fd,4a745f65,14b14cd8,1,0,1,0,
Trinidad & Tobago Red Steel,54,60,4,3241e3fd,64c34cd0,14b14cd8,6,0,6,0,
Trinidad & Tobago Red Steel,55,66,4,3241e3fd,64c34cd0,14b14cd8,6,0,6,0,
Trinidad & Tobago Red Steel,56,66,4,3241e3fd,64c34cd0,14b14cd8,0,0,0,0,
Trinidad & Tobago Red Steel,57,67,4,3241e3fd,64c34cd0,14b14cd8,1,0,1,0,
Trinidad & Tobago Red Steel,58,68,4,14b14cd8,64c34cd0,3241e3fd,1,0,1,0,
Trinidad & Tobago Red Steel,59,68,4,3241e3fd,64c34cd0,14b14cd8,0,0,0,0,
Trinidad & Tobago Red Steel,60,68,4,14b14cd8,e7de4f6b,3241e3fd,0,0,0,0,
Trinidad & Tobago Red Steel,61,69,4,14b14cd8,e7de4f6b,3241e3fd,1,0,1,0,
Trinidad & Tobago Red Steel,62,70,4,3241e3fd,e7de4f6b,14b14cd8,1,0,1,0,
Trinidad & Tobago Red Steel,63,70,4,14b14cd8,e7de4f6b,3241e3fd,0,0,0,0,
Trinidad & Tobago Red Steel,64,71,4,14b14cd8,e7de4f6b,3241e3fd,1,0,1,0,
Trinidad & Tobago Red Steel,65,73,4,3241e3fd,e7de4f6b,14b14cd8,2,0,2,0,
Trinidad & Tobago Red Steel,66,73,4,14b14cd8,a757b0d8,3241e3fd,0,0,0,0,
Trinidad & Tobago Red Steel,67,74,4,14b14cd8,a757b0d8,3241e3fd,1,0,1,0,
Trinidad & Tobago Red Steel,68,74,4,3241e3fd,a757b0d8,14b14cd8,0,0,0,0,
Trinidad & Tobago Red Steel,69,76,4,3241e3fd,a757b0d8,14b14cd8,2,0,2,0,
Trinidad & Tobago Red Steel,70,82,4,3241e3fd,a757b0d8,14b14cd8,6,0,6,0,
Trinidad & Tobago Red Steel,71,84,4,3241e3fd,a757b0d8,14b14cd8,2,0,2,0,
Trinidad & Tobago Red Steel,72,85,4,14b14cd8,e7de4f6b,3241e3fd,1,0,1,0,
Trinidad & Tobago Red Steel,73,85,4,3241e3fd,e7de4f6b,14b14cd8,0,0,0,0,
Trinidad & Tobago Red Steel,74,86,4,3241e3fd,e7de4f6b,14b14cd8,0,1,1,0,
Trinidad & Tobago Red Steel,75,87,4,3241e3fd,e7de4f6b,14b14cd8,1,0,1,0,
Trinidad & Tobago Red Steel,76,87,5,14b14cd8,e7de4f6b,3241e3fd,0,0,0,1,caught
Trinidad & Tobago Red Steel,77,88,5,99ed60f8,e7de4f6b,3241e3fd,1,0,1,0,
Trinidad & Tobago Red Steel,78,92,5,3241e3fd,e7de4f6b,99ed60f8,4,0,4,0,
Trinidad & Tobago Red Steel,79,92,5,99ed60f8,a757b0d8,3241e3fd,0,0,0,0,
Trinidad & Tobago Red Steel,80,92,5,99ed60f8,a757b0d8,3241e3fd,0,0,0,0,
Trinidad & Tobago Red Steel,81,93,5,99ed60f8,a757b0d8,3241e3fd,1,0,1,0,
Trinidad & Tobago Red Steel,82,93,6,3241e3fd,a757b0d8,99ed60f8,0,0,0,1,caught
Trinidad & Tobago Red Steel,83,93,6,557153ca,a757b0d8,99ed60f8,0,0,0,0,
Trinidad & Tobago Red Steel,84,93,6,557153ca,a757b0d8,99ed60f8,0,0,0,0,
Trinidad & Tobago Red Steel,85,93,6,99ed60f8,4a745f65,557153ca,0,0,0,0,
Trinidad & Tobago Red Steel,86,94,6,99ed60f8,4a745f65,557153ca,1,0,1,0,
Trinidad & Tobago Red Steel,87,95,6,557153ca,4a745f65,99ed60f8,1,0,1,0,
Trinidad & Tobago Red Steel,88,96,6,99ed60f8,4a745f65,557153ca,1,0,1,0,
Trinidad & Tobago Red Steel,89,97,6,557153ca,4a745f65,99ed60f8,1,0,1,0,
Trinidad & Tobago Red Steel,90,97,7,99ed60f8,4a745f65,557153ca,0,0,0,1,caught
Trinidad & Tobago Red Steel,91,98,7,557153ca,d68e7f48,364ee2cf,1,0,1,0,
Trinidad & Tobago Red Steel,92,99,7,364ee2cf,d68e7f48,557153ca,1,0,1,0,
Trinidad & Tobago Red Steel,93,100,7,557153ca,d68e7f48,364ee2cf,1,0,1,0,
Trinidad & Tobago Red Steel,94,100,7,364ee2cf,d68e7f48,557153ca,0,0,0,0,
Trinidad & Tobago Red Steel,95,100,7,364ee2cf,d68e7f48,557153ca,0,0,0,0,
Trinidad & Tobago Red Steel,96,100,8,364ee2cf,d68e7f48,557153ca,0,0,0,1,caught
Trinidad & Tobago Red Steel,97,101,8,557153ca,4a745f65,76388dc8,1,0,1,0,
Trinidad & Tobago Red Steel,98,101,8,76388dc8,4a745f65,557153ca,0,0,0,0,
Trinidad & Tobago Red Steel,99,101,8,76388dc8,4a745f65,557153ca,0,0,0,0,
Trinidad & Tobago Red Steel,100,102,8,76388dc8,4a745f65,557153ca,1,0,1,0,
Trinidad & Tobago Red Steel,101,103,8,557153ca,4a745f65,76388dc8,1,0,1,0,
Trinidad & Tobago Red Steel,102,103,8,76388dc8,4a745f65,557153ca,0,0,0,0,
Trinidad & Tobago Red Steel,103,103,8,557153ca,e7de4f6b,76388dc8,0,0,0,0,
Trinidad & Tobago Red Steel,104,104,8,557153ca,e7de4f6b,76388dc8,1,0,1,0,
Trinidad & Tobago Red Steel,105,105,8,76388dc8,e7de4f6b,557153ca,1,0,1,0,
Trinidad & Tobago Red Steel,106,105,9,557153ca,e7de4f6b,76388dc8,0,0,0,1,caught
Trinidad & Tobago Red Steel,107,105,10,d9609443,e7de4f6b,76388dc8,0,0,0,1,caught and bowled
