batting_team,ball_number,total_team_runs,total_team_wickets,striker_ID,bowler_ID,nonstriker_ID,batter_runs,extras_runs,total_delivery_runs,wicket,wicket_type
Leicestershire,1,1,0,58c481c6,b68a30f0,84826f48,1,0,1,0,
Leicestershire,2,3,0,84826f48,b68a30f0,58c481c6,2,0,2,0,
Leicestershire,3,4,0,84826f48,b68a30f0,58c481c6,1,0,1,0,
Leicestershire,4,4,0,58c481c6,b68a30f0,84826f48,0,0,0,0,
Leicestershire,5,5,0,58c481c6,b68a30f0,84826f48,0,1,1,0,
Leicestershire,6,5,0,84826f48,b68a30f0,58c481c6,0,0,0,0,
Leicestershire,7,7,0,58c481c6,3f659464,84826f48,2,0,2,0,
Leicestershire,8,11,0,58c481c6,3f659464,84826f48,4,0,4,0,
Leicestershire,9,15,0,58c481c6,3f659464,84826f48,4,0,4,0,
Leicestershire,10,16,0,58c481c6,3f659464,84826f48,1,0,1,0,
Leicestershire,11,17,0,84826f48,3f659464,58c481c6,0,1,1,0,
Leicestershire,12,17,0,58c481c6,3f659464,84826f48,0,0,0,0,
Leicestershire,13,21,0,84826f48,b68a30f0,58c481c6,4,0,4,0,
Leicestershire,14,21,0,84826f48,b68a30f0,58c481c6,0,0,0,0,
Leicestershire,15,25,0,84826f48,b68a30f0,58c481c6,4,0,4,0,
Leicestershire,16,29,0,84826f48,b68a30f0,58c481c6,4,0,4,0,
Leicestershire,17,29,1,84826f48,b68a30f0,58c481c6,0,0,0,1,caught
Leicestershire,18,29,1,58c481c6,b68a30f0,d86f6c69,0,0,0,0,
Leicestershire,19,29,1,d86f6c69,c4450a69,58c481c6,0,0,0,0,
Leicestershire,20,33,1,d86f6c69,c4450a69,58c481c6,4,0,4,0,
Leicestershire,21,33,1,d86f6c69,c4450a69,58c481c6,0,0,0,0,
Leicestershire,22,34,1,d86f6c69,c4450a69,58c481c6,1,0,1,0,
Leicestershire,23,35,1,58c481c6,c4450a69,d86f6c69,1,0,1,0,
Leicestershire,24,39,1,d86f6c69,c4450a69,58c481c6,4,0,4,0,
Leicestershire,25,43,1,58c481c6,2a0d5d4a,d86f6c69,4,0,4,0,
Leicestershire,26,44,1,58c481c6,2a0d5d4a,d86f6c69,1,0,1,0,
Leicestershire,27,46,1,d86f6c69,2a0d5d4a,58c481c6,2,0,2,0,
Leicestershire,28,48,1,d86f6c69,2a0d5d4a,58c481c6,2,0,2,0,
Leicestershire,29,49,1,d86f6c69,2a0d5d4a,58c481c6,1,0,1,0,
Leicestershire,30,50,1,58c481c6,2a0d5d4a,d86f6c69,1,0,1,0,
Leicestershire,31,51,1,58c481c6,0f21680d,d86f6c69,1,0,1,0,
Leicestershire,32,52,1,d86f6c69,0f21680d,58c481c6,1,0,1,0,
Leicestershire,33,53,1,58c481c6,0f21680d,d86f6c69,1,0,1,0,
Leicestershire,34,57,1,d86f6c69,0f21680d,58c481c6,4,0,4,0,
Leicestershire,35,57,1,d86f6c69,0f21680d,58c481c6,0,0,0,0,
Leicestershire,36,58,1,d86f6c69,0f21680d,58c481c6,1,0,1,0,
Leicestershire,37,58,1,d86f6c69,2a0d5d4a,58c481c6,0,0,0,0,
Leicestershire,38,59,1,d86f6c69,2a0d5d4a,58c481c6,1,0,1,0,
Leicestershire,39,61,1,58c481c6,2a0d5d4a,d86f6c69,2,0,2,0,
Leicestershire,40,65,1,58c481c6,2a0d5d4a,d86f6c69,4,0,4,0,
Leicestershire,41,66,1,58c481c6,2a0d5d4a,d86f6c69,1,0,1,0,
Leicestershire,42,67,1,d86f6c69,2a0d5d4a,58c481c6,1,0,1,0,
Leicestershire,43,71,1,d86f6c69,0f21680d,58c481c6,4,0,4,0,
Leicestershire,44,72,1,d86f6c69,0f21680d,58c481c6,1,0,1,0,
Leicestershire,45,72,1,58c481c6,0f21680d,d86f6c69,0,0,0,0,
Leicestershire,46,73,1,58c481c6,0f21680d,d86f6c69,1,0,1,0,
Leicestershire,47,79,1,d86f6c69,0f21680d,58c481c6,6,0,6,0,
Leicestershire,48,79,1,d86f6c69,0f21680d,58c481c6,0,0,0,0,
Leicestershire,49,79,1,58c481c6,c4450a69,d86f6c69,0,0,0,0,
Leicestershire,50,80,1,58c481c6,c4450a69,d86f6c69,1,0,1,0,
Leicestershire,51,81,1,d86f6c69,c4450a69,58c481c6,1,0,1,0,
Leicestershire,52,82,1,58c481c6,c4450a69,d86f6c69,1,0,1,0,
Leicestershire,53,83,1,d86f6c69,c4450a69,58c481c6,1,0,1,0,
Leicestershire,54,84,1,58c481c6,c4450a69,d86f6c69,1,0,1,0,
Leicestershire,55,84,1,58c481c6,a23fda4a,d86f6c69,0,0,0,0,
Leicestershire,56,88,1,58c481c6,a23fda4a,d86f6c69,4,0,4,0,
Leicestershire,57,94,1,58c481c6,a23fda4a,d86f6c69,6,0,6,0,
Leicestershire,58,95,1,58c481c6,a23fda4a,d86f6c69,1,0,1,0,
Leicestershire,59,96,1,d86f6c69,a23fda4a,58c481c6,1,0,1,0,
Leicestershire,60,96,1,58c481c6,a23fda4a,d86f6c69,0,0,0,0,
Leicestershire,61,97,1,d86f6c69,c4450a69,58c481c6,1,0,1,0,
Leicestershire,62,101,1,58c481c6,c4450a69,d86f6c69,4,0,4,0,
Leicestershire,63,105,1,58c481c6,c4450a69,d86f6c69,4,0,4,0,
Leicestershire,64,106,1,58c481c6,c4450a69,d86f6c69,1,0,1,0,
Leicestershire,65,106,1,d86f6c69,c4450a69,58c481c6,0,0,0,0,
Leicestershire,66,108,1,d86f6c69,c4450a69,58c481c6,2,0,2,0,
Leicestershire,67,109,1,58c481c6,3f659464,d86f6c69,1,0,1,0,
Leicestershire,68,111,1,d86f6c69,3f659464,58c481c6,2,0,2,0,
Leicestershire,69,112,1,d86f6c69,3f659464,58c481c6,1,0,1,0,
Leicestershire,70,113,1,58c481c6,3f659464,d86f6c69,1,0,1,0,
Leicestershire,71,113,1,d86f6c69,3f659464,58c481c6,0,0,0,0,
Leicestershire,72,114,1,d86f6c69,3f659464,58c481c6,1,0,1,0,
Leicestershire,73,115,1,d86f6c69,0f21680d,58c481c6,1,0,1,0,
Leicestershire,74,121,1,58c481c6,0f21680d,d86f6c69,6,0,6,0,
Leicestershire,75,121,1,58c481c6,0f21680d,d86f6c69,0,0,0,0,
Leicestershire,76,122,1,58c481c6,0f21680d,d86f6c69,1,0,1,0,
Leicestershire,77,123,1,d86f6c69,0f21680d,58c481c6,1,0,1,0,
Leicestershire,78,123,1,58c481c6,0f21680d,d86f6c69,0,0,0,0,
Leicestershire,79,127,1,d86f6c69,3f659464,58c481c6,4,0,4,0,
Leicestershire,80,128,1,d86f6c69,3f659464,58c481c6,1,0,1,0,
Leicestershire,81,131,1,58c481c6,3f659464,d86f6c69,3,0,3,0,
Leicestershire,82,135,1,d86f6c69,3f659464,58c481c6,4,0,4,0,
Leicestershire,83,136,1,d86f6c69,3f659464,58c481c6,1,0,1,0,
Leicestershire,84,138,1,58c481c6,3f659464,d86f6c69,2,0,2,0,
Leicestershire,85,139,1,d86f6c69,b68a30f0,58c481c6,1,0,1,0,
Leicestershire,86,139,1,58c481c6,b68a30f0,d86f6c69,0,0,0,0,
Leicestershire,87,141,1,58c481c6,b68a30f0,d86f6c69,2,0,2,0,
Leicestershire,88,142,1,58c481c6,b68a30f0,d86f6c69,1,0,1,0,
Leicestershire,89,142,2,d86f6c69,b68a30f0,58c481c6,0,0,0,1,bowled
Leicestershire,90,143,2,57efa3be,b68a30f0,58c481c6,0,1,1,0,
Leicestershire,91,144,2,57efa3be,b68a30f0,58c481c6,0,1,1,0,
Leicestershire,92,145,2,57efa3be,2a0d5d4a,58c481c6,1,0,1,0,
Leicestershire,93,146,2,58c481c6,2a0d5d4a,57efa3be,1,0,1,0,
Leicestershire,94,147,2,57efa3be,2a0d5d4a,58c481c6,1,0,1,0,
Leicestershire,95,147,3,58c481c6,2a0d5d4a,57efa3be,0,0,0,1,caught
Leicestershire,96,148,3,57efa3be,2a0d5d4a,eb1a5b03,1,0,1,0,
Leicestershire,97,149,3,eb1a5b03,2a0d5d4a,57efa3be,0,1,1,0,
Leicestershire,98,150,3,eb1a5b03,b68a30f0,57efa3be,1,0,1,0,
Leicestershire,99,150,3,57efa3be,b68a30f0,eb1a5b03,0,0,0,0,
Leicestershire,100,151,3,57efa3be,b68a30f0,eb1a5b03,1,0,1,0,
Leicestershire,101,152,3,eb1a5b03,b68a30f0,57efa3be,1,0,1,0,
Leicestershire,102,156,3,57efa3be,b68a30f0,eb1a5b03,4,0,4,0,
Leicestershire,103,157,3,57efa3be,b68a30f0,eb1a5b03,1,0,1,0,
Leicestershire,104,163,3,57efa3be,2a0d5d4a,eb1a5b03,6,0,6,0,
Leicestershire,105,165,3,57efa3be,2a0d5d4a,eb1a5b03,2,0,2,0,
Leicestershire,106,171,3,57efa3be,2a0d5d4a,eb1a5b03,6,0,6,0,
Leicestershire,107,175,3,57efa3be,2a0d5d4a,eb1a5b03,4,0,4,0,
Leicestershire,108,175,4,57efa3be,2a0d5d4a,eb1a5b03,0,0,0,1,caught
Leicestershire,109,176,4,eb1a5b03,2a0d5d4a,7fa2ab1f,1,0,1,0,
Northamptonshire,1,0,0,18c78b11,916508da,7f048519,0,0,0,0,
Northamptonshire,2,0,0,18c78b11,916508da,7f048519,0,0,0,0,
Northamptonshire,3,0,0,18c78b11,916508da,7f048519,0,0,0,0,
Northamptonshire,4,1,0,18c78b11,916508da,7f048519,1,0,1,0,
Northamptonshire,5,2,0,7f048519,916508da,18c78b11,1,0,1,0,
Northamptonshire,6,4,0,18c78b11,916508da,7f048519,2,0,2,0,
Northamptonshire,7,5,0,7f048519,5239d782,18c78b11,1,0,1,0,
Northamptonshire,8,9,0,18c78b11,5239d782,7f048519,4,0,4,0,
Northamptonshire,9,9,0,18c78b11,5239d782,7f048519,0,0,0,0,
Northamptonshire,10,15,0,18c78b11,5239d782,7f048519,6,0,6,0,
Northamptonshire,11,19,0,18c78b11,5239d782,7f048519,4,0,4,0,
Northamptonshire,12,19,1,18c78b11,5239d782,7f048519,0,0,0,1,bowled
Northamptonshire,13,19,1,7f048519,916508da,85d8110a,0,0,0,0,
Northamptonshire,14,19,1,7f048519,916508da,85d8110a,0,0,0,0,
Northamptonshire,15,19,1,7f048519,916508da,85d8110a,0,0,0,0,
Northamptonshire,16,25,1,7f048519,916508da,85d8110a,6,0,6,0,
Northamptonshire,17,26,1,7f048519,916508da,85d8110a,1,0,1,0,
Northamptonshire,18,26,1,85d8110a,916508da,7f048519,0,0,0,0,
Northamptonshire,19,27,1,7f048519,5239d782,85d8110a,1,0,1,0,
Northamptonshire,20,27,1,85d8110a,5239d782,7f048519,0,0,0,0,
Northamptonshire,21,31,1,85d8110a,5239d782,7f048519,4,0,4,0,
Northamptonshire,22,35,1,85d8110a,5239d782,7f048519,4,0,4,0,
Northamptonshire,23,36,1,85d8110a,5239d782,7f048519,1,0,1,0,
Northamptonshire,24,36,1,7f048519,5239d782,85d8110a,0,0,0,0,
Northamptonshire,25,37,1,85d8110a,916508da,7f048519,1,0,1,0,
Northamptonshire,26,41,1,7f048519,916508da,85d8110a,4,0,4,0,
Northamptonshire,27,43,1,7f048519,916508da,85d8110a,2,0,2,0,
Northamptonshire,28,44,1,7f048519,916508da,85d8110a,1,0,1,0,
Northamptonshire,29,46,1,85d8110a,916508da,7f048519,2,0,2,0,
Northamptonshire,30,48,1,85d8110a,916508da,7f048519,2,0,2,0,
Northamptonshire,31,52,1,7f048519,a7c7802a,85d8110a,4,0,4,0,
Northamptonshire,32,52,1,7f048519,a7c7802a,85d8110a,0,0,0,0,
Northamptonshire,33,58,1,7f048519,a7c7802a,85d8110a,6,0,6,0,
Northamptonshire,34,60,1,7f048519,a7c7802a,85d8110a,2,0,2,0,
Northamptonshire,35,66,1,7f048519,a7c7802a,85d8110a,6,0,6,0,
Northamptonshire,36,67,1,7f048519,a7c7802a,85d8110a,1,0,1,0,
Northamptonshire,37,71,1,7f048519,7fa2ab1f,85d8110a,4,0,4,0,
Northamptonshire,38,75,1,7f048519,7fa2ab1f,85d8110a,4,0,4,0,
Northamptonshire,39,77,1,7f048519,7fa2ab1f,85d8110a,2,0,2,0,
Northamptonshire,40,78,1,7f048519,7fa2ab1f,85d8110a,1,0,1,0,
Northamptonshire,41,79,1,85d8110a,7fa2ab1f,7f048519,1,0,1,0,
Northamptonshire,42,80,1,7f048519,7fa2ab1f,85d8110a,1,0,1,0,
Northamptonshire,43,86,1,7f048519,58c481c6,85d8110a,6,0,6,0,
Northamptonshire,44,88,1,7f048519,58c481c6,85d8110a,2,0,2,0,
Northamptonshire,45,89,1,7f048519,58c481c6,85d8110a,1,0,1,0,
Northamptonshire,46,89,2,85d8110a,58c481c6,7f048519,0,0,0,1,lbw
Northamptonshire,47,90,2,1f28c0f2,58c481c6,7f048519,1,0,1,0,
Northamptonshire,48,90,2,7f048519,58c481c6,1f28c0f2,0,0,0,0,
Northamptonshire,49,91,2,1f28c0f2,7fa2ab1f,7f048519,1,0,1,0,
Northamptonshire,50,99,2,7f048519,7fa2ab1f,1f28c0f2,6,2,8,0,
Northamptonshire,51,100,2,7f048519,7fa2ab1f,1f28c0f2,1,0,1,0,
Northamptonshire,52,100,2,1f28c0f2,7fa2ab1f,7f048519,0,0,0,0,
Northamptonshire,53,104,2,1f28c0f2,7fa2ab1f,7f048519,4,0,4,0,
Northamptonshire,54,104,2,1f28c0f2,7fa2ab1f,7f048519,0,0,0,0,
Northamptonshire,55,105,2,1f28c0f2,7fa2ab1f,7f048519,1,0,1,0,
Northamptonshire,56,106,2,1f28c0f2,58c481c6,7f048519,1,0,1,0,
Northamptonshire,57,110,2,7f048519,58c481c6,1f28c0f2,4,0,4,0,
Northamptonshire,58,111,2,7f048519,58c481c6,1f28c0f2,1,0,1,0,
Northamptonshire,59,111,2,1f28c0f2,58c481c6,7f048519,0,0,0,0,
Northamptonshire,60,111,3,1f28c0f2,58c481c6,7f048519,0,0,0,1,caught and bowled
Northamptonshire,61,111,3,c4450a69,58c481c6,7f048519,0,0,0,0,
Northamptonshire,62,112,3,7f048519,5239d782,c4450a69,1,0,1,0,
Northamptonshire,63,112,3,c4450a69,5239d782,7f048519,0,0,0,0,
Northamptonshire,64,114,3,c4450a69,5239d782,7f048519,2,0,2,0,
Northamptonshire,65,114,4,c4450a69,5239d782,7f048519,0,0,0,1,caught
Northamptonshire,66,115,4,5f26f677,5239d782,7f048519,1,0,1,0,
Northamptonshire,67,116,4,7f048519,5239d782,5f26f677,1,0,1,0,
Northamptonshire,68,116,4,7f048519,58c481c6,5f26f677,0,0,0,0,
Northamptonshire,69,120,4,7f048519,58c481c6,5f26f677,4,0,4,0,
Northamptonshire,70,121,4,7f048519,58c481c6,5f26f677,1,0,1,0,
Northamptonshire,71,122,4,5f26f677,58c481c6,7f048519,1,0,1,0,
Northamptonshire,72,123,4,7f048519,58c481c6,5f26f677,1,0,1,0,
Northamptonshire,73,124,4,5f26f677,58c481c6,7f048519,1,0,1,0,
Northamptonshire,74,124,4,5f26f677,a7c7802a,7f048519,0,0,0,0,
Northamptonshire,75,125,4,5f26f677,a7c7802a,7f048519,1,0,1,0,
Northamptonshire,76,131,4,7f048519,a7c7802a,5f26f677,6,0,6,0,
Northamptonshire,77,133,4,7f048519,a7c7802a,5f26f677,2,0,2,0,
Northamptonshire,78,134,4,7f048519,a7c7802a,5f26f677,1,0,1,0,
Northamptonshire,79,135,4,5f26f677,a7c7802a,7f048519,1,0,1,0,
Northamptonshire,80,135,4,5f26f677,58c481c6,7f048519,0,0,0,0,
Northamptonshire,81,136,4,5f26f677,58c481c6,7f048519,1,0,1,0,
Northamptonshire,82,140,4,7f048519,58c481c6,5f26f677,4,0,4,0,
Northamptonshire,83,144,4,7f048519,58c481c6,5f26f677,4,0,4,0,
Northamptonshire,84,145,4,7f048519,58c481c6,5f26f677,1,0,1,0,
Northamptonshire,85,146,4,5f26f677,58c481c6,7f048519,1,0,1,0,
Northamptonshire,86,147,4,5f26f677,a7c7802a,7f048519,1,0,1,0,
Northamptonshire,87,147,4,7f048519,a7c7802a,5f26f677,0,0,0,0,
Northamptonshire,88,147,5,7f048519,a7c7802a,5f26f677,0,0,0,1,caught
Northamptonshire,89,148,5,5f26f677,a7c7802a,b68a30f0,0,1,1,0,
Northamptonshire,90,150,5,5f26f677,a7c7802a,b68a30f0,2,0,2,0,
Northamptonshire,91,151,5,5f26f677,a7c7802a,b68a30f0,0,1,1,0,
Northamptonshire,92,152,5,5f26f677,a7c7802a,b68a30f0,1,0,1,0,
Northamptonshire,93,153,5,b68a30f0,a7c7802a,5f26f677,1,0,1,0,
Northamptonshire,94,154,5,b68a30f0,5239d782,5f26f677,1,0,1,0,
Northamptonshire,95,154,5,5f26f677,5239d782,b68a30f0,0,0,0,0,
Northamptonshire,96,158,5,5f26f677,5239d782,b68a30f0,2,2,4,0,
Northamptonshire,97,159,5,5f26f677,5239d782,b68a30f0,1,0,1,0,
Northamptonshire,98,160,5,b68a30f0,5239d782,5f26f677,1,0,1,0,
Northamptonshire,99,161,5,5f26f677,5239d782,b68a30f0,1,0,1,0,
Northamptonshire,100,165,5,b68a30f0,5239d782,5f26f677,4,0,4,0,
Northamptonshire,101,165,6,5f26f677,a7c7802a,b68a30f0,0,0,0,1,caught
Northamptonshire,102,165,7,a23fda4a,a7c7802a,b68a30f0,0,0,0,1,run out
Northamptonshire,103,166,7,b68a30f0,a7c7802a,0f21680d,1,0,1,0,
Northamptonshire,104,167,7,0f21680d,a7c7802a,b68a30f0,1,0,1,0,
Northamptonshire,105,168,7,b68a30f0,a7c7802a,0f21680d,1,0,1,0,
Northamptonshire,106,172,7,0f21680d,a7c7802a,b68a30f0,4,0,4,0,
Northamptonshire,107,172,8,b68a30f0,7fa2ab1f,0f21680d,0,0,0,1,caught and bowled
Northamptonshire,108,173,8,3f659464,7fa2ab1f,0f21680d,1,0,1,0,
Northamptonshire,109,175,8,0f21680d,7fa2ab1f,3f659464,2,0,2,0,
Northamptonshire,110,179,8,0f21680d,7fa2ab1f,3f659464,4,0,4,0,
