batting_team,ball_number,total_team_runs,total_team_wickets,striker_ID,bowler_ID,nonstriker_ID,batter_runs,extras_runs,total_delivery_runs,wicket,wicket_type
South Africa,1,0,0,e798611a,3fb19989,372455c4,0,0,0,0,
South Africa,2,0,0,e798611a,3fb19989,372455c4,0,0,0,0,
South Africa,3,4,0,e798611a,3fb19989,372455c4,4,0,4,0,
South Africa,4,5,0,e798611a,3fb19989,372455c4,0,1,1,0,
South Africa,5,5,0,e798611a,3fb19989,372455c4,0,0,0,0,
South Africa,6,5,0,e798611a,3fb19989,372455c4,0,0,0,0,
South Africa,7,5,0,e798611a,3fb19989,372455c4,0,0,0,0,
South Africa,8,5,0,372455c4,56ab442f,e798611a,0,0,0,0,
South Africa,9,6,0,372455c4,56ab442f,e798611a,1,0,1,0,
South Africa,10,6,0,e798611a,56ab442f,372455c4,0,0,0,0,
South Africa,11,6,0,e798611a,56ab442f,372455c4,0,0,0,0,
South Africa,12,6,1,e798611a,56ab442f,372455c4,0,0,0,1,caught and bowled
South Africa,13,6,1,3355b542,56ab442f,372455c4,0,0,0,0,
South Africa,14,6,1,372455c4,f708a0bc,3355b542,0,0,0,0,
South Africa,15,8,1,372455c4,f708a0bc,3355b542,2,0,2,0,
South Africa,16,9,1,372455c4,f708a0bc,3355b542,1,0,1,0,
South Africa,17,10,1,3355b542,f708a0bc,372455c4,1,0,1,0,
South Africa,18,10,1,372455c4,f708a0bc,3355b542,0,0,0,0,
South Africa,19,11,1,372455c4,f708a0bc,3355b542,1,0,1,0,
South Africa,20,15,1,372455c4,4329fbb5,3355b542,4,0,4,0,
South Africa,21,21,1,372455c4,4329fbb5,3355b542,6,0,6,0,
South Africa,22,22,1,372455c4,4329fbb5,3355b542,1,0,1,0,
South Africa,23,23,1,3355b542,4329fbb5,372455c4,1,0,1,0,
South Africa,24,23,1,372455c4,4329fbb5,3355b542,0,0,0,0,
South Africa,25,25,1,372455c4,4329fbb5,3355b542,2,0,2,0,
South Africa,26,25,1,3355b542,2a2e6343,372455c4,0,0,0,0,
South Africa,27,29,1,3355b542,2a2e6343,372455c4,4,0,4,0,
South Africa,28,29,1,3355b542,2a2e6343,372455c4,0,0,0,0,
South Africa,29,35,1,3355b542,2a2e6343,372455c4,6,0,6,0,
South Africa,30,41,1,3355b542,2a2e6343,372455c4,6,0,6,0,
South Africa,31,43,1,3355b542,2a2e6343,372455c4,2,0,2,0,
South Africa,32,47,1,372455c4,56ab442f,3355b542,4,0,4,0,
South Africa,33,47,1,372455c4,56ab442f,3355b542,0,0,0,0,
South Africa,34,48,1,372455c4,56ab442f,3355b542,1,0,1,0,
South Africa,35,52,1,3355b542,56ab442f,372455c4,4,0,4,0,
South Africa,36,53,1,3355b542,56ab442f,372455c4,1,0,1,0,
South Africa,37,59,1,372455c4,56ab442f,3355b542,6,0,6,0,
South Africa,38,60,1,3355b542,3fb19989,372455c4,1,0,1,0,
South Africa,39,61,1,372455c4,3fb19989,3355b542,0,1,1,0,
South Africa,40,62,1,3355b542,3fb19989,372455c4,1,0,1,0,
South Africa,41,68,1,372455c4,3fb19989,3355b542,6,0,6,0,
South Africa,42,74,1,372455c4,3fb19989,3355b542,6,0,6,0,
South Africa,43,79,1,372455c4,3fb19989,3355b542,0,5,5,0,
South Africa,44,80,1,372455c4,3fb19989,3355b542,0,1,1,0,
Australia,1,4,0,b8d490fd,12bffe91,dcce6f09,4,0,4,0,
Australia,2,5,0,b8d490fd,12bffe91,dcce6f09,1,0,1,0,
Australia,3,9,0,dcce6f09,12bffe91,b8d490fd,4,0,4,0,
Australia,4,11,0,dcce6f09,12bffe91,b8d490fd,2,0,2,0,
Australia,5,17,0,dcce6f09,12bffe91,b8d490fd,6,0,6,0,
Australia,6,21,0,dcce6f09,12bffe91,b8d490fd,4,0,4,0,
Australia,7,21,0,b8d490fd,a9da7784,dcce6f09,0,0,0,0,
Australia,8,21,0,b8d490fd,a9da7784,dcce6f09,0,0,0,0,
Australia,9,21,1,b8d490fd,a9da7784,dcce6f09,0,0,0,1,caught
Australia,10,25,1,dcce6f09,a9da7784,4329fbb5,4,0,4,0,
Australia,11,25,1,dcce6f09,a9da7784,4329fbb5,0,0,0,0,
Australia,12,26,1,dcce6f09,a9da7784,4329fbb5,1,0,1,0,
Australia,13,27,1,dcce6f09,b56dc5f7,4329fbb5,1,0,1,0,
Australia,14,28,1,4329fbb5,b56dc5f7,dcce6f09,1,0,1,0,
Australia,15,34,1,dcce6f09,b56dc5f7,4329fbb5,6,0,6,0,
Australia,16,38,1,dcce6f09,b56dc5f7,4329fbb5,4,0,4,0,
Australia,17,42,1,dcce6f09,b56dc5f7,4329fbb5,4,0,4,0,
Australia,18,44,1,dcce6f09,b56dc5f7,4329fbb5,2,0,2,0,
Australia,19,45,1,4329fbb5,3a60e0b5,dcce6f09,1,0,1,0,
Australia,20,46,1,dcce6f09,3a60e0b5,4329fbb5,1,0,1,0,
Australia,21,46,2,4329fbb5,3a60e0b5,dcce6f09,0,0,0,1,caught
Australia,22,47,2,b681e71e,3a60e0b5,dcce6f09,0,1,1,0,
Australia,23,47,2,dcce6f09,3a60e0b5,b681e71e,0,0,0,0,
Australia,24,48,2,dcce6f09,3a60e0b5,b681e71e,1,0,1,0,
Australia,25,48,3,dcce6f09,2e8994e7,b681e71e,0,0,0,1,lbw
Australia,26,49,3,5056011d,2e8994e7,b681e71e,1,0,1,0,
Australia,27,50,3,b681e71e,2e8994e7,5056011d,0,1,1,0,
Australia,28,51,3,b681e71e,2e8994e7,5056011d,1,0,1,0,
Australia,29,52,3,5056011d,2e8994e7,b681e71e,1,0,1,0,
Australia,30,52,4,b681e71e,2e8994e7,5056011d,0,0,0,1,caught
Australia,31,53,4,b57f8a9a,2e8994e7,5056011d,1,0,1,0,
Australia,32,58,4,b57f8a9a,b56dc5f7,5056011d,4,1,5,0,
Australia,33,59,4,b57f8a9a,b56dc5f7,5056011d,0,1,1,0,
Australia,34,60,5,b57f8a9a,b56dc5f7,5056011d,1,0,1,1,run out
Australia,35,61,5,b0c772ee,b56dc5f7,b57f8a9a,1,0,1,0,
Australia,36,62,5,b57f8a9a,b56dc5f7,b0c772ee,1,0,1,0,
Australia,37,64,5,b0c772ee,b56dc5f7,b57f8a9a,2,0,2,0,
Australia,38,65,5,b0c772ee,b56dc5f7,b57f8a9a,1,0,1,0,
Australia,39,66,5,b57f8a9a,b56dc5f7,b0c772ee,1,0,1,0,
Australia,40,67,5,b57f8a9a,3a60e0b5,b0c772ee,1,0,1,0,
Australia,41,68,5,b0c772ee,3a60e0b5,b57f8a9a,0,1,1,0,
Australia,42,74,5,b57f8a9a,3a60e0b5,b0c772ee,6,0,6,0,
Australia,43,80,5,b57f8a9a,3a60e0b5,b0c772ee,6,0,6,0,
Australia,44,81,5,b57f8a9a,3a60e0b5,b0c772ee,0,1,1,0,
