batting_team,ball_number,total_team_runs,total_team_wickets,striker_ID,bowler_ID,nonstriker_ID,batter_runs,extras_runs,total_delivery_runs,wicket,wicket_type
Mumbai Indians,1,1,0,48fd7349,24d94623,89f64c19,1,0,1,0,
Mumbai Indians,2,1,0,89f64c19,24d94623,48fd7349,0,0,0,0,
Mumbai Indians,3,1,0,89f64c19,24d94623,48fd7349,0,0,0,0,
Mumbai Indians,4,1,0,89f64c19,24d94623,48fd7349,0,0,0,0,
Mumbai Indians,5,2,0,89f64c19,24d94623,48fd7349,1,0,1,0,
Mumbai Indians,6,4,0,48fd7349,24d94623,89f64c19,2,0,2,0,
Mumbai Indians,7,4,0,89f64c19,d2a989fc,48fd7349,0,0,0,0,
Mumbai Indians,8,4,0,89f64c19,d2a989fc,48fd7349,0,0,0,0,
Mumbai Indians,9,4,0,89f64c19,d2a989fc,48fd7349,0,0,0,0,
Mumbai Indians,10,4,0,89f64c19,d2a989fc,48fd7349,0,0,0,0,
Mumbai Indians,11,4,0,89f64c19,d2a989fc,48fd7349,0,0,0,0,
Mumbai Indians,12,8,0,89f64c19,d2a989fc,48fd7349,4,0,4,0,
Mumbai Indians,13,9,0,48fd7349,24d94623,89f64c19,1,0,1,0,
Mumbai Indians,14,10,0,89f64c19,24d94623,48fd7349,1,0,1,0,
Mumbai Indians,15,10,0,48fd7349,24d94623,89f64c19,0,0,0,0,
Mumbai Indians,16,13,0,48fd7349,24d94623,89f64c19,3,0,3,0,
Mumbai Indians,17,13,0,89f64c19,24d94623,48fd7349,0,0,0,0,
Mumbai Indians,18,14,0,89f64c19,24d94623,48fd7349,1,0,1,0,
Mumbai Indians,19,18,0,89f64c19,d2a989fc,48fd7349,4,0,4,0,
Mumbai Indians,20,18,0,89f64c19,d2a989fc,48fd7349,0,0,0,0,
Mumbai Indians,21,19,0,89f64c19,d2a989fc,48fd7349,1,0,1,0,
Mumbai Indians,22,19,0,48fd7349,d2a989fc,89f64c19,0,0,0,0,
Mumbai Indians,23,20,0,48fd7349,d2a989fc,89f64c19,0,1,1,0,
Mumbai Indians,24,21,0,48fd7349,d2a989fc,89f64c19,1,0,1,0,
Mumbai Indians,25,21,0,89f64c19,d2a989fc,48fd7349,0,0,0,0,
Mumbai Indians,26,25,0,48fd7349,808f425a,89f64c19,4,0,4,0,
Mumbai Indians,27,25,0,48fd7349,808f425a,89f64c19,0,0,0,0,
Mumbai Indians,28,26,0,48fd7349,808f425a,89f64c19,1,0,1,0,
Mumbai Indians,29,30,0,89f64c19,808f425a,48fd7349,4,0,4,0,
Mumbai Indians,30,34,0,89f64c19,808f425a,48fd7349,4,0,4,0,
Mumbai Indians,31,34,0,89f64c19,808f425a,48fd7349,0,0,0,0,
Mumbai Indians,32,35,0,48fd7349,557153ca,89f64c19,1,0,1,0,
Mumbai Indians,33,39,0,89f64c19,557153ca,48fd7349,4,0,4,0,
Mumbai Indians,34,39,0,89f64c19,557153ca,48fd7349,0,0,0,0,
Mumbai Indians,35,40,0,89f64c19,557153ca,48fd7349,0,1,1,0,
Mumbai Indians,36,40,0,89f64c19,557153ca,48fd7349,0,0,0,0,
Mumbai Indians,37,41,0,89f64c19,557153ca,48fd7349,1,0,1,0,
Mumbai Indians,38,42,0,48fd7349,557153ca,89f64c19,1,0,1,0,
Mumbai Indians,39,43,0,48fd7349,bd17b45f,89f64c19,1,0,1,0,
Mumbai Indians,40,47,0,89f64c19,bd17b45f,48fd7349,4,0,4,0,
Mumbai Indians,41,48,0,89f64c19,bd17b45f,48fd7349,1,0,1,0,
Mumbai Indians,42,50,0,48fd7349,bd17b45f,89f64c19,2,0,2,0,
Mumbai Indians,43,50,0,48fd7349,bd17b45f,89f64c19,0,0,0,0,
Mumbai Indians,44,54,0,48fd7349,bd17b45f,89f64c19,4,0,4,0,
Mumbai Indians,45,56,0,89f64c19,33a364a6,48fd7349,2,0,2,0,
Mumbai Indians,46,58,0,89f64c19,33a364a6,48fd7349,2,0,2,0,
Mumbai Indians,47,58,0,89f64c19,33a364a6,48fd7349,0,0,0,0,
Mumbai Indians,48,59,0,89f64c19,33a364a6,48fd7349,1,0,1,0,
Mumbai Indians,49,63,0,48fd7349,33a364a6,89f64c19,4,0,4,0,
Mumbai Indians,50,64,0,48fd7349,33a364a6,89f64c19,1,0,1,0,
Mumbai Indians,51,65,0,48fd7349,d2a989fc,89f64c19,1,0,1,0,
Mumbai Indians,52,66,0,89f64c19,d2a989fc,48fd7349,1,0,1,0,
Mumbai Indians,53,67,0,48fd7349,d2a989fc,89f64c19,1,0,1,0,
Mumbai Indians,54,68,0,89f64c19,d2a989fc,48fd7349,1,0,1,0,
Mumbai Indians,55,69,0,48fd7349,d2a989fc,89f64c19,1,0,1,0,
Mumbai Indians,56,70,0,89f64c19,d2a989fc,48fd7349,1,0,1,0,
Mumbai Indians,57,71,0,89f64c19,33a364a6,48fd7349,1,0,1,0,
Mumbai Indians,58,72,0,48fd7349,33a364a6,89f64c19,1,0,1,0,
Mumbai Indians,59,73,0,89f64c19,33a364a6,48fd7349,1,0,1,0,
Mumbai Indians,60,74,0,48fd7349,33a364a6,89f64c19,1,0,1,0,
Mumbai Indians,61,75,0,89f64c19,33a364a6,48fd7349,1,0,1,0,
Mumbai Indians,62,76,0,48fd7349,33a364a6,89f64c19,1,0,1,0,
Mumbai Indians,63,82,0,48fd7349,808f425a,89f64c19,6,0,6,0,
Mumbai Indians,64,82,0,48fd7349,808f425a,89f64c19,0,0,0,0,
Mumbai Indians,65,83,0,48fd7349,808f425a,89f64c19,1,0,1,0,
Mumbai Indians,66,84,0,89f64c19,808f425a,48fd7349,1,0,1,0,
Mumbai Indians,67,85,0,48fd7349,808f425a,89f64c19,0,1,1,0,
Mumbai Indians,68,85,0,48fd7349,808f425a,89f64c19,0,0,0,0,
Mumbai Indians,69,86,0,48fd7349,808f425a,89f64c19,1,0,1,0,
Mumbai Indians,70,88,0,48fd7349,24d94623,89f64c19,2,0,2,0,
Mumbai Indians,71,94,0,48fd7349,24d94623,89f64c19,6,0,6,0,
Mumbai Indians,72,95,0,48fd7349,24d94623,89f64c19,1,0,1,0,
Mumbai Indians,73,95,0,89f64c19,24d94623,48fd7349,0,0,0,0,
Mumbai Indians,74,95,0,89f64c19,24d94623,48fd7349,0,0,0,0,
Mumbai Indians,75,96,0,89f64c19,24d94623,48fd7349,1,0,1,0,
Mumbai Indians,76,98,0,89f64c19,33a364a6,48fd7349,2,0,2,0,
Mumbai Indians,77,104,0,89f64c19,33a364a6,48fd7349,6,0,6,0,
Mumbai Indians,78,105,0,89f64c19,33a364a6,48fd7349,1,0,1,0,
Mumbai Indians,79,106,0,48fd7349,33a364a6,89f64c19,1,0,1,0,
Mumbai Indians,80,107,0,89f64c19,33a364a6,48fd7349,1,0,1,0,
Mumbai Indians,81,107,0,48fd7349,33a364a6,89f64c19,0,0,0,0,
Mumbai Indians,82,113,0,89f64c19,557153ca,48fd7349,6,0,6,0,
Mumbai Indians,83,115,0,89f64c19,557153ca,48fd7349,2,0,2,0,
Mumbai Indians,84,116,0,89f64c19,557153ca,48fd7349,1,0,1,0,
Mumbai Indians,85,118,0,48fd7349,557153ca,89f64c19,2,0,2,0,
Mumbai Indians,86,119,0,48fd7349,557153ca,89f64c19,1,0,1,0,
Mumbai Indians,87,119,0,89f64c19,557153ca,48fd7349,0,0,0,0,
Mumbai Indians,88,120,0,48fd7349,24d94623,89f64c19,1,0,1,0,
Mumbai Indians,89,120,0,89f64c19,24d94623,48fd7349,0,0,0,0,
Mumbai Indians,90,120,1,89f64c19,24d94623,48fd7349,0,0,0,1,caught
Mumbai Indians,91,121,1,48fd7349,24d94623,a757b0d8,1,0,1,0,
Mumbai Indians,92,122,1,a757b0d8,24d94623,48fd7349,1,0,1,0,
Mumbai Indians,93,122,2,48fd7349,24d94623,a757b0d8,0,0,0,1,caught
Mumbai Indians,94,122,2,740742ef,33a364a6,a757b0d8,0,0,0,0,
Mumbai Indians,95,123,2,740742ef,33a364a6,a757b0d8,1,0,1,0,
Mumbai Indians,96,123,2,a757b0d8,33a364a6,740742ef,0,0,0,0,
Mumbai Indians,97,129,2,a757b0d8,33a364a6,740742ef,6,0,6,0,
Mumbai Indians,98,130,2,a757b0d8,33a364a6,740742ef,1,0,1,0,
Mumbai Indians,99,134,2,740742ef,33a364a6,a757b0d8,4,0,4,0,
Mumbai Indians,100,135,2,a757b0d8,557153ca,740742ef,1,0,1,0,
Mumbai Indians,101,135,2,740742ef,557153ca,a757b0d8,0,0,0,0,
Mumbai Indians,102,135,2,740742ef,557153ca,a757b0d8,0,0,0,0,
Mumbai Indians,103,141,2,740742ef,557153ca,a757b0d8,6,0,6,0,
Mumbai Indians,104,141,2,740742ef,557153ca,a757b0d8,0,0,0,0,
Mumbai Indians,105,141,2,740742ef,557153ca,a757b0d8,0,0,0,0,
Mumbai Indians,106,143,2,a757b0d8,808f425a,740742ef,2,0,2,0,
Mumbai Indians,107,143,2,a757b0d8,808f425a,740742ef,0,0,0,0,
Mumbai Indians,108,144,2,a757b0d8,808f425a,740742ef,0,1,1,0,
Mumbai Indians,109,144,2,740742ef,808f425a,a757b0d8,0,0,0,0,
Mumbai Indians,110,148,2,740742ef,808f425a,a757b0d8,4,0,4,0,
Mumbai Indians,111,149,2,740742ef,808f425a,a757b0d8,1,0,1,0,
Mumbai Indians,112,150,2,740742ef,d2a989fc,a757b0d8,1,0,1,0,
Mumbai Indians,113,151,2,a757b0d8,d2a989fc,740742ef,0,1,1,0,
Mumbai Indians,114,157,2,740742ef,d2a989fc,a757b0d8,6,0,6,0,
Mumbai Indians,115,158,2,740742ef,d2a989fc,a757b0d8,1,0,1,0,
Mumbai Indians,116,160,2,a757b0d8,d2a989fc,740742ef,2,0,2,0,
Mumbai Indians,117,161,2,a757b0d8,d2a989fc,740742ef,0,1,1,0,
Mumbai Indians,118,162,2,a757b0d8,808f425a,740742ef,1,0,1,0,
Mumbai Indians,119,168,2,740742ef,808f425a,a757b0d8,6,0,6,0,
Mumbai Indians,120,174,2,740742ef,808f425a,a757b0d8,6,0,6,0,
Mumbai Indians,121,174,2,740742ef,808f425a,a757b0d8,0,0,0,0,
Mumbai Indians,122,178,2,740742ef,808f425a,a757b0d8,4,0,4,0,
Mumbai Indians,123,178,3,740742ef,808f425a,a757b0d8,0,0,0,1,run out
Rajasthan Royals,1,1,0,944533a5,462411b3,0c94f480,1,0,1,0,
Rajasthan Royals,2,1,0,0c94f480,462411b3,944533a5,0,0,0,0,
Rajasthan Royals,3,1,0,0c94f480,462411b3,944533a5,0,0,0,0,
Rajasthan Royals,4,1,0,0c94f480,462411b3,944533a5,0,0,0,0,
Rajasthan Royals,5,2,0,0c94f480,462411b3,944533a5,1,0,1,0,
Rajasthan Royals,6,3,0,944533a5,462411b3,0c94f480,0,1,1,0,
Rajasthan Royals,7,4,0,944533a5,462411b3,0c94f480,1,0,1,0,
Rajasthan Royals,8,5,0,944533a5,531f0278,0c94f480,1,0,1,0,
Rajasthan Royals,9,6,0,0c94f480,531f0278,944533a5,0,1,1,0,
Rajasthan Royals,10,6,0,0c94f480,531f0278,944533a5,0,0,0,0,
Rajasthan Royals,11,7,0,0c94f480,531f0278,944533a5,1,0,1,0,
Rajasthan Royals,12,13,0,944533a5,531f0278,0c94f480,6,0,6,0,
Rajasthan Royals,13,13,0,944533a5,531f0278,0c94f480,0,0,0,0,
Rajasthan Royals,14,17,0,944533a5,531f0278,0c94f480,4,0,4,0,
Rajasthan Royals,15,17,0,0c94f480,6c6591ab,944533a5,0,0,0,0,
Rajasthan Royals,16,17,0,0c94f480,6c6591ab,944533a5,0,0,0,0,
Rajasthan Royals,17,17,1,0c94f480,6c6591ab,944533a5,0,0,0,1,caught
Rajasthan Royals,18,19,1,944533a5,6c6591ab,4329fbb5,2,0,2,0,
Rajasthan Royals,19,23,1,944533a5,6c6591ab,4329fbb5,4,0,4,0,
Rajasthan Royals,20,27,1,944533a5,6c6591ab,4329fbb5,4,0,4,0,
Rajasthan Royals,21,27,1,4329fbb5,a757b0d8,944533a5,0,0,0,0,
Rajasthan Royals,22,27,1,4329fbb5,a757b0d8,944533a5,0,0,0,0,
Rajasthan Royals,23,31,1,4329fbb5,a757b0d8,944533a5,4,0,4,0,
Rajasthan Royals,24,32,1,4329fbb5,a757b0d8,944533a5,1,0,1,0,
Rajasthan Royals,25,32,1,944533a5,a757b0d8,4329fbb5,0,0,0,0,
Rajasthan Royals,26,38,1,944533a5,a757b0d8,4329fbb5,6,0,6,0,
Rajasthan Royals,27,38,1,4329fbb5,6c6591ab,944533a5,0,0,0,0,
Rajasthan Royals,28,38,2,4329fbb5,6c6591ab,944533a5,0,0,0,1,caught
Rajasthan Royals,29,39,2,944533a5,6c6591ab,a4cc73aa,1,0,1,0,
Rajasthan Royals,30,41,2,a4cc73aa,6c6591ab,944533a5,2,0,2,0,
Rajasthan Royals,31,41,2,a4cc73aa,6c6591ab,944533a5,0,0,0,0,
Rajasthan Royals,32,41,2,a4cc73aa,6c6591ab,944533a5,0,0,0,0,
Rajasthan Royals,33,42,2,944533a5,531f0278,a4cc73aa,1,0,1,0,
Rajasthan Royals,34,42,2,a4cc73aa,531f0278,944533a5,0,0,0,0,
Rajasthan Royals,35,42,3,a4cc73aa,531f0278,944533a5,0,0,0,1,caught
Rajasthan Royals,36,44,3,944533a5,531f0278,557153ca,2,0,2,0,
Rajasthan Royals,37,44,3,944533a5,531f0278,557153ca,0,0,0,0,
Rajasthan Royals,38,45,3,944533a5,531f0278,557153ca,0,1,1,0,
Rajasthan Royals,39,47,3,944533a5,531f0278,557153ca,2,0,2,0,
Rajasthan Royals,40,47,3,557153ca,6c6591ab,944533a5,0,0,0,0,
Rajasthan Royals,41,47,3,557153ca,6c6591ab,944533a5,0,0,0,0,
Rajasthan Royals,42,49,3,557153ca,6c6591ab,944533a5,2,0,2,0,
Rajasthan Royals,43,50,3,557153ca,6c6591ab,944533a5,1,0,1,0,
Rajasthan Royals,44,56,3,944533a5,6c6591ab,557153ca,6,0,6,0,
Rajasthan Royals,45,58,3,944533a5,6c6591ab,557153ca,2,0,2,0,
Rajasthan Royals,46,58,3,557153ca,8b5b6769,944533a5,0,0,0,0,
Rajasthan Royals,47,58,3,557153ca,8b5b6769,944533a5,0,0,0,0,
Rajasthan Royals,48,59,3,557153ca,8b5b6769,944533a5,0,1,1,0,
Rajasthan Royals,49,61,3,557153ca,8b5b6769,944533a5,2,0,2,0,
Rajasthan Royals,50,61,4,557153ca,8b5b6769,944533a5,0,0,0,1,caught
Rajasthan Royals,51,61,4,944533a5,8b5b6769,24d94623,0,0,0,0,
Rajasthan Royals,52,61,4,944533a5,8b5b6769,24d94623,0,0,0,0,
Rajasthan Royals,53,63,4,24d94623,7a8bd078,944533a5,2,0,2,0,
Rajasthan Royals,54,64,4,24d94623,7a8bd078,944533a5,0,1,1,0,
Rajasthan Royals,55,66,4,24d94623,7a8bd078,944533a5,2,0,2,0,
Rajasthan Royals,56,66,5,24d94623,7a8bd078,944533a5,0,0,0,1,caught
Rajasthan Royals,57,67,5,944533a5,7a8bd078,bd17b45f,1,0,1,0,
Rajasthan Royals,58,67,5,bd17b45f,7a8bd078,944533a5,0,0,0,0,
Rajasthan Royals,59,68,5,bd17b45f,7a8bd078,944533a5,1,0,1,0,
Rajasthan Royals,60,68,5,bd17b45f,8b5b6769,944533a5,0,0,0,0,
Rajasthan Royals,61,68,5,bd17b45f,8b5b6769,944533a5,0,0,0,0,
Rajasthan Royals,62,68,5,bd17b45f,8b5b6769,944533a5,0,0,0,0,
Rajasthan Royals,63,68,5,bd17b45f,8b5b6769,944533a5,0,0,0,0,
Rajasthan Royals,64,69,5,bd17b45f,8b5b6769,944533a5,1,0,1,0,
Rajasthan Royals,65,69,5,944533a5,8b5b6769,bd17b45f,0,0,0,0,
Rajasthan Royals,66,69,5,bd17b45f,7a8bd078,944533a5,0,0,0,0,
Rajasthan Royals,67,69,5,bd17b45f,7a8bd078,944533a5,0,0,0,0,
Rajasthan Royals,68,69,6,bd17b45f,7a8bd078,944533a5,0,0,0,1,stumped
Rajasthan Royals,69,69,6,b57f8a9a,7a8bd078,944533a5,0,0,0,0,
Rajasthan Royals,70,69,6,b57f8a9a,7a8bd078,944533a5,0,0,0,0,
Rajasthan Royals,71,70,6,b57f8a9a,7a8bd078,944533a5,1,0,1,0,
Rajasthan Royals,72,70,6,b57f8a9a,8b5b6769,944533a5,0,0,0,0,
Rajasthan Royals,73,70,6,b57f8a9a,8b5b6769,944533a5,0,0,0,0,
Rajasthan Royals,74,70,6,b57f8a9a,8b5b6769,944533a5,0,0,0,0,
Rajasthan Royals,75,71,6,b57f8a9a,8b5b6769,944533a5,1,0,1,0,
Rajasthan Royals,76,75,6,944533a5,8b5b6769,b57f8a9a,4,0,4,0,
Rajasthan Royals,77,75,7,944533a5,8b5b6769,b57f8a9a,0,0,0,1,caught
Rajasthan Royals,78,75,7,808f425a,7a8bd078,b57f8a9a,0,0,0,0,
Rajasthan Royals,79,77,7,808f425a,7a8bd078,b57f8a9a,2,0,2,0,
Rajasthan Royals,80,78,7,808f425a,7a8bd078,b57f8a9a,1,0,1,0,
Rajasthan Royals,81,78,7,b57f8a9a,7a8bd078,808f425a,0,0,0,0,
Rajasthan Royals,82,79,7,b57f8a9a,7a8bd078,808f425a,1,0,1,0,
Rajasthan Royals,83,80,7,808f425a,7a8bd078,b57f8a9a,1,0,1,0,
Rajasthan Royals,84,80,7,808f425a,8b5b6769,b57f8a9a,0,0,0,0,
Rajasthan Royals,85,81,7,808f425a,8b5b6769,b57f8a9a,1,0,1,0,
Rajasthan Royals,86,81,7,b57f8a9a,8b5b6769,808f425a,0,0,0,0,
Rajasthan Royals,87,83,7,b57f8a9a,8b5b6769,808f425a,2,0,2,0,
Rajasthan Royals,88,84,7,b57f8a9a,8b5b6769,808f425a,1,0,1,0,
Rajasthan Royals,89,84,7,808f425a,8b5b6769,b57f8a9a,0,0,0,0,
Rajasthan Royals,90,85,7,b57f8a9a,7a8bd078,808f425a,1,0,1,0,
Rajasthan Royals,91,86,7,808f425a,7a8bd078,b57f8a9a,1,0,1,0,
Rajasthan Royals,92,92,7,b57f8a9a,7a8bd078,808f425a,6,0,6,0,
Rajasthan Royals,93,93,7,b57f8a9a,7a8bd078,808f425a,1,0,1,0,
Rajasthan Royals,94,94,7,808f425a,7a8bd078,b57f8a9a,1,0,1,0,
Rajasthan Royals,95,96,7,b57f8a9a,7a8bd078,808f425a,2,0,2,0,
Rajasthan Royals,96,97,7,808f425a,6c6591ab,b57f8a9a,1,0,1,0,
Rajasthan Royals,97,98,7,b57f8a9a,6c6591ab,808f425a,1,0,1,0,
Rajasthan Royals,98,99,7,808f425a,6c6591ab,b57f8a9a,1,0,1,0,
Rajasthan Royals,99,100,7,b57f8a9a,6c6591ab,808f425a,1,0,1,0,
Rajasthan Royals,100,101,7,808f425a,6c6591ab,b57f8a9a,1,0,1,0,
Rajasthan Royals,101,102,7,b57f8a9a,6c6591ab,808f425a,1,0,1,0,
Rajasthan Royals,102,103,7,b57f8a9a,531f0278,808f425a,1,0,1,0,
Rajasthan Royals,103,104,7,808f425a,531f0278,b57f8a9a,1,0,1,0,
Rajasthan Royals,104,106,7,b57f8a9a,531f0278,808f425a,2,0,2,0,
Rajasthan Royals,105,107,7,b57f8a9a,531f0278,808f425a,0,1,1,0,
Rajasthan Royals,106,109,7,b57f8a9a,531f0278,808f425a,2,0,2,0,
Rajasthan Royals,107,110,7,b57f8a9a,531f0278,808f425a,1,0,1,0,
Rajasthan Royals,108,116,7,808f425a,531f0278,b57f8a9a,6,0,6,0,
Rajasthan Royals,109,118,7,b57f8a9a,462411b3,808f425a,2,0,2,0,
Rajasthan Royals,110,118,7,b57f8a9a,462411b3,808f425a,0,0,0,0,
Rajasthan Royals,111,119,7,b57f8a9a,462411b3,808f425a,1,0,1,0,
Rajasthan Royals,112,120,7,808f425a,462411b3,b57f8a9a,0,1,1,0,
Rajasthan Royals,113,121,7,808f425a,462411b3,b57f8a9a,1,0,1,0,
Rajasthan Royals,114,127,7,b57f8a9a,462411b3,808f425a,6,0,6,0,
Rajasthan Royals,115,127,7,b57f8a9a,462411b3,808f425a,0,0,0,0,
Rajasthan Royals,116,133,7,808f425a,531f0278,b57f8a9a,6,0,6,0,
Rajasthan Royals,117,137,7,808f425a,531f0278,b57f8a9a,4,0,4,0,
Rajasthan Royals,118,138,7,808f425a,531f0278,b57f8a9a,0,1,1,0,
Rajasthan Royals,119,144,7,b57f8a9a,531f0278,808f425a,6,0,6,0,
Rajasthan Royals,120,144,8,b57f8a9a,531f0278,808f425a,0,0,0,1,caught
Rajasthan Royals,121,145,8,808f425a,531f0278,33a364a6,1,0,1,0,
Rajasthan Royals,122,146,8,808f425a,462411b3,33a364a6,1,0,1,0,
Rajasthan Royals,123,147,8,33a364a6,462411b3,808f425a,1,0,1,0,
Rajasthan Royals,124,148,8,808f425a,462411b3,33a364a6,1,0,1,0,
Rajasthan Royals,125,152,8,33a364a6,462411b3,808f425a,4,0,4,0,
Rajasthan Royals,126,152,8,33a364a6,462411b3,808f425a,0,0,0,0,
Rajasthan Royals,127,153,8,33a364a6,462411b3,808f425a,1,0,1,0,
