batting_team,ball_number,total_team_runs,total_team_wickets,striker_ID,bowler_ID,nonstriker_ID,batter_runs,extras_runs,total_delivery_runs,wicket,wicket_type
Brisbane Heat,1,0,0,7a5f232a,a8ad6e80,56c205b7,0,0,0,0,
Brisbane Heat,2,1,0,7a5f232a,a8ad6e80,56c205b7,1,0,1,0,
Brisbane Heat,3,3,0,56c205b7,a8ad6e80,7a5f232a,2,0,2,0,
Brisbane Heat,4,3,0,56c205b7,a8ad6e80,7a5f232a,0,0,0,0,
Brisbane Heat,5,3,0,56c205b7,a8ad6e80,7a5f232a,0,0,0,0,
Brisbane Heat,6,3,0,56c205b7,a8ad6e80,7a5f232a,0,0,0,0,
Brisbane Heat,7,3,0,7a5f232a,f3171936,56c205b7,0,0,0,0,
Brisbane Heat,8,3,1,7a5f232a,f3171936,56c205b7,0,0,0,1,caught
Brisbane Heat,9,4,1,45eda7c8,f3171936,56c205b7,1,0,1,0,
Brisbane Heat,10,4,1,56c205b7,f3171936,45eda7c8,0,0,0,0,
Brisbane Heat,11,6,1,56c205b7,f3171936,45eda7c8,2,0,2,0,
Brisbane Heat,12,7,1,56c205b7,f3171936,45eda7c8,1,0,1,0,
Brisbane Heat,13,8,1,56c205b7,58043739,45eda7c8,1,0,1,0,
Brisbane Heat,14,12,1,45eda7c8,58043739,56c205b7,4,0,4,0,
Brisbane Heat,15,16,1,45eda7c8,58043739,56c205b7,4,0,4,0,
Brisbane Heat,16,20,1,45eda7c8,58043739,56c205b7,4,0,4,0,
Brisbane Heat,17,24,1,45eda7c8,58043739,56c205b7,4,0,4,0,
Brisbane Heat,18,28,1,45eda7c8,58043739,56c205b7,4,0,4,0,
Brisbane Heat,19,30,1,56c205b7,f3171936,45eda7c8,2,0,2,0,
Brisbane Heat,20,31,1,56c205b7,f3171936,45eda7c8,1,0,1,0,
Brisbane Heat,21,37,1,45eda7c8,f3171936,56c205b7,6,0,6,0,
Brisbane Heat,22,37,1,45eda7c8,f3171936,56c205b7,0,0,0,0,
Brisbane Heat,23,43,1,45eda7c8,f3171936,56c205b7,6,0,6,0,
Brisbane Heat,24,44,1,45eda7c8,f3171936,56c205b7,1,0,1,0,
Brisbane Heat,25,45,1,45eda7c8,bbce4647,56c205b7,1,0,1,0,
Brisbane Heat,26,45,1,56c205b7,bbce4647,45eda7c8,0,0,0,0,
Brisbane Heat,27,49,1,56c205b7,bbce4647,45eda7c8,4,0,4,0,
Brisbane Heat,28,53,1,56c205b7,bbce4647,45eda7c8,4,0,4,0,
Brisbane Heat,29,53,1,56c205b7,bbce4647,45eda7c8,0,0,0,0,
Brisbane Heat,30,54,1,56c205b7,bbce4647,45eda7c8,1,0,1,0,
Brisbane Heat,31,55,1,56c205b7,64c34cd0,45eda7c8,1,0,1,0,
Brisbane Heat,32,56,1,45eda7c8,64c34cd0,56c205b7,1,0,1,0,
Brisbane Heat,33,57,1,56c205b7,64c34cd0,45eda7c8,1,0,1,0,
Brisbane Heat,34,61,1,45eda7c8,64c34cd0,56c205b7,4,0,4,0,
Brisbane Heat,35,61,1,45eda7c8,64c34cd0,56c205b7,0,0,0,0,
Brisbane Heat,36,65,1,45eda7c8,64c34cd0,56c205b7,4,0,4,0,
Brisbane Heat,37,66,1,56c205b7,58043739,45eda7c8,1,0,1,0,
Brisbane Heat,38,70,1,45eda7c8,58043739,56c205b7,4,0,4,0,
Brisbane Heat,39,71,1,45eda7c8,58043739,56c205b7,1,0,1,0,
Brisbane Heat,40,72,1,56c205b7,58043739,45eda7c8,1,0,1,0,
Brisbane Heat,41,74,1,45eda7c8,58043739,56c205b7,2,0,2,0,
Brisbane Heat,42,78,1,45eda7c8,58043739,56c205b7,4,0,4,0,
Brisbane Heat,43,79,1,56c205b7,51a60c16,45eda7c8,1,0,1,0,
Brisbane Heat,44,80,1,45eda7c8,51a60c16,56c205b7,1,0,1,0,
Brisbane Heat,45,81,1,56c205b7,51a60c16,45eda7c8,1,0,1,0,
Brisbane Heat,46,81,1,45eda7c8,51a60c16,56c205b7,0,0,0,0,
Brisbane Heat,47,81,1,45eda7c8,51a60c16,56c205b7,0,0,0,0,
Brisbane Heat,48,82,1,45eda7c8,51a60c16,56c205b7,1,0,1,0,
Brisbane Heat,49,86,1,45eda7c8,bbce4647,56c205b7,4,0,4,0,
Brisbane Heat,50,87,1,45eda7c8,bbce4647,56c205b7,1,0,1,0,
Brisbane Heat,51,88,1,56c205b7,bbce4647,45eda7c8,1,0,1,0,
Brisbane Heat,52,92,1,45eda7c8,bbce4647,56c205b7,4,0,4,0,
Brisbane Heat,53,98,1,45eda7c8,bbce4647,56c205b7,6,0,6,0,
Brisbane Heat,54,99,1,45eda7c8,bbce4647,56c205b7,1,0,1,0,
Brisbane Heat,55,103,1,45eda7c8,51a60c16,56c205b7,4,0,4,0,
Brisbane Heat,56,104,1,45eda7c8,51a60c16,56c205b7,1,0,1,0,
Brisbane Heat,57,105,1,56c205b7,51a60c16,45eda7c8,1,0,1,0,
Brisbane Heat,58,106,1,45eda7c8,51a60c16,56c205b7,1,0,1,0,
Brisbane Heat,59,107,1,56c205b7,51a60c16,45eda7c8,1,0,1,0,
Brisbane Heat,60,107,1,45eda7c8,51a60c16,56c205b7,0,0,0,0,
Brisbane Heat,61,109,1,56c205b7,f3171936,45eda7c8,2,0,2,0,
Brisbane Heat,62,109,1,56c205b7,f3171936,45eda7c8,0,0,0,0,
Brisbane Heat,63,110,1,56c205b7,f3171936,45eda7c8,1,0,1,0,
Brisbane Heat,64,111,1,45eda7c8,f3171936,56c205b7,1,0,1,0,
Brisbane Heat,65,111,1,56c205b7,f3171936,45eda7c8,0,0,0,0,
Brisbane Heat,66,112,1,56c205b7,f3171936,45eda7c8,1,0,1,0,
Brisbane Heat,67,113,1,56c205b7,64c34cd0,45eda7c8,1,0,1,0,
Brisbane Heat,68,114,1,45eda7c8,64c34cd0,56c205b7,1,0,1,0,
Brisbane Heat,69,116,1,56c205b7,64c34cd0,45eda7c8,2,0,2,0,
Brisbane Heat,70,116,1,56c205b7,64c34cd0,45eda7c8,0,0,0,0,
Brisbane Heat,71,116,1,56c205b7,64c34cd0,45eda7c8,0,0,0,0,
Brisbane Heat,72,116,1,56c205b7,64c34cd0,45eda7c8,0,0,0,0,
Brisbane Heat,73,116,2,45eda7c8,bbce4647,56c205b7,0,0,0,1,caught
Brisbane Heat,74,118,2,56c205b7,bbce4647,2a2e6343,2,0,2,0,
Brisbane Heat,75,118,2,56c205b7,bbce4647,2a2e6343,0,0,0,0,
Brisbane Heat,76,119,2,56c205b7,bbce4647,2a2e6343,1,0,1,0,
Brisbane Heat,77,120,2,2a2e6343,bbce4647,56c205b7,0,1,1,0,
Brisbane Heat,78,121,2,2a2e6343,bbce4647,56c205b7,1,0,1,0,
Brisbane Heat,79,122,2,56c205b7,bbce4647,2a2e6343,1,0,1,0,
Brisbane Heat,80,123,2,56c205b7,51a60c16,2a2e6343,1,0,1,0,
Brisbane Heat,81,124,2,2a2e6343,51a60c16,56c205b7,1,0,1,0,
Brisbane Heat,82,124,2,56c205b7,51a60c16,2a2e6343,0,0,0,0,
Brisbane Heat,83,124,2,56c205b7,51a60c16,2a2e6343,0,0,0,0,
Brisbane Heat,84,126,2,56c205b7,51a60c16,2a2e6343,2,0,2,0,
Brisbane Heat,85,127,2,56c205b7,51a60c16,2a2e6343,1,0,1,0,
Brisbane Heat,86,128,2,56c205b7,bbce4647,2a2e6343,1,0,1,0,
Brisbane Heat,87,128,2,2a2e6343,bbce4647,56c205b7,0,0,0,0,
Brisbane Heat,88,129,2,2a2e6343,bbce4647,56c205b7,1,0,1,0,
Brisbane Heat,89,131,2,56c205b7,bbce4647,2a2e6343,2,0,2,0,
Brisbane Heat,90,131,2,56c205b7,bbce4647,2a2e6343,0,0,0,0,
Brisbane Heat,91,132,2,56c205b7,bbce4647,2a2e6343,1,0,1,0,
Brisbane Heat,92,132,3,56c205b7,51a60c16,2a2e6343,0,0,0,1,caught
Brisbane Heat,93,134,3,2a2e6343,51a60c16,c7bdb5b5,2,0,2,0,
Brisbane Heat,94,135,3,2a2e6343,51a60c16,c7bdb5b5,1,0,1,0,
Brisbane Heat,95,136,3,c7bdb5b5,51a60c16,2a2e6343,1,0,1,0,
Brisbane Heat,96,137,3,2a2e6343,51a60c16,c7bdb5b5,1,0,1,0,
Brisbane Heat,97,143,3,c7bdb5b5,51a60c16,2a2e6343,6,0,6,0,
Brisbane Heat,98,144,3,2a2e6343,58043739,c7bdb5b5,1,0,1,0,
Brisbane Heat,99,144,3,c7bdb5b5,58043739,2a2e6343,0,0,0,0,
Brisbane Heat,100,145,3,c7bdb5b5,58043739,2a2e6343,1,0,1,0,
Brisbane Heat,101,149,3,2a2e6343,58043739,c7bdb5b5,4,0,4,0,
Brisbane Heat,102,153,3,2a2e6343,58043739,c7bdb5b5,4,0,4,0,
Brisbane Heat,103,157,3,2a2e6343,58043739,c7bdb5b5,4,0,4,0,
Brisbane Heat,104,161,3,c7bdb5b5,64c34cd0,2a2e6343,4,0,4,0,
Brisbane Heat,105,162,3,c7bdb5b5,64c34cd0,2a2e6343,1,0,1,0,
Brisbane Heat,106,162,4,2a2e6343,64c34cd0,c7bdb5b5,0,0,0,1,caught
Brisbane Heat,107,163,4,c7bdb5b5,64c34cd0,2e11c706,1,0,1,0,
Brisbane Heat,108,164,4,2e11c706,64c34cd0,c7bdb5b5,0,1,1,0,
Brisbane Heat,109,165,4,2e11c706,64c34cd0,c7bdb5b5,1,0,1,0,
Brisbane Heat,110,169,4,c7bdb5b5,64c34cd0,2e11c706,4,0,4,0,
Brisbane Heat,111,173,4,2e11c706,f3171936,c7bdb5b5,4,0,4,0,
Brisbane Heat,112,174,4,2e11c706,f3171936,c7bdb5b5,0,1,1,0,
Brisbane Heat,113,176,4,2e11c706,f3171936,c7bdb5b5,2,0,2,0,
Brisbane Heat,114,180,4,2e11c706,f3171936,c7bdb5b5,4,0,4,0,
Brisbane Heat,115,181,4,2e11c706,f3171936,c7bdb5b5,1,0,1,0,
Brisbane Heat,116,182,4,c7bdb5b5,f3171936,2e11c706,1,0,1,0,
Brisbane Heat,117,188,4,2e11c706,f3171936,c7bdb5b5,6,0,6,0,
Brisbane Heat,118,189,4,c7bdb5b5,64c34cd0,2e11c706,1,0,1,0,
Brisbane Heat,119,195,4,2e11c706,64c34cd0,c7bdb5b5,6,0,6,0,
Brisbane Heat,120,195,5,2e11c706,64c34cd0,c7bdb5b5,0,0,0,1,caught
Brisbane Heat,121,195,6,c7bdb5b5,64c34cd0,ddc0828d,0,0,0,1,caught
Brisbane Heat,122,197,6,ddc0828d,64c34cd0,2b55c3b4,2,0,2,0,
Brisbane Heat,123,198,6,ddc0828d,64c34cd0,2b55c3b4,1,0,1,0,
Hobart Hurricanes,1,1,0,272d796e,2498e163,5748e866,0,1,1,0,
Hobart Hurricanes,2,2,0,272d796e,2498e163,5748e866,1,0,1,0,
Hobart Hurricanes,3,2,0,5748e866,2498e163,272d796e,0,0,0,0,
Hobart Hurricanes,4,2,0,5748e866,2498e163,272d796e,0,0,0,0,
Hobart Hurricanes,5,3,0,5748e866,2498e163,272d796e,0,1,1,0,
Hobart Hurricanes,6,4,0,5748e866,2498e163,272d796e,1,0,1,0,
Hobart Hurricanes,7,4,0,272d796e,2498e163,5748e866,0,0,0,0,
Hobart Hurricanes,8,5,0,272d796e,2498e163,5748e866,1,0,1,0,
Hobart Hurricanes,9,6,0,272d796e,903560ed,5748e866,0,1,1,0,
Hobart Hurricanes,10,6,0,272d796e,903560ed,5748e866,0,0,0,0,
Hobart Hurricanes,11,6,0,272d796e,903560ed,5748e866,0,0,0,0,
Hobart Hurricanes,12,6,1,272d796e,903560ed,5748e866,0,0,0,1,caught
Hobart Hurricanes,13,6,1,1952e660,903560ed,5748e866,0,0,0,0,
Hobart Hurricanes,14,8,1,1952e660,903560ed,5748e866,2,0,2,0,
Hobart Hurricanes,15,9,1,1952e660,903560ed,5748e866,1,0,1,0,
Hobart Hurricanes,16,10,1,1952e660,2498e163,5748e866,1,0,1,0,
Hobart Hurricanes,17,11,1,5748e866,2498e163,1952e660,0,1,1,0,
Hobart Hurricanes,18,12,1,5748e866,2498e163,1952e660,1,0,1,0,
Hobart Hurricanes,19,12,1,1952e660,2498e163,5748e866,0,0,0,0,
Hobart Hurricanes,20,16,1,1952e660,2498e163,5748e866,4,0,4,0,
Hobart Hurricanes,21,16,1,1952e660,2498e163,5748e866,0,0,0,0,
Hobart Hurricanes,22,17,1,1952e660,2498e163,5748e866,1,0,1,0,
Hobart Hurricanes,23,18,1,1952e660,903560ed,5748e866,1,0,1,0,
Hobart Hurricanes,24,21,1,5748e866,903560ed,1952e660,3,0,3,0,
Hobart Hurricanes,25,21,1,1952e660,903560ed,5748e866,0,0,0,0,
Hobart Hurricanes,26,22,1,1952e660,903560ed,5748e866,1,0,1,0,
Hobart Hurricanes,27,22,2,5748e866,903560ed,1952e660,0,0,0,1,caught
Hobart Hurricanes,28,22,2,1952e660,903560ed,bbce4647,0,0,0,0,
Hobart Hurricanes,29,22,2,bbce4647,2a2e6343,1952e660,0,0,0,0,
Hobart Hurricanes,30,24,2,bbce4647,2a2e6343,1952e660,2,0,2,0,
Hobart Hurricanes,31,25,2,bbce4647,2a2e6343,1952e660,1,0,1,0,
Hobart Hurricanes,32,29,2,1952e660,2a2e6343,bbce4647,4,0,4,0,
Hobart Hurricanes,33,30,2,1952e660,2a2e6343,bbce4647,1,0,1,0,
Hobart Hurricanes,34,30,3,bbce4647,2a2e6343,1952e660,0,0,0,1,caught
Hobart Hurricanes,35,31,3,1952e660,903560ed,d2d4bb0a,1,0,1,0,
Hobart Hurricanes,36,32,3,d2d4bb0a,903560ed,1952e660,1,0,1,0,
Hobart Hurricanes,37,36,3,1952e660,903560ed,d2d4bb0a,4,0,4,0,
Hobart Hurricanes,38,37,3,1952e660,903560ed,d2d4bb0a,1,0,1,0,
Hobart Hurricanes,39,41,3,d2d4bb0a,903560ed,1952e660,4,0,4,0,
Hobart Hurricanes,40,45,3,d2d4bb0a,903560ed,1952e660,0,4,4,0,
Hobart Hurricanes,41,49,3,1952e660,2a2e6343,d2d4bb0a,4,0,4,0,
Hobart Hurricanes,42,49,4,1952e660,2a2e6343,d2d4bb0a,0,0,0,1,caught
Hobart Hurricanes,43,50,4,64c34cd0,2a2e6343,d2d4bb0a,1,0,1,0,
Hobart Hurricanes,44,54,4,d2d4bb0a,2a2e6343,64c34cd0,4,0,4,0,
Hobart Hurricanes,45,60,4,d2d4bb0a,2a2e6343,64c34cd0,6,0,6,0,
Hobart Hurricanes,46,61,4,d2d4bb0a,2a2e6343,64c34cd0,0,1,1,0,
Hobart Hurricanes,47,62,4,d2d4bb0a,fdb8ed0d,64c34cd0,1,0,1,0,
Hobart Hurricanes,48,62,4,64c34cd0,fdb8ed0d,d2d4bb0a,0,0,0,0,
Hobart Hurricanes,49,63,4,64c34cd0,fdb8ed0d,d2d4bb0a,1,0,1,0,
Hobart Hurricanes,50,63,5,d2d4bb0a,fdb8ed0d,64c34cd0,0,0,0,1,stumped
Hobart Hurricanes,51,63,5,8bdac857,fdb8ed0d,64c34cd0,0,0,0,0,
Hobart Hurricanes,52,63,5,8bdac857,fdb8ed0d,64c34cd0,0,0,0,0,
Hobart Hurricanes,53,64,5,64c34cd0,2e11c706,8bdac857,1,0,1,0,
Hobart Hurricanes,54,64,5,8bdac857,2e11c706,64c34cd0,0,0,0,0,
Hobart Hurricanes,55,64,5,8bdac857,2e11c706,64c34cd0,0,0,0,0,
Hobart Hurricanes,56,64,5,8bdac857,2e11c706,64c34cd0,0,0,0,0,
Hobart Hurricanes,57,65,5,8bdac857,2e11c706,64c34cd0,0,1,1,0,
Hobart Hurricanes,58,66,5,8bdac857,2e11c706,64c34cd0,0,1,1,0,
Hobart Hurricanes,59,67,5,8bdac857,2e11c706,64c34cd0,1,0,1,0,
Hobart Hurricanes,60,68,5,64c34cd0,2e11c706,8bdac857,1,0,1,0,
Hobart Hurricanes,61,72,5,64c34cd0,fdb8ed0d,8bdac857,4,0,4,0,
Hobart Hurricanes,62,74,5,64c34cd0,fdb8ed0d,8bdac857,2,0,2,0,
Hobart Hurricanes,63,76,5,64c34cd0,fdb8ed0d,8bdac857,2,0,2,0,
Hobart Hurricanes,64,77,5,64c34cd0,fdb8ed0d,8bdac857,1,0,1,0,
Hobart Hurricanes,65,81,5,8bdac857,fdb8ed0d,64c34cd0,4,0,4,0,
Hobart Hurricanes,66,82,5,8bdac857,fdb8ed0d,64c34cd0,1,0,1,0,
Hobart Hurricanes,67,82,6,8bdac857,2e11c706,64c34cd0,0,0,0,1,caught
Hobart Hurricanes,68,82,6,64c34cd0,2e11c706,58043739,0,0,0,0,
Hobart Hurricanes,69,83,6,64c34cd0,2e11c706,58043739,1,0,1,0,
Hobart Hurricanes,70,83,6,58043739,2e11c706,64c34cd0,0,0,0,0,
Hobart Hurricanes,71,84,6,58043739,2e11c706,64c34cd0,1,0,1,0,
Hobart Hurricanes,72,90,6,64c34cd0,2e11c706,58043739,6,0,6,0,
Hobart Hurricanes,73,91,6,58043739,ddc0828d,64c34cd0,1,0,1,0,
Hobart Hurricanes,74,92,6,64c34cd0,ddc0828d,58043739,1,0,1,0,
Hobart Hurricanes,75,92,6,58043739,ddc0828d,64c34cd0,0,0,0,0,
Hobart Hurricanes,76,92,7,58043739,ddc0828d,64c34cd0,0,0,0,1,run out
Hobart Hurricanes,77,93,7,f3171936,ddc0828d,64c34cd0,0,1,1,0,
Hobart Hurricanes,78,95,7,64c34cd0,ddc0828d,f3171936,2,0,2,0,
Hobart Hurricanes,79,99,7,f3171936,2a2e6343,64c34cd0,4,0,4,0,
Hobart Hurricanes,80,100,7,f3171936,2a2e6343,64c34cd0,1,0,1,0,
Hobart Hurricanes,81,102,7,64c34cd0,2a2e6343,f3171936,2,0,2,0,
Hobart Hurricanes,82,108,7,64c34cd0,2a2e6343,f3171936,6,0,6,0,
Hobart Hurricanes,83,110,7,64c34cd0,2a2e6343,f3171936,2,0,2,0,
Hobart Hurricanes,84,111,7,64c34cd0,2a2e6343,f3171936,1,0,1,0,
Hobart Hurricanes,85,115,7,64c34cd0,ddc0828d,f3171936,4,0,4,0,
Hobart Hurricanes,86,116,7,64c34cd0,ddc0828d,f3171936,1,0,1,0,
Hobart Hurricanes,87,116,7,f3171936,ddc0828d,64c34cd0,0,0,0,0,
Hobart Hurricanes,88,118,7,f3171936,ddc0828d,64c34cd0,2,0,2,0,
Hobart Hurricanes,89,120,7,f3171936,ddc0828d,64c34cd0,2,0,2,0,
Hobart Hurricanes,90,121,7,f3171936,ddc0828d,64c34cd0,1,0,1,0,
Hobart Hurricanes,91,122,7,f3171936,2e11c706,64c34cd0,1,0,1,0,
Hobart Hurricanes,92,124,7,64c34cd0,2e11c706,f3171936,2,0,2,0,
Hobart Hurricanes,93,125,7,64c34cd0,2e11c706,f3171936,1,0,1,0,
Hobart Hurricanes,94,131,7,f3171936,2e11c706,64c34cd0,6,0,6,0,
Hobart Hurricanes,95,131,7,f3171936,2e11c706,64c34cd0,0,0,0,0,
Hobart Hurricanes,96,132,7,f3171936,2e11c706,64c34cd0,1,0,1,0,
Hobart Hurricanes,97,134,7,f3171936,2498e163,64c34cd0,2,0,2,0,
Hobart Hurricanes,98,136,7,f3171936,2498e163,64c34cd0,2,0,2,0,
Hobart Hurricanes,99,136,7,f3171936,2498e163,64c34cd0,0,0,0,0,
Hobart Hurricanes,100,136,7,f3171936,2498e163,64c34cd0,0,0,0,0,
Hobart Hurricanes,101,137,7,f3171936,2498e163,64c34cd0,1,0,1,0,
Hobart Hurricanes,102,137,8,64c34cd0,2498e163,f3171936,0,0,0,1,caught
Hobart Hurricanes,103,137,8,f3171936,2a2e6343,51a60c16,0,0,0,0,
Hobart Hurricanes,104,137,8,f3171936,2a2e6343,51a60c16,0,0,0,0,
Hobart Hurricanes,105,138,8,f3171936,2a2e6343,51a60c16,1,0,1,0,
Hobart Hurricanes,106,139,8,51a60c16,2a2e6343,f3171936,1,0,1,0,
Hobart Hurricanes,107,145,8,f3171936,2a2e6343,51a60c16,6,0,6,0,
Hobart Hurricanes,108,146,8,f3171936,2a2e6343,51a60c16,1,0,1,0,
Hobart Hurricanes,109,147,8,f3171936,2498e163,51a60c16,1,0,1,0,
Hobart Hurricanes,110,153,8,51a60c16,2498e163,f3171936,6,0,6,0,
Hobart Hurricanes,111,157,8,51a60c16,2498e163,f3171936,4,0,4,0,
Hobart Hurricanes,112,159,8,51a60c16,2498e163,f3171936,2,0,2,0,
Hobart Hurricanes,113,160,8,51a60c16,2498e163,f3171936,1,0,1,0,
Hobart Hurricanes,114,161,8,f3171936,2498e163,51a60c16,0,1,1,0,
Hobart Hurricanes,115,163,8,f3171936,2e11c706,51a60c16,2,0,2,0,
Hobart Hurricanes,116,163,8,f3171936,2e11c706,51a60c16,0,0,0,0,
Hobart Hurricanes,117,164,8,f3171936,2e11c706,51a60c16,1,0,1,0,
Hobart Hurricanes,118,168,8,51a60c16,2e11c706,f3171936,4,0,4,0,
Hobart Hurricanes,119,169,8,51a60c16,2e11c706,f3171936,0,1,1,0,
Hobart Hurricanes,120,170,8,51a60c16,2e11c706,f3171936,1,0,1,0,
Hobart Hurricanes,121,171,8,f3171936,2e11c706,51a60c16,0,1,1,0,
Hobart Hurricanes,122,171,8,f3171936,903560ed,51a60c16,0,0,0,0,
Hobart Hurricanes,123,173,8,f3171936,903560ed,51a60c16,2,0,2,0,
Hobart Hurricanes,124,174,8,f3171936,903560ed,51a60c16,0,1,1,0,
Hobart Hurricanes,125,178,8,51a60c16,903560ed,f3171936,4,0,4,0,
Hobart Hurricanes,126,179,8,51a60c16,903560ed,f3171936,1,0,1,0,
Hobart Hurricanes,127,180,8,f3171936,903560ed,51a60c16,1,0,1,0,
