batting_team,ball_number,total_team_runs,total_team_wickets,striker_ID,bowler_ID,nonstriker_ID,batter_runs,extras_runs,total_delivery_runs,wicket,wicket_type
Adelaide Strikers,1,4,0,e6f36f83,1ade138e,77851c2d,4,0,4,0,
Adelaide Strikers,2,5,0,e6f36f83,1ade138e,77851c2d,1,0,1,0,
Adelaide Strikers,3,5,0,77851c2d,1ade138e,e6f36f83,0,0,0,0,
Adelaide Strikers,4,5,0,77851c2d,1ade138e,e6f36f83,0,0,0,0,
Adelaide Strikers,5,6,0,77851c2d,1ade138e,e6f36f83,1,0,1,0,
Adelaide Strikers,6,6,0,e6f36f83,1ade138e,77851c2d,0,0,0,0,
Adelaide Strikers,7,7,0,77851c2d,0475a86b,e6f36f83,1,0,1,0,
Adelaide Strikers,8,7,0,e6f36f83,0475a86b,77851c2d,0,0,0,0,
Adelaide Strikers,9,7,0,e6f36f83,0475a86b,77851c2d,0,0,0,0,
Adelaide Strikers,10,9,0,e6f36f83,0475a86b,77851c2d,2,0,2,0,
Adelaide Strikers,11,10,0,e6f36f83,0475a86b,77851c2d,1,0,1,0,
Adelaide Strikers,12,10,0,77851c2d,0475a86b,e6f36f83,0,0,0,0,
Adelaide Strikers,13,14,0,e6f36f83,1ade138e,77851c2d,4,0,4,0,
Adelaide Strikers,14,14,0,e6f36f83,1ade138e,77851c2d,0,0,0,0,
Adelaide Strikers,15,15,0,e6f36f83,1ade138e,77851c2d,1,0,1,0,
Adelaide Strikers,16,19,0,77851c2d,1ade138e,e6f36f83,4,0,4,0,
Adelaide Strikers,17,19,1,77851c2d,1ade138e,e6f36f83,0,0,0,1,caught
Adelaide Strikers,18,19,1,7dfbcfff,1ade138e,e6f36f83,0,0,0,0,
Adelaide Strikers,19,20,1,e6f36f83,0475a86b,7dfbcfff,0,1,1,0,
Adelaide Strikers,20,21,1,e6f36f83,0475a86b,7dfbcfff,1,0,1,0,
Adelaide Strikers,21,21,1,7dfbcfff,0475a86b,e6f36f83,0,0,0,0,
Adelaide Strikers,22,21,1,7dfbcfff,0475a86b,e6f36f83,0,0,0,0,
Adelaide Strikers,23,21,1,7dfbcfff,0475a86b,e6f36f83,0,0,0,0,
Adelaide Strikers,24,21,2,7dfbcfff,0475a86b,e6f36f83,0,0,0,1,bowled
Adelaide Strikers,25,21,2,3032933c,0475a86b,e6f36f83,0,0,0,0,
Adelaide Strikers,26,21,2,e6f36f83,6cedc2a1,3032933c,0,0,0,0,
Adelaide Strikers,27,21,2,e6f36f83,6cedc2a1,3032933c,0,0,0,0,
Adelaide Strikers,28,25,2,e6f36f83,6cedc2a1,3032933c,4,0,4,0,
Adelaide Strikers,29,26,2,e6f36f83,6cedc2a1,3032933c,1,0,1,0,
Adelaide Strikers,30,26,2,3032933c,6cedc2a1,e6f36f83,0,0,0,0,
Adelaide Strikers,31,26,2,3032933c,6cedc2a1,e6f36f83,0,0,0,0,
Adelaide Strikers,32,27,2,e6f36f83,72166006,3032933c,1,0,1,0,
Adelaide Strikers,33,28,2,3032933c,72166006,e6f36f83,1,0,1,0,
Adelaide Strikers,34,29,2,e6f36f83,72166006,3032933c,0,1,1,0,
Adelaide Strikers,35,30,2,e6f36f83,72166006,3032933c,1,0,1,0,
Adelaide Strikers,36,30,2,3032933c,72166006,e6f36f83,0,0,0,0,
Adelaide Strikers,37,30,2,3032933c,72166006,e6f36f83,0,0,0,0,
Adelaide Strikers,38,31,2,3032933c,72166006,e6f36f83,1,0,1,0,
Adelaide Strikers,39,31,2,3032933c,6cedc2a1,e6f36f83,0,0,0,0,
Adelaide Strikers,40,31,2,3032933c,6cedc2a1,e6f36f83,0,0,0,0,
Adelaide Strikers,41,35,2,3032933c,6cedc2a1,e6f36f83,0,4,4,0,
Adelaide Strikers,42,35,2,3032933c,6cedc2a1,e6f36f83,0,0,0,0,
Adelaide Strikers,43,40,2,3032933c,6cedc2a1,e6f36f83,0,5,5,0,
Adelaide Strikers,44,40,2,3032933c,6cedc2a1,e6f36f83,0,0,0,0,
Adelaide Strikers,45,40,2,3032933c,6cedc2a1,e6f36f83,0,0,0,0,
Adelaide Strikers,46,40,2,e6f36f83,72166006,3032933c,0,0,0,0,
Adelaide Strikers,47,41,2,e6f36f83,72166006,3032933c,1,0,1,0,
Adelaide Strikers,48,42,2,3032933c,72166006,e6f36f83,1,0,1,0,
Adelaide Strikers,49,45,2,e6f36f83,72166006,3032933c,3,0,3,0,
Adelaide Strikers,50,45,2,3032933c,72166006,e6f36f83,0,0,0,0,
Adelaide Strikers,51,46,2,3032933c,72166006,e6f36f83,1,0,1,0,
Adelaide Strikers,52,47,2,3032933c,47bcaf7a,e6f36f83,1,0,1,0,
Adelaide Strikers,53,47,2,e6f36f83,47bcaf7a,3032933c,0,0,0,0,
Adelaide Strikers,54,50,2,e6f36f83,47bcaf7a,3032933c,3,0,3,0,
Adelaide Strikers,55,51,2,3032933c,47bcaf7a,e6f36f83,1,0,1,0,
Adelaide Strikers,56,51,2,e6f36f83,47bcaf7a,3032933c,0,0,0,0,
Adelaide Strikers,57,52,2,e6f36f83,47bcaf7a,3032933c,1,0,1,0,
Adelaide Strikers,58,53,2,e6f36f83,a594a6e0,3032933c,0,1,1,0,
Adelaide Strikers,59,54,2,e6f36f83,a594a6e0,3032933c,1,0,1,0,
Adelaide Strikers,60,58,2,3032933c,a594a6e0,e6f36f83,4,0,4,0,
Adelaide Strikers,61,58,2,3032933c,a594a6e0,e6f36f83,0,0,0,0,
Adelaide Strikers,62,58,2,3032933c,a594a6e0,e6f36f83,0,0,0,0,
Adelaide Strikers,63,59,2,3032933c,a594a6e0,e6f36f83,0,1,1,0,
Adelaide Strikers,64,59,2,3032933c,a594a6e0,e6f36f83,0,0,0,0,
Adelaide Strikers,65,60,2,3032933c,a594a6e0,e6f36f83,0,1,1,0,
Adelaide Strikers,66,62,2,3032933c,a594a6e0,e6f36f83,2,0,2,0,
Adelaide Strikers,67,63,2,e6f36f83,47bcaf7a,3032933c,1,0,1,0,
Adelaide Strikers,68,64,2,3032933c,47bcaf7a,e6f36f83,1,0,1,0,
Adelaide Strikers,69,65,2,e6f36f83,47bcaf7a,3032933c,1,0,1,0,
Adelaide Strikers,70,66,2,3032933c,47bcaf7a,e6f36f83,1,0,1,0,
Adelaide Strikers,71,67,2,e6f36f83,47bcaf7a,3032933c,1,0,1,0,
Adelaide Strikers,72,68,2,3032933c,47bcaf7a,e6f36f83,1,0,1,0,
Adelaide Strikers,73,68,2,3032933c,72166006,e6f36f83,0,0,0,0,
Adelaide Strikers,74,68,3,3032933c,72166006,e6f36f83,0,0,0,1,caught
Adelaide Strikers,75,68,3,e6f36f83,72166006,de69af96,0,0,0,0,
Adelaide Strikers,76,69,3,e6f36f83,72166006,de69af96,1,0,1,0,
Adelaide Strikers,77,73,3,de69af96,72166006,e6f36f83,4,0,4,0,
Adelaide Strikers,78,73,3,de69af96,72166006,e6f36f83,0,0,0,0,
Adelaide Strikers,79,74,3,e6f36f83,47bcaf7a,de69af96,1,0,1,0,
Adelaide Strikers,80,75,3,de69af96,47bcaf7a,e6f36f83,1,0,1,0,
Adelaide Strikers,81,76,3,e6f36f83,47bcaf7a,de69af96,1,0,1,0,
Adelaide Strikers,82,77,3,de69af96,47bcaf7a,e6f36f83,0,1,1,0,
Adelaide Strikers,83,78,3,de69af96,47bcaf7a,e6f36f83,1,0,1,0,
Adelaide Strikers,84,79,3,e6f36f83,47bcaf7a,de69af96,0,1,1,0,
Adelaide Strikers,85,80,3,e6f36f83,47bcaf7a,de69af96,1,0,1,0,
Adelaide Strikers,86,81,3,de69af96,47bcaf7a,e6f36f83,1,0,1,0,
Adelaide Strikers,87,81,3,de69af96,72166006,e6f36f83,0,0,0,0,
Adelaide Strikers,88,82,3,de69af96,72166006,e6f36f83,0,1,1,0,
Adelaide Strikers,89,82,3,de69af96,72166006,e6f36f83,0,0,0,0,
Adelaide Strikers,90,84,4,de69af96,72166006,e6f36f83,2,0,2,1,run out
Adelaide Strikers,91,85,4,884375bf,72166006,de69af96,1,0,1,0,
Adelaide Strikers,92,86,4,de69af96,72166006,884375bf,1,0,1,0,
Adelaide Strikers,93,86,4,884375bf,72166006,de69af96,0,0,0,0,
Adelaide Strikers,94,87,4,de69af96,0475a86b,884375bf,1,0,1,0,
Adelaide Strikers,95,87,5,884375bf,0475a86b,de69af96,0,0,0,1,caught
Adelaide Strikers,96,87,5,a5f488bc,0475a86b,de69af96,0,0,0,0,
Adelaide Strikers,97,88,5,a5f488bc,0475a86b,de69af96,0,1,1,0,
Adelaide Strikers,98,88,5,a5f488bc,0475a86b,de69af96,0,0,0,0,
Adelaide Strikers,99,88,5,a5f488bc,0475a86b,de69af96,0,0,0,0,
Adelaide Strikers,100,89,5,a5f488bc,0475a86b,de69af96,1,0,1,0,
Adelaide Strikers,101,90,5,a5f488bc,47bcaf7a,de69af96,1,0,1,0,
Adelaide Strikers,102,90,5,de69af96,47bcaf7a,a5f488bc,0,0,0,0,
Adelaide Strikers,103,90,6,de69af96,47bcaf7a,a5f488bc,0,0,0,1,stumped
Adelaide Strikers,104,90,7,595e1ee7,47bcaf7a,a5f488bc,0,0,0,1,caught
Adelaide Strikers,105,90,7,17608a6f,47bcaf7a,a5f488bc,0,0,0,0,
Adelaide Strikers,106,91,7,17608a6f,47bcaf7a,a5f488bc,1,0,1,0,
Adelaide Strikers,107,91,7,17608a6f,0475a86b,a5f488bc,0,0,0,0,
Adelaide Strikers,108,91,8,17608a6f,0475a86b,a5f488bc,0,0,0,1,bowled
Adelaide Strikers,109,91,8,ca5acfa4,0475a86b,a5f488bc,0,0,0,0,
Adelaide Strikers,110,92,8,ca5acfa4,0475a86b,a5f488bc,1,0,1,0,
Adelaide Strikers,111,93,8,a5f488bc,0475a86b,ca5acfa4,1,0,1,0,
Adelaide Strikers,112,93,8,ca5acfa4,0475a86b,a5f488bc,0,0,0,0,
Adelaide Strikers,113,94,8,a5f488bc,d693012d,ca5acfa4,1,0,1,0,
Adelaide Strikers,114,95,8,ca5acfa4,d693012d,a5f488bc,1,0,1,0,
Adelaide Strikers,115,99,8,a5f488bc,d693012d,ca5acfa4,4,0,4,0,
Adelaide Strikers,116,103,8,a5f488bc,d693012d,ca5acfa4,4,0,4,0,
Adelaide Strikers,117,105,8,a5f488bc,d693012d,ca5acfa4,2,0,2,0,
Adelaide Strikers,118,106,8,a5f488bc,d693012d,ca5acfa4,1,0,1,0,
Adelaide Strikers,119,107,8,a5f488bc,1ade138e,ca5acfa4,1,0,1,0,
Adelaide Strikers,120,109,8,ca5acfa4,1ade138e,a5f488bc,2,0,2,0,
Adelaide Strikers,121,110,8,ca5acfa4,1ade138e,a5f488bc,1,0,1,0,
Adelaide Strikers,122,111,8,a5f488bc,1ade138e,ca5acfa4,0,1,1,0,
Adelaide Strikers,123,112,8,a5f488bc,1ade138e,ca5acfa4,1,0,1,0,
Adelaide Strikers,124,116,8,ca5acfa4,1ade138e,a5f488bc,4,0,4,0,
Adelaide Strikers,125,118,8,ca5acfa4,1ade138e,a5f488bc,2,0,2,0,
Adelaide Strikers,126,119,8,a5f488bc,d693012d,ca5acfa4,1,0,1,0,
Adelaide Strikers,127,123,8,ca5acfa4,d693012d,a5f488bc,4,0,4,0,
Adelaide Strikers,128,123,8,ca5acfa4,d693012d,a5f488bc,0,0,0,0,
Adelaide Strikers,129,124,8,ca5acfa4,d693012d,a5f488bc,1,0,1,0,
Adelaide Strikers,130,124,9,a5f488bc,d693012d,ca5acfa4,0,0,0,1,bowled
Adelaide Strikers,131,125,9,9b3bcca4,d693012d,ca5acfa4,1,0,1,0,
Brisbane Heat,1,1,0,52d1dbc8,de69af96,72166006,0,1,1,0,
Brisbane Heat,2,5,0,52d1dbc8,de69af96,72166006,4,0,4,0,
Brisbane Heat,3,9,0,52d1dbc8,de69af96,72166006,4,0,4,0,
Brisbane Heat,4,9,0,52d1dbc8,de69af96,72166006,0,0,0,0,
Brisbane Heat,5,9,0,52d1dbc8,de69af96,72166006,0,0,0,0,
Brisbane Heat,6,10,0,52d1dbc8,de69af96,72166006,1,0,1,0,
Brisbane Heat,7,10,1,72166006,de69af96,52d1dbc8,0,0,0,1,caught
Brisbane Heat,8,11,1,52d1dbc8,17608a6f,0475a86b,1,0,1,0,
Brisbane Heat,9,11,1,0475a86b,17608a6f,52d1dbc8,0,0,0,0,
Brisbane Heat,10,15,1,0475a86b,17608a6f,52d1dbc8,4,0,4,0,
Brisbane Heat,11,15,1,0475a86b,17608a6f,52d1dbc8,0,0,0,0,
Brisbane Heat,12,15,1,0475a86b,17608a6f,52d1dbc8,0,0,0,0,
Brisbane Heat,13,15,1,0475a86b,17608a6f,52d1dbc8,0,0,0,0,
Brisbane Heat,14,19,1,52d1dbc8,9b3bcca4,0475a86b,4,0,4,0,
Brisbane Heat,15,19,1,52d1dbc8,9b3bcca4,0475a86b,0,0,0,0,
Brisbane Heat,16,19,1,52d1dbc8,9b3bcca4,0475a86b,0,0,0,0,
Brisbane Heat,17,22,1,52d1dbc8,9b3bcca4,0475a86b,3,0,3,0,
Brisbane Heat,18,22,1,0475a86b,9b3bcca4,52d1dbc8,0,0,0,0,
Brisbane Heat,19,23,1,0475a86b,9b3bcca4,52d1dbc8,1,0,1,0,
Brisbane Heat,20,24,1,0475a86b,17608a6f,52d1dbc8,1,0,1,0,
Brisbane Heat,21,25,1,52d1dbc8,17608a6f,0475a86b,1,0,1,0,
Brisbane Heat,22,27,1,0475a86b,17608a6f,52d1dbc8,2,0,2,0,
Brisbane Heat,23,27,1,0475a86b,17608a6f,52d1dbc8,0,0,0,0,
Brisbane Heat,24,27,1,0475a86b,17608a6f,52d1dbc8,0,0,0,0,
Brisbane Heat,25,29,1,0475a86b,17608a6f,52d1dbc8,2,0,2,0,
Brisbane Heat,26,29,1,52d1dbc8,ca5acfa4,0475a86b,0,0,0,0,
Brisbane Heat,27,29,1,52d1dbc8,ca5acfa4,0475a86b,0,0,0,0,
Brisbane Heat,28,33,1,52d1dbc8,ca5acfa4,0475a86b,4,0,4,0,
Brisbane Heat,29,33,1,52d1dbc8,ca5acfa4,0475a86b,0,0,0,0,
Brisbane Heat,30,33,1,52d1dbc8,ca5acfa4,0475a86b,0,0,0,0,
Brisbane Heat,31,33,1,52d1dbc8,ca5acfa4,0475a86b,0,0,0,0,
Brisbane Heat,32,37,1,0475a86b,a5f488bc,52d1dbc8,4,0,4,0,
Brisbane Heat,33,37,1,0475a86b,a5f488bc,52d1dbc8,0,0,0,0,
Brisbane Heat,34,38,1,0475a86b,a5f488bc,52d1dbc8,1,0,1,0,
Brisbane Heat,35,39,1,52d1dbc8,a5f488bc,0475a86b,1,0,1,0,
Brisbane Heat,36,43,1,0475a86b,a5f488bc,52d1dbc8,4,0,4,0,
Brisbane Heat,37,45,1,0475a86b,a5f488bc,52d1dbc8,2,0,2,0,
Brisbane Heat,38,46,1,52d1dbc8,3032933c,0475a86b,1,0,1,0,
Brisbane Heat,39,46,1,0475a86b,3032933c,52d1dbc8,0,0,0,0,
Brisbane Heat,40,47,1,0475a86b,3032933c,52d1dbc8,1,0,1,0,
Brisbane Heat,41,48,1,52d1dbc8,3032933c,0475a86b,1,0,1,0,
Brisbane Heat,42,49,1,0475a86b,3032933c,52d1dbc8,1,0,1,0,
Brisbane Heat,43,50,1,52d1dbc8,3032933c,0475a86b,1,0,1,0,
Brisbane Heat,44,52,1,52d1dbc8,9b3bcca4,0475a86b,2,0,2,0,
Brisbane Heat,45,53,1,52d1dbc8,9b3bcca4,0475a86b,1,0,1,0,
Brisbane Heat,46,53,1,0475a86b,9b3bcca4,52d1dbc8,0,0,0,0,
Brisbane Heat,47,53,1,0475a86b,9b3bcca4,52d1dbc8,0,0,0,0,
Brisbane Heat,48,53,1,0475a86b,9b3bcca4,52d1dbc8,0,0,0,0,
Brisbane Heat,49,55,1,0475a86b,9b3bcca4,52d1dbc8,2,0,2,0,
Brisbane Heat,50,55,1,52d1dbc8,3032933c,0475a86b,0,0,0,0,
Brisbane Heat,51,56,1,52d1dbc8,3032933c,0475a86b,1,0,1,0,
Brisbane Heat,52,60,1,0475a86b,3032933c,52d1dbc8,4,0,4,0,
Brisbane Heat,53,61,1,0475a86b,3032933c,52d1dbc8,1,0,1,0,
Brisbane Heat,54,62,1,52d1dbc8,3032933c,0475a86b,1,0,1,0,
Brisbane Heat,55,63,1,0475a86b,3032933c,52d1dbc8,1,0,1,0,
Brisbane Heat,56,63,1,0475a86b,9b3bcca4,52d1dbc8,0,0,0,0,
Brisbane Heat,57,63,1,0475a86b,9b3bcca4,52d1dbc8,0,0,0,0,
Brisbane Heat,58,64,1,0475a86b,9b3bcca4,52d1dbc8,1,0,1,0,
Brisbane Heat,59,68,1,52d1dbc8,9b3bcca4,0475a86b,4,0,4,0,
Brisbane Heat,60,70,1,52d1dbc8,9b3bcca4,0475a86b,2,0,2,0,
Brisbane Heat,61,71,1,52d1dbc8,9b3bcca4,0475a86b,1,0,1,0,
Brisbane Heat,62,71,1,52d1dbc8,ca5acfa4,0475a86b,0,0,0,0,
Brisbane Heat,63,74,1,52d1dbc8,ca5acfa4,0475a86b,3,0,3,0,
Brisbane Heat,64,75,1,0475a86b,ca5acfa4,52d1dbc8,1,0,1,0,
Brisbane Heat,65,76,1,52d1dbc8,ca5acfa4,0475a86b,1,0,1,0,
Brisbane Heat,66,77,1,0475a86b,ca5acfa4,52d1dbc8,1,0,1,0,
Brisbane Heat,67,78,1,52d1dbc8,ca5acfa4,0475a86b,1,0,1,0,
Brisbane Heat,68,78,1,52d1dbc8,de69af96,0475a86b,0,0,0,0,
Brisbane Heat,69,79,1,52d1dbc8,de69af96,0475a86b,1,0,1,0,
Brisbane Heat,70,81,1,0475a86b,de69af96,52d1dbc8,2,0,2,0,
Brisbane Heat,71,82,1,0475a86b,de69af96,52d1dbc8,1,0,1,0,
Brisbane Heat,72,82,1,52d1dbc8,de69af96,0475a86b,0,0,0,0,
Brisbane Heat,73,83,1,52d1dbc8,de69af96,0475a86b,1,0,1,0,
Brisbane Heat,74,84,1,52d1dbc8,a5f488bc,0475a86b,1,0,1,0,
Brisbane Heat,75,85,1,0475a86b,a5f488bc,52d1dbc8,1,0,1,0,
Brisbane Heat,76,85,1,52d1dbc8,a5f488bc,0475a86b,0,0,0,0,
Brisbane Heat,77,86,1,52d1dbc8,a5f488bc,0475a86b,0,1,1,0,
Brisbane Heat,78,87,1,0475a86b,a5f488bc,52d1dbc8,1,0,1,0,
Brisbane Heat,79,88,1,52d1dbc8,a5f488bc,0475a86b,1,0,1,0,
Brisbane Heat,80,89,1,52d1dbc8,de69af96,0475a86b,1,0,1,0,
Brisbane Heat,81,93,1,0475a86b,de69af96,52d1dbc8,4,0,4,0,
Brisbane Heat,82,97,1,0475a86b,de69af96,52d1dbc8,4,0,4,0,
Brisbane Heat,83,98,1,0475a86b,de69af96,52d1dbc8,1,0,1,0,
Brisbane Heat,84,98,1,52d1dbc8,de69af96,0475a86b,0,0,0,0,
Brisbane Heat,85,98,1,52d1dbc8,de69af96,0475a86b,0,0,0,0,
Brisbane Heat,86,99,1,0475a86b,a5f488bc,52d1dbc8,1,0,1,0,
Brisbane Heat,87,99,2,52d1dbc8,a5f488bc,0475a86b,0,0,0,1,caught
Brisbane Heat,88,100,2,0475a86b,a5f488bc,5230a33d,1,0,1,0,
Brisbane Heat,89,100,2,5230a33d,a5f488bc,0475a86b,0,0,0,0,
Brisbane Heat,90,100,2,5230a33d,a5f488bc,0475a86b,0,0,0,0,
Brisbane Heat,91,101,2,5230a33d,a5f488bc,0475a86b,1,0,1,0,
Brisbane Heat,92,101,2,5230a33d,9b3bcca4,0475a86b,0,0,0,0,
Brisbane Heat,93,102,2,5230a33d,9b3bcca4,0475a86b,0,1,1,0,
Brisbane Heat,94,103,2,5230a33d,9b3bcca4,0475a86b,1,0,1,0,
Brisbane Heat,95,104,2,0475a86b,9b3bcca4,5230a33d,1,0,1,0,
Brisbane Heat,96,105,2,5230a33d,9b3bcca4,0475a86b,1,0,1,0,
Brisbane Heat,97,106,2,0475a86b,9b3bcca4,5230a33d,1,0,1,0,
Brisbane Heat,98,106,2,5230a33d,9b3bcca4,0475a86b,0,0,0,0,
Brisbane Heat,99,107,2,0475a86b,3032933c,5230a33d,1,0,1,0,
Brisbane Heat,100,107,2,5230a33d,3032933c,0475a86b,0,0,0,0,
Brisbane Heat,101,108,2,5230a33d,3032933c,0475a86b,1,0,1,0,
Brisbane Heat,102,109,2,0475a86b,3032933c,5230a33d,1,0,1,0,
Brisbane Heat,103,109,2,5230a33d,3032933c,0475a86b,0,0,0,0,
Brisbane Heat,104,109,2,5230a33d,3032933c,0475a86b,0,0,0,0,
Brisbane Heat,105,109,2,0475a86b,ca5acfa4,5230a33d,0,0,0,0,
Brisbane Heat,106,113,2,0475a86b,ca5acfa4,5230a33d,4,0,4,0,
Brisbane Heat,107,114,2,0475a86b,ca5acfa4,5230a33d,1,0,1,0,
Brisbane Heat,108,115,2,5230a33d,ca5acfa4,0475a86b,1,0,1,0,
Brisbane Heat,109,116,2,0475a86b,ca5acfa4,5230a33d,1,0,1,0,
Brisbane Heat,110,116,2,5230a33d,ca5acfa4,0475a86b,0,0,0,0,
Brisbane Heat,111,117,2,0475a86b,3032933c,5230a33d,1,0,1,0,
Brisbane Heat,112,117,2,5230a33d,3032933c,0475a86b,0,0,0,0,
Brisbane Heat,113,121,2,5230a33d,3032933c,0475a86b,4,0,4,0,
Brisbane Heat,114,122,2,5230a33d,3032933c,0475a86b,1,0,1,0,
Brisbane Heat,115,124,2,0475a86b,3032933c,5230a33d,2,0,2,0,
Brisbane Heat,116,128,2,0475a86b,3032933c,5230a33d,4,0,4,0,
