batting_team,ball_number,total_team_runs,total_team_wickets,striker_ID,bowler_ID,nonstriker_ID,batter_runs,extras_runs,total_delivery_runs,wicket,wicket_type
Durham,1,4,0,1b6fef02,81137262,1b77f62b,4,0,4,0,
Durham,2,4,0,1b6fef02,81137262,1b77f62b,0,0,0,0,
Durham,3,7,0,1b6fef02,81137262,1b77f62b,3,0,3,0,
Durham,4,11,0,1b77f62b,81137262,1b6fef02,4,0,4,0,
Durham,5,15,0,1b77f62b,81137262,1b6fef02,4,0,4,0,
Durham,6,15,0,1b77f62b,81137262,1b6fef02,0,0,0,0,
Durham,7,15,0,1b6fef02,4c0f3806,1b77f62b,0,0,0,0,
Durham,8,16,0,1b6fef02,4c0f3806,1b77f62b,1,0,1,0,
Durham,9,16,0,1b77f62b,4c0f3806,1b6fef02,0,0,0,0,
Durham,10,16,0,1b77f62b,4c0f3806,1b6fef02,0,0,0,0,
Durham,11,18,0,1b77f62b,4c0f3806,1b6fef02,2,0,2,0,
Durham,12,18,0,1b77f62b,4c0f3806,1b6fef02,0,0,0,0,
Durham,13,18,0,1b6fef02,7fa2ab1f,1b77f62b,0,0,0,0,
Durham,14,19,0,1b6fef02,7fa2ab1f,1b77f62b,1,0,1,0,
Durham,15,19,0,1b77f62b,7fa2ab1f,1b6fef02,0,0,0,0,
Durham,16,19,0,1b77f62b,7fa2ab1f,1b6fef02,0,0,0,0,
Durham,17,19,0,1b77f62b,7fa2ab1f,1b6fef02,0,0,0,0,
Durham,18,19,1,1b77f62b,7fa2ab1f,1b6fef02,0,0,0,1,bowled
Durham,19,19,1,1b6fef02,94eac556,9c376401,0,0,0,0,
Durham,20,19,1,1b6fef02,94eac556,9c376401,0,0,0,0,
Durham,21,19,1,1b6fef02,94eac556,9c376401,0,0,0,0,
Durham,22,19,1,1b6fef02,94eac556,9c376401,0,0,0,0,
Durham,23,20,1,1b6fef02,94eac556,9c376401,1,0,1,0,
Durham,24,21,1,9c376401,94eac556,1b6fef02,1,0,1,0,
Durham,25,21,1,9c376401,7fa2ab1f,1b6fef02,0,0,0,0,
Durham,26,21,1,9c376401,7fa2ab1f,1b6fef02,0,0,0,0,
Durham,27,21,1,9c376401,7fa2ab1f,1b6fef02,0,0,0,0,
Durham,28,22,1,9c376401,7fa2ab1f,1b6fef02,1,0,1,0,
Durham,29,22,1,1b6fef02,7fa2ab1f,9c376401,0,0,0,0,
Durham,30,23,1,1b6fef02,7fa2ab1f,9c376401,1,0,1,0,
Durham,31,23,1,1b6fef02,4c0f3806,9c376401,0,0,0,0,
Durham,32,23,1,1b6fef02,4c0f3806,9c376401,0,0,0,0,
Durham,33,23,1,1b6fef02,4c0f3806,9c376401,0,0,0,0,
Durham,34,27,1,1b6fef02,4c0f3806,9c376401,4,0,4,0,
Durham,35,28,1,1b6fef02,4c0f3806,9c376401,1,0,1,0,
Durham,36,28,1,9c376401,4c0f3806,1b6fef02,0,0,0,0,
Durham,37,29,1,1b6fef02,7fa2ab1f,9c376401,1,0,1,0,
Durham,38,31,1,9c376401,7fa2ab1f,1b6fef02,2,0,2,0,
Durham,39,31,1,9c376401,7fa2ab1f,1b6fef02,0,0,0,0,
Durham,40,32,1,9c376401,7fa2ab1f,1b6fef02,1,0,1,0,
Durham,41,32,1,1b6fef02,7fa2ab1f,9c376401,0,0,0,0,
Durham,42,33,1,1b6fef02,7fa2ab1f,9c376401,1,0,1,0,
Durham,43,37,1,1b6fef02,9c7d7cda,9c376401,4,0,4,0,
Durham,44,38,1,1b6fef02,9c7d7cda,9c376401,1,0,1,0,
Durham,45,39,1,9c376401,9c7d7cda,1b6fef02,1,0,1,0,
Durham,46,40,1,1b6fef02,9c7d7cda,9c376401,1,0,1,0,
Durham,47,40,1,9c376401,9c7d7cda,1b6fef02,0,0,0,0,
Durham,48,41,1,9c376401,9c7d7cda,1b6fef02,1,0,1,0,
Durham,49,41,2,9c376401,243431b5,1b6fef02,0,0,0,1,caught
Durham,50,41,2,a386e91b,243431b5,1b6fef02,0,0,0,0,
Durham,51,42,2,a386e91b,243431b5,1b6fef02,1,0,1,0,
Durham,52,43,2,1b6fef02,243431b5,a386e91b,1,0,1,0,
Durham,53,44,2,a386e91b,243431b5,1b6fef02,1,0,1,0,
Durham,54,45,2,1b6fef02,243431b5,a386e91b,1,0,1,0,
Durham,55,49,2,1b6fef02,9c7d7cda,a386e91b,4,0,4,0,
Durham,56,50,2,1b6fef02,9c7d7cda,a386e91b,0,1,1,0,
Durham,57,50,2,a386e91b,9c7d7cda,1b6fef02,0,0,0,0,
Durham,58,50,2,a386e91b,9c7d7cda,1b6fef02,0,0,0,0,
Durham,59,50,2,a386e91b,9c7d7cda,1b6fef02,0,0,0,0,
Durham,60,50,2,a386e91b,9c7d7cda,1b6fef02,0,0,0,0,
Durham,61,54,2,1b6fef02,243431b5,a386e91b,4,0,4,0,
Durham,62,54,2,1b6fef02,243431b5,a386e91b,0,0,0,0,
Durham,63,55,2,1b6fef02,243431b5,a386e91b,1,0,1,0,
Durham,64,55,2,a386e91b,243431b5,1b6fef02,0,0,0,0,
Durham,65,56,2,a386e91b,243431b5,1b6fef02,0,1,1,0,
Durham,66,60,2,1b6fef02,243431b5,a386e91b,4,0,4,0,
Durham,67,61,2,a386e91b,9c7d7cda,1b6fef02,1,0,1,0,
Durham,68,62,2,1b6fef02,9c7d7cda,a386e91b,1,0,1,0,
Durham,69,62,3,a386e91b,9c7d7cda,1b6fef02,0,0,0,1,caught
Durham,70,63,3,1b6fef02,9c7d7cda,a15347c2,1,0,1,0,
Durham,71,64,3,a15347c2,9c7d7cda,1b6fef02,1,0,1,0,
Durham,72,65,3,1b6fef02,9c7d7cda,a15347c2,0,1,1,0,
Durham,73,66,3,1b6fef02,94eac556,a15347c2,1,0,1,0,
Durham,74,66,3,a15347c2,94eac556,1b6fef02,0,0,0,0,
Durham,75,69,3,a15347c2,94eac556,1b6fef02,3,0,3,0,
Durham,76,69,3,1b6fef02,94eac556,a15347c2,0,0,0,0,
Durham,77,69,3,1b6fef02,94eac556,a15347c2,0,0,0,0,
Durham,78,70,3,1b6fef02,94eac556,a15347c2,1,0,1,0,
Durham,79,71,3,1b6fef02,9c7d7cda,a15347c2,1,0,1,0,
Durham,80,71,3,a15347c2,9c7d7cda,1b6fef02,0,0,0,0,
Durham,81,71,3,a15347c2,9c7d7cda,1b6fef02,0,0,0,0,
Durham,82,72,3,a15347c2,9c7d7cda,1b6fef02,1,0,1,0,
Durham,83,73,3,1b6fef02,9c7d7cda,a15347c2,1,0,1,0,
Durham,84,74,3,a15347c2,9c7d7cda,1b6fef02,0,1,1,0,
Durham,85,75,3,a15347c2,243431b5,1b6fef02,1,0,1,0,
Durham,86,75,4,1b6fef02,243431b5,a15347c2,0,0,0,1,caught
Durham,87,76,4,a15347c2,243431b5,757502b5,0,1,1,0,
Durham,88,78,4,a15347c2,243431b5,757502b5,2,0,2,0,
Durham,89,79,4,a15347c2,243431b5,757502b5,1,0,1,0,
Durham,90,80,4,757502b5,243431b5,a15347c2,1,0,1,0,
Durham,91,81,4,a15347c2,243431b5,757502b5,1,0,1,0,
Durham,92,81,4,a15347c2,4c0f3806,757502b5,0,0,0,0,
Durham,93,85,4,a15347c2,4c0f3806,757502b5,4,0,4,0,
Durham,94,85,4,a15347c2,4c0f3806,757502b5,0,0,0,0,
Durham,95,86,4,a15347c2,4c0f3806,757502b5,1,0,1,0,
Durham,96,86,5,757502b5,4c0f3806,a15347c2,0,0,0,1,caught
Durham,97,87,5,a15347c2,4c0f3806,012829ff,1,0,1,0,
Durham,98,88,5,a15347c2,7fa2ab1f,012829ff,1,0,1,0,
Durham,99,88,5,012829ff,7fa2ab1f,a15347c2,0,0,0,0,
Durham,100,89,5,012829ff,7fa2ab1f,a15347c2,1,0,1,0,
Durham,101,90,5,a15347c2,7fa2ab1f,012829ff,1,0,1,0,
Durham,102,94,5,012829ff,7fa2ab1f,a15347c2,4,0,4,0,
Durham,103,94,5,012829ff,7fa2ab1f,a15347c2,0,0,0,0,
Durham,104,98,5,a15347c2,94eac556,012829ff,4,0,4,0,
Durham,105,99,5,a15347c2,94eac556,012829ff,1,0,1,0,
Durham,106,99,5,012829ff,94eac556,a15347c2,0,0,0,0,
Durham,107,101,5,012829ff,94eac556,a15347c2,2,0,2,0,
Durham,108,105,5,012829ff,94eac556,a15347c2,4,0,4,0,
Durham,109,109,5,012829ff,94eac556,a15347c2,4,0,4,0,
Durham,110,110,5,a15347c2,4c0f3806,012829ff,1,0,1,0,
Durham,111,111,5,012829ff,4c0f3806,a15347c2,1,0,1,0,
Durham,112,112,5,a15347c2,4c0f3806,012829ff,1,0,1,0,
Durham,113,114,5,012829ff,4c0f3806,a15347c2,2,0,2,0,
Durham,114,115,5,012829ff,4c0f3806,a15347c2,1,0,1,0,
Durham,115,116,5,a15347c2,4c0f3806,012829ff,1,0,1,0,
Durham,116,118,5,a15347c2,94eac556,012829ff,2,0,2,0,
Durham,117,119,5,a15347c2,94eac556,012829ff,1,0,1,0,
Durham,118,120,5,012829ff,94eac556,a15347c2,1,0,1,0,
Durham,119,121,5,a15347c2,94eac556,012829ff,1,0,1,0,
Durham,120,122,5,012829ff,94eac556,a15347c2,1,0,1,0,
Durham,121,123,5,a15347c2,94eac556,012829ff,1,0,1,0,
Leicestershire,1,1,0,d510d457,02b93a83,be768595,0,1,1,0,
Leicestershire,2,2,0,d510d457,02b93a83,be768595,1,0,1,0,
Leicestershire,3,2,0,be768595,02b93a83,d510d457,0,0,0,0,
Leicestershire,4,6,0,be768595,02b93a83,d510d457,4,0,4,0,
Leicestershire,5,6,0,be768595,02b93a83,d510d457,0,0,0,0,
Leicestershire,6,7,0,be768595,02b93a83,d510d457,1,0,1,0,
Leicestershire,7,7,0,d510d457,02b93a83,be768595,0,0,0,0,
Leicestershire,8,7,0,be768595,012829ff,d510d457,0,0,0,0,
Leicestershire,9,7,0,be768595,012829ff,d510d457,0,0,0,0,
Leicestershire,10,7,0,be768595,012829ff,d510d457,0,0,0,0,
Leicestershire,11,7,0,be768595,012829ff,d510d457,0,0,0,0,
Leicestershire,12,7,0,be768595,012829ff,d510d457,0,0,0,0,
Leicestershire,13,11,0,be768595,012829ff,d510d457,4,0,4,0,
Leicestershire,14,11,0,d510d457,71440756,be768595,0,0,0,0,
Leicestershire,15,12,0,d510d457,71440756,be768595,1,0,1,0,
Leicestershire,16,18,0,be768595,71440756,d510d457,6,0,6,0,
Leicestershire,17,18,0,be768595,71440756,d510d457,0,0,0,0,
Leicestershire,18,22,0,be768595,71440756,d510d457,4,0,4,0,
Leicestershire,19,23,0,be768595,71440756,d510d457,1,0,1,0,
Leicestershire,20,23,0,be768595,012829ff,d510d457,0,0,0,0,
Leicestershire,21,27,0,be768595,012829ff,d510d457,4,0,4,0,
Leicestershire,22,27,0,be768595,012829ff,d510d457,0,0,0,0,
Leicestershire,23,27,0,be768595,012829ff,d510d457,0,0,0,0,
Leicestershire,24,27,0,be768595,012829ff,d510d457,0,0,0,0,
Leicestershire,25,28,0,be768595,012829ff,d510d457,1,0,1,0,
Leicestershire,26,32,0,be768595,02b93a83,d510d457,4,0,4,0,
Leicestershire,27,32,0,be768595,02b93a83,d510d457,0,0,0,0,
Leicestershire,28,32,1,be768595,02b93a83,d510d457,0,0,0,1,caught
Leicestershire,29,33,1,243431b5,02b93a83,d510d457,1,0,1,0,
Leicestershire,30,37,1,d510d457,02b93a83,243431b5,4,0,4,0,
Leicestershire,31,37,1,d510d457,02b93a83,243431b5,0,0,0,0,
Leicestershire,32,37,1,243431b5,71440756,d510d457,0,0,0,0,
Leicestershire,33,37,1,243431b5,71440756,d510d457,0,0,0,0,
Leicestershire,34,37,1,243431b5,71440756,d510d457,0,0,0,0,
Leicestershire,35,38,1,243431b5,71440756,d510d457,0,1,1,0,
Leicestershire,36,38,1,d510d457,71440756,243431b5,0,0,0,0,
Leicestershire,37,38,1,d510d457,71440756,243431b5,0,0,0,0,
Leicestershire,38,39,1,243431b5,a386e91b,d510d457,1,0,1,0,
Leicestershire,39,40,1,d510d457,a386e91b,243431b5,0,1,1,0,
Leicestershire,40,41,1,243431b5,a386e91b,d510d457,0,1,1,0,
Leicestershire,41,42,1,d510d457,a386e91b,243431b5,1,0,1,0,
Leicestershire,42,43,1,243431b5,a386e91b,d510d457,1,0,1,0,
Leicestershire,43,43,1,d510d457,a386e91b,243431b5,0,0,0,0,
Leicestershire,44,44,1,243431b5,51e1ed69,d510d457,1,0,1,0,
Leicestershire,45,45,1,d510d457,51e1ed69,243431b5,1,0,1,0,
Leicestershire,46,46,1,243431b5,51e1ed69,d510d457,1,0,1,0,
Leicestershire,47,46,2,d510d457,51e1ed69,243431b5,0,0,0,1,lbw
Leicestershire,48,47,2,c03449e0,51e1ed69,243431b5,1,0,1,0,
Leicestershire,49,48,2,243431b5,51e1ed69,c03449e0,1,0,1,0,
Leicestershire,50,48,2,243431b5,a386e91b,c03449e0,0,0,0,0,
Leicestershire,51,49,2,243431b5,a386e91b,c03449e0,1,0,1,0,
Leicestershire,52,50,2,c03449e0,a386e91b,243431b5,1,0,1,0,
Leicestershire,53,50,2,243431b5,a386e91b,c03449e0,0,0,0,0,
Leicestershire,54,51,2,243431b5,a386e91b,c03449e0,1,0,1,0,
Leicestershire,55,52,2,c03449e0,a386e91b,243431b5,1,0,1,0,
Leicestershire,56,52,2,c03449e0,51e1ed69,243431b5,0,0,0,0,
Leicestershire,57,53,2,c03449e0,51e1ed69,243431b5,1,0,1,0,
Leicestershire,58,53,2,243431b5,51e1ed69,c03449e0,0,0,0,0,
Leicestershire,59,54,2,243431b5,51e1ed69,c03449e0,1,0,1,0,
Leicestershire,60,54,2,c03449e0,51e1ed69,243431b5,0,0,0,0,
Leicestershire,61,56,2,c03449e0,51e1ed69,243431b5,2,0,2,0,
Leicestershire,62,57,2,243431b5,a386e91b,c03449e0,1,0,1,0,
Leicestershire,63,57,2,c03449e0,a386e91b,243431b5,0,0,0,0,
Leicestershire,64,58,2,c03449e0,a386e91b,243431b5,1,0,1,0,
Leicestershire,65,58,2,243431b5,a386e91b,c03449e0,0,0,0,0,
Leicestershire,66,59,2,243431b5,a386e91b,c03449e0,1,0,1,0,
Leicestershire,67,61,2,c03449e0,a386e91b,243431b5,2,0,2,0,
Leicestershire,68,62,2,243431b5,51e1ed69,c03449e0,1,0,1,0,
Leicestershire,69,68,2,c03449e0,51e1ed69,243431b5,6,0,6,0,
Leicestershire,70,72,2,c03449e0,51e1ed69,243431b5,4,0,4,0,
Leicestershire,71,74,2,c03449e0,51e1ed69,243431b5,2,0,2,0,
Leicestershire,72,75,2,c03449e0,51e1ed69,243431b5,1,0,1,0,
Leicestershire,73,81,2,243431b5,51e1ed69,c03449e0,6,0,6,0,
Leicestershire,74,81,2,c03449e0,757502b5,243431b5,0,0,0,0,
Leicestershire,75,82,2,c03449e0,757502b5,243431b5,1,0,1,0,
Leicestershire,76,86,2,243431b5,757502b5,c03449e0,4,0,4,0,
Leicestershire,77,87,2,243431b5,757502b5,c03449e0,1,0,1,0,
Leicestershire,78,88,2,c03449e0,757502b5,243431b5,1,0,1,0,
Leicestershire,79,92,2,243431b5,757502b5,c03449e0,4,0,4,0,
Leicestershire,80,93,2,c03449e0,71440756,243431b5,1,0,1,0,
Leicestershire,81,97,2,243431b5,71440756,c03449e0,4,0,4,0,
Leicestershire,82,98,2,243431b5,71440756,c03449e0,0,1,1,0,
Leicestershire,83,102,2,c03449e0,71440756,243431b5,4,0,4,0,
Leicestershire,84,102,2,c03449e0,71440756,243431b5,0,0,0,0,
Leicestershire,85,102,2,c03449e0,71440756,243431b5,0,0,0,0,
Leicestershire,86,108,2,243431b5,757502b5,c03449e0,6,0,6,0,
Leicestershire,87,114,2,243431b5,757502b5,c03449e0,6,0,6,0,
Leicestershire,88,115,2,243431b5,757502b5,c03449e0,1,0,1,0,
Leicestershire,89,116,2,c03449e0,757502b5,243431b5,1,0,1,0,
Leicestershire,90,117,2,243431b5,757502b5,c03449e0,1,0,1,0,
Leicestershire,91,121,2,c03449e0,757502b5,243431b5,4,0,4,0,
Leicestershire,92,121,2,243431b5,012829ff,c03449e0,0,0,0,0,
Leicestershire,93,123,2,243431b5,012829ff,c03449e0,2,0,2,0,
Leicestershire,94,124,2,243431b5,012829ff,c03449e0,1,0,1,0,
