batting_team,ball_number,total_team_runs,total_team_wickets,striker_ID,bowler_ID,nonstriker_ID,batter_runs,extras_runs,total_delivery_runs,wicket,wicket_type
Dhaka Dynamites,1,0,0,9ab63e7b,5a4c12ab,4948a447,0,0,0,0,
Dhaka Dynamites,2,0,0,9ab63e7b,5a4c12ab,4948a447,0,0,0,0,
Dhaka Dynamites,3,4,0,9ab63e7b,5a4c12ab,4948a447,4,0,4,0,
Dhaka Dynamites,4,4,0,9ab63e7b,5a4c12ab,4948a447,0,0,0,0,
Dhaka Dynamites,5,4,0,9ab63e7b,5a4c12ab,4948a447,0,0,0,0,
Dhaka Dynamites,6,4,0,9ab63e7b,5a4c12ab,4948a447,0,0,0,0,
Dhaka Dynamites,7,5,0,4948a447,3f5f39cd,9ab63e7b,1,0,1,0,
Dhaka Dynamites,8,5,0,9ab63e7b,3f5f39cd,4948a447,0,0,0,0,
Dhaka Dynamites,9,5,0,9ab63e7b,3f5f39cd,4948a447,0,0,0,0,
Dhaka Dynamites,10,9,0,9ab63e7b,3f5f39cd,4948a447,4,0,4,0,
Dhaka Dynamites,11,9,0,9ab63e7b,3f5f39cd,4948a447,0,0,0,0,
Dhaka Dynamites,12,10,0,9ab63e7b,3f5f39cd,4948a447,1,0,1,0,
Dhaka Dynamites,13,10,0,9ab63e7b,8fb49ef8,4948a447,0,0,0,0,
Dhaka Dynamites,14,11,0,9ab63e7b,8fb49ef8,4948a447,1,0,1,0,
Dhaka Dynamites,15,12,0,4948a447,8fb49ef8,9ab63e7b,1,0,1,0,
Dhaka Dynamites,16,14,0,9ab63e7b,8fb49ef8,4948a447,2,0,2,0,
Dhaka Dynamites,17,15,0,9ab63e7b,8fb49ef8,4948a447,1,0,1,0,
Dhaka Dynamites,18,15,0,4948a447,8fb49ef8,9ab63e7b,0,0,0,0,
Dhaka Dynamites,19,15,0,9ab63e7b,3f5f39cd,4948a447,0,0,0,0,
Dhaka Dynamites,20,15,0,9ab63e7b,3f5f39cd,4948a447,0,0,0,0,
Dhaka Dynamites,21,16,0,9ab63e7b,3f5f39cd,4948a447,1,0,1,0,
Dhaka Dynamites,22,20,0,4948a447,3f5f39cd,9ab63e7b,4,0,4,0,
Dhaka Dynamites,23,22,0,4948a447,3f5f39cd,9ab63e7b,2,0,2,0,
Dhaka Dynamites,24,27,0,4948a447,3f5f39cd,9ab63e7b,5,0,5,0,
Dhaka Dynamites,25,28,0,4948a447,e7de4f6b,9ab63e7b,1,0,1,0,
Dhaka Dynamites,26,32,0,9ab63e7b,e7de4f6b,4948a447,4,0,4,0,
Dhaka Dynamites,27,36,0,9ab63e7b,e7de4f6b,4948a447,4,0,4,0,
Dhaka Dynamites,28,37,0,9ab63e7b,e7de4f6b,4948a447,1,0,1,0,
Dhaka Dynamites,29,38,0,4948a447,e7de4f6b,9ab63e7b,1,0,1,0,
Dhaka Dynamites,30,38,0,9ab63e7b,e7de4f6b,4948a447,0,0,0,0,
Dhaka Dynamites,31,42,0,4948a447,5a4c12ab,9ab63e7b,4,0,4,0,
Dhaka Dynamites,32,42,1,4948a447,5a4c12ab,9ab63e7b,0,0,0,1,bowled
Dhaka Dynamites,33,42,1,6eea0b32,5a4c12ab,9ab63e7b,0,0,0,0,
Dhaka Dynamites,34,43,1,6eea0b32,5a4c12ab,9ab63e7b,1,0,1,0,
Dhaka Dynamites,35,43,1,9ab63e7b,5a4c12ab,6eea0b32,0,0,0,0,
Dhaka Dynamites,36,44,1,9ab63e7b,5a4c12ab,6eea0b32,1,0,1,0,
Dhaka Dynamites,37,44,1,9ab63e7b,e258a603,6eea0b32,0,0,0,0,
Dhaka Dynamites,38,46,1,9ab63e7b,e258a603,6eea0b32,1,1,2,0,
Dhaka Dynamites,39,47,1,6eea0b32,e258a603,9ab63e7b,1,0,1,0,
Dhaka Dynamites,40,47,2,9ab63e7b,e258a603,6eea0b32,0,0,0,1,caught
Dhaka Dynamites,41,47,2,ec4dada1,e258a603,6eea0b32,0,0,0,0,
Dhaka Dynamites,42,47,2,ec4dada1,e258a603,6eea0b32,0,0,0,0,
Dhaka Dynamites,43,47,2,ec4dada1,e258a603,6eea0b32,0,0,0,0,
Dhaka Dynamites,44,48,2,6eea0b32,8fb49ef8,ec4dada1,1,0,1,0,
Dhaka Dynamites,45,52,2,ec4dada1,8fb49ef8,6eea0b32,4,0,4,0,
Dhaka Dynamites,46,56,2,ec4dada1,8fb49ef8,6eea0b32,4,0,4,0,
Dhaka Dynamites,47,58,2,ec4dada1,8fb49ef8,6eea0b32,2,0,2,0,
Dhaka Dynamites,48,58,2,ec4dada1,8fb49ef8,6eea0b32,0,0,0,0,
Dhaka Dynamites,49,58,2,ec4dada1,8fb49ef8,6eea0b32,0,0,0,0,
Dhaka Dynamites,50,64,2,6eea0b32,e258a603,ec4dada1,6,0,6,0,
Dhaka Dynamites,51,64,2,6eea0b32,e258a603,ec4dada1,0,0,0,0,
Dhaka Dynamites,52,65,2,6eea0b32,e258a603,ec4dada1,1,0,1,0,
Dhaka Dynamites,53,65,3,ec4dada1,e258a603,6eea0b32,0,0,0,1,bowled
Dhaka Dynamites,54,65,3,4ec07775,e258a603,6eea0b32,0,0,0,0,
Dhaka Dynamites,55,65,3,4ec07775,e258a603,6eea0b32,0,0,0,0,
Dhaka Dynamites,56,65,3,6eea0b32,8fb49ef8,4ec07775,0,0,0,0,
Dhaka Dynamites,57,66,3,6eea0b32,8fb49ef8,4ec07775,1,0,1,0,
Dhaka Dynamites,58,66,3,4ec07775,8fb49ef8,6eea0b32,0,0,0,0,
Dhaka Dynamites,59,67,3,4ec07775,8fb49ef8,6eea0b32,1,0,1,0,
Dhaka Dynamites,60,68,3,6eea0b32,8fb49ef8,4ec07775,1,0,1,0,
Dhaka Dynamites,61,68,3,4ec07775,8fb49ef8,6eea0b32,0,0,0,0,
Dhaka Dynamites,62,68,3,6eea0b32,e258a603,4ec07775,0,0,0,0,
Dhaka Dynamites,63,69,3,6eea0b32,e258a603,4ec07775,1,0,1,0,
Dhaka Dynamites,64,70,3,4ec07775,e258a603,6eea0b32,1,0,1,0,
Dhaka Dynamites,65,71,3,6eea0b32,e258a603,4ec07775,1,0,1,0,
Dhaka Dynamites,66,72,3,4ec07775,e258a603,6eea0b32,1,0,1,0,
Dhaka Dynamites,67,72,4,6eea0b32,e258a603,4ec07775,0,0,0,1,caught
Dhaka Dynamites,68,72,4,4ec07775,8fb49ef8,8919756f,0,0,0,0,
Dhaka Dynamites,69,73,4,4ec07775,8fb49ef8,8919756f,1,0,1,0,
Dhaka Dynamites,70,73,4,8919756f,8fb49ef8,4ec07775,0,0,0,0,
Dhaka Dynamites,71,73,4,8919756f,8fb49ef8,4ec07775,0,0,0,0,
Dhaka Dynamites,72,73,4,8919756f,8fb49ef8,4ec07775,0,0,0,0,
Dhaka Dynamites,73,73,4,8919756f,8fb49ef8,4ec07775,0,0,0,0,
Dhaka Dynamites,74,74,4,4ec07775,e258a603,8919756f,1,0,1,0,
Dhaka Dynamites,75,76,4,8919756f,e258a603,4ec07775,2,0,2,0,
Dhaka Dynamites,76,76,4,8919756f,e258a603,4ec07775,0,0,0,0,
Dhaka Dynamites,77,76,4,8919756f,e258a603,4ec07775,0,0,0,0,
Dhaka Dynamites,78,76,4,8919756f,e258a603,4ec07775,0,0,0,0,
Dhaka Dynamites,79,77,4,8919756f,e258a603,4ec07775,1,0,1,0,
Dhaka Dynamites,80,78,4,8919756f,e7de4f6b,4ec07775,1,0,1,0,
Dhaka Dynamites,81,79,4,4ec07775,e7de4f6b,8919756f,1,0,1,0,
Dhaka Dynamites,82,79,4,8919756f,e7de4f6b,4ec07775,0,0,0,0,
Dhaka Dynamites,83,79,4,8919756f,e7de4f6b,4ec07775,0,0,0,0,
Dhaka Dynamites,84,80,4,8919756f,e7de4f6b,4ec07775,1,0,1,0,
Dhaka Dynamites,85,80,4,4ec07775,e7de4f6b,8919756f,0,0,0,0,
Dhaka Dynamites,86,81,4,8919756f,5a4c12ab,4ec07775,1,0,1,0,
Dhaka Dynamites,87,81,4,4ec07775,5a4c12ab,8919756f,0,0,0,0,
Dhaka Dynamites,88,81,4,4ec07775,5a4c12ab,8919756f,0,0,0,0,
Dhaka Dynamites,89,85,4,4ec07775,5a4c12ab,8919756f,4,0,4,0,
Dhaka Dynamites,90,86,4,4ec07775,5a4c12ab,8919756f,1,0,1,0,
Dhaka Dynamites,91,87,4,8919756f,5a4c12ab,4ec07775,1,0,1,0,
Dhaka Dynamites,92,88,4,8919756f,3f5f39cd,4ec07775,1,0,1,0,
Dhaka Dynamites,93,89,4,4ec07775,3f5f39cd,8919756f,1,0,1,0,
Dhaka Dynamites,94,90,4,8919756f,3f5f39cd,4ec07775,1,0,1,0,
Dhaka Dynamites,95,91,4,4ec07775,3f5f39cd,8919756f,1,0,1,0,
Dhaka Dynamites,96,92,4,8919756f,3f5f39cd,4ec07775,1,0,1,0,
Dhaka Dynamites,97,93,4,4ec07775,3f5f39cd,8919756f,1,0,1,0,
Dhaka Dynamites,98,94,4,4ec07775,5a4c12ab,8919756f,1,0,1,0,
Dhaka Dynamites,99,94,4,8919756f,5a4c12ab,4ec07775,0,0,0,0,
Dhaka Dynamites,100,95,4,8919756f,5a4c12ab,4ec07775,1,0,1,0,
Dhaka Dynamites,101,101,4,4ec07775,5a4c12ab,8919756f,6,0,6,0,
Dhaka Dynamites,102,102,4,4ec07775,5a4c12ab,8919756f,1,0,1,0,
Dhaka Dynamites,103,103,4,8919756f,5a4c12ab,4ec07775,1,0,1,0,
Dhaka Dynamites,104,105,4,8919756f,e7de4f6b,4ec07775,2,0,2,0,
Dhaka Dynamites,105,105,4,8919756f,e7de4f6b,4ec07775,0,0,0,0,
Dhaka Dynamites,106,105,4,8919756f,e7de4f6b,4ec07775,0,0,0,0,
Dhaka Dynamites,107,106,4,8919756f,e7de4f6b,4ec07775,1,0,1,0,
Dhaka Dynamites,108,106,5,4ec07775,e7de4f6b,8919756f,0,0,0,1,caught
Dhaka Dynamites,109,107,5,288dd46e,e7de4f6b,8919756f,0,1,1,0,
Dhaka Dynamites,110,109,5,288dd46e,e7de4f6b,8919756f,2,0,2,0,
Dhaka Dynamites,111,115,5,8919756f,3f5f39cd,288dd46e,6,0,6,0,
Dhaka Dynamites,112,116,5,8919756f,3f5f39cd,288dd46e,1,0,1,0,
Dhaka Dynamites,113,118,5,288dd46e,3f5f39cd,8919756f,2,0,2,0,
Dhaka Dynamites,114,122,5,288dd46e,3f5f39cd,8919756f,4,0,4,0,
Dhaka Dynamites,115,126,5,288dd46e,3f5f39cd,8919756f,4,0,4,0,
Dhaka Dynamites,116,127,5,288dd46e,3f5f39cd,8919756f,1,0,1,0,
Dhaka Dynamites,117,127,6,288dd46e,e7de4f6b,8919756f,0,0,0,1,bowled
Dhaka Dynamites,118,128,6,3cc7dd5f,e7de4f6b,8919756f,1,0,1,0,
Dhaka Dynamites,119,130,6,8919756f,e7de4f6b,3cc7dd5f,2,0,2,0,
Dhaka Dynamites,120,132,6,8919756f,e7de4f6b,3cc7dd5f,2,0,2,0,
Dhaka Dynamites,121,132,6,8919756f,e7de4f6b,3cc7dd5f,0,0,0,0,
Dhaka Dynamites,122,136,6,8919756f,e7de4f6b,3cc7dd5f,4,0,4,0,
Barisal Bulls,1,0,0,3361993b,a8e3170f,8bd614b2,0,0,0,0,
Barisal Bulls,2,0,0,3361993b,a8e3170f,8bd614b2,0,0,0,0,
Barisal Bulls,3,0,0,3361993b,a8e3170f,8bd614b2,0,0,0,0,
Barisal Bulls,4,1,0,3361993b,a8e3170f,8bd614b2,1,0,1,0,
Barisal Bulls,5,5,0,8bd614b2,a8e3170f,3361993b,4,0,4,0,
Barisal Bulls,6,5,0,8bd614b2,a8e3170f,3361993b,0,0,0,0,
Barisal Bulls,7,5,0,3361993b,b8d18afc,8bd614b2,0,0,0,0,
Barisal Bulls,8,5,0,3361993b,b8d18afc,8bd614b2,0,0,0,0,
Barisal Bulls,9,9,0,3361993b,b8d18afc,8bd614b2,4,0,4,0,
Barisal Bulls,10,9,0,3361993b,b8d18afc,8bd614b2,0,0,0,0,
Barisal Bulls,11,9,0,3361993b,b8d18afc,8bd614b2,0,0,0,0,
Barisal Bulls,12,10,0,3361993b,b8d18afc,8bd614b2,1,0,1,0,
Barisal Bulls,13,10,0,3361993b,a8e3170f,8bd614b2,0,0,0,0,
Barisal Bulls,14,10,0,3361993b,a8e3170f,8bd614b2,0,0,0,0,
Barisal Bulls,15,14,0,3361993b,a8e3170f,8bd614b2,4,0,4,0,
Barisal Bulls,16,15,0,3361993b,a8e3170f,8bd614b2,1,0,1,0,
Barisal Bulls,17,15,1,8bd614b2,a8e3170f,3361993b,0,0,0,1,caught
Barisal Bulls,18,17,1,53597be1,a8e3170f,3361993b,2,0,2,0,
Barisal Bulls,19,18,1,3361993b,b8d18afc,53597be1,1,0,1,0,
Barisal Bulls,20,18,1,53597be1,b8d18afc,3361993b,0,0,0,0,
Barisal Bulls,21,18,1,53597be1,b8d18afc,3361993b,0,0,0,0,
Barisal Bulls,22,19,1,53597be1,b8d18afc,3361993b,1,0,1,0,
Barisal Bulls,23,22,1,3361993b,b8d18afc,53597be1,0,3,3,0,
Barisal Bulls,24,23,1,3361993b,b8d18afc,53597be1,0,1,1,0,
Barisal Bulls,25,23,2,53597be1,b8d18afc,3361993b,0,0,0,1,lbw
Barisal Bulls,26,24,2,3361993b,4948a447,bf1d7d3e,1,0,1,0,
Barisal Bulls,27,24,2,bf1d7d3e,4948a447,3361993b,0,0,0,0,
Barisal Bulls,28,24,2,bf1d7d3e,4948a447,3361993b,0,0,0,0,
Barisal Bulls,29,24,2,bf1d7d3e,4948a447,3361993b,0,0,0,0,
Barisal Bulls,30,24,2,bf1d7d3e,4948a447,3361993b,0,0,0,0,
Barisal Bulls,31,25,2,bf1d7d3e,4948a447,3361993b,1,0,1,0,
Barisal Bulls,32,25,2,bf1d7d3e,b8d18afc,3361993b,0,0,0,0,
Barisal Bulls,33,25,2,bf1d7d3e,b8d18afc,3361993b,0,0,0,0,
Barisal Bulls,34,25,2,bf1d7d3e,b8d18afc,3361993b,0,0,0,0,
Barisal Bulls,35,25,2,bf1d7d3e,b8d18afc,3361993b,0,0,0,0,
Barisal Bulls,36,25,3,bf1d7d3e,b8d18afc,3361993b,0,0,0,1,bowled
Barisal Bulls,37,25,3,0ebfb1ad,b8d18afc,3361993b,0,0,0,0,
Barisal Bulls,38,25,3,3361993b,4948a447,0ebfb1ad,0,0,0,0,
Barisal Bulls,39,26,3,3361993b,4948a447,0ebfb1ad,1,0,1,0,
Barisal Bulls,40,26,3,0ebfb1ad,4948a447,3361993b,0,0,0,0,
Barisal Bulls,41,30,3,0ebfb1ad,4948a447,3361993b,4,0,4,0,
Barisal Bulls,42,31,3,0ebfb1ad,4948a447,3361993b,0,1,1,0,
Barisal Bulls,43,31,3,0ebfb1ad,4948a447,3361993b,0,0,0,0,
Barisal Bulls,44,32,3,0ebfb1ad,4948a447,3361993b,1,0,1,0,
Barisal Bulls,45,33,3,0ebfb1ad,6eea0b32,3361993b,1,0,1,0,
Barisal Bulls,46,33,3,3361993b,6eea0b32,0ebfb1ad,0,0,0,0,
Barisal Bulls,47,34,3,3361993b,6eea0b32,0ebfb1ad,1,0,1,0,
Barisal Bulls,48,35,3,0ebfb1ad,6eea0b32,3361993b,1,0,1,0,
Barisal Bulls,49,35,3,3361993b,6eea0b32,0ebfb1ad,0,0,0,0,
Barisal Bulls,50,36,3,3361993b,6eea0b32,0ebfb1ad,1,0,1,0,
Barisal Bulls,51,36,3,3361993b,8919756f,0ebfb1ad,0,0,0,0,
Barisal Bulls,52,37,3,3361993b,8919756f,0ebfb1ad,0,1,1,0,
Barisal Bulls,53,38,3,3361993b,8919756f,0ebfb1ad,1,0,1,0,
Barisal Bulls,54,43,3,0ebfb1ad,8919756f,3361993b,0,5,5,0,
Barisal Bulls,55,43,3,0ebfb1ad,8919756f,3361993b,0,0,0,0,
Barisal Bulls,56,45,3,0ebfb1ad,8919756f,3361993b,2,0,2,0,
Barisal Bulls,57,45,3,0ebfb1ad,8919756f,3361993b,0,0,0,0,
Barisal Bulls,58,45,4,0ebfb1ad,8919756f,3361993b,0,0,0,1,caught
Barisal Bulls,59,46,4,7147f314,6eea0b32,3361993b,1,0,1,0,
Barisal Bulls,60,52,4,3361993b,6eea0b32,7147f314,6,0,6,0,
Barisal Bulls,61,53,4,3361993b,6eea0b32,7147f314,1,0,1,0,
Barisal Bulls,62,53,4,7147f314,6eea0b32,3361993b,0,0,0,0,
Barisal Bulls,63,54,4,7147f314,6eea0b32,3361993b,1,0,1,0,
Barisal Bulls,64,54,4,3361993b,6eea0b32,7147f314,0,0,0,0,
Barisal Bulls,65,56,4,7147f314,8eb611d0,3361993b,2,0,2,0,
Barisal Bulls,66,56,5,7147f314,8eb611d0,3361993b,0,0,0,1,lbw
Barisal Bulls,67,56,5,5a4c12ab,8eb611d0,3361993b,0,0,0,0,
Barisal Bulls,68,57,5,5a4c12ab,8eb611d0,3361993b,1,0,1,0,
Barisal Bulls,69,57,5,3361993b,8eb611d0,5a4c12ab,0,0,0,0,
Barisal Bulls,70,58,5,3361993b,8eb611d0,5a4c12ab,1,0,1,0,
Barisal Bulls,71,58,5,3361993b,6eea0b32,5a4c12ab,0,0,0,0,
Barisal Bulls,72,58,5,3361993b,6eea0b32,5a4c12ab,0,0,0,0,
Barisal Bulls,73,58,5,3361993b,6eea0b32,5a4c12ab,0,0,0,0,
Barisal Bulls,74,59,5,3361993b,6eea0b32,5a4c12ab,0,1,1,0,
Barisal Bulls,75,59,5,5a4c12ab,6eea0b32,3361993b,0,0,0,0,
Barisal Bulls,76,59,6,5a4c12ab,6eea0b32,3361993b,0,0,0,1,caught
Barisal Bulls,77,60,6,e7de4f6b,8eb611d0,3361993b,1,0,1,0,
Barisal Bulls,78,61,6,3361993b,8eb611d0,e7de4f6b,1,0,1,0,
Barisal Bulls,79,62,6,e7de4f6b,8eb611d0,3361993b,1,0,1,0,
Barisal Bulls,80,62,6,3361993b,8eb611d0,e7de4f6b,0,0,0,0,
Barisal Bulls,81,63,6,3361993b,8eb611d0,e7de4f6b,1,0,1,0,
Barisal Bulls,82,64,6,e7de4f6b,8eb611d0,3361993b,1,0,1,0,
Barisal Bulls,83,64,6,e7de4f6b,6eea0b32,3361993b,0,0,0,0,
Barisal Bulls,84,64,6,e7de4f6b,6eea0b32,3361993b,0,0,0,0,
Barisal Bulls,85,65,6,e7de4f6b,6eea0b32,3361993b,1,0,1,0,
Barisal Bulls,86,71,6,3361993b,6eea0b32,e7de4f6b,6,0,6,0,
Barisal Bulls,87,75,6,3361993b,6eea0b32,e7de4f6b,4,0,4,0,
Barisal Bulls,88,75,6,3361993b,6eea0b32,e7de4f6b,0,0,0,0,
Barisal Bulls,89,75,6,e7de4f6b,8eb611d0,3361993b,0,0,0,0,
Barisal Bulls,90,76,6,e7de4f6b,8eb611d0,3361993b,1,0,1,0,
Barisal Bulls,91,76,7,3361993b,8eb611d0,e7de4f6b,0,0,0,1,stumped
Barisal Bulls,92,76,7,8fb49ef8,8eb611d0,e7de4f6b,0,0,0,0,
Barisal Bulls,93,77,7,8fb49ef8,8eb611d0,e7de4f6b,1,0,1,0,
Barisal Bulls,94,81,7,e7de4f6b,8eb611d0,8fb49ef8,4,0,4,0,
Barisal Bulls,95,82,7,8fb49ef8,b8d18afc,e7de4f6b,1,0,1,0,
Barisal Bulls,96,86,7,e7de4f6b,b8d18afc,8fb49ef8,4,0,4,0,
Barisal Bulls,97,86,7,e7de4f6b,b8d18afc,8fb49ef8,0,0,0,0,
Barisal Bulls,98,88,7,e7de4f6b,b8d18afc,8fb49ef8,2,0,2,0,
Barisal Bulls,99,92,7,e7de4f6b,b8d18afc,8fb49ef8,4,0,4,0,
Barisal Bulls,100,94,7,e7de4f6b,b8d18afc,8fb49ef8,2,0,2,0,
Barisal Bulls,101,94,8,8fb49ef8,8eb611d0,e7de4f6b,0,0,0,1,caught
Barisal Bulls,102,94,8,e7de4f6b,8eb611d0,e258a603,0,0,0,0,
Barisal Bulls,103,100,8,e7de4f6b,8eb611d0,e258a603,6,0,6,0,
Barisal Bulls,104,101,8,e7de4f6b,8eb611d0,e258a603,1,0,1,0,
Barisal Bulls,105,102,8,e258a603,8eb611d0,e7de4f6b,1,0,1,0,
Barisal Bulls,106,108,8,e7de4f6b,8eb611d0,e258a603,6,0,6,0,
Barisal Bulls,107,109,8,e258a603,a8e3170f,e7de4f6b,1,0,1,0,
Barisal Bulls,108,110,8,e7de4f6b,a8e3170f,e258a603,1,0,1,0,
Barisal Bulls,109,114,8,e258a603,a8e3170f,e7de4f6b,4,0,4,0,
Barisal Bulls,110,115,8,e258a603,a8e3170f,e7de4f6b,1,0,1,0,
Barisal Bulls,111,115,8,e7de4f6b,a8e3170f,e258a603,0,0,0,0,
Barisal Bulls,112,117,8,e7de4f6b,a8e3170f,e258a603,2,0,2,0,
Barisal Bulls,113,118,8,e258a603,4948a447,e7de4f6b,1,0,1,0,
Barisal Bulls,114,119,8,e7de4f6b,4948a447,e258a603,1,0,1,0,
Barisal Bulls,115,120,8,e258a603,4948a447,e7de4f6b,1,0,1,0,
Barisal Bulls,116,122,8,e7de4f6b,4948a447,e258a603,2,0,2,0,
Barisal Bulls,117,126,8,e7de4f6b,4948a447,e258a603,4,0,4,0,
Barisal Bulls,118,127,8,e7de4f6b,4948a447,e258a603,1,0,1,0,
Barisal Bulls,119,131,8,e7de4f6b,a8e3170f,e258a603,4,0,4,0,
Barisal Bulls,120,132,8,e7de4f6b,a8e3170f,e258a603,1,0,1,0,
Barisal Bulls,121,133,8,e258a603,a8e3170f,e7de4f6b,0,1,1,0,
Barisal Bulls,122,137,8,e7de4f6b,a8e3170f,e258a603,4,0,4,0,
