batting_team,ball_number,total_team_runs,total_team_wickets,striker_ID,bowler_ID,nonstriker_ID,batter_runs,extras_runs,total_delivery_runs,wicket,wicket_type
Chennai Super Kings,1,0,0,35205dfc,ded9240e,b8a55852,0,0,0,0,
Chennai Super Kings,2,0,0,35205dfc,ded9240e,b8a55852,0,0,0,0,
Chennai Super Kings,3,4,0,35205dfc,ded9240e,b8a55852,4,0,4,0,
Chennai Super Kings,4,4,0,35205dfc,ded9240e,b8a55852,0,0,0,0,
Chennai Super Kings,5,4,0,35205dfc,ded9240e,b8a55852,0,0,0,0,
Chennai Super Kings,6,4,0,35205dfc,ded9240e,b8a55852,0,0,0,0,
Chennai Super Kings,7,8,0,b8a55852,cc1e8c68,35205dfc,4,0,4,0,
Chennai Super Kings,8,8,0,b8a55852,cc1e8c68,35205dfc,0,0,0,0,
Chennai Super Kings,9,9,0,b8a55852,cc1e8c68,35205dfc,0,1,1,0,
Chennai Super Kings,10,10,0,35205dfc,cc1e8c68,b8a55852,1,0,1,0,
Chennai Super Kings,11,10,0,b8a55852,cc1e8c68,35205dfc,0,0,0,0,
Chennai Super Kings,12,11,0,b8a55852,cc1e8c68,35205dfc,1,0,1,0,
Chennai Super Kings,13,11,0,b8a55852,ded9240e,35205dfc,0,0,0,0,
Chennai Super Kings,14,11,0,b8a55852,ded9240e,35205dfc,0,0,0,0,
Chennai Super Kings,15,17,0,b8a55852,ded9240e,35205dfc,6,0,6,0,
Chennai Super Kings,16,18,0,b8a55852,ded9240e,35205dfc,0,1,1,0,
Chennai Super Kings,17,19,0,35205dfc,ded9240e,b8a55852,1,0,1,0,
Chennai Super Kings,18,23,0,b8a55852,ded9240e,35205dfc,4,0,4,0,
Chennai Super Kings,19,24,0,35205dfc,cc1e8c68,b8a55852,0,1,1,0,
Chennai Super Kings,20,24,0,35205dfc,cc1e8c68,b8a55852,0,0,0,0,
Chennai Super Kings,21,24,0,35205dfc,cc1e8c68,b8a55852,0,0,0,0,
Chennai Super Kings,22,24,0,35205dfc,cc1e8c68,b8a55852,0,0,0,0,
Chennai Super Kings,23,30,0,35205dfc,cc1e8c68,b8a55852,6,0,6,0,
Chennai Super Kings,24,34,0,35205dfc,cc1e8c68,b8a55852,4,0,4,0,
Chennai Super Kings,25,38,0,35205dfc,cc1e8c68,b8a55852,4,0,4,0,
Chennai Super Kings,26,38,0,b8a55852,98ae73b1,35205dfc,0,0,0,0,
Chennai Super Kings,27,42,0,b8a55852,98ae73b1,35205dfc,4,0,4,0,
Chennai Super Kings,28,42,0,b8a55852,98ae73b1,35205dfc,0,0,0,0,
Chennai Super Kings,29,42,1,b8a55852,98ae73b1,35205dfc,0,0,0,1,lbw
Chennai Super Kings,30,42,1,1dc12ab9,98ae73b1,35205dfc,0,0,0,0,
Chennai Super Kings,31,48,1,1dc12ab9,98ae73b1,35205dfc,6,0,6,0,
Chennai Super Kings,32,49,1,35205dfc,cc1e8c68,1dc12ab9,1,0,1,0,
Chennai Super Kings,33,49,1,1dc12ab9,cc1e8c68,35205dfc,0,0,0,0,
Chennai Super Kings,34,49,1,1dc12ab9,cc1e8c68,35205dfc,0,0,0,0,
Chennai Super Kings,35,53,1,1dc12ab9,cc1e8c68,35205dfc,4,0,4,0,
Chennai Super Kings,36,53,1,1dc12ab9,cc1e8c68,35205dfc,0,0,0,0,
Chennai Super Kings,37,53,1,1dc12ab9,cc1e8c68,35205dfc,0,0,0,0,
Chennai Super Kings,38,54,1,35205dfc,f708a0bc,1dc12ab9,1,0,1,0,
Chennai Super Kings,39,54,1,1dc12ab9,f708a0bc,35205dfc,0,0,0,0,
Chennai Super Kings,40,54,1,1dc12ab9,f708a0bc,35205dfc,0,0,0,0,
Chennai Super Kings,41,54,1,1dc12ab9,f708a0bc,35205dfc,0,0,0,0,
Chennai Super Kings,42,54,1,1dc12ab9,f708a0bc,35205dfc,0,0,0,0,
Chennai Super Kings,43,55,1,1dc12ab9,f708a0bc,35205dfc,1,0,1,0,
Chennai Super Kings,44,56,1,1dc12ab9,bbd41817,35205dfc,1,0,1,0,
Chennai Super Kings,45,57,1,35205dfc,bbd41817,1dc12ab9,1,0,1,0,
Chennai Super Kings,46,57,1,1dc12ab9,bbd41817,35205dfc,0,0,0,0,
Chennai Super Kings,47,57,1,1dc12ab9,bbd41817,35205dfc,0,0,0,0,
Chennai Super Kings,48,57,1,1dc12ab9,bbd41817,35205dfc,0,0,0,0,
Chennai Super Kings,49,61,1,1dc12ab9,bbd41817,35205dfc,4,0,4,0,
Chennai Super Kings,50,62,1,35205dfc,f708a0bc,1dc12ab9,1,0,1,0,
Chennai Super Kings,51,63,1,1dc12ab9,f708a0bc,35205dfc,1,0,1,0,
Chennai Super Kings,52,64,1,35205dfc,f708a0bc,1dc12ab9,1,0,1,0,
Chennai Super Kings,53,64,2,1dc12ab9,f708a0bc,35205dfc,0,0,0,1,run out
Chennai Super Kings,54,64,2,3355b542,f708a0bc,1dc12ab9,0,0,0,0,
Chennai Super Kings,55,65,2,3355b542,f708a0bc,1dc12ab9,1,0,1,0,
Chennai Super Kings,56,66,2,3355b542,bbd41817,1dc12ab9,1,0,1,0,
Chennai Super Kings,57,66,2,1dc12ab9,bbd41817,3355b542,0,0,0,0,
Chennai Super Kings,58,67,2,1dc12ab9,bbd41817,3355b542,0,1,1,0,
Chennai Super Kings,59,67,3,1dc12ab9,bbd41817,3355b542,0,0,0,1,caught
Chennai Super Kings,60,68,3,4a8a2e3b,bbd41817,3355b542,0,1,1,0,
Chennai Super Kings,61,69,3,3355b542,bbd41817,4a8a2e3b,0,1,1,0,
Chennai Super Kings,62,70,3,3355b542,bbd41817,4a8a2e3b,1,0,1,0,
Chennai Super Kings,63,73,3,4a8a2e3b,bbd41817,3355b542,0,3,3,0,
Chennai Super Kings,64,73,3,4a8a2e3b,bbd41817,3355b542,0,0,0,0,
Chennai Super Kings,65,75,3,3355b542,98ae73b1,4a8a2e3b,2,0,2,0,
Chennai Super Kings,66,76,3,3355b542,98ae73b1,4a8a2e3b,1,0,1,0,
Chennai Super Kings,67,77,3,4a8a2e3b,98ae73b1,3355b542,1,0,1,0,
Chennai Super Kings,68,77,3,3355b542,98ae73b1,4a8a2e3b,0,0,0,0,
Chennai Super Kings,69,78,3,3355b542,98ae73b1,4a8a2e3b,1,0,1,0,
Chennai Super Kings,70,79,3,4a8a2e3b,98ae73b1,3355b542,1,0,1,0,
Chennai Super Kings,71,80,3,4a8a2e3b,bbd41817,3355b542,1,0,1,0,
Chennai Super Kings,72,81,3,3355b542,bbd41817,4a8a2e3b,1,0,1,0,
Chennai Super Kings,73,81,4,4a8a2e3b,bbd41817,3355b542,0,0,0,1,caught
Chennai Super Kings,74,81,4,87e562a9,bbd41817,3355b542,0,0,0,0,
Chennai Super Kings,75,81,4,87e562a9,bbd41817,3355b542,0,0,0,0,
Chennai Super Kings,76,85,4,87e562a9,bbd41817,3355b542,4,0,4,0,
Chennai Super Kings,77,86,4,3355b542,98ae73b1,87e562a9,1,0,1,0,
Chennai Super Kings,78,87,4,87e562a9,98ae73b1,3355b542,1,0,1,0,
Chennai Super Kings,79,88,4,3355b542,98ae73b1,87e562a9,1,0,1,0,
Chennai Super Kings,80,88,4,87e562a9,98ae73b1,3355b542,0,0,0,0,
Chennai Super Kings,81,88,4,87e562a9,98ae73b1,3355b542,0,0,0,0,
Chennai Super Kings,82,88,5,87e562a9,98ae73b1,3355b542,0,0,0,1,caught
Chennai Super Kings,83,88,5,fe93fd9d,ded9240e,3355b542,0,0,0,0,
Chennai Super Kings,84,90,5,fe93fd9d,ded9240e,3355b542,2,0,2,0,
Chennai Super Kings,85,90,5,fe93fd9d,ded9240e,3355b542,0,0,0,0,
Chennai Super Kings,86,91,5,fe93fd9d,ded9240e,3355b542,1,0,1,0,
Chennai Super Kings,87,92,5,3355b542,ded9240e,fe93fd9d,1,0,1,0,
Chennai Super Kings,88,92,5,fe93fd9d,ded9240e,3355b542,0,0,0,0,
Chennai Super Kings,89,93,5,3355b542,98ae73b1,fe93fd9d,1,0,1,0,
Chennai Super Kings,90,94,5,fe93fd9d,98ae73b1,3355b542,1,0,1,0,
Chennai Super Kings,91,96,5,3355b542,98ae73b1,fe93fd9d,2,0,2,0,
Chennai Super Kings,92,97,5,3355b542,98ae73b1,fe93fd9d,1,0,1,0,
Chennai Super Kings,93,99,5,fe93fd9d,98ae73b1,3355b542,2,0,2,0,
Chennai Super Kings,94,99,5,fe93fd9d,98ae73b1,3355b542,0,0,0,0,
Chennai Super Kings,95,101,5,3355b542,bbd41817,fe93fd9d,2,0,2,0,
Chennai Super Kings,96,102,5,3355b542,bbd41817,fe93fd9d,0,1,1,0,
Chennai Super Kings,97,103,5,3355b542,bbd41817,fe93fd9d,1,0,1,0,
Chennai Super Kings,98,103,5,fe93fd9d,bbd41817,3355b542,0,0,0,0,
Chennai Super Kings,99,105,5,fe93fd9d,bbd41817,3355b542,2,0,2,0,
Chennai Super Kings,100,105,5,fe93fd9d,bbd41817,3355b542,0,0,0,0,
Chennai Super Kings,101,106,5,fe93fd9d,bbd41817,3355b542,1,0,1,0,
Chennai Super Kings,102,107,5,fe93fd9d,f708a0bc,3355b542,1,0,1,0,
Chennai Super Kings,103,111,5,3355b542,f708a0bc,fe93fd9d,4,0,4,0,
Chennai Super Kings,104,112,5,3355b542,f708a0bc,fe93fd9d,1,0,1,0,
Chennai Super Kings,105,113,5,fe93fd9d,f708a0bc,3355b542,1,0,1,0,
Chennai Super Kings,106,114,5,3355b542,f708a0bc,fe93fd9d,1,0,1,0,
Chennai Super Kings,107,115,5,fe93fd9d,f708a0bc,3355b542,1,0,1,0,
Chennai Super Kings,108,115,5,fe93fd9d,ded9240e,3355b542,0,0,0,0,
Chennai Super Kings,109,116,5,fe93fd9d,ded9240e,3355b542,1,0,1,0,
Chennai Super Kings,110,117,5,3355b542,ded9240e,fe93fd9d,1,0,1,0,
Chennai Super Kings,111,118,5,fe93fd9d,ded9240e,3355b542,1,0,1,0,
Chennai Super Kings,112,119,5,3355b542,ded9240e,fe93fd9d,0,1,1,0,
Chennai Super Kings,113,119,5,3355b542,ded9240e,fe93fd9d,0,0,0,0,
Chennai Super Kings,114,120,5,3355b542,ded9240e,fe93fd9d,0,1,1,0,
Chennai Super Kings,115,121,5,3355b542,ded9240e,fe93fd9d,1,0,1,0,
Chennai Super Kings,116,122,5,3355b542,f708a0bc,fe93fd9d,1,0,1,0,
Chennai Super Kings,117,123,5,fe93fd9d,f708a0bc,3355b542,1,0,1,0,
Chennai Super Kings,118,123,5,3355b542,f708a0bc,fe93fd9d,0,0,0,0,
Chennai Super Kings,119,124,5,3355b542,f708a0bc,fe93fd9d,1,0,1,0,
Chennai Super Kings,120,124,6,fe93fd9d,f708a0bc,3355b542,0,0,0,1,bowled
Chennai Super Kings,121,124,6,495d42a5,f708a0bc,3355b542,0,0,0,0,
Chennai Super Kings,122,124,6,3355b542,cc1e8c68,495d42a5,0,0,0,0,
Chennai Super Kings,123,124,6,3355b542,cc1e8c68,495d42a5,0,0,0,0,
Chennai Super Kings,124,125,6,3355b542,cc1e8c68,495d42a5,1,0,1,0,
Chennai Super Kings,125,129,6,495d42a5,cc1e8c68,3355b542,4,0,4,0,
Chennai Super Kings,126,133,6,495d42a5,cc1e8c68,3355b542,4,0,4,0,
Chennai Super Kings,127,134,6,495d42a5,cc1e8c68,3355b542,1,0,1,0,
Kolkata Knight Riders,1,1,0,1c17e270,e0407c01,bb345e0b,1,0,1,0,
Kolkata Knight Riders,2,1,1,bb345e0b,e0407c01,1c17e270,0,0,0,1,caught
Kolkata Knight Riders,3,1,1,93b4fc78,e0407c01,1c17e270,0,0,0,0,
Kolkata Knight Riders,4,5,1,93b4fc78,e0407c01,1c17e270,4,0,4,0,
Kolkata Knight Riders,5,5,1,93b4fc78,e0407c01,1c17e270,0,0,0,0,
Kolkata Knight Riders,6,5,1,93b4fc78,e0407c01,1c17e270,0,0,0,0,
Kolkata Knight Riders,7,5,1,1c17e270,96fd40ae,93b4fc78,0,0,0,0,
Kolkata Knight Riders,8,7,1,1c17e270,96fd40ae,93b4fc78,2,0,2,0,
Kolkata Knight Riders,9,10,1,1c17e270,96fd40ae,93b4fc78,3,0,3,0,
Kolkata Knight Riders,10,11,1,93b4fc78,96fd40ae,1c17e270,1,0,1,0,
Kolkata Knight Riders,11,15,1,1c17e270,96fd40ae,93b4fc78,4,0,4,0,
Kolkata Knight Riders,12,15,1,1c17e270,96fd40ae,93b4fc78,0,0,0,0,
Kolkata Knight Riders,13,16,1,93b4fc78,e0407c01,1c17e270,1,0,1,0,
Kolkata Knight Riders,14,22,1,1c17e270,e0407c01,93b4fc78,6,0,6,0,
Kolkata Knight Riders,15,22,1,1c17e270,e0407c01,93b4fc78,0,0,0,0,
Kolkata Knight Riders,16,26,1,1c17e270,e0407c01,93b4fc78,4,0,4,0,
Kolkata Knight Riders,17,27,1,1c17e270,e0407c01,93b4fc78,0,1,1,0,
Kolkata Knight Riders,18,28,1,1c17e270,e0407c01,93b4fc78,1,0,1,0,
Kolkata Knight Riders,19,28,1,93b4fc78,e0407c01,1c17e270,0,0,0,0,
Kolkata Knight Riders,20,32,1,1c17e270,759ac88f,93b4fc78,4,0,4,0,
Kolkata Knight Riders,21,36,1,1c17e270,759ac88f,93b4fc78,4,0,4,0,
Kolkata Knight Riders,22,40,1,1c17e270,759ac88f,93b4fc78,4,0,4,0,
Kolkata Knight Riders,23,41,1,1c17e270,759ac88f,93b4fc78,1,0,1,0,
Kolkata Knight Riders,24,41,1,93b4fc78,759ac88f,1c17e270,0,0,0,0,
Kolkata Knight Riders,25,42,1,93b4fc78,759ac88f,1c17e270,1,0,1,0,
Kolkata Knight Riders,26,42,1,93b4fc78,96fd40ae,1c17e270,0,0,0,0,
Kolkata Knight Riders,27,42,1,93b4fc78,96fd40ae,1c17e270,0,0,0,0,
Kolkata Knight Riders,28,43,1,93b4fc78,96fd40ae,1c17e270,1,0,1,0,
Kolkata Knight Riders,29,47,1,1c17e270,96fd40ae,93b4fc78,4,0,4,0,
Kolkata Knight Riders,30,48,1,1c17e270,96fd40ae,93b4fc78,1,0,1,0,
Kolkata Knight Riders,31,52,1,93b4fc78,96fd40ae,1c17e270,4,0,4,0,
Kolkata Knight Riders,32,52,2,1c17e270,495d42a5,93b4fc78,0,0,0,1,caught
Kolkata Knight Riders,33,53,2,271f83cd,495d42a5,93b4fc78,1,0,1,0,
Kolkata Knight Riders,34,53,2,93b4fc78,495d42a5,271f83cd,0,0,0,0,
Kolkata Knight Riders,35,53,2,93b4fc78,495d42a5,271f83cd,0,0,0,0,
Kolkata Knight Riders,36,53,2,93b4fc78,495d42a5,271f83cd,0,0,0,0,
Kolkata Knight Riders,37,54,2,93b4fc78,495d42a5,271f83cd,1,0,1,0,
Kolkata Knight Riders,38,55,2,93b4fc78,fe93fd9d,271f83cd,1,0,1,0,
Kolkata Knight Riders,39,56,2,271f83cd,fe93fd9d,93b4fc78,1,0,1,0,
Kolkata Knight Riders,40,57,2,93b4fc78,fe93fd9d,271f83cd,1,0,1,0,
Kolkata Knight Riders,41,57,2,271f83cd,fe93fd9d,93b4fc78,0,0,0,0,
Kolkata Knight Riders,42,61,2,271f83cd,fe93fd9d,93b4fc78,4,0,4,0,
Kolkata Knight Riders,43,61,2,271f83cd,fe93fd9d,93b4fc78,0,0,0,0,
Kolkata Knight Riders,44,61,3,93b4fc78,495d42a5,271f83cd,0,0,0,1,caught
Kolkata Knight Riders,45,61,3,271f83cd,495d42a5,3c6ffae8,0,0,0,0,
Kolkata Knight Riders,46,62,3,271f83cd,495d42a5,3c6ffae8,1,0,1,0,
Kolkata Knight Riders,47,62,3,3c6ffae8,495d42a5,271f83cd,0,0,0,0,
Kolkata Knight Riders,48,62,3,3c6ffae8,495d42a5,271f83cd,0,0,0,0,
Kolkata Knight Riders,49,64,3,3c6ffae8,495d42a5,271f83cd,2,0,2,0,
Kolkata Knight Riders,50,64,3,271f83cd,fe93fd9d,3c6ffae8,0,0,0,0,
Kolkata Knight Riders,51,65,3,271f83cd,fe93fd9d,3c6ffae8,1,0,1,0,
Kolkata Knight Riders,52,65,3,3c6ffae8,fe93fd9d,271f83cd,0,0,0,0,
Kolkata Knight Riders,53,65,3,3c6ffae8,fe93fd9d,271f83cd,0,0,0,0,
Kolkata Knight Riders,54,66,3,3c6ffae8,fe93fd9d,271f83cd,1,0,1,0,
Kolkata Knight Riders,55,67,3,271f83cd,fe93fd9d,3c6ffae8,1,0,1,0,
Kolkata Knight Riders,56,67,3,271f83cd,1dc12ab9,3c6ffae8,0,0,0,0,
Kolkata Knight Riders,57,67,3,271f83cd,1dc12ab9,3c6ffae8,0,0,0,0,
Kolkata Knight Riders,58,68,3,271f83cd,1dc12ab9,3c6ffae8,1,0,1,0,
Kolkata Knight Riders,59,68,3,3c6ffae8,1dc12ab9,271f83cd,0,0,0,0,
Kolkata Knight Riders,60,69,3,3c6ffae8,1dc12ab9,271f83cd,1,0,1,0,
Kolkata Knight Riders,61,70,3,271f83cd,1dc12ab9,3c6ffae8,1,0,1,0,
Kolkata Knight Riders,62,70,3,271f83cd,fe93fd9d,3c6ffae8,0,0,0,0,
Kolkata Knight Riders,63,70,3,271f83cd,fe93fd9d,3c6ffae8,0,0,0,0,
Kolkata Knight Riders,64,70,3,271f83cd,fe93fd9d,3c6ffae8,0,0,0,0,
Kolkata Knight Riders,65,70,3,271f83cd,fe93fd9d,3c6ffae8,0,0,0,0,
Kolkata Knight Riders,66,70,3,271f83cd,fe93fd9d,3c6ffae8,0,0,0,0,
Kolkata Knight Riders,67,71,3,271f83cd,fe93fd9d,3c6ffae8,1,0,1,0,
Kolkata Knight Riders,68,73,3,271f83cd,1dc12ab9,3c6ffae8,2,0,2,0,
Kolkata Knight Riders,69,74,3,271f83cd,1dc12ab9,3c6ffae8,1,0,1,0,
Kolkata Knight Riders,70,74,3,3c6ffae8,1dc12ab9,271f83cd,0,0,0,0,
Kolkata Knight Riders,71,75,3,3c6ffae8,1dc12ab9,271f83cd,1,0,1,0,
Kolkata Knight Riders,72,75,3,271f83cd,1dc12ab9,3c6ffae8,0,0,0,0,
Kolkata Knight Riders,73,76,3,271f83cd,1dc12ab9,3c6ffae8,1,0,1,0,
Kolkata Knight Riders,74,76,3,271f83cd,759ac88f,3c6ffae8,0,0,0,0,
Kolkata Knight Riders,75,76,4,271f83cd,759ac88f,3c6ffae8,0,0,0,1,caught
Kolkata Knight Riders,76,77,4,3c6ffae8,759ac88f,4ec07775,0,1,1,0,
Kolkata Knight Riders,77,78,4,3c6ffae8,759ac88f,4ec07775,1,0,1,0,
Kolkata Knight Riders,78,79,4,4ec07775,759ac88f,3c6ffae8,1,0,1,0,
Kolkata Knight Riders,79,80,4,3c6ffae8,759ac88f,4ec07775,1,0,1,0,
Kolkata Knight Riders,80,80,4,4ec07775,759ac88f,3c6ffae8,0,0,0,0,
Kolkata Knight Riders,81,81,4,3c6ffae8,1dc12ab9,4ec07775,1,0,1,0,
Kolkata Knight Riders,82,81,4,4ec07775,1dc12ab9,3c6ffae8,0,0,0,0,
Kolkata Knight Riders,83,81,4,4ec07775,1dc12ab9,3c6ffae8,0,0,0,0,
Kolkata Knight Riders,84,81,4,4ec07775,1dc12ab9,3c6ffae8,0,0,0,0,
Kolkata Knight Riders,85,82,4,4ec07775,1dc12ab9,3c6ffae8,1,0,1,0,
Kolkata Knight Riders,86,83,4,3c6ffae8,1dc12ab9,4ec07775,0,1,1,0,
Kolkata Knight Riders,87,84,4,3c6ffae8,1dc12ab9,4ec07775,1,0,1,0,
Kolkata Knight Riders,88,85,4,3c6ffae8,759ac88f,4ec07775,1,0,1,0,
Kolkata Knight Riders,89,86,4,4ec07775,759ac88f,3c6ffae8,1,0,1,0,
Kolkata Knight Riders,90,87,4,3c6ffae8,759ac88f,4ec07775,1,0,1,0,
Kolkata Knight Riders,91,87,4,4ec07775,759ac88f,3c6ffae8,0,0,0,0,
Kolkata Knight Riders,92,88,4,4ec07775,759ac88f,3c6ffae8,1,0,1,0,
Kolkata Knight Riders,93,90,4,3c6ffae8,759ac88f,4ec07775,2,0,2,0,
Kolkata Knight Riders,94,91,4,4ec07775,87e562a9,3c6ffae8,1,0,1,0,
Kolkata Knight Riders,95,91,5,3c6ffae8,87e562a9,4ec07775,0,0,0,1,bowled
Kolkata Knight Riders,96,92,5,bbd41817,87e562a9,4ec07775,1,0,1,0,
Kolkata Knight Riders,97,93,5,4ec07775,87e562a9,bbd41817,1,0,1,0,
Kolkata Knight Riders,98,94,5,bbd41817,87e562a9,4ec07775,1,0,1,0,
Kolkata Knight Riders,99,95,5,4ec07775,87e562a9,bbd41817,1,0,1,0,
Kolkata Knight Riders,100,96,5,4ec07775,96fd40ae,bbd41817,1,0,1,0,
Kolkata Knight Riders,101,97,5,bbd41817,96fd40ae,4ec07775,1,0,1,0,
Kolkata Knight Riders,102,98,5,4ec07775,96fd40ae,bbd41817,1,0,1,0,
Kolkata Knight Riders,103,99,5,bbd41817,96fd40ae,4ec07775,1,0,1,0,
Kolkata Knight Riders,104,100,6,4ec07775,96fd40ae,bbd41817,1,0,1,1,run out
Kolkata Knight Riders,105,101,6,ded9240e,96fd40ae,4ec07775,0,1,1,0,
Kolkata Knight Riders,106,101,7,ded9240e,87e562a9,4ec07775,0,0,0,1,caught
Kolkata Knight Riders,107,103,7,4ec07775,87e562a9,98ae73b1,2,0,2,0,
Kolkata Knight Riders,108,104,7,4ec07775,87e562a9,98ae73b1,0,1,1,0,
Kolkata Knight Riders,109,104,7,98ae73b1,87e562a9,4ec07775,0,0,0,0,
Kolkata Knight Riders,110,104,8,98ae73b1,87e562a9,4ec07775,0,0,0,1,caught
Kolkata Knight Riders,111,105,8,4ec07775,87e562a9,cc1e8c68,1,0,1,0,
Kolkata Knight Riders,112,105,8,4ec07775,96fd40ae,cc1e8c68,0,0,0,0,
Kolkata Knight Riders,113,109,8,4ec07775,96fd40ae,cc1e8c68,4,0,4,0,
Kolkata Knight Riders,114,115,8,4ec07775,96fd40ae,cc1e8c68,6,0,6,0,
Kolkata Knight Riders,115,116,8,4ec07775,96fd40ae,cc1e8c68,1,0,1,0,
Kolkata Knight Riders,116,116,9,cc1e8c68,96fd40ae,4ec07775,0,0,0,1,bowled
Kolkata Knight Riders,117,118,9,f708a0bc,96fd40ae,4ec07775,2,0,2,0,
Kolkata Knight Riders,118,118,9,4ec07775,87e562a9,f708a0bc,0,0,0,0,
Kolkata Knight Riders,119,118,9,4ec07775,87e562a9,f708a0bc,0,0,0,0,
Kolkata Knight Riders,120,118,9,4ec07775,87e562a9,f708a0bc,0,0,0,0,
Kolkata Knight Riders,121,124,9,4ec07775,87e562a9,f708a0bc,6,0,6,0,
Kolkata Knight Riders,122,128,9,4ec07775,87e562a9,f708a0bc,4,0,4,0,
Kolkata Knight Riders,123,132,9,4ec07775,87e562a9,f708a0bc,4,0,4,0,
