batting_team,ball_number,total_team_runs,total_team_wickets,striker_ID,bowler_ID,nonstriker_ID,batter_runs,extras_runs,total_delivery_runs,wicket,wicket_type
Worcestershire,1,1,0,8108e2d2,b681e71e,8d14b938,1,0,1,0,
Worcestershire,2,5,0,8d14b938,b681e71e,8108e2d2,4,0,4,0,
Worcestershire,3,5,0,8d14b938,b681e71e,8108e2d2,0,0,0,0,
Worcestershire,4,8,0,8d14b938,b681e71e,8108e2d2,3,0,3,0,
Worcestershire,5,8,0,8108e2d2,b681e71e,8d14b938,0,0,0,0,
Worcestershire,6,9,0,8108e2d2,b681e71e,8d14b938,1,0,1,0,
Worcestershire,7,9,0,8108e2d2,8f2dfebf,8d14b938,0,0,0,0,
Worcestershire,8,13,0,8108e2d2,8f2dfebf,8d14b938,4,0,4,0,
Worcestershire,9,14,0,8108e2d2,8f2dfebf,8d14b938,1,0,1,0,
Worcestershire,10,15,0,8d14b938,8f2dfebf,8108e2d2,1,0,1,0,
Worcestershire,11,15,0,8108e2d2,8f2dfebf,8d14b938,0,0,0,0,
Worcestershire,12,15,0,8108e2d2,8f2dfebf,8d14b938,0,0,0,0,
Worcestershire,13,16,0,8d14b938,9a963804,8108e2d2,1,0,1,0,
Worcestershire,14,16,0,8108e2d2,9a963804,8d14b938,0,0,0,0,
Worcestershire,15,19,0,8108e2d2,9a963804,8d14b938,3,0,3,0,
Worcestershire,16,23,0,8d14b938,9a963804,8108e2d2,4,0,4,0,
Worcestershire,17,23,1,8d14b938,9a963804,8108e2d2,0,0,0,1,caught
Worcestershire,18,23,1,f836b33d,9a963804,8108e2d2,0,0,0,0,
Worcestershire,19,24,1,8108e2d2,58043739,f836b33d,1,0,1,0,
Worcestershire,20,25,1,f836b33d,58043739,8108e2d2,1,0,1,0,
Worcestershire,21,25,1,8108e2d2,58043739,f836b33d,0,0,0,0,
Worcestershire,22,26,1,8108e2d2,58043739,f836b33d,1,0,1,0,
Worcestershire,23,30,1,f836b33d,58043739,8108e2d2,4,0,4,0,
Worcestershire,24,31,1,f836b33d,58043739,8108e2d2,1,0,1,0,
Worcestershire,25,31,1,f836b33d,8f2dfebf,8108e2d2,0,0,0,0,
Worcestershire,26,31,1,f836b33d,8f2dfebf,8108e2d2,0,0,0,0,
Worcestershire,27,31,1,f836b33d,8f2dfebf,8108e2d2,0,0,0,0,
Worcestershire,28,33,1,f836b33d,8f2dfebf,8108e2d2,2,0,2,0,
Worcestershire,29,33,2,f836b33d,8f2dfebf,8108e2d2,0,0,0,1,caught
Worcestershire,30,33,2,8108e2d2,8f2dfebf,af2c687b,0,0,0,0,
Worcestershire,31,37,2,af2c687b,9a963804,8108e2d2,4,0,4,0,
Worcestershire,32,37,2,af2c687b,9a963804,8108e2d2,0,0,0,0,
Worcestershire,33,38,2,af2c687b,9a963804,8108e2d2,1,0,1,0,
Worcestershire,34,42,2,8108e2d2,9a963804,af2c687b,4,0,4,0,
Worcestershire,35,43,2,8108e2d2,9a963804,af2c687b,1,0,1,0,
Worcestershire,36,43,2,af2c687b,9a963804,8108e2d2,0,0,0,0,
Worcestershire,37,44,2,8108e2d2,d8b24492,af2c687b,1,0,1,0,
Worcestershire,38,44,2,af2c687b,d8b24492,8108e2d2,0,0,0,0,
Worcestershire,39,45,2,af2c687b,d8b24492,8108e2d2,1,0,1,0,
Worcestershire,40,47,2,8108e2d2,d8b24492,af2c687b,2,0,2,0,
Worcestershire,41,48,2,8108e2d2,d8b24492,af2c687b,1,0,1,0,
Worcestershire,42,50,2,af2c687b,d8b24492,8108e2d2,2,0,2,0,
Worcestershire,43,51,2,8108e2d2,f54dbda7,af2c687b,1,0,1,0,
Worcestershire,44,51,3,af2c687b,f54dbda7,8108e2d2,0,0,0,1,caught
Worcestershire,45,52,3,9679838c,f54dbda7,8108e2d2,1,0,1,0,
Worcestershire,46,54,3,8108e2d2,f54dbda7,9679838c,2,0,2,0,
Worcestershire,47,54,3,8108e2d2,f54dbda7,9679838c,0,0,0,0,
Worcestershire,48,55,3,8108e2d2,f54dbda7,9679838c,1,0,1,0,
Worcestershire,49,56,3,8108e2d2,d8b24492,9679838c,1,0,1,0,
Worcestershire,50,57,3,9679838c,d8b24492,8108e2d2,1,0,1,0,
Worcestershire,51,59,3,8108e2d2,d8b24492,9679838c,2,0,2,0,
Worcestershire,52,59,3,8108e2d2,d8b24492,9679838c,0,0,0,0,
Worcestershire,53,60,3,8108e2d2,d8b24492,9679838c,1,0,1,0,
Worcestershire,54,61,3,9679838c,d8b24492,8108e2d2,1,0,1,0,
Worcestershire,55,61,3,9679838c,f54dbda7,8108e2d2,0,0,0,0,
Worcestershire,56,62,3,9679838c,f54dbda7,8108e2d2,1,0,1,0,
Worcestershire,57,63,3,8108e2d2,f54dbda7,9679838c,1,0,1,0,
Worcestershire,58,63,4,9679838c,f54dbda7,8108e2d2,0,0,0,1,caught
Worcestershire,59,67,4,8108e2d2,f54dbda7,d346d939,4,0,4,0,
Worcestershire,60,68,4,8108e2d2,f54dbda7,d346d939,1,0,1,0,
Worcestershire,61,72,4,8108e2d2,d8b24492,d346d939,4,0,4,0,
Worcestershire,62,73,4,8108e2d2,d8b24492,d346d939,1,0,1,0,
Worcestershire,63,74,4,d346d939,d8b24492,8108e2d2,1,0,1,0,
Worcestershire,64,74,4,8108e2d2,d8b24492,d346d939,0,0,0,0,
Worcestershire,65,75,4,8108e2d2,d8b24492,d346d939,1,0,1,0,
Worcestershire,66,76,4,d346d939,d8b24492,8108e2d2,1,0,1,0,
Worcestershire,67,76,4,d346d939,f54dbda7,8108e2d2,0,0,0,0,
Worcestershire,68,78,4,d346d939,f54dbda7,8108e2d2,2,0,2,0,
Worcestershire,69,78,4,d346d939,f54dbda7,8108e2d2,0,0,0,0,
Worcestershire,70,79,4,d346d939,f54dbda7,8108e2d2,1,0,1,0,
Worcestershire,71,79,4,8108e2d2,f54dbda7,d346d939,0,0,0,0,
Worcestershire,72,79,4,8108e2d2,f54dbda7,d346d939,0,0,0,0,
Worcestershire,73,85,4,d346d939,d8b24492,8108e2d2,6,0,6,0,
Worcestershire,74,86,4,d346d939,d8b24492,8108e2d2,1,0,1,0,
Worcestershire,75,87,4,8108e2d2,d8b24492,d346d939,1,0,1,0,
Worcestershire,76,87,4,d346d939,d8b24492,8108e2d2,0,0,0,0,
Worcestershire,77,88,4,d346d939,d8b24492,8108e2d2,1,0,1,0,
Worcestershire,78,88,4,8108e2d2,d8b24492,d346d939,0,0,0,0,
Worcestershire,79,94,4,d346d939,f54dbda7,8108e2d2,6,0,6,0,
Worcestershire,80,95,4,d346d939,f54dbda7,8108e2d2,0,1,1,0,
Worcestershire,81,101,4,d346d939,f54dbda7,8108e2d2,6,0,6,0,
Worcestershire,82,101,4,d346d939,f54dbda7,8108e2d2,0,0,0,0,
Worcestershire,83,101,4,d346d939,f54dbda7,8108e2d2,0,0,0,0,
Worcestershire,84,102,4,d346d939,f54dbda7,8108e2d2,1,0,1,0,
Worcestershire,85,103,4,8108e2d2,f54dbda7,d346d939,1,0,1,0,
Worcestershire,86,107,4,8108e2d2,b681e71e,d346d939,4,0,4,0,
Worcestershire,87,108,4,8108e2d2,b681e71e,d346d939,1,0,1,0,
Worcestershire,88,114,4,d346d939,b681e71e,8108e2d2,6,0,6,0,
Worcestershire,89,115,4,d346d939,b681e71e,8108e2d2,1,0,1,0,
Worcestershire,90,115,4,8108e2d2,b681e71e,d346d939,0,0,0,0,
Worcestershire,91,115,4,8108e2d2,b681e71e,d346d939,0,0,0,0,
Worcestershire,92,116,4,d346d939,9a963804,8108e2d2,1,0,1,0,
Worcestershire,93,117,4,8108e2d2,9a963804,d346d939,1,0,1,0,
Worcestershire,94,121,4,d346d939,9a963804,8108e2d2,4,0,4,0,
Worcestershire,95,123,4,d346d939,9a963804,8108e2d2,2,0,2,0,
Worcestershire,96,124,4,d346d939,9a963804,8108e2d2,0,1,1,0,
Worcestershire,97,124,5,8108e2d2,9a963804,d346d939,0,0,0,1,bowled
Worcestershire,98,125,5,d346d939,2af9c105,324a6ee1,1,0,1,0,
Worcestershire,99,125,5,324a6ee1,2af9c105,d346d939,0,0,0,0,
Worcestershire,100,126,5,324a6ee1,2af9c105,d346d939,1,0,1,0,
Worcestershire,101,129,5,d346d939,2af9c105,324a6ee1,0,3,3,0,
Worcestershire,102,135,5,d346d939,2af9c105,324a6ee1,6,0,6,0,
Worcestershire,103,141,5,d346d939,2af9c105,324a6ee1,6,0,6,0,
Worcestershire,104,141,5,d346d939,2af9c105,324a6ee1,0,0,0,0,
Worcestershire,105,141,5,324a6ee1,8f2dfebf,d346d939,0,0,0,0,
Worcestershire,106,145,5,324a6ee1,8f2dfebf,d346d939,4,0,4,0,
Worcestershire,107,149,5,324a6ee1,8f2dfebf,d346d939,4,0,4,0,
Worcestershire,108,149,5,324a6ee1,8f2dfebf,d346d939,0,0,0,0,
Worcestershire,109,150,5,324a6ee1,8f2dfebf,d346d939,1,0,1,0,
Worcestershire,110,152,5,d346d939,8f2dfebf,324a6ee1,2,0,2,0,
Worcestershire,111,152,6,324a6ee1,9a963804,d346d939,0,0,0,1,caught
Worcestershire,112,152,6,d346d939,9a963804,cd143bca,0,0,0,0,
Worcestershire,113,158,6,d346d939,9a963804,cd143bca,6,0,6,0,
Worcestershire,114,164,6,d346d939,9a963804,cd143bca,6,0,6,0,
Worcestershire,115,165,6,d346d939,9a963804,cd143bca,0,1,1,0,
Worcestershire,116,171,6,d346d939,9a963804,cd143bca,6,0,6,0,
Worcestershire,117,175,6,d346d939,9a963804,cd143bca,4,0,4,0,
Worcestershire,118,176,6,cd143bca,8f2dfebf,d346d939,0,1,1,0,
Worcestershire,119,182,6,d346d939,8f2dfebf,cd143bca,6,0,6,0,
Worcestershire,120,183,6,d346d939,8f2dfebf,cd143bca,1,0,1,0,
Worcestershire,121,184,6,cd143bca,8f2dfebf,d346d939,1,0,1,0,
Worcestershire,122,190,6,d346d939,8f2dfebf,cd143bca,6,0,6,0,
Worcestershire,123,191,6,d346d939,8f2dfebf,cd143bca,1,0,1,0,
Yorkshire,1,0,0,c9c0fe50,70fdd428,43501c0d,0,0,0,0,
Yorkshire,2,6,0,c9c0fe50,70fdd428,43501c0d,6,0,6,0,
Yorkshire,3,6,0,c9c0fe50,70fdd428,43501c0d,0,0,0,0,
Yorkshire,4,12,0,c9c0fe50,70fdd428,43501c0d,6,0,6,0,
Yorkshire,5,12,0,c9c0fe50,70fdd428,43501c0d,0,0,0,0,
Yorkshire,6,12,0,c9c0fe50,70fdd428,43501c0d,0,0,0,0,
Yorkshire,7,16,0,43501c0d,cd143bca,c9c0fe50,4,0,4,0,
Yorkshire,8,16,0,43501c0d,cd143bca,c9c0fe50,0,0,0,0,
Yorkshire,9,17,0,43501c0d,cd143bca,c9c0fe50,1,0,1,0,
Yorkshire,10,17,0,c9c0fe50,cd143bca,43501c0d,0,0,0,0,
Yorkshire,11,18,0,c9c0fe50,cd143bca,43501c0d,0,1,1,0,
Yorkshire,12,22,0,c9c0fe50,cd143bca,43501c0d,4,0,4,0,
Yorkshire,13,23,0,c9c0fe50,cd143bca,43501c0d,1,0,1,0,
Yorkshire,14,25,0,c9c0fe50,05d74535,43501c0d,2,0,2,0,
Yorkshire,15,25,0,c9c0fe50,05d74535,43501c0d,0,0,0,0,
Yorkshire,16,26,0,c9c0fe50,05d74535,43501c0d,1,0,1,0,
Yorkshire,17,26,0,43501c0d,05d74535,c9c0fe50,0,0,0,0,
Yorkshire,18,27,0,43501c0d,05d74535,c9c0fe50,1,0,1,0,
Yorkshire,19,27,1,c9c0fe50,05d74535,43501c0d,0,0,0,1,caught
Yorkshire,20,28,1,f54dbda7,a510bdd3,43501c0d,1,0,1,0,
Yorkshire,21,29,1,43501c0d,a510bdd3,f54dbda7,1,0,1,0,
Yorkshire,22,33,1,f54dbda7,a510bdd3,43501c0d,4,0,4,0,
Yorkshire,23,33,1,f54dbda7,a510bdd3,43501c0d,0,0,0,0,
Yorkshire,24,34,1,f54dbda7,a510bdd3,43501c0d,1,0,1,0,
Yorkshire,25,38,1,43501c0d,a510bdd3,f54dbda7,4,0,4,0,
Yorkshire,26,38,1,f54dbda7,70fdd428,43501c0d,0,0,0,0,
Yorkshire,27,42,1,f54dbda7,70fdd428,43501c0d,4,0,4,0,
Yorkshire,28,43,1,f54dbda7,70fdd428,43501c0d,0,1,1,0,
Yorkshire,29,43,2,43501c0d,70fdd428,f54dbda7,0,0,0,1,run out
Yorkshire,30,43,2,abb83e27,70fdd428,43501c0d,0,0,0,0,
Yorkshire,31,43,2,abb83e27,70fdd428,43501c0d,0,0,0,0,
Yorkshire,32,44,2,43501c0d,cd143bca,abb83e27,1,0,1,0,
Yorkshire,33,45,2,abb83e27,cd143bca,43501c0d,1,0,1,0,
Yorkshire,34,45,2,43501c0d,cd143bca,abb83e27,0,0,0,0,
Yorkshire,35,45,2,43501c0d,cd143bca,abb83e27,0,0,0,0,
Yorkshire,36,45,2,43501c0d,cd143bca,abb83e27,0,0,0,0,
Yorkshire,37,49,2,43501c0d,cd143bca,abb83e27,4,0,4,0,
Yorkshire,38,49,2,abb83e27,9679838c,43501c0d,0,0,0,0,
Yorkshire,39,50,2,abb83e27,9679838c,43501c0d,1,0,1,0,
Yorkshire,40,50,2,43501c0d,9679838c,abb83e27,0,0,0,0,
Yorkshire,41,51,2,43501c0d,9679838c,abb83e27,1,0,1,0,
Yorkshire,42,52,2,abb83e27,9679838c,43501c0d,1,0,1,0,
Yorkshire,43,53,2,43501c0d,9679838c,abb83e27,1,0,1,0,
Yorkshire,44,53,2,43501c0d,8108e2d2,abb83e27,0,0,0,0,
Yorkshire,45,57,2,43501c0d,8108e2d2,abb83e27,4,0,4,0,
Yorkshire,46,58,2,43501c0d,8108e2d2,abb83e27,1,0,1,0,
Yorkshire,47,59,2,abb83e27,8108e2d2,43501c0d,1,0,1,0,
Yorkshire,48,60,2,43501c0d,8108e2d2,abb83e27,1,0,1,0,
Yorkshire,49,60,3,abb83e27,8108e2d2,43501c0d,0,0,0,1,caught
Yorkshire,50,60,4,b681e71e,9679838c,43501c0d,0,0,0,1,caught
Yorkshire,51,60,4,43501c0d,9679838c,f2ab7a69,0,0,0,0,
Yorkshire,52,60,4,43501c0d,9679838c,f2ab7a69,0,0,0,0,
Yorkshire,53,60,5,43501c0d,9679838c,f2ab7a69,0,0,0,1,caught
Yorkshire,54,61,5,f2ab7a69,9679838c,58043739,1,0,1,0,
Yorkshire,55,61,5,58043739,9679838c,f2ab7a69,0,0,0,0,
Yorkshire,56,61,5,f2ab7a69,8108e2d2,58043739,0,0,0,0,
Yorkshire,57,61,5,f2ab7a69,8108e2d2,58043739,0,0,0,0,
Yorkshire,58,62,5,f2ab7a69,8108e2d2,58043739,1,0,1,0,
Yorkshire,59,63,5,58043739,8108e2d2,f2ab7a69,1,0,1,0,
Yorkshire,60,64,5,f2ab7a69,8108e2d2,58043739,1,0,1,0,
Yorkshire,61,65,5,58043739,8108e2d2,f2ab7a69,1,0,1,0,
Yorkshire,62,66,5,58043739,9679838c,f2ab7a69,1,0,1,0,
Yorkshire,63,67,5,f2ab7a69,9679838c,58043739,1,0,1,0,
Yorkshire,64,68,5,58043739,9679838c,f2ab7a69,1,0,1,0,
Yorkshire,65,69,5,f2ab7a69,9679838c,58043739,1,0,1,0,
Yorkshire,66,69,6,58043739,9679838c,f2ab7a69,0,0,0,1,caught
Yorkshire,67,69,6,f2ab7a69,9679838c,9a963804,0,0,0,0,
Yorkshire,68,70,6,9a963804,05d74535,f2ab7a69,1,0,1,0,
Yorkshire,69,71,6,f2ab7a69,05d74535,9a963804,1,0,1,0,
Yorkshire,70,71,6,9a963804,05d74535,f2ab7a69,0,0,0,0,
Yorkshire,71,73,6,9a963804,05d74535,f2ab7a69,2,0,2,0,
Yorkshire,72,74,6,9a963804,05d74535,f2ab7a69,1,0,1,0,
Yorkshire,73,75,6,f2ab7a69,05d74535,9a963804,1,0,1,0,
Yorkshire,74,81,6,f2ab7a69,9679838c,9a963804,6,0,6,0,
Yorkshire,75,87,6,f2ab7a69,9679838c,9a963804,6,0,6,0,
Yorkshire,76,88,6,f2ab7a69,9679838c,9a963804,1,0,1,0,
Yorkshire,77,90,6,9a963804,9679838c,f2ab7a69,2,0,2,0,
Yorkshire,78,91,6,9a963804,9679838c,f2ab7a69,1,0,1,0,
Yorkshire,79,95,6,f2ab7a69,9679838c,9a963804,4,0,4,0,
Yorkshire,80,97,6,9a963804,05d74535,f2ab7a69,2,0,2,0,
Yorkshire,81,97,7,9a963804,05d74535,f2ab7a69,0,0,0,1,caught
Yorkshire,82,98,7,f2ab7a69,05d74535,2af9c105,1,0,1,0,
Yorkshire,83,99,7,2af9c105,05d74535,f2ab7a69,1,0,1,0,
Yorkshire,84,99,7,f2ab7a69,05d74535,2af9c105,0,0,0,0,
Yorkshire,85,100,7,f2ab7a69,05d74535,2af9c105,1,0,1,0,
Yorkshire,86,100,7,f2ab7a69,70fdd428,2af9c105,0,0,0,0,
Yorkshire,87,100,7,f2ab7a69,70fdd428,2af9c105,0,0,0,0,
Yorkshire,88,101,7,f2ab7a69,70fdd428,2af9c105,1,0,1,0,
Yorkshire,89,101,8,2af9c105,70fdd428,f2ab7a69,0,0,0,1,run out
Yorkshire,90,102,8,2af9c105,70fdd428,d8b24492,1,0,1,0,
Yorkshire,91,102,8,d8b24492,70fdd428,2af9c105,0,0,0,0,
Yorkshire,92,102,8,2af9c105,05d74535,d8b24492,0,0,0,0,
Yorkshire,93,103,8,2af9c105,05d74535,d8b24492,1,0,1,0,
Yorkshire,94,104,8,d8b24492,05d74535,2af9c105,1,0,1,0,
Yorkshire,95,107,8,2af9c105,05d74535,d8b24492,3,0,3,0,
Yorkshire,96,108,8,d8b24492,05d74535,2af9c105,1,0,1,0,
Yorkshire,97,108,8,2af9c105,05d74535,d8b24492,0,0,0,0,
Yorkshire,98,108,9,d8b24492,70fdd428,2af9c105,0,0,0,1,caught
Yorkshire,99,109,9,8f2dfebf,70fdd428,2af9c105,0,1,1,0,
Yorkshire,100,115,9,2af9c105,70fdd428,8f2dfebf,6,0,6,0,
Yorkshire,101,117,9,2af9c105,70fdd428,8f2dfebf,2,0,2,0,
Yorkshire,102,117,9,2af9c105,70fdd428,8f2dfebf,0,0,0,0,
Yorkshire,103,117,10,2af9c105,70fdd428,8f2dfebf,0,0,0,1,caught
