batting_team,ball_number,total_team_runs,total_team_wickets,striker_ID,bowler_ID,nonstriker_ID,batter_runs,extras_runs,total_delivery_runs,wicket,wicket_type
St Lucia Zouks,1,0,0,1bae756b,78dfe704,09a9d073,0,0,0,0,
St Lucia Zouks,2,0,0,1bae756b,78dfe704,09a9d073,0,0,0,0,
St Lucia Zouks,3,0,0,1bae756b,78dfe704,09a9d073,0,0,0,0,
St Lucia Zouks,4,1,0,1bae756b,78dfe704,09a9d073,1,0,1,0,
St Lucia Zouks,5,1,0,09a9d073,78dfe704,1bae756b,0,0,0,0,
St Lucia Zouks,6,5,0,09a9d073,78dfe704,1bae756b,4,0,4,0,
St Lucia Zouks,7,9,0,1bae756b,d4eef961,09a9d073,4,0,4,0,
St Lucia Zouks,8,9,0,1bae756b,d4eef961,09a9d073,0,0,0,0,
St Lucia Zouks,9,13,0,1bae756b,d4eef961,09a9d073,4,0,4,0,
St Lucia Zouks,10,14,0,1bae756b,d4eef961,09a9d073,1,0,1,0,
St Lucia Zouks,11,15,0,09a9d073,d4eef961,1bae756b,1,0,1,0,
St Lucia Zouks,12,15,0,1bae756b,d4eef961,09a9d073,0,0,0,0,
St Lucia Zouks,13,18,0,09a9d073,78dfe704,1bae756b,3,0,3,0,
St Lucia Zouks,14,19,0,1bae756b,78dfe704,09a9d073,1,0,1,0,
St Lucia Zouks,15,21,0,09a9d073,78dfe704,1bae756b,2,0,2,0,
St Lucia Zouks,16,21,0,09a9d073,78dfe704,1bae756b,0,0,0,0,
St Lucia Zouks,17,22,0,09a9d073,78dfe704,1bae756b,1,0,1,0,
St Lucia Zouks,18,22,0,1bae756b,78dfe704,09a9d073,0,0,0,0,
St Lucia Zouks,19,23,0,09a9d073,aa8d28ae,1bae756b,0,1,1,0,
St Lucia Zouks,20,24,0,1bae756b,aa8d28ae,09a9d073,0,1,1,0,
St Lucia Zouks,21,24,1,09a9d073,aa8d28ae,1bae756b,0,0,0,1,bowled
St Lucia Zouks,22,28,1,39f01cdb,aa8d28ae,1bae756b,4,0,4,0,
St Lucia Zouks,23,28,1,39f01cdb,aa8d28ae,1bae756b,0,0,0,0,
St Lucia Zouks,24,29,1,39f01cdb,aa8d28ae,1bae756b,1,0,1,0,
St Lucia Zouks,25,29,1,39f01cdb,78dfe704,1bae756b,0,0,0,0,
St Lucia Zouks,26,29,1,39f01cdb,78dfe704,1bae756b,0,0,0,0,
St Lucia Zouks,27,29,1,39f01cdb,78dfe704,1bae756b,0,0,0,0,
St Lucia Zouks,28,30,1,39f01cdb,78dfe704,1bae756b,1,0,1,0,
St Lucia Zouks,29,30,1,1bae756b,78dfe704,39f01cdb,0,0,0,0,
St Lucia Zouks,30,30,1,1bae756b,78dfe704,39f01cdb,0,0,0,0,
St Lucia Zouks,31,36,1,39f01cdb,aa8d28ae,1bae756b,6,0,6,0,
St Lucia Zouks,32,40,1,39f01cdb,aa8d28ae,1bae756b,4,0,4,0,
St Lucia Zouks,33,40,1,39f01cdb,aa8d28ae,1bae756b,0,0,0,0,
St Lucia Zouks,34,41,1,39f01cdb,aa8d28ae,1bae756b,0,1,1,0,
St Lucia Zouks,35,42,1,1bae756b,aa8d28ae,39f01cdb,1,0,1,0,
St Lucia Zouks,36,43,1,39f01cdb,aa8d28ae,1bae756b,1,0,1,0,
St Lucia Zouks,37,44,1,39f01cdb,78dfe704,1bae756b,1,0,1,0,
St Lucia Zouks,38,45,1,1bae756b,78dfe704,39f01cdb,1,0,1,0,
St Lucia Zouks,39,46,1,39f01cdb,78dfe704,1bae756b,1,0,1,0,
St Lucia Zouks,40,47,1,1bae756b,78dfe704,39f01cdb,1,0,1,0,
St Lucia Zouks,41,48,1,39f01cdb,78dfe704,1bae756b,1,0,1,0,
St Lucia Zouks,42,49,1,1bae756b,78dfe704,39f01cdb,1,0,1,0,
St Lucia Zouks,43,49,1,1bae756b,9d430b40,39f01cdb,0,0,0,0,
St Lucia Zouks,44,49,1,1bae756b,9d430b40,39f01cdb,0,0,0,0,
St Lucia Zouks,45,49,2,1bae756b,9d430b40,39f01cdb,0,0,0,1,lbw
St Lucia Zouks,46,49,3,c0babb93,9d430b40,39f01cdb,0,0,0,1,caught
St Lucia Zouks,47,50,3,39f01cdb,9d430b40,9c9f8dbc,1,0,1,0,
St Lucia Zouks,48,50,3,9c9f8dbc,9d430b40,39f01cdb,0,0,0,0,
St Lucia Zouks,49,50,3,39f01cdb,7a80ddf2,9c9f8dbc,0,0,0,0,
St Lucia Zouks,50,51,3,39f01cdb,7a80ddf2,9c9f8dbc,1,0,1,0,
St Lucia Zouks,51,52,3,9c9f8dbc,7a80ddf2,39f01cdb,1,0,1,0,
St Lucia Zouks,52,53,3,39f01cdb,7a80ddf2,9c9f8dbc,1,0,1,0,
St Lucia Zouks,53,54,3,9c9f8dbc,7a80ddf2,39f01cdb,1,0,1,0,
St Lucia Zouks,54,55,3,39f01cdb,7a80ddf2,9c9f8dbc,1,0,1,0,
St Lucia Zouks,55,55,4,39f01cdb,9d430b40,9c9f8dbc,0,0,0,1,lbw
St Lucia Zouks,56,55,4,73c18486,9d430b40,9c9f8dbc,0,0,0,0,
St Lucia Zouks,57,55,4,73c18486,9d430b40,9c9f8dbc,0,0,0,0,
St Lucia Zouks,58,55,4,73c18486,9d430b40,9c9f8dbc,0,0,0,0,
St Lucia Zouks,59,55,4,73c18486,9d430b40,9c9f8dbc,0,0,0,0,
St Lucia Zouks,60,55,4,73c18486,9d430b40,9c9f8dbc,0,0,0,0,
St Lucia Zouks,61,56,4,9c9f8dbc,7a80ddf2,73c18486,1,0,1,0,
St Lucia Zouks,62,56,4,73c18486,7a80ddf2,9c9f8dbc,0,0,0,0,
St Lucia Zouks,63,56,4,73c18486,7a80ddf2,9c9f8dbc,0,0,0,0,
St Lucia Zouks,64,56,4,73c18486,7a80ddf2,9c9f8dbc,0,0,0,0,
St Lucia Zouks,65,56,4,73c18486,7a80ddf2,9c9f8dbc,0,0,0,0,
St Lucia Zouks,66,57,4,73c18486,7a80ddf2,9c9f8dbc,1,0,1,0,
St Lucia Zouks,67,63,4,73c18486,b57f8a9a,9c9f8dbc,6,0,6,0,
St Lucia Zouks,68,63,5,73c18486,b57f8a9a,9c9f8dbc,0,0,0,1,caught
St Lucia Zouks,69,63,5,9c9f8dbc,b57f8a9a,b61a3e1a,0,0,0,0,
St Lucia Zouks,70,64,5,9c9f8dbc,b57f8a9a,b61a3e1a,0,1,1,0,
St Lucia Zouks,71,64,5,9c9f8dbc,b57f8a9a,b61a3e1a,0,0,0,0,
St Lucia Zouks,72,65,5,9c9f8dbc,b57f8a9a,b61a3e1a,1,0,1,0,
St Lucia Zouks,73,66,5,b61a3e1a,b57f8a9a,9c9f8dbc,1,0,1,0,
St Lucia Zouks,74,66,5,b61a3e1a,7a80ddf2,9c9f8dbc,0,0,0,0,
St Lucia Zouks,75,67,5,b61a3e1a,7a80ddf2,9c9f8dbc,1,0,1,0,
St Lucia Zouks,76,67,5,9c9f8dbc,7a80ddf2,b61a3e1a,0,0,0,0,
St Lucia Zouks,77,68,5,9c9f8dbc,7a80ddf2,b61a3e1a,1,0,1,0,
St Lucia Zouks,78,69,5,b61a3e1a,7a80ddf2,9c9f8dbc,1,0,1,0,
St Lucia Zouks,79,70,5,9c9f8dbc,7a80ddf2,b61a3e1a,1,0,1,0,
St Lucia Zouks,80,71,5,9c9f8dbc,9d430b40,b61a3e1a,1,0,1,0,
St Lucia Zouks,81,71,5,b61a3e1a,9d430b40,9c9f8dbc,0,0,0,0,
St Lucia Zouks,82,71,5,b61a3e1a,9d430b40,9c9f8dbc,0,0,0,0,
St Lucia Zouks,83,71,5,b61a3e1a,9d430b40,9c9f8dbc,0,0,0,0,
St Lucia Zouks,84,72,5,b61a3e1a,9d430b40,9c9f8dbc,1,0,1,0,
St Lucia Zouks,85,72,5,9c9f8dbc,9d430b40,b61a3e1a,0,0,0,0,
St Lucia Zouks,86,73,5,b61a3e1a,7a80ddf2,9c9f8dbc,1,0,1,0,
St Lucia Zouks,87,73,5,9c9f8dbc,7a80ddf2,b61a3e1a,0,0,0,0,
St Lucia Zouks,88,77,5,9c9f8dbc,7a80ddf2,b61a3e1a,4,0,4,0,
St Lucia Zouks,89,78,5,9c9f8dbc,7a80ddf2,b61a3e1a,1,0,1,0,
St Lucia Zouks,90,79,5,b61a3e1a,7a80ddf2,9c9f8dbc,1,0,1,0,
St Lucia Zouks,91,80,5,9c9f8dbc,7a80ddf2,b61a3e1a,1,0,1,0,
St Lucia Zouks,92,81,5,9c9f8dbc,aa8d28ae,b61a3e1a,1,0,1,0,
St Lucia Zouks,93,82,5,b61a3e1a,aa8d28ae,9c9f8dbc,1,0,1,0,
St Lucia Zouks,94,82,5,9c9f8dbc,aa8d28ae,b61a3e1a,0,0,0,0,
St Lucia Zouks,95,83,5,9c9f8dbc,aa8d28ae,b61a3e1a,1,0,1,0,
St Lucia Zouks,96,84,5,b61a3e1a,aa8d28ae,9c9f8dbc,1,0,1,0,
St Lucia Zouks,97,85,5,9c9f8dbc,aa8d28ae,b61a3e1a,0,1,1,0,
St Lucia Zouks,98,85,5,9c9f8dbc,d4eef961,b61a3e1a,0,0,0,0,
St Lucia Zouks,99,86,5,9c9f8dbc,d4eef961,b61a3e1a,1,0,1,0,
St Lucia Zouks,100,90,5,b61a3e1a,d4eef961,9c9f8dbc,4,0,4,0,
St Lucia Zouks,101,90,5,b61a3e1a,d4eef961,9c9f8dbc,0,0,0,0,
St Lucia Zouks,102,91,5,b61a3e1a,d4eef961,9c9f8dbc,1,0,1,0,
St Lucia Zouks,103,92,5,9c9f8dbc,d4eef961,b61a3e1a,1,0,1,0,
St Lucia Zouks,104,92,5,9c9f8dbc,9d430b40,b61a3e1a,0,0,0,0,
St Lucia Zouks,105,92,5,9c9f8dbc,9d430b40,b61a3e1a,0,0,0,0,
St Lucia Zouks,106,93,5,9c9f8dbc,9d430b40,b61a3e1a,1,0,1,0,
St Lucia Zouks,107,94,5,b61a3e1a,9d430b40,9c9f8dbc,1,0,1,0,
St Lucia Zouks,108,94,5,9c9f8dbc,9d430b40,b61a3e1a,0,0,0,0,
St Lucia Zouks,109,95,5,9c9f8dbc,9d430b40,b61a3e1a,1,0,1,0,
St Lucia Zouks,110,96,5,9c9f8dbc,d4eef961,b61a3e1a,1,0,1,0,
St Lucia Zouks,111,97,5,b61a3e1a,d4eef961,9c9f8dbc,0,1,1,0,
St Lucia Zouks,112,101,5,b61a3e1a,d4eef961,9c9f8dbc,4,0,4,0,
St Lucia Zouks,113,103,5,b61a3e1a,d4eef961,9c9f8dbc,1,1,2,0,
St Lucia Zouks,114,104,5,9c9f8dbc,d4eef961,b61a3e1a,1,0,1,0,
St Lucia Zouks,115,105,5,b61a3e1a,d4eef961,9c9f8dbc,1,0,1,0,
St Lucia Zouks,116,106,5,9c9f8dbc,d4eef961,b61a3e1a,1,0,1,0,
St Lucia Zouks,117,106,6,b61a3e1a,d4eef961,9c9f8dbc,0,0,0,1,caught
St Lucia Zouks,118,107,6,5673a3fc,aa8d28ae,9c9f8dbc,1,0,1,0,
St Lucia Zouks,119,108,6,9c9f8dbc,aa8d28ae,5673a3fc,1,0,1,0,
St Lucia Zouks,120,108,7,5673a3fc,aa8d28ae,9c9f8dbc,0,0,0,1,caught
St Lucia Zouks,121,109,7,e3f143c1,aa8d28ae,9c9f8dbc,0,1,1,0,
St Lucia Zouks,122,111,7,9c9f8dbc,aa8d28ae,e3f143c1,2,0,2,0,
St Lucia Zouks,123,111,7,9c9f8dbc,aa8d28ae,e3f143c1,0,0,0,0,
Guyana Amazon Warriors,1,0,0,89f64c19,5673a3fc,875909c0,0,0,0,0,
Guyana Amazon Warriors,2,0,0,89f64c19,5673a3fc,875909c0,0,0,0,0,
Guyana Amazon Warriors,3,4,0,89f64c19,5673a3fc,875909c0,4,0,4,0,
Guyana Amazon Warriors,4,5,0,89f64c19,5673a3fc,875909c0,1,0,1,0,
Guyana Amazon Warriors,5,5,0,875909c0,5673a3fc,89f64c19,0,0,0,0,
Guyana Amazon Warriors,6,9,0,875909c0,5673a3fc,89f64c19,4,0,4,0,
Guyana Amazon Warriors,7,10,0,89f64c19,a7c226e1,875909c0,1,0,1,0,
Guyana Amazon Warriors,8,11,0,875909c0,a7c226e1,89f64c19,1,0,1,0,
Guyana Amazon Warriors,9,11,0,89f64c19,a7c226e1,875909c0,0,0,0,0,
Guyana Amazon Warriors,10,15,0,89f64c19,a7c226e1,875909c0,4,0,4,0,
Guyana Amazon Warriors,11,19,0,89f64c19,a7c226e1,875909c0,4,0,4,0,
Guyana Amazon Warriors,12,19,0,89f64c19,a7c226e1,875909c0,0,0,0,0,
Guyana Amazon Warriors,13,19,0,875909c0,c0babb93,89f64c19,0,0,0,0,
Guyana Amazon Warriors,14,19,1,875909c0,c0babb93,89f64c19,0,0,0,1,caught
Guyana Amazon Warriors,15,19,1,89f64c19,c0babb93,d1523761,0,0,0,0,
Guyana Amazon Warriors,16,19,1,89f64c19,c0babb93,d1523761,0,0,0,0,
Guyana Amazon Warriors,17,19,1,89f64c19,c0babb93,d1523761,0,0,0,0,
Guyana Amazon Warriors,18,19,1,89f64c19,c0babb93,d1523761,0,0,0,0,
Guyana Amazon Warriors,19,19,1,d1523761,73c18486,89f64c19,0,0,0,0,
Guyana Amazon Warriors,20,20,1,d1523761,73c18486,89f64c19,1,0,1,0,
Guyana Amazon Warriors,21,20,1,89f64c19,73c18486,d1523761,0,0,0,0,
Guyana Amazon Warriors,22,21,1,89f64c19,73c18486,d1523761,1,0,1,0,
Guyana Amazon Warriors,23,22,1,d1523761,73c18486,89f64c19,0,1,1,0,
Guyana Amazon Warriors,24,26,1,d1523761,73c18486,89f64c19,4,0,4,0,
Guyana Amazon Warriors,25,26,1,d1523761,73c18486,89f64c19,0,0,0,0,
Guyana Amazon Warriors,26,30,1,89f64c19,c0babb93,d1523761,4,0,4,0,
Guyana Amazon Warriors,27,34,1,89f64c19,c0babb93,d1523761,4,0,4,0,
Guyana Amazon Warriors,28,35,1,89f64c19,c0babb93,d1523761,1,0,1,0,
Guyana Amazon Warriors,29,39,1,d1523761,c0babb93,89f64c19,0,4,4,0,
Guyana Amazon Warriors,30,40,1,d1523761,c0babb93,89f64c19,1,0,1,0,
Guyana Amazon Warriors,31,40,1,89f64c19,c0babb93,d1523761,0,0,0,0,
Guyana Amazon Warriors,32,40,1,d1523761,d9609443,89f64c19,0,0,0,0,
Guyana Amazon Warriors,33,41,1,d1523761,d9609443,89f64c19,1,0,1,0,
Guyana Amazon Warriors,34,42,1,89f64c19,d9609443,d1523761,1,0,1,0,
Guyana Amazon Warriors,35,42,1,d1523761,d9609443,89f64c19,0,0,0,0,
Guyana Amazon Warriors,36,47,1,d1523761,d9609443,89f64c19,0,5,5,0,
Guyana Amazon Warriors,37,47,1,d1523761,d9609443,89f64c19,0,0,0,0,
Guyana Amazon Warriors,38,47,1,d1523761,d9609443,89f64c19,0,0,0,0,
Guyana Amazon Warriors,39,49,1,89f64c19,e3f143c1,d1523761,2,0,2,0,
Guyana Amazon Warriors,40,50,1,89f64c19,e3f143c1,d1523761,1,0,1,0,
Guyana Amazon Warriors,41,51,1,d1523761,e3f143c1,89f64c19,1,0,1,0,
Guyana Amazon Warriors,42,51,1,89f64c19,e3f143c1,d1523761,0,0,0,0,
Guyana Amazon Warriors,43,52,1,89f64c19,e3f143c1,d1523761,1,0,1,0,
Guyana Amazon Warriors,44,53,1,d1523761,e3f143c1,89f64c19,1,0,1,0,
Guyana Amazon Warriors,45,54,1,d1523761,5673a3fc,89f64c19,1,0,1,0,
Guyana Amazon Warriors,46,55,1,89f64c19,5673a3fc,d1523761,1,0,1,0,
Guyana Amazon Warriors,47,55,1,d1523761,5673a3fc,89f64c19,0,0,0,0,
Guyana Amazon Warriors,48,57,1,d1523761,5673a3fc,89f64c19,2,0,2,0,
Guyana Amazon Warriors,49,58,1,d1523761,5673a3fc,89f64c19,1,0,1,0,
Guyana Amazon Warriors,50,59,1,89f64c19,5673a3fc,d1523761,1,0,1,0,
Guyana Amazon Warriors,51,59,2,89f64c19,e3f143c1,d1523761,0,0,0,1,caught
Guyana Amazon Warriors,52,59,2,b57f8a9a,e3f143c1,d1523761,0,0,0,0,
Guyana Amazon Warriors,53,59,3,b57f8a9a,e3f143c1,d1523761,0,0,0,1,caught and bowled
Guyana Amazon Warriors,54,59,3,fd2bf2a0,e3f143c1,d1523761,0,0,0,0,
Guyana Amazon Warriors,55,60,3,fd2bf2a0,e3f143c1,d1523761,0,1,1,0,
Guyana Amazon Warriors,56,60,3,fd2bf2a0,e3f143c1,d1523761,0,0,0,0,
Guyana Amazon Warriors,57,61,3,fd2bf2a0,e3f143c1,d1523761,1,0,1,0,
Guyana Amazon Warriors,58,62,3,fd2bf2a0,5673a3fc,d1523761,1,0,1,0,
Guyana Amazon Warriors,59,63,3,d1523761,5673a3fc,fd2bf2a0,1,0,1,0,
Guyana Amazon Warriors,60,64,3,fd2bf2a0,5673a3fc,d1523761,1,0,1,0,
Guyana Amazon Warriors,61,65,3,d1523761,5673a3fc,fd2bf2a0,1,0,1,0,
Guyana Amazon Warriors,62,65,3,fd2bf2a0,5673a3fc,d1523761,0,0,0,0,
Guyana Amazon Warriors,63,65,3,fd2bf2a0,5673a3fc,d1523761,0,0,0,0,
Guyana Amazon Warriors,64,65,3,d1523761,e3f143c1,fd2bf2a0,0,0,0,0,
Guyana Amazon Warriors,65,67,3,d1523761,e3f143c1,fd2bf2a0,2,0,2,0,
Guyana Amazon Warriors,66,67,3,d1523761,e3f143c1,fd2bf2a0,0,0,0,0,
Guyana Amazon Warriors,67,68,3,d1523761,e3f143c1,fd2bf2a0,1,0,1,0,
Guyana Amazon Warriors,68,72,3,fd2bf2a0,e3f143c1,d1523761,4,0,4,0,
Guyana Amazon Warriors,69,72,4,fd2bf2a0,e3f143c1,d1523761,0,0,0,1,lbw
Guyana Amazon Warriors,70,73,4,d1523761,a7c226e1,0d51e658,1,0,1,0,
Guyana Amazon Warriors,71,74,4,0d51e658,a7c226e1,d1523761,1,0,1,0,
Guyana Amazon Warriors,72,75,4,d1523761,a7c226e1,0d51e658,1,0,1,0,
Guyana Amazon Warriors,73,76,4,0d51e658,a7c226e1,d1523761,0,1,1,0,
Guyana Amazon Warriors,74,76,4,0d51e658,a7c226e1,d1523761,0,0,0,0,
Guyana Amazon Warriors,75,76,4,0d51e658,a7c226e1,d1523761,0,0,0,0,
Guyana Amazon Warriors,76,80,4,0d51e658,a7c226e1,d1523761,4,0,4,0,
Guyana Amazon Warriors,77,81,4,d1523761,e3f143c1,0d51e658,1,0,1,0,
Guyana Amazon Warriors,78,83,4,0d51e658,e3f143c1,d1523761,2,0,2,0,
Guyana Amazon Warriors,79,83,5,0d51e658,e3f143c1,d1523761,0,0,0,1,bowled
Guyana Amazon Warriors,80,83,5,aa8d28ae,e3f143c1,d1523761,0,0,0,0,
Guyana Amazon Warriors,81,83,6,aa8d28ae,e3f143c1,d1523761,0,0,0,1,run out
Guyana Amazon Warriors,82,83,6,d1523761,e3f143c1,9d430b40,0,0,0,0,
Guyana Amazon Warriors,83,83,6,9d430b40,d9609443,d1523761,0,0,0,0,
Guyana Amazon Warriors,84,84,6,9d430b40,d9609443,d1523761,1,0,1,0,
Guyana Amazon Warriors,85,84,6,d1523761,d9609443,9d430b40,0,0,0,0,
Guyana Amazon Warriors,86,84,6,d1523761,d9609443,9d430b40,0,0,0,0,
Guyana Amazon Warriors,87,86,6,d1523761,d9609443,9d430b40,2,0,2,0,
Guyana Amazon Warriors,88,87,7,d1523761,d9609443,9d430b40,1,0,1,1,run out
Guyana Amazon Warriors,89,88,7,d1523761,5673a3fc,78dfe704,1,0,1,0,
Guyana Amazon Warriors,90,89,7,78dfe704,5673a3fc,d1523761,1,0,1,0,
Guyana Amazon Warriors,91,89,7,d1523761,5673a3fc,78dfe704,0,0,0,0,
Guyana Amazon Warriors,92,90,7,d1523761,5673a3fc,78dfe704,1,0,1,0,
Guyana Amazon Warriors,93,90,7,78dfe704,5673a3fc,d1523761,0,0,0,0,
Guyana Amazon Warriors,94,90,7,78dfe704,5673a3fc,d1523761,0,0,0,0,
Guyana Amazon Warriors,95,91,7,d1523761,a7c226e1,78dfe704,0,1,1,0,
Guyana Amazon Warriors,96,92,7,d1523761,a7c226e1,78dfe704,1,0,1,0,
Guyana Amazon Warriors,97,93,7,78dfe704,a7c226e1,d1523761,1,0,1,0,
Guyana Amazon Warriors,98,93,7,d1523761,a7c226e1,78dfe704,0,0,0,0,
Guyana Amazon Warriors,99,93,7,d1523761,a7c226e1,78dfe704,0,0,0,0,
Guyana Amazon Warriors,100,94,7,d1523761,a7c226e1,78dfe704,1,0,1,0,
Guyana Amazon Warriors,101,94,7,78dfe704,a7c226e1,d1523761,0,0,0,0,
Guyana Amazon Warriors,102,98,7,d1523761,1bae756b,78dfe704,4,0,4,0,
Guyana Amazon Warriors,103,102,7,d1523761,1bae756b,78dfe704,4,0,4,0,
Guyana Amazon Warriors,104,102,7,d1523761,1bae756b,78dfe704,0,0,0,0,
Guyana Amazon Warriors,105,102,7,d1523761,1bae756b,78dfe704,0,0,0,0,
Guyana Amazon Warriors,106,104,7,d1523761,1bae756b,78dfe704,2,0,2,0,
Guyana Amazon Warriors,107,104,7,d1523761,1bae756b,78dfe704,0,0,0,0,
Guyana Amazon Warriors,108,104,7,78dfe704,a7c226e1,d1523761,0,0,0,0,
Guyana Amazon Warriors,109,104,7,78dfe704,a7c226e1,d1523761,0,0,0,0,
Guyana Amazon Warriors,110,104,7,78dfe704,a7c226e1,d1523761,0,0,0,0,
Guyana Amazon Warriors,111,105,7,78dfe704,a7c226e1,d1523761,1,0,1,0,
Guyana Amazon Warriors,112,106,7,d1523761,a7c226e1,78dfe704,1,0,1,0,
Guyana Amazon Warriors,113,112,7,78dfe704,a7c226e1,d1523761,6,0,6,0,
