batting_team,ball_number,total_team_runs,total_team_wickets,striker_ID,bowler_ID,nonstriker_ID,batter_runs,extras_runs,total_delivery_runs,wicket,wicket_type
Yorkshire,1,0,0,c9c0fe50,cd143bca,7f048519,0,0,0,0,
Yorkshire,2,2,0,c9c0fe50,cd143bca,7f048519,2,0,2,0,
Yorkshire,3,5,0,c9c0fe50,cd143bca,7f048519,3,0,3,0,
Yorkshire,4,5,0,7f048519,cd143bca,c9c0fe50,0,0,0,0,
Yorkshire,5,6,0,7f048519,cd143bca,c9c0fe50,1,0,1,0,
Yorkshire,6,7,0,c9c0fe50,cd143bca,7f048519,0,1,1,0,
Yorkshire,7,10,0,c9c0fe50,cd143bca,7f048519,3,0,3,0,
Yorkshire,8,12,0,c9c0fe50,e84ac20c,7f048519,2,0,2,0,
Yorkshire,9,12,0,c9c0fe50,e84ac20c,7f048519,0,0,0,0,
Yorkshire,10,12,0,c9c0fe50,e84ac20c,7f048519,0,0,0,0,
Yorkshire,11,12,0,c9c0fe50,e84ac20c,7f048519,0,0,0,0,
Yorkshire,12,12,0,c9c0fe50,e84ac20c,7f048519,0,0,0,0,
Yorkshire,13,13,0,c9c0fe50,e84ac20c,7f048519,1,0,1,0,
Yorkshire,14,14,0,c9c0fe50,a510bdd3,7f048519,1,0,1,0,
Yorkshire,15,14,0,7f048519,a510bdd3,c9c0fe50,0,0,0,0,
Yorkshire,16,14,0,7f048519,a510bdd3,c9c0fe50,0,0,0,0,
Yorkshire,17,15,0,7f048519,a510bdd3,c9c0fe50,1,0,1,0,
Yorkshire,18,15,0,c9c0fe50,a510bdd3,7f048519,0,0,0,0,
Yorkshire,19,16,0,c9c0fe50,a510bdd3,7f048519,1,0,1,0,
Yorkshire,20,18,0,c9c0fe50,e84ac20c,7f048519,2,0,2,0,
Yorkshire,21,22,0,c9c0fe50,e84ac20c,7f048519,4,0,4,0,
Yorkshire,22,22,0,c9c0fe50,e84ac20c,7f048519,0,0,0,0,
Yorkshire,23,23,0,c9c0fe50,e84ac20c,7f048519,1,0,1,0,
Yorkshire,24,24,0,7f048519,e84ac20c,c9c0fe50,0,1,1,0,
Yorkshire,25,25,0,c9c0fe50,e84ac20c,7f048519,1,0,1,0,
Yorkshire,26,25,0,c9c0fe50,a510bdd3,7f048519,0,0,0,0,
Yorkshire,27,29,0,c9c0fe50,a510bdd3,7f048519,4,0,4,0,
Yorkshire,28,30,0,c9c0fe50,a510bdd3,7f048519,1,0,1,0,
Yorkshire,29,34,0,7f048519,a510bdd3,c9c0fe50,4,0,4,0,
Yorkshire,30,34,1,7f048519,a510bdd3,c9c0fe50,0,0,0,1,bowled
Yorkshire,31,34,1,249d60c9,a510bdd3,c9c0fe50,0,0,0,0,
Yorkshire,32,35,1,c9c0fe50,e84ac20c,249d60c9,1,0,1,0,
Yorkshire,33,36,2,249d60c9,e84ac20c,c9c0fe50,1,0,1,1,run out
Yorkshire,34,36,2,f2ab7a69,e84ac20c,c9c0fe50,0,0,0,0,
Yorkshire,35,36,2,f2ab7a69,e84ac20c,c9c0fe50,0,0,0,0,
Yorkshire,36,36,2,f2ab7a69,e84ac20c,c9c0fe50,0,0,0,0,
Yorkshire,37,37,2,f2ab7a69,e84ac20c,c9c0fe50,1,0,1,0,
Yorkshire,38,38,2,f2ab7a69,a510bdd3,c9c0fe50,1,0,1,0,
Yorkshire,39,39,2,c9c0fe50,a510bdd3,f2ab7a69,1,0,1,0,
Yorkshire,40,39,2,f2ab7a69,a510bdd3,c9c0fe50,0,0,0,0,
Yorkshire,41,39,2,f2ab7a69,a510bdd3,c9c0fe50,0,0,0,0,
Yorkshire,42,40,2,f2ab7a69,a510bdd3,c9c0fe50,0,1,1,0,
Yorkshire,43,41,2,c9c0fe50,a510bdd3,f2ab7a69,1,0,1,0,
Yorkshire,44,45,2,c9c0fe50,9679838c,f2ab7a69,4,0,4,0,
Yorkshire,45,47,2,c9c0fe50,9679838c,f2ab7a69,2,0,2,0,
Yorkshire,46,48,2,c9c0fe50,9679838c,f2ab7a69,1,0,1,0,
Yorkshire,47,49,2,f2ab7a69,9679838c,c9c0fe50,1,0,1,0,
Yorkshire,48,50,2,c9c0fe50,9679838c,f2ab7a69,1,0,1,0,
Yorkshire,49,51,2,f2ab7a69,9679838c,c9c0fe50,1,0,1,0,
Yorkshire,50,52,2,f2ab7a69,27296d02,c9c0fe50,1,0,1,0,
Yorkshire,51,52,2,c9c0fe50,27296d02,f2ab7a69,0,0,0,0,
Yorkshire,52,53,2,c9c0fe50,27296d02,f2ab7a69,1,0,1,0,
Yorkshire,53,59,2,f2ab7a69,27296d02,c9c0fe50,6,0,6,0,
Yorkshire,54,60,2,f2ab7a69,27296d02,c9c0fe50,1,0,1,0,
Yorkshire,55,61,2,c9c0fe50,27296d02,f2ab7a69,1,0,1,0,
Yorkshire,56,62,2,c9c0fe50,9679838c,f2ab7a69,1,0,1,0,
Yorkshire,57,63,2,f2ab7a69,9679838c,c9c0fe50,1,0,1,0,
Yorkshire,58,64,2,c9c0fe50,9679838c,f2ab7a69,1,0,1,0,
Yorkshire,59,64,2,f2ab7a69,9679838c,c9c0fe50,0,0,0,0,
Yorkshire,60,65,2,f2ab7a69,9679838c,c9c0fe50,1,0,1,0,
Yorkshire,61,69,2,c9c0fe50,9679838c,f2ab7a69,4,0,4,0,
Yorkshire,62,70,2,f2ab7a69,8108e2d2,c9c0fe50,1,0,1,0,
Yorkshire,63,71,2,c9c0fe50,8108e2d2,f2ab7a69,1,0,1,0,
Yorkshire,64,73,2,f2ab7a69,8108e2d2,c9c0fe50,2,0,2,0,
Yorkshire,65,74,2,f2ab7a69,8108e2d2,c9c0fe50,1,0,1,0,
Yorkshire,66,74,3,c9c0fe50,8108e2d2,f2ab7a69,0,0,0,1,bowled
Yorkshire,67,75,3,755a77c6,8108e2d2,f2ab7a69,1,0,1,0,
Yorkshire,68,75,3,755a77c6,9679838c,f2ab7a69,0,0,0,0,
Yorkshire,69,75,3,755a77c6,9679838c,f2ab7a69,0,0,0,0,
Yorkshire,70,77,3,755a77c6,9679838c,f2ab7a69,2,0,2,0,
Yorkshire,71,77,3,755a77c6,9679838c,f2ab7a69,0,0,0,0,
Yorkshire,72,81,3,755a77c6,9679838c,f2ab7a69,4,0,4,0,
Yorkshire,73,82,3,755a77c6,9679838c,f2ab7a69,1,0,1,0,
Yorkshire,74,83,3,755a77c6,8108e2d2,f2ab7a69,1,0,1,0,
Yorkshire,75,83,3,f2ab7a69,8108e2d2,755a77c6,0,0,0,0,
Yorkshire,76,83,3,f2ab7a69,8108e2d2,755a77c6,0,0,0,0,
Yorkshire,77,84,3,f2ab7a69,8108e2d2,755a77c6,1,0,1,0,
Yorkshire,78,84,3,755a77c6,8108e2d2,f2ab7a69,0,0,0,0,
Yorkshire,79,85,3,755a77c6,8108e2d2,f2ab7a69,1,0,1,0,
Yorkshire,80,86,3,755a77c6,cd143bca,f2ab7a69,1,0,1,0,
Yorkshire,81,87,3,f2ab7a69,cd143bca,755a77c6,1,0,1,0,
Yorkshire,82,87,3,755a77c6,cd143bca,f2ab7a69,0,0,0,0,
Yorkshire,83,88,3,755a77c6,cd143bca,f2ab7a69,1,0,1,0,
Yorkshire,84,92,3,f2ab7a69,cd143bca,755a77c6,4,0,4,0,
Yorkshire,85,92,4,f2ab7a69,cd143bca,755a77c6,0,0,0,1,caught
Yorkshire,86,92,4,755a77c6,8108e2d2,f54dbda7,0,0,0,0,
Yorkshire,87,93,4,755a77c6,8108e2d2,f54dbda7,1,0,1,0,
Yorkshire,88,95,4,f54dbda7,8108e2d2,755a77c6,2,0,2,0,
Yorkshire,89,96,4,f54dbda7,8108e2d2,755a77c6,1,0,1,0,
Yorkshire,90,97,4,755a77c6,8108e2d2,f54dbda7,0,1,1,0,
Yorkshire,91,97,4,755a77c6,8108e2d2,f54dbda7,0,0,0,0,
Yorkshire,92,98,4,755a77c6,8108e2d2,f54dbda7,1,0,1,0,
Yorkshire,93,99,4,755a77c6,cd143bca,f54dbda7,1,0,1,0,
Yorkshire,94,99,4,f54dbda7,cd143bca,755a77c6,0,0,0,0,
Yorkshire,95,99,5,f54dbda7,cd143bca,755a77c6,0,0,0,1,bowled
Yorkshire,96,99,5,58043739,cd143bca,755a77c6,0,0,0,0,
Yorkshire,97,100,5,58043739,cd143bca,755a77c6,1,0,1,0,
Yorkshire,98,101,5,755a77c6,cd143bca,58043739,1,0,1,0,
Yorkshire,99,107,5,755a77c6,27296d02,58043739,6,0,6,0,
Yorkshire,100,108,5,755a77c6,27296d02,58043739,1,0,1,0,
Yorkshire,101,110,5,58043739,27296d02,755a77c6,2,0,2,0,
Yorkshire,102,111,5,58043739,27296d02,755a77c6,1,0,1,0,
Yorkshire,103,112,5,755a77c6,27296d02,58043739,1,0,1,0,
Yorkshire,104,112,5,58043739,27296d02,755a77c6,0,0,0,0,
Yorkshire,105,112,6,755a77c6,cd143bca,58043739,0,0,0,1,bowled
Yorkshire,106,116,6,9a963804,cd143bca,58043739,4,0,4,0,
Yorkshire,107,117,6,9a963804,cd143bca,58043739,1,0,1,0,
Yorkshire,108,123,6,58043739,cd143bca,9a963804,6,0,6,0,
Yorkshire,109,124,6,58043739,cd143bca,9a963804,1,0,1,0,
Yorkshire,110,125,6,9a963804,cd143bca,58043739,1,0,1,0,
Yorkshire,111,126,6,9a963804,a510bdd3,58043739,1,0,1,0,
Yorkshire,112,127,6,58043739,a510bdd3,9a963804,1,0,1,0,
Yorkshire,113,133,6,9a963804,a510bdd3,58043739,6,0,6,0,
Yorkshire,114,137,6,9a963804,a510bdd3,58043739,4,0,4,0,
Yorkshire,115,143,6,9a963804,a510bdd3,58043739,6,0,6,0,
Yorkshire,116,151,6,9a963804,a510bdd3,58043739,6,2,8,0,
Yorkshire,117,155,6,9a963804,a510bdd3,58043739,4,0,4,0,
Yorkshire,118,156,6,58043739,e84ac20c,9a963804,1,0,1,0,
Yorkshire,119,157,6,9a963804,e84ac20c,58043739,1,0,1,0,
Yorkshire,120,163,6,58043739,e84ac20c,9a963804,6,0,6,0,
Yorkshire,121,167,6,58043739,e84ac20c,9a963804,4,0,4,0,
Yorkshire,122,171,6,58043739,e84ac20c,9a963804,4,0,4,0,
Yorkshire,123,173,6,58043739,e84ac20c,9a963804,2,0,2,0,
Worcestershire,1,1,0,f836b33d,11ec0b58,8108e2d2,0,1,1,0,
Worcestershire,2,1,0,8108e2d2,11ec0b58,f836b33d,0,0,0,0,
Worcestershire,3,1,0,8108e2d2,11ec0b58,f836b33d,0,0,0,0,
Worcestershire,4,5,0,8108e2d2,11ec0b58,f836b33d,4,0,4,0,
Worcestershire,5,9,0,8108e2d2,11ec0b58,f836b33d,4,0,4,0,
Worcestershire,6,10,0,8108e2d2,11ec0b58,f836b33d,0,1,1,0,
Worcestershire,7,10,0,8108e2d2,11ec0b58,f836b33d,0,0,0,0,
Worcestershire,8,10,0,f836b33d,58043739,8108e2d2,0,0,0,0,
Worcestershire,9,10,0,f836b33d,58043739,8108e2d2,0,0,0,0,
Worcestershire,10,10,0,f836b33d,58043739,8108e2d2,0,0,0,0,
Worcestershire,11,11,0,f836b33d,58043739,8108e2d2,1,0,1,0,
Worcestershire,12,12,0,8108e2d2,58043739,f836b33d,1,0,1,0,
Worcestershire,13,13,0,f836b33d,58043739,8108e2d2,1,0,1,0,
Worcestershire,14,14,0,f836b33d,11ec0b58,8108e2d2,1,0,1,0,
Worcestershire,15,18,0,8108e2d2,11ec0b58,f836b33d,4,0,4,0,
Worcestershire,16,18,0,8108e2d2,11ec0b58,f836b33d,0,0,0,0,
Worcestershire,17,19,0,8108e2d2,11ec0b58,f836b33d,1,0,1,0,
Worcestershire,18,25,0,f836b33d,11ec0b58,8108e2d2,6,0,6,0,
Worcestershire,19,26,0,f836b33d,11ec0b58,8108e2d2,1,0,1,0,
Worcestershire,20,27,0,f836b33d,58043739,8108e2d2,1,0,1,0,
Worcestershire,21,31,0,8108e2d2,58043739,f836b33d,4,0,4,0,
Worcestershire,22,31,0,8108e2d2,58043739,f836b33d,0,0,0,0,
Worcestershire,23,33,0,8108e2d2,58043739,f836b33d,2,0,2,0,
Worcestershire,24,34,0,8108e2d2,58043739,f836b33d,1,0,1,0,
Worcestershire,25,35,0,f836b33d,58043739,8108e2d2,1,0,1,0,
Worcestershire,26,36,0,f836b33d,9a963804,8108e2d2,1,0,1,0,
Worcestershire,27,36,0,8108e2d2,9a963804,f836b33d,0,0,0,0,
Worcestershire,28,40,0,8108e2d2,9a963804,f836b33d,4,0,4,0,
Worcestershire,29,44,0,8108e2d2,9a963804,f836b33d,4,0,4,0,
Worcestershire,30,44,1,8108e2d2,9a963804,f836b33d,0,0,0,1,caught
Worcestershire,31,44,1,2eca67f5,9a963804,f836b33d,0,0,0,0,
Worcestershire,32,45,1,f836b33d,f54dbda7,2eca67f5,1,0,1,0,
Worcestershire,33,49,1,2eca67f5,f54dbda7,f836b33d,4,0,4,0,
Worcestershire,34,51,1,2eca67f5,f54dbda7,f836b33d,2,0,2,0,
Worcestershire,35,51,1,2eca67f5,f54dbda7,f836b33d,0,0,0,0,
Worcestershire,36,52,1,2eca67f5,f54dbda7,f836b33d,1,0,1,0,
Worcestershire,37,53,1,f836b33d,f54dbda7,2eca67f5,1,0,1,0,
Worcestershire,38,57,1,f836b33d,9a963804,2eca67f5,4,0,4,0,
Worcestershire,39,57,1,f836b33d,9a963804,2eca67f5,0,0,0,0,
Worcestershire,40,57,1,f836b33d,9a963804,2eca67f5,0,0,0,0,
Worcestershire,41,57,2,f836b33d,9a963804,2eca67f5,0,0,0,1,bowled
Worcestershire,42,57,2,dc36a6a5,9a963804,2eca67f5,0,0,0,0,
Worcestershire,43,57,2,dc36a6a5,9a963804,2eca67f5,0,0,0,0,
Worcestershire,44,58,2,2eca67f5,249d60c9,dc36a6a5,1,0,1,0,
Worcestershire,45,62,2,dc36a6a5,249d60c9,2eca67f5,4,0,4,0,
Worcestershire,46,66,2,dc36a6a5,249d60c9,2eca67f5,4,0,4,0,
Worcestershire,47,67,2,dc36a6a5,249d60c9,2eca67f5,1,0,1,0,
Worcestershire,48,68,2,2eca67f5,249d60c9,dc36a6a5,1,0,1,0,
Worcestershire,49,69,2,dc36a6a5,249d60c9,2eca67f5,0,1,1,0,
Worcestershire,50,70,2,dc36a6a5,249d60c9,2eca67f5,1,0,1,0,
Worcestershire,51,74,2,dc36a6a5,9a963804,2eca67f5,4,0,4,0,
Worcestershire,52,75,2,dc36a6a5,9a963804,2eca67f5,1,0,1,0,
Worcestershire,53,79,2,2eca67f5,9a963804,dc36a6a5,4,0,4,0,
Worcestershire,54,79,2,2eca67f5,9a963804,dc36a6a5,0,0,0,0,
Worcestershire,55,80,2,2eca67f5,9a963804,dc36a6a5,1,0,1,0,
Worcestershire,56,80,2,dc36a6a5,9a963804,2eca67f5,0,0,0,0,
Worcestershire,57,80,2,2eca67f5,249d60c9,dc36a6a5,0,0,0,0,
Worcestershire,58,84,2,2eca67f5,249d60c9,dc36a6a5,4,0,4,0,
Worcestershire,59,84,2,2eca67f5,249d60c9,dc36a6a5,0,0,0,0,
Worcestershire,60,85,2,2eca67f5,249d60c9,dc36a6a5,1,0,1,0,
Worcestershire,61,86,2,dc36a6a5,249d60c9,2eca67f5,1,0,1,0,
Worcestershire,62,87,2,2eca67f5,249d60c9,dc36a6a5,1,0,1,0,
Worcestershire,63,87,2,2eca67f5,a37b5c0a,dc36a6a5,0,0,0,0,
Worcestershire,64,89,2,2eca67f5,a37b5c0a,dc36a6a5,2,0,2,0,
Worcestershire,65,91,2,2eca67f5,a37b5c0a,dc36a6a5,2,0,2,0,
Worcestershire,66,92,2,2eca67f5,a37b5c0a,dc36a6a5,1,0,1,0,
Worcestershire,67,96,2,dc36a6a5,a37b5c0a,2eca67f5,4,0,4,0,
Worcestershire,68,98,2,dc36a6a5,a37b5c0a,2eca67f5,2,0,2,0,
Worcestershire,69,104,2,2eca67f5,249d60c9,dc36a6a5,6,0,6,0,
Worcestershire,70,106,2,2eca67f5,249d60c9,dc36a6a5,2,0,2,0,
Worcestershire,71,107,2,2eca67f5,249d60c9,dc36a6a5,1,0,1,0,
Worcestershire,72,108,2,dc36a6a5,249d60c9,2eca67f5,1,0,1,0,
Worcestershire,73,108,3,2eca67f5,249d60c9,dc36a6a5,0,0,0,1,caught
Worcestershire,74,109,3,dc36a6a5,249d60c9,9679838c,1,0,1,0,
Worcestershire,75,110,3,dc36a6a5,a37b5c0a,9679838c,1,0,1,0,
Worcestershire,76,111,3,9679838c,a37b5c0a,dc36a6a5,1,0,1,0,
Worcestershire,77,112,3,dc36a6a5,a37b5c0a,9679838c,1,0,1,0,
Worcestershire,78,113,3,9679838c,a37b5c0a,dc36a6a5,1,0,1,0,
Worcestershire,79,114,3,dc36a6a5,a37b5c0a,9679838c,0,1,1,0,
Worcestershire,80,114,3,dc36a6a5,a37b5c0a,9679838c,0,0,0,0,
Worcestershire,81,115,3,dc36a6a5,a37b5c0a,9679838c,1,0,1,0,
Worcestershire,82,116,3,dc36a6a5,9a963804,9679838c,0,1,1,0,
Worcestershire,83,117,3,dc36a6a5,9a963804,9679838c,1,0,1,0,
Worcestershire,84,118,3,9679838c,9a963804,dc36a6a5,1,0,1,0,
Worcestershire,85,120,3,dc36a6a5,9a963804,9679838c,2,0,2,0,
Worcestershire,86,120,3,dc36a6a5,9a963804,9679838c,0,0,0,0,
Worcestershire,87,121,3,dc36a6a5,9a963804,9679838c,1,0,1,0,
Worcestershire,88,121,3,9679838c,9a963804,dc36a6a5,0,0,0,0,
Worcestershire,89,122,3,dc36a6a5,249d60c9,9679838c,1,0,1,0,
Worcestershire,90,124,3,9679838c,249d60c9,dc36a6a5,2,0,2,0,
Worcestershire,91,126,3,9679838c,249d60c9,dc36a6a5,2,0,2,0,
Worcestershire,92,127,3,9679838c,249d60c9,dc36a6a5,1,0,1,0,
Worcestershire,93,128,3,dc36a6a5,249d60c9,9679838c,1,0,1,0,
Worcestershire,94,129,3,9679838c,249d60c9,dc36a6a5,1,0,1,0,
Worcestershire,95,133,3,9679838c,f54dbda7,dc36a6a5,4,0,4,0,
Worcestershire,96,134,3,9679838c,f54dbda7,dc36a6a5,0,1,1,0,
Worcestershire,97,135,3,9679838c,f54dbda7,dc36a6a5,1,0,1,0,
Worcestershire,98,136,3,dc36a6a5,f54dbda7,9679838c,1,0,1,0,
Worcestershire,99,139,3,9679838c,f54dbda7,dc36a6a5,3,0,3,0,
Worcestershire,100,140,3,dc36a6a5,f54dbda7,9679838c,1,0,1,0,
Worcestershire,101,144,3,9679838c,f54dbda7,dc36a6a5,4,0,4,0,
Worcestershire,102,145,3,dc36a6a5,58043739,9679838c,1,0,1,0,
Worcestershire,103,149,3,9679838c,58043739,dc36a6a5,4,0,4,0,
Worcestershire,104,150,3,9679838c,58043739,dc36a6a5,1,0,1,0,
Worcestershire,105,151,3,dc36a6a5,58043739,9679838c,1,0,1,0,
Worcestershire,106,152,3,9679838c,58043739,dc36a6a5,1,0,1,0,
Worcestershire,107,152,3,dc36a6a5,58043739,9679838c,0,0,0,0,
Worcestershire,108,153,3,9679838c,a37b5c0a,dc36a6a5,1,0,1,0,
Worcestershire,109,157,3,dc36a6a5,a37b5c0a,9679838c,4,0,4,0,
Worcestershire,110,161,3,dc36a6a5,a37b5c0a,9679838c,4,0,4,0,
Worcestershire,111,162,3,dc36a6a5,a37b5c0a,9679838c,1,0,1,0,
Worcestershire,112,163,3,9679838c,a37b5c0a,dc36a6a5,1,0,1,0,
Worcestershire,113,164,3,dc36a6a5,a37b5c0a,9679838c,1,0,1,0,
Worcestershire,114,166,3,dc36a6a5,58043739,9679838c,2,0,2,0,
Worcestershire,115,167,3,dc36a6a5,58043739,9679838c,1,0,1,0,
Worcestershire,116,168,3,9679838c,58043739,dc36a6a5,1,0,1,0,
Worcestershire,117,169,3,dc36a6a5,58043739,9679838c,1,0,1,0,
Worcestershire,118,169,3,9679838c,58043739,dc36a6a5,0,0,0,0,
Worcestershire,119,173,3,9679838c,58043739,dc36a6a5,4,0,4,0,
Worcestershire,120,174,3,dc36a6a5,a37b5c0a,9679838c,1,0,1,0,
