batting_team,ball_number,total_team_runs,total_team_wickets,striker_ID,bowler_ID,nonstriker_ID,batter_runs,extras_runs,total_delivery_runs,wicket,wicket_type
Sunrisers Hyderabad,1,1,0,dcce6f09,3c6ffae8,0a476045,1,0,1,0,
Sunrisers Hyderabad,2,1,0,0a476045,3c6ffae8,dcce6f09,0,0,0,0,
Sunrisers Hyderabad,3,1,0,0a476045,3c6ffae8,dcce6f09,0,0,0,0,
Sunrisers Hyderabad,4,2,0,0a476045,3c6ffae8,dcce6f09,1,0,1,0,
Sunrisers Hyderabad,5,3,0,dcce6f09,3c6ffae8,0a476045,1,0,1,0,
Sunrisers Hyderabad,6,4,0,0a476045,3c6ffae8,dcce6f09,1,0,1,0,
Sunrisers Hyderabad,7,4,0,0a476045,5bb5a915,dcce6f09,0,0,0,0,
Sunrisers Hyderabad,8,4,0,0a476045,5bb5a915,dcce6f09,0,0,0,0,
Sunrisers Hyderabad,9,4,0,0a476045,5bb5a915,dcce6f09,0,0,0,0,
Sunrisers Hyderabad,10,8,0,0a476045,5bb5a915,dcce6f09,4,0,4,0,
Sunrisers Hyderabad,11,12,0,0a476045,5bb5a915,dcce6f09,4,0,4,0,
Sunrisers Hyderabad,12,12,1,0a476045,5bb5a915,dcce6f09,0,0,0,1,bowled
Sunrisers Hyderabad,13,12,1,dcce6f09,3c6ffae8,32198ae0,0,0,0,0,
Sunrisers Hyderabad,14,13,1,dcce6f09,3c6ffae8,32198ae0,1,0,1,0,
Sunrisers Hyderabad,15,14,1,32198ae0,3c6ffae8,dcce6f09,1,0,1,0,
Sunrisers Hyderabad,16,14,1,dcce6f09,3c6ffae8,32198ae0,0,0,0,0,
Sunrisers Hyderabad,17,14,1,dcce6f09,3c6ffae8,32198ae0,0,0,0,0,
Sunrisers Hyderabad,18,15,1,dcce6f09,3c6ffae8,32198ae0,1,0,1,0,
Sunrisers Hyderabad,19,16,1,dcce6f09,5bb5a915,32198ae0,1,0,1,0,
Sunrisers Hyderabad,20,16,1,32198ae0,5bb5a915,dcce6f09,0,0,0,0,
Sunrisers Hyderabad,21,16,1,32198ae0,5bb5a915,dcce6f09,0,0,0,0,
Sunrisers Hyderabad,22,17,1,32198ae0,5bb5a915,dcce6f09,1,0,1,0,
Sunrisers Hyderabad,23,17,1,dcce6f09,5bb5a915,32198ae0,0,0,0,0,
Sunrisers Hyderabad,24,21,1,dcce6f09,5bb5a915,32198ae0,4,0,4,0,
Sunrisers Hyderabad,25,22,1,32198ae0,3c6ffae8,dcce6f09,1,0,1,0,
Sunrisers Hyderabad,26,23,1,dcce6f09,3c6ffae8,32198ae0,1,0,1,0,
Sunrisers Hyderabad,27,24,1,32198ae0,3c6ffae8,dcce6f09,1,0,1,0,
Sunrisers Hyderabad,28,25,1,dcce6f09,3c6ffae8,32198ae0,1,0,1,0,
Sunrisers Hyderabad,29,25,1,32198ae0,3c6ffae8,dcce6f09,0,0,0,0,
Sunrisers Hyderabad,30,31,1,32198ae0,3c6ffae8,dcce6f09,6,0,6,0,
Sunrisers Hyderabad,31,35,1,dcce6f09,9d430b40,32198ae0,4,0,4,0,
Sunrisers Hyderabad,32,36,1,dcce6f09,9d430b40,32198ae0,0,1,1,0,
Sunrisers Hyderabad,33,36,1,dcce6f09,9d430b40,32198ae0,0,0,0,0,
Sunrisers Hyderabad,34,37,1,dcce6f09,9d430b40,32198ae0,1,0,1,0,
Sunrisers Hyderabad,35,38,1,32198ae0,9d430b40,dcce6f09,1,0,1,0,
Sunrisers Hyderabad,36,42,1,dcce6f09,9d430b40,32198ae0,4,0,4,0,
Sunrisers Hyderabad,37,43,1,dcce6f09,9d430b40,32198ae0,1,0,1,0,
Sunrisers Hyderabad,38,43,1,dcce6f09,0f721006,32198ae0,0,0,0,0,
Sunrisers Hyderabad,39,43,1,dcce6f09,0f721006,32198ae0,0,0,0,0,
Sunrisers Hyderabad,40,44,1,dcce6f09,0f721006,32198ae0,1,0,1,0,
Sunrisers Hyderabad,41,45,1,32198ae0,0f721006,dcce6f09,1,0,1,0,
Sunrisers Hyderabad,42,46,1,dcce6f09,0f721006,32198ae0,1,0,1,0,
Sunrisers Hyderabad,43,47,1,32198ae0,0f721006,dcce6f09,1,0,1,0,
Sunrisers Hyderabad,44,48,1,32198ae0,8d2c70ad,dcce6f09,1,0,1,0,
Sunrisers Hyderabad,45,49,1,dcce6f09,8d2c70ad,32198ae0,0,1,1,0,
Sunrisers Hyderabad,46,50,1,32198ae0,8d2c70ad,dcce6f09,1,0,1,0,
Sunrisers Hyderabad,47,51,1,dcce6f09,8d2c70ad,32198ae0,1,0,1,0,
Sunrisers Hyderabad,48,53,1,32198ae0,8d2c70ad,dcce6f09,2,0,2,0,
Sunrisers Hyderabad,49,53,1,32198ae0,8d2c70ad,dcce6f09,0,0,0,0,
Sunrisers Hyderabad,50,54,1,dcce6f09,0f721006,32198ae0,1,0,1,0,
Sunrisers Hyderabad,51,55,1,32198ae0,0f721006,dcce6f09,1,0,1,0,
Sunrisers Hyderabad,52,56,1,dcce6f09,0f721006,32198ae0,1,0,1,0,
Sunrisers Hyderabad,53,60,1,32198ae0,0f721006,dcce6f09,4,0,4,0,
Sunrisers Hyderabad,54,61,1,32198ae0,0f721006,dcce6f09,1,0,1,0,
Sunrisers Hyderabad,55,62,1,dcce6f09,0f721006,32198ae0,1,0,1,0,
Sunrisers Hyderabad,56,63,1,dcce6f09,8d2c70ad,32198ae0,1,0,1,0,
Sunrisers Hyderabad,57,65,1,32198ae0,8d2c70ad,dcce6f09,2,0,2,0,
Sunrisers Hyderabad,58,71,1,32198ae0,8d2c70ad,dcce6f09,6,0,6,0,
Sunrisers Hyderabad,59,71,2,32198ae0,8d2c70ad,dcce6f09,0,0,0,1,caught and bowled
Sunrisers Hyderabad,60,71,3,dcce6f09,8d2c70ad,1c914163,0,0,0,1,bowled
Sunrisers Hyderabad,61,71,3,73ad96ed,8d2c70ad,1c914163,0,0,0,0,
Sunrisers Hyderabad,62,71,3,1c914163,9d430b40,73ad96ed,0,0,0,0,
Sunrisers Hyderabad,63,71,3,1c914163,9d430b40,73ad96ed,0,0,0,0,
Sunrisers Hyderabad,64,71,3,1c914163,9d430b40,73ad96ed,0,0,0,0,
Sunrisers Hyderabad,65,73,3,1c914163,9d430b40,73ad96ed,2,0,2,0,
Sunrisers Hyderabad,66,73,3,1c914163,9d430b40,73ad96ed,0,0,0,0,
Sunrisers Hyderabad,67,73,3,1c914163,9d430b40,73ad96ed,0,0,0,0,
Sunrisers Hyderabad,68,73,3,73ad96ed,626c5379,1c914163,0,0,0,0,
Sunrisers Hyderabad,69,74,3,73ad96ed,626c5379,1c914163,1,0,1,0,
Sunrisers Hyderabad,70,75,3,1c914163,626c5379,73ad96ed,1,0,1,0,
Sunrisers Hyderabad,71,77,3,73ad96ed,626c5379,1c914163,2,0,2,0,
Sunrisers Hyderabad,72,78,3,73ad96ed,626c5379,1c914163,1,0,1,0,
Sunrisers Hyderabad,73,82,3,1c914163,626c5379,73ad96ed,4,0,4,0,
Sunrisers Hyderabad,74,83,3,73ad96ed,8d2c70ad,1c914163,1,0,1,0,
Sunrisers Hyderabad,75,87,3,1c914163,8d2c70ad,73ad96ed,4,0,4,0,
Sunrisers Hyderabad,76,93,3,1c914163,8d2c70ad,73ad96ed,6,0,6,0,
Sunrisers Hyderabad,77,93,3,1c914163,8d2c70ad,73ad96ed,0,0,0,0,
Sunrisers Hyderabad,78,94,3,1c914163,8d2c70ad,73ad96ed,1,0,1,0,
Sunrisers Hyderabad,79,94,3,73ad96ed,8d2c70ad,1c914163,0,0,0,0,
Sunrisers Hyderabad,80,94,3,1c914163,5bb5a915,73ad96ed,0,0,0,0,
Sunrisers Hyderabad,81,95,3,1c914163,5bb5a915,73ad96ed,1,0,1,0,
Sunrisers Hyderabad,82,96,3,73ad96ed,5bb5a915,1c914163,1,0,1,0,
Sunrisers Hyderabad,83,97,3,1c914163,5bb5a915,73ad96ed,1,0,1,0,
Sunrisers Hyderabad,84,98,3,73ad96ed,5bb5a915,1c914163,1,0,1,0,
Sunrisers Hyderabad,85,98,3,1c914163,5bb5a915,73ad96ed,0,0,0,0,
Sunrisers Hyderabad,86,104,3,73ad96ed,9d430b40,1c914163,6,0,6,0,
Sunrisers Hyderabad,87,105,3,73ad96ed,9d430b40,1c914163,1,0,1,0,
Sunrisers Hyderabad,88,105,3,1c914163,9d430b40,73ad96ed,0,0,0,0,
Sunrisers Hyderabad,89,105,3,1c914163,9d430b40,73ad96ed,0,0,0,0,
Sunrisers Hyderabad,90,105,3,1c914163,9d430b40,73ad96ed,0,0,0,0,
Sunrisers Hyderabad,91,109,3,1c914163,9d430b40,73ad96ed,4,0,4,0,
Sunrisers Hyderabad,92,115,3,73ad96ed,0f721006,1c914163,6,0,6,0,
Sunrisers Hyderabad,93,116,3,73ad96ed,0f721006,1c914163,1,0,1,0,
Sunrisers Hyderabad,94,120,3,1c914163,0f721006,73ad96ed,4,0,4,0,
Sunrisers Hyderabad,95,120,3,1c914163,0f721006,73ad96ed,0,0,0,0,
Sunrisers Hyderabad,96,120,4,1c914163,0f721006,73ad96ed,0,0,0,1,run out
Sunrisers Hyderabad,97,124,4,1c914163,0f721006,2e11c706,4,0,4,0,
Sunrisers Hyderabad,98,124,5,2e11c706,8d2c70ad,1c914163,0,0,0,1,stumped
Sunrisers Hyderabad,99,124,5,890946a0,8d2c70ad,1c914163,0,0,0,0,
Sunrisers Hyderabad,100,124,5,890946a0,8d2c70ad,1c914163,0,0,0,0,
Sunrisers Hyderabad,101,125,5,890946a0,8d2c70ad,1c914163,1,0,1,0,
Sunrisers Hyderabad,102,129,5,1c914163,8d2c70ad,890946a0,4,0,4,0,
Sunrisers Hyderabad,103,133,5,1c914163,8d2c70ad,890946a0,4,0,4,0,
Sunrisers Hyderabad,104,134,5,890946a0,9d430b40,1c914163,0,1,1,0,
Sunrisers Hyderabad,105,136,5,890946a0,9d430b40,1c914163,2,0,2,0,
Sunrisers Hyderabad,106,138,5,890946a0,9d430b40,1c914163,2,0,2,0,
Sunrisers Hyderabad,107,138,5,890946a0,9d430b40,1c914163,0,0,0,0,
Sunrisers Hyderabad,108,139,5,890946a0,9d430b40,1c914163,1,0,1,0,
Sunrisers Hyderabad,109,143,5,1c914163,9d430b40,890946a0,4,0,4,0,
Sunrisers Hyderabad,110,143,5,1c914163,9d430b40,890946a0,0,0,0,0,
Sunrisers Hyderabad,111,144,5,890946a0,0f721006,1c914163,1,0,1,0,
Sunrisers Hyderabad,112,145,5,1c914163,0f721006,890946a0,0,1,1,0,
Sunrisers Hyderabad,113,145,5,1c914163,0f721006,890946a0,0,0,0,0,
Sunrisers Hyderabad,114,145,6,1c914163,0f721006,890946a0,0,0,0,1,bowled
Sunrisers Hyderabad,115,146,6,2e81a32d,0f721006,890946a0,1,0,1,0,
Sunrisers Hyderabad,116,147,6,890946a0,0f721006,2e81a32d,0,1,1,0,
Sunrisers Hyderabad,117,147,7,890946a0,0f721006,2e81a32d,0,0,0,1,caught
Sunrisers Hyderabad,118,148,7,c18496e1,0f721006,2e81a32d,1,0,1,0,
Sunrisers Hyderabad,119,154,7,c18496e1,5bb5a915,2e81a32d,6,0,6,0,
Sunrisers Hyderabad,120,154,7,c18496e1,5bb5a915,2e81a32d,0,0,0,0,
Sunrisers Hyderabad,121,160,7,c18496e1,5bb5a915,2e81a32d,6,0,6,0,
Sunrisers Hyderabad,122,161,7,c18496e1,5bb5a915,2e81a32d,1,0,1,0,
Sunrisers Hyderabad,123,161,8,2e81a32d,5bb5a915,c18496e1,0,0,0,1,caught
Sunrisers Hyderabad,124,162,8,c18496e1,5bb5a915,d8b2f218,0,1,1,0,
Kolkata Knight Riders,1,1,0,1c17e270,2e81a32d,bb345e0b,1,0,1,0,
Kolkata Knight Riders,2,1,0,bb345e0b,2e81a32d,1c17e270,0,0,0,0,
Kolkata Knight Riders,3,2,0,bb345e0b,2e81a32d,1c17e270,1,0,1,0,
Kolkata Knight Riders,4,2,0,1c17e270,2e81a32d,bb345e0b,0,0,0,0,
Kolkata Knight Riders,5,2,0,1c17e270,2e81a32d,bb345e0b,0,0,0,0,
Kolkata Knight Riders,6,3,0,1c17e270,2e81a32d,bb345e0b,1,0,1,0,
Kolkata Knight Riders,7,7,0,1c17e270,d8b2f218,bb345e0b,4,0,4,0,
Kolkata Knight Riders,8,12,0,1c17e270,d8b2f218,bb345e0b,5,0,5,0,
Kolkata Knight Riders,9,14,0,bb345e0b,d8b2f218,1c17e270,2,0,2,0,
Kolkata Knight Riders,10,15,0,bb345e0b,d8b2f218,1c17e270,1,0,1,0,
Kolkata Knight Riders,11,15,1,1c17e270,d8b2f218,bb345e0b,0,0,0,1,caught
Kolkata Knight Riders,12,15,1,af2c687b,d8b2f218,bb345e0b,0,0,0,0,
Kolkata Knight Riders,13,15,1,bb345e0b,73ad96ed,af2c687b,0,0,0,0,
Kolkata Knight Riders,14,15,1,bb345e0b,73ad96ed,af2c687b,0,0,0,0,
Kolkata Knight Riders,15,16,1,bb345e0b,73ad96ed,af2c687b,1,0,1,0,
Kolkata Knight Riders,16,17,1,af2c687b,73ad96ed,bb345e0b,1,0,1,0,
Kolkata Knight Riders,17,23,1,bb345e0b,73ad96ed,af2c687b,6,0,6,0,
Kolkata Knight Riders,18,23,1,bb345e0b,73ad96ed,af2c687b,0,0,0,0,
Kolkata Knight Riders,19,27,1,af2c687b,d8b2f218,bb345e0b,0,4,4,0,
Kolkata Knight Riders,20,29,1,af2c687b,d8b2f218,bb345e0b,2,0,2,0,
Kolkata Knight Riders,21,33,1,af2c687b,d8b2f218,bb345e0b,4,0,4,0,
Kolkata Knight Riders,22,33,1,af2c687b,d8b2f218,bb345e0b,0,0,0,0,
Kolkata Knight Riders,23,34,1,af2c687b,d8b2f218,bb345e0b,1,0,1,0,
Kolkata Knight Riders,24,34,1,bb345e0b,d8b2f218,af2c687b,0,0,0,0,
Kolkata Knight Riders,25,35,1,af2c687b,2e81a32d,bb345e0b,1,0,1,0,
Kolkata Knight Riders,26,39,1,bb345e0b,2e81a32d,af2c687b,4,0,4,0,
Kolkata Knight Riders,27,40,1,bb345e0b,2e81a32d,af2c687b,1,0,1,0,
Kolkata Knight Riders,28,40,1,af2c687b,2e81a32d,bb345e0b,0,0,0,0,
Kolkata Knight Riders,29,42,1,af2c687b,2e81a32d,bb345e0b,2,0,2,0,
Kolkata Knight Riders,30,43,1,af2c687b,2e81a32d,bb345e0b,1,0,1,0,
Kolkata Knight Riders,31,43,1,af2c687b,0a8fce53,bb345e0b,0,0,0,0,
Kolkata Knight Riders,32,44,1,af2c687b,0a8fce53,bb345e0b,1,0,1,0,
Kolkata Knight Riders,33,44,1,bb345e0b,0a8fce53,af2c687b,0,0,0,0,
Kolkata Knight Riders,34,44,1,bb345e0b,0a8fce53,af2c687b,0,0,0,0,
Kolkata Knight Riders,35,45,1,bb345e0b,0a8fce53,af2c687b,1,0,1,0,
Kolkata Knight Riders,36,46,1,af2c687b,0a8fce53,bb345e0b,1,0,1,0,
Kolkata Knight Riders,37,47,1,af2c687b,32198ae0,bb345e0b,1,0,1,0,
Kolkata Knight Riders,38,48,1,bb345e0b,32198ae0,af2c687b,1,0,1,0,
Kolkata Knight Riders,39,48,1,af2c687b,32198ae0,bb345e0b,0,0,0,0,
Kolkata Knight Riders,40,49,1,af2c687b,32198ae0,bb345e0b,1,0,1,0,
Kolkata Knight Riders,41,53,1,bb345e0b,32198ae0,af2c687b,4,0,4,0,
Kolkata Knight Riders,42,53,2,bb345e0b,32198ae0,af2c687b,0,0,0,1,run out
Kolkata Knight Riders,43,53,2,bb345e0b,2e11c706,93b4fc78,0,0,0,0,
Kolkata Knight Riders,44,53,2,bb345e0b,2e11c706,93b4fc78,0,0,0,0,
Kolkata Knight Riders,45,55,2,bb345e0b,2e11c706,93b4fc78,2,0,2,0,
Kolkata Knight Riders,46,55,2,bb345e0b,2e11c706,93b4fc78,0,0,0,0,
Kolkata Knight Riders,47,55,2,bb345e0b,2e11c706,93b4fc78,0,0,0,0,
Kolkata Knight Riders,48,56,2,bb345e0b,2e11c706,93b4fc78,1,0,1,0,
Kolkata Knight Riders,49,57,2,bb345e0b,c18496e1,93b4fc78,1,0,1,0,
Kolkata Knight Riders,50,59,2,93b4fc78,c18496e1,bb345e0b,0,2,2,0,
Kolkata Knight Riders,51,60,2,93b4fc78,c18496e1,bb345e0b,1,0,1,0,
Kolkata Knight Riders,52,61,2,bb345e0b,c18496e1,93b4fc78,1,0,1,0,
Kolkata Knight Riders,53,62,2,93b4fc78,c18496e1,bb345e0b,1,0,1,0,
Kolkata Knight Riders,54,63,2,bb345e0b,c18496e1,93b4fc78,1,0,1,0,
Kolkata Knight Riders,55,63,3,bb345e0b,2e11c706,93b4fc78,0,0,0,1,caught
Kolkata Knight Riders,56,64,3,93b4fc78,2e11c706,3c6ffae8,1,0,1,0,
Kolkata Knight Riders,57,65,3,3c6ffae8,2e11c706,93b4fc78,1,0,1,0,
Kolkata Knight Riders,58,66,3,93b4fc78,2e11c706,3c6ffae8,1,0,1,0,
Kolkata Knight Riders,59,66,3,3c6ffae8,2e11c706,93b4fc78,0,0,0,0,
Kolkata Knight Riders,60,66,3,3c6ffae8,2e11c706,93b4fc78,0,0,0,0,
Kolkata Knight Riders,61,67,3,93b4fc78,32198ae0,3c6ffae8,1,0,1,0,
Kolkata Knight Riders,62,67,3,3c6ffae8,32198ae0,93b4fc78,0,0,0,0,
Kolkata Knight Riders,63,68,3,3c6ffae8,32198ae0,93b4fc78,1,0,1,0,
Kolkata Knight Riders,64,69,3,93b4fc78,32198ae0,3c6ffae8,1,0,1,0,
Kolkata Knight Riders,65,69,4,3c6ffae8,32198ae0,93b4fc78,0,0,0,1,caught
Kolkata Knight Riders,66,70,4,93b4fc78,32198ae0,271f83cd,1,0,1,0,
Kolkata Knight Riders,67,76,4,93b4fc78,c18496e1,271f83cd,6,0,6,0,
Kolkata Knight Riders,68,77,4,93b4fc78,c18496e1,271f83cd,1,0,1,0,
Kolkata Knight Riders,69,77,4,271f83cd,c18496e1,93b4fc78,0,0,0,0,
Kolkata Knight Riders,70,79,4,271f83cd,c18496e1,93b4fc78,2,0,2,0,
Kolkata Knight Riders,71,80,4,271f83cd,c18496e1,93b4fc78,1,0,1,0,
Kolkata Knight Riders,72,81,4,93b4fc78,c18496e1,271f83cd,1,0,1,0,
Kolkata Knight Riders,73,85,4,93b4fc78,0a8fce53,271f83cd,4,0,4,0,
Kolkata Knight Riders,74,86,4,93b4fc78,0a8fce53,271f83cd,1,0,1,0,
Kolkata Knight Riders,75,87,4,271f83cd,0a8fce53,93b4fc78,1,0,1,0,
Kolkata Knight Riders,76,88,4,93b4fc78,0a8fce53,271f83cd,1,0,1,0,
Kolkata Knight Riders,77,88,4,271f83cd,0a8fce53,93b4fc78,0,0,0,0,
Kolkata Knight Riders,78,92,4,271f83cd,0a8fce53,93b4fc78,4,0,4,0,
Kolkata Knight Riders,79,93,4,93b4fc78,2e11c706,271f83cd,1,0,1,0,
Kolkata Knight Riders,80,95,4,271f83cd,2e11c706,93b4fc78,2,0,2,0,
Kolkata Knight Riders,81,96,4,271f83cd,2e11c706,93b4fc78,1,0,1,0,
Kolkata Knight Riders,82,97,4,93b4fc78,2e11c706,271f83cd,1,0,1,0,
Kolkata Knight Riders,83,99,4,271f83cd,2e11c706,93b4fc78,2,0,2,0,
Kolkata Knight Riders,84,100,4,271f83cd,2e11c706,93b4fc78,1,0,1,0,
Kolkata Knight Riders,85,101,4,271f83cd,d8b2f218,93b4fc78,1,0,1,0,
Kolkata Knight Riders,86,102,4,93b4fc78,d8b2f218,271f83cd,1,0,1,0,
Kolkata Knight Riders,87,108,4,271f83cd,d8b2f218,93b4fc78,6,0,6,0,
Kolkata Knight Riders,88,109,4,271f83cd,d8b2f218,93b4fc78,1,0,1,0,
Kolkata Knight Riders,89,109,4,93b4fc78,d8b2f218,271f83cd,0,0,0,0,
Kolkata Knight Riders,90,110,4,93b4fc78,d8b2f218,271f83cd,1,0,1,0,
Kolkata Knight Riders,91,112,4,93b4fc78,32198ae0,271f83cd,2,0,2,0,
Kolkata Knight Riders,92,113,4,93b4fc78,32198ae0,271f83cd,1,0,1,0,
Kolkata Knight Riders,93,114,4,271f83cd,32198ae0,93b4fc78,1,0,1,0,
Kolkata Knight Riders,94,115,4,93b4fc78,32198ae0,271f83cd,1,0,1,0,
Kolkata Knight Riders,95,115,5,271f83cd,32198ae0,93b4fc78,0,0,0,1,caught
Kolkata Knight Riders,96,116,5,93b4fc78,32198ae0,626c5379,1,0,1,0,
Kolkata Knight Riders,97,117,5,93b4fc78,0a8fce53,626c5379,1,0,1,0,
Kolkata Knight Riders,98,118,5,626c5379,0a8fce53,93b4fc78,1,0,1,0,
Kolkata Knight Riders,99,118,5,93b4fc78,0a8fce53,626c5379,0,0,0,0,
Kolkata Knight Riders,100,119,5,93b4fc78,0a8fce53,626c5379,1,0,1,0,
Kolkata Knight Riders,101,120,5,626c5379,0a8fce53,93b4fc78,0,1,1,0,
Kolkata Knight Riders,102,124,5,93b4fc78,0a8fce53,626c5379,4,0,4,0,
Kolkata Knight Riders,103,125,5,626c5379,2e81a32d,93b4fc78,1,0,1,0,
Kolkata Knight Riders,104,125,6,93b4fc78,2e81a32d,626c5379,0,0,0,1,caught
Kolkata Knight Riders,105,125,6,626c5379,2e81a32d,0f721006,0,0,0,0,
Kolkata Knight Riders,106,127,6,626c5379,2e81a32d,0f721006,2,0,2,0,
Kolkata Knight Riders,107,128,6,626c5379,2e81a32d,0f721006,1,0,1,0,
Kolkata Knight Riders,108,130,6,0f721006,2e81a32d,626c5379,2,0,2,0,
Kolkata Knight Riders,109,131,6,626c5379,0a8fce53,0f721006,1,0,1,0,
Kolkata Knight Riders,110,131,6,0f721006,0a8fce53,626c5379,0,0,0,0,
Kolkata Knight Riders,111,131,6,0f721006,0a8fce53,626c5379,0,0,0,0,
Kolkata Knight Riders,112,135,6,0f721006,0a8fce53,626c5379,4,0,4,0,
Kolkata Knight Riders,113,136,6,0f721006,0a8fce53,626c5379,0,1,1,0,
Kolkata Knight Riders,114,138,6,626c5379,0a8fce53,0f721006,2,0,2,0,
Kolkata Knight Riders,115,139,6,0f721006,2e81a32d,626c5379,0,1,1,0,
Kolkata Knight Riders,116,139,7,626c5379,2e81a32d,0f721006,0,0,0,1,bowled
Kolkata Knight Riders,117,139,7,9d430b40,2e81a32d,0f721006,0,0,0,0,
Kolkata Knight Riders,118,140,7,9d430b40,2e81a32d,0f721006,1,0,1,0,
Kolkata Knight Riders,119,140,8,0f721006,2e81a32d,9d430b40,0,0,0,1,caught
Kolkata Knight Riders,120,140,8,9d430b40,2e81a32d,5bb5a915,0,0,0,0,
