batting_team,ball_number,total_team_runs,total_team_wickets,striker_ID,bowler_ID,nonstriker_ID,batter_runs,extras_runs,total_delivery_runs,wicket,wicket_type
Jamaica Tallawahs,1,0,0,bbff906c,d68e7f48,db584dad,0,0,0,0,
Jamaica Tallawahs,2,2,0,bbff906c,d68e7f48,db584dad,2,0,2,0,
Jamaica Tallawahs,3,3,0,bbff906c,d68e7f48,db584dad,1,0,1,0,
Jamaica Tallawahs,4,3,0,db584dad,d68e7f48,bbff906c,0,0,0,0,
Jamaica Tallawahs,5,3,0,db584dad,d68e7f48,bbff906c,0,0,0,0,
Jamaica Tallawahs,6,3,0,db584dad,d68e7f48,bbff906c,0,0,0,0,
Jamaica Tallawahs,7,3,0,bbff906c,aa8d28ae,db584dad,0,0,0,0,
Jamaica Tallawahs,8,4,0,bbff906c,aa8d28ae,db584dad,1,0,1,0,
Jamaica Tallawahs,9,8,0,db584dad,aa8d28ae,bbff906c,4,0,4,0,
Jamaica Tallawahs,10,8,0,db584dad,aa8d28ae,bbff906c,0,0,0,0,
Jamaica Tallawahs,11,8,0,db584dad,aa8d28ae,bbff906c,0,0,0,0,
Jamaica Tallawahs,12,12,0,db584dad,aa8d28ae,bbff906c,4,0,4,0,
Jamaica Tallawahs,13,14,0,bbff906c,d68e7f48,db584dad,2,0,2,0,
Jamaica Tallawahs,14,15,0,bbff906c,d68e7f48,db584dad,0,1,1,0,
Jamaica Tallawahs,15,21,0,bbff906c,d68e7f48,db584dad,6,0,6,0,
Jamaica Tallawahs,16,21,0,bbff906c,d68e7f48,db584dad,0,0,0,0,
Jamaica Tallawahs,17,22,0,bbff906c,d68e7f48,db584dad,1,0,1,0,
Jamaica Tallawahs,18,22,0,db584dad,d68e7f48,bbff906c,0,0,0,0,
Jamaica Tallawahs,19,22,1,db584dad,d68e7f48,bbff906c,0,0,0,1,caught
Jamaica Tallawahs,20,23,1,bbff906c,d7725664,6b71e6cf,1,0,1,0,
Jamaica Tallawahs,21,23,1,6b71e6cf,d7725664,bbff906c,0,0,0,0,
Jamaica Tallawahs,22,27,1,6b71e6cf,d7725664,bbff906c,4,0,4,0,
Jamaica Tallawahs,23,28,1,6b71e6cf,d7725664,bbff906c,1,0,1,0,
Jamaica Tallawahs,24,32,1,bbff906c,d7725664,6b71e6cf,4,0,4,0,
Jamaica Tallawahs,25,36,1,bbff906c,d7725664,6b71e6cf,4,0,4,0,
Jamaica Tallawahs,26,40,1,6b71e6cf,aa8d28ae,bbff906c,4,0,4,0,
Jamaica Tallawahs,27,42,1,6b71e6cf,aa8d28ae,bbff906c,2,0,2,0,
Jamaica Tallawahs,28,46,1,6b71e6cf,aa8d28ae,bbff906c,4,0,4,0,
Jamaica Tallawahs,29,47,1,6b71e6cf,aa8d28ae,bbff906c,1,0,1,0,
Jamaica Tallawahs,30,48,1,bbff906c,aa8d28ae,6b71e6cf,1,0,1,0,
Jamaica Tallawahs,31,49,1,6b71e6cf,aa8d28ae,bbff906c,1,0,1,0,
Jamaica Tallawahs,32,50,1,6b71e6cf,4a745f65,bbff906c,1,0,1,0,
Jamaica Tallawahs,33,51,1,bbff906c,4a745f65,6b71e6cf,1,0,1,0,
Jamaica Tallawahs,34,53,1,6b71e6cf,4a745f65,bbff906c,2,0,2,0,
Jamaica Tallawahs,35,53,1,6b71e6cf,4a745f65,bbff906c,0,0,0,0,
Jamaica Tallawahs,36,54,1,6b71e6cf,4a745f65,bbff906c,1,0,1,0,
Jamaica Tallawahs,37,58,1,bbff906c,4a745f65,6b71e6cf,4,0,4,0,
Jamaica Tallawahs,38,59,1,6b71e6cf,16edfe47,bbff906c,1,0,1,0,
Jamaica Tallawahs,39,61,1,bbff906c,16edfe47,6b71e6cf,2,0,2,0,
Jamaica Tallawahs,40,62,1,bbff906c,16edfe47,6b71e6cf,1,0,1,0,
Jamaica Tallawahs,41,63,1,6b71e6cf,16edfe47,bbff906c,1,0,1,0,
Jamaica Tallawahs,42,64,1,bbff906c,16edfe47,6b71e6cf,1,0,1,0,
Jamaica Tallawahs,43,64,1,6b71e6cf,16edfe47,bbff906c,0,0,0,0,
Jamaica Tallawahs,44,70,1,bbff906c,4a745f65,6b71e6cf,6,0,6,0,
Jamaica Tallawahs,45,71,1,bbff906c,4a745f65,6b71e6cf,1,0,1,0,
Jamaica Tallawahs,46,75,1,6b71e6cf,4a745f65,bbff906c,4,0,4,0,
Jamaica Tallawahs,47,75,1,6b71e6cf,4a745f65,bbff906c,0,0,0,0,
Jamaica Tallawahs,48,76,1,6b71e6cf,4a745f65,bbff906c,1,0,1,0,
Jamaica Tallawahs,49,76,1,bbff906c,4a745f65,6b71e6cf,0,0,0,0,
Jamaica Tallawahs,50,77,1,6b71e6cf,16edfe47,bbff906c,1,0,1,0,
Jamaica Tallawahs,51,81,1,bbff906c,16edfe47,6b71e6cf,4,0,4,0,
Jamaica Tallawahs,52,82,1,bbff906c,16edfe47,6b71e6cf,1,0,1,0,
Jamaica Tallawahs,53,82,1,6b71e6cf,16edfe47,bbff906c,0,0,0,0,
Jamaica Tallawahs,54,83,1,6b71e6cf,16edfe47,bbff906c,1,0,1,0,
Jamaica Tallawahs,55,84,1,bbff906c,16edfe47,6b71e6cf,1,0,1,0,
Jamaica Tallawahs,56,85,1,bbff906c,d7725664,6b71e6cf,1,0,1,0,
Jamaica Tallawahs,57,86,1,6b71e6cf,d7725664,bbff906c,1,0,1,0,
Jamaica Tallawahs,58,90,1,bbff906c,d7725664,6b71e6cf,4,0,4,0,
Jamaica Tallawahs,59,91,1,bbff906c,d7725664,6b71e6cf,1,0,1,0,
Jamaica Tallawahs,60,92,1,6b71e6cf,d7725664,bbff906c,1,0,1,0,
Jamaica Tallawahs,61,93,1,bbff906c,d7725664,6b71e6cf,1,0,1,0,
Jamaica Tallawahs,62,97,1,bbff906c,16edfe47,6b71e6cf,4,0,4,0,
Jamaica Tallawahs,63,98,1,bbff906c,16edfe47,6b71e6cf,1,0,1,0,
Jamaica Tallawahs,64,99,1,6b71e6cf,16edfe47,bbff906c,1,0,1,0,
Jamaica Tallawahs,65,103,1,bbff906c,16edfe47,6b71e6cf,4,0,4,0,
Jamaica Tallawahs,66,109,1,bbff906c,16edfe47,6b71e6cf,6,0,6,0,
Jamaica Tallawahs,67,110,1,bbff906c,16edfe47,6b71e6cf,1,0,1,0,
Jamaica Tallawahs,68,111,1,bbff906c,d7725664,6b71e6cf,1,0,1,0,
Jamaica Tallawahs,69,112,1,6b71e6cf,d7725664,bbff906c,1,0,1,0,
Jamaica Tallawahs,70,112,1,bbff906c,d7725664,6b71e6cf,0,0,0,0,
Jamaica Tallawahs,71,116,1,bbff906c,d7725664,6b71e6cf,4,0,4,0,
Jamaica Tallawahs,72,122,1,bbff906c,d7725664,6b71e6cf,6,0,6,0,
Jamaica Tallawahs,73,123,1,bbff906c,d7725664,6b71e6cf,1,0,1,0,
Jamaica Tallawahs,74,124,1,bbff906c,d68e7f48,6b71e6cf,1,0,1,0,
Jamaica Tallawahs,75,126,1,6b71e6cf,d68e7f48,bbff906c,2,0,2,0,
Jamaica Tallawahs,76,132,1,6b71e6cf,d68e7f48,bbff906c,6,0,6,0,
Jamaica Tallawahs,77,134,1,6b71e6cf,d68e7f48,bbff906c,1,1,2,0,
Jamaica Tallawahs,78,140,1,bbff906c,d68e7f48,6b71e6cf,6,0,6,0,
Jamaica Tallawahs,79,140,1,bbff906c,d68e7f48,6b71e6cf,0,0,0,0,
Jamaica Tallawahs,80,140,1,bbff906c,d68e7f48,6b71e6cf,0,0,0,0,
Jamaica Tallawahs,81,146,1,6b71e6cf,a757b0d8,bbff906c,6,0,6,0,
Jamaica Tallawahs,82,147,1,6b71e6cf,a757b0d8,bbff906c,1,0,1,0,
Jamaica Tallawahs,83,147,1,bbff906c,a757b0d8,6b71e6cf,0,0,0,0,
Jamaica Tallawahs,84,147,1,bbff906c,a757b0d8,6b71e6cf,0,0,0,0,
Jamaica Tallawahs,85,147,1,bbff906c,a757b0d8,6b71e6cf,0,0,0,0,
Jamaica Tallawahs,86,149,1,bbff906c,a757b0d8,6b71e6cf,2,0,2,0,
Jamaica Tallawahs,87,149,2,6b71e6cf,aa8d28ae,bbff906c,0,0,0,1,caught
Jamaica Tallawahs,88,149,2,bbff906c,aa8d28ae,bbd41817,0,0,0,0,
Jamaica Tallawahs,89,150,2,bbff906c,aa8d28ae,bbd41817,1,0,1,0,
Jamaica Tallawahs,90,150,3,bbd41817,aa8d28ae,bbff906c,0,0,0,1,caught
Jamaica Tallawahs,91,150,3,650d5e49,aa8d28ae,bbff906c,0,0,0,0,
Jamaica Tallawahs,92,151,3,650d5e49,aa8d28ae,bbff906c,1,0,1,0,
Jamaica Tallawahs,93,157,3,650d5e49,a757b0d8,bbff906c,6,0,6,0,
Jamaica Tallawahs,94,159,3,650d5e49,a757b0d8,bbff906c,2,0,2,0,
Jamaica Tallawahs,95,160,3,650d5e49,a757b0d8,bbff906c,0,1,1,0,
Jamaica Tallawahs,96,161,3,650d5e49,a757b0d8,bbff906c,0,1,1,0,
Jamaica Tallawahs,97,162,3,650d5e49,a757b0d8,bbff906c,1,0,1,0,
Jamaica Tallawahs,98,166,3,bbff906c,a757b0d8,650d5e49,4,0,4,0,
Jamaica Tallawahs,99,168,3,bbff906c,a757b0d8,650d5e49,2,0,2,0,
Jamaica Tallawahs,100,169,3,bbff906c,a757b0d8,650d5e49,0,1,1,0,
Jamaica Tallawahs,101,169,3,bbff906c,a757b0d8,650d5e49,0,0,0,0,
Jamaica Tallawahs,102,170,3,650d5e49,aa8d28ae,bbff906c,1,0,1,0,
Jamaica Tallawahs,103,171,3,bbff906c,aa8d28ae,650d5e49,1,0,1,0,
Jamaica Tallawahs,104,171,3,650d5e49,aa8d28ae,bbff906c,0,0,0,0,
Jamaica Tallawahs,105,177,3,650d5e49,aa8d28ae,bbff906c,6,0,6,0,
Jamaica Tallawahs,106,184,3,650d5e49,aa8d28ae,bbff906c,6,1,7,0,
Jamaica Tallawahs,107,184,3,650d5e49,aa8d28ae,bbff906c,0,0,0,0,
Jamaica Tallawahs,108,190,3,650d5e49,aa8d28ae,bbff906c,6,0,6,0,
Jamaica Tallawahs,109,190,3,bbff906c,d68e7f48,650d5e49,0,0,0,0,
Jamaica Tallawahs,110,190,4,bbff906c,d68e7f48,650d5e49,0,0,0,1,caught
Jamaica Tallawahs,111,191,4,650d5e49,d68e7f48,7dc35884,1,0,1,0,
Jamaica Tallawahs,112,191,5,7dc35884,d68e7f48,650d5e49,0,0,0,1,run out
Jamaica Tallawahs,113,191,5,650d5e49,d68e7f48,30baaf1f,0,0,0,0,
Jamaica Tallawahs,114,195,5,650d5e49,d68e7f48,30baaf1f,4,0,4,0,
Barbados Tridents,1,0,0,c59d8f8a,bbd41817,f8fd6e3f,0,0,0,0,
Barbados Tridents,2,2,0,c59d8f8a,bbd41817,f8fd6e3f,2,0,2,0,
Barbados Tridents,3,3,0,c59d8f8a,bbd41817,f8fd6e3f,1,0,1,0,
Barbados Tridents,4,3,0,f8fd6e3f,bbd41817,c59d8f8a,0,0,0,0,
Barbados Tridents,5,5,0,f8fd6e3f,bbd41817,c59d8f8a,2,0,2,0,
Barbados Tridents,6,5,0,f8fd6e3f,bbd41817,c59d8f8a,0,0,0,0,
Barbados Tridents,7,9,0,c59d8f8a,8fd1a8f5,f8fd6e3f,4,0,4,0,
Barbados Tridents,8,9,0,c59d8f8a,8fd1a8f5,f8fd6e3f,0,0,0,0,
Barbados Tridents,9,15,0,c59d8f8a,8fd1a8f5,f8fd6e3f,6,0,6,0,
Barbados Tridents,10,15,1,c59d8f8a,8fd1a8f5,f8fd6e3f,0,0,0,1,caught
Barbados Tridents,11,15,1,4d7f517e,8fd1a8f5,f8fd6e3f,0,0,0,0,
Barbados Tridents,12,15,1,4d7f517e,8fd1a8f5,f8fd6e3f,0,0,0,0,
Barbados Tridents,13,15,1,f8fd6e3f,78cb83f3,4d7f517e,0,0,0,0,
Barbados Tridents,14,15,1,f8fd6e3f,78cb83f3,4d7f517e,0,0,0,0,
Barbados Tridents,15,21,1,f8fd6e3f,78cb83f3,4d7f517e,6,0,6,0,
Barbados Tridents,16,22,1,f8fd6e3f,78cb83f3,4d7f517e,1,0,1,0,
Barbados Tridents,17,22,1,4d7f517e,78cb83f3,f8fd6e3f,0,0,0,0,
Barbados Tridents,18,22,1,4d7f517e,78cb83f3,f8fd6e3f,0,0,0,0,
Barbados Tridents,19,23,1,f8fd6e3f,8fd1a8f5,4d7f517e,1,0,1,0,
Barbados Tridents,20,23,1,4d7f517e,8fd1a8f5,f8fd6e3f,0,0,0,0,
Barbados Tridents,21,25,1,4d7f517e,8fd1a8f5,f8fd6e3f,2,0,2,0,
Barbados Tridents,22,26,1,4d7f517e,8fd1a8f5,f8fd6e3f,1,0,1,0,
Barbados Tridents,23,27,1,f8fd6e3f,8fd1a8f5,4d7f517e,1,0,1,0,
Barbados Tridents,24,27,1,4d7f517e,8fd1a8f5,f8fd6e3f,0,0,0,0,
Barbados Tridents,25,31,1,f8fd6e3f,bbd41817,4d7f517e,4,0,4,0,
Barbados Tridents,26,31,1,f8fd6e3f,bbd41817,4d7f517e,0,0,0,0,
Barbados Tridents,27,31,1,f8fd6e3f,bbd41817,4d7f517e,0,0,0,0,
Barbados Tridents,28,36,1,f8fd6e3f,bbd41817,4d7f517e,0,5,5,0,
Barbados Tridents,29,36,2,f8fd6e3f,bbd41817,4d7f517e,0,0,0,1,caught
Barbados Tridents,30,37,2,64c34cd0,bbd41817,4d7f517e,0,1,1,0,
Barbados Tridents,31,39,2,4d7f517e,bbd41817,64c34cd0,2,0,2,0,
Barbados Tridents,32,40,2,64c34cd0,30baaf1f,4d7f517e,1,0,1,0,
Barbados Tridents,33,41,2,4d7f517e,30baaf1f,64c34cd0,1,0,1,0,
Barbados Tridents,34,42,2,64c34cd0,30baaf1f,4d7f517e,1,0,1,0,
Barbados Tridents,35,42,2,4d7f517e,30baaf1f,64c34cd0,0,0,0,0,
Barbados Tridents,36,44,2,4d7f517e,30baaf1f,64c34cd0,2,0,2,0,
Barbados Tridents,37,44,3,4d7f517e,30baaf1f,64c34cd0,0,0,0,1,caught
Barbados Tridents,38,44,3,64c34cd0,650d5e49,3241e3fd,0,0,0,0,
Barbados Tridents,39,45,3,64c34cd0,650d5e49,3241e3fd,1,0,1,0,
Barbados Tridents,40,46,3,3241e3fd,650d5e49,64c34cd0,1,0,1,0,
Barbados Tridents,41,47,3,64c34cd0,650d5e49,3241e3fd,1,0,1,0,
Barbados Tridents,42,48,3,3241e3fd,650d5e49,64c34cd0,1,0,1,0,
Barbados Tridents,43,49,3,64c34cd0,650d5e49,3241e3fd,1,0,1,0,
Barbados Tridents,44,50,3,64c34cd0,30baaf1f,3241e3fd,1,0,1,0,
Barbados Tridents,45,51,3,3241e3fd,30baaf1f,64c34cd0,1,0,1,0,
Barbados Tridents,46,51,3,64c34cd0,30baaf1f,3241e3fd,0,0,0,0,
Barbados Tridents,47,55,3,64c34cd0,30baaf1f,3241e3fd,4,0,4,0,
Barbados Tridents,48,55,4,64c34cd0,30baaf1f,3241e3fd,0,0,0,1,caught
Barbados Tridents,49,55,4,3241e3fd,30baaf1f,a757b0d8,0,0,0,0,
Barbados Tridents,50,55,4,a757b0d8,650d5e49,3241e3fd,0,0,0,0,
Barbados Tridents,51,55,4,a757b0d8,650d5e49,3241e3fd,0,0,0,0,
Barbados Tridents,52,56,4,a757b0d8,650d5e49,3241e3fd,1,0,1,0,
Barbados Tridents,53,57,4,3241e3fd,650d5e49,a757b0d8,1,0,1,0,
Barbados Tridents,54,58,4,a757b0d8,650d5e49,3241e3fd,1,0,1,0,
Barbados Tridents,55,59,4,3241e3fd,650d5e49,a757b0d8,1,0,1,0,
Barbados Tridents,56,65,4,3241e3fd,30baaf1f,a757b0d8,6,0,6,0,
Barbados Tridents,57,65,4,3241e3fd,30baaf1f,a757b0d8,0,0,0,0,
Barbados Tridents,58,65,4,3241e3fd,30baaf1f,a757b0d8,0,0,0,0,
Barbados Tridents,59,71,4,3241e3fd,30baaf1f,a757b0d8,6,0,6,0,
Barbados Tridents,60,72,4,3241e3fd,30baaf1f,a757b0d8,0,1,1,0,
Barbados Tridents,61,76,4,a757b0d8,30baaf1f,3241e3fd,4,0,4,0,
Barbados Tridents,62,76,4,3241e3fd,78cb83f3,a757b0d8,0,0,0,0,
Barbados Tridents,63,77,4,3241e3fd,78cb83f3,a757b0d8,1,0,1,0,
Barbados Tridents,64,78,4,a757b0d8,78cb83f3,3241e3fd,1,0,1,0,
Barbados Tridents,65,79,4,3241e3fd,78cb83f3,a757b0d8,0,1,1,0,
Barbados Tridents,66,80,4,3241e3fd,78cb83f3,a757b0d8,1,0,1,0,
Barbados Tridents,67,82,4,a757b0d8,78cb83f3,3241e3fd,2,0,2,0,
Barbados Tridents,68,83,4,a757b0d8,78cb83f3,3241e3fd,1,0,1,0,
Barbados Tridents,69,89,4,a757b0d8,8fd1a8f5,3241e3fd,6,0,6,0,
Barbados Tridents,70,89,4,a757b0d8,8fd1a8f5,3241e3fd,0,0,0,0,
Barbados Tridents,71,89,5,a757b0d8,8fd1a8f5,3241e3fd,0,0,0,1,caught
Barbados Tridents,72,90,5,3241e3fd,8fd1a8f5,aa8d28ae,1,0,1,0,
Barbados Tridents,73,90,6,aa8d28ae,8fd1a8f5,3241e3fd,0,0,0,1,caught
Barbados Tridents,74,90,6,4a745f65,8fd1a8f5,3241e3fd,0,0,0,0,
Barbados Tridents,75,91,6,3241e3fd,650d5e49,4a745f65,1,0,1,0,
Barbados Tridents,76,92,6,4a745f65,650d5e49,3241e3fd,0,1,1,0,
Barbados Tridents,77,93,6,3241e3fd,650d5e49,4a745f65,1,0,1,0,
Barbados Tridents,78,93,6,4a745f65,650d5e49,3241e3fd,0,0,0,0,
Barbados Tridents,79,98,6,4a745f65,650d5e49,3241e3fd,4,1,5,0,
Barbados Tridents,80,99,6,4a745f65,650d5e49,3241e3fd,1,0,1,0,
Barbados Tridents,81,105,6,3241e3fd,650d5e49,4a745f65,6,0,6,0,
Barbados Tridents,82,105,6,4a745f65,bbd41817,3241e3fd,0,0,0,0,
Barbados Tridents,83,106,6,4a745f65,bbd41817,3241e3fd,1,0,1,0,
Barbados Tridents,84,110,6,3241e3fd,bbd41817,4a745f65,4,0,4,0,
Barbados Tridents,85,116,6,3241e3fd,bbd41817,4a745f65,6,0,6,0,
Barbados Tridents,86,122,6,3241e3fd,bbd41817,4a745f65,6,0,6,0,
Barbados Tridents,87,123,6,3241e3fd,bbd41817,4a745f65,0,1,1,0,
Barbados Tridents,88,129,6,3241e3fd,78cb83f3,4a745f65,6,0,6,0,
Barbados Tridents,89,130,6,3241e3fd,78cb83f3,4a745f65,1,0,1,0,
Barbados Tridents,90,131,6,4a745f65,78cb83f3,3241e3fd,0,1,1,0,
Barbados Tridents,91,131,7,3241e3fd,78cb83f3,4a745f65,0,0,0,1,run out
Barbados Tridents,92,135,7,4a745f65,78cb83f3,d7725664,4,0,4,0,
Barbados Tridents,93,135,8,4a745f65,78cb83f3,d7725664,0,0,0,1,caught
Barbados Tridents,94,139,8,d7725664,8fd1a8f5,16edfe47,4,0,4,0,
Barbados Tridents,95,139,8,d7725664,8fd1a8f5,16edfe47,0,0,0,0,
Barbados Tridents,96,140,8,d7725664,8fd1a8f5,16edfe47,1,0,1,0,
Barbados Tridents,97,140,9,16edfe47,8fd1a8f5,d7725664,0,0,0,1,caught
Barbados Tridents,98,140,9,d68e7f48,8fd1a8f5,d7725664,0,0,0,0,
Barbados Tridents,99,140,9,d68e7f48,8fd1a8f5,d7725664,0,0,0,0,
Barbados Tridents,100,141,9,d7725664,78cb83f3,d68e7f48,1,0,1,0,
Barbados Tridents,101,142,9,d68e7f48,78cb83f3,d7725664,1,0,1,0,
Barbados Tridents,102,143,9,d7725664,78cb83f3,d68e7f48,1,0,1,0,
Barbados Tridents,103,144,9,d68e7f48,78cb83f3,d7725664,1,0,1,0,
Barbados Tridents,104,145,9,d7725664,78cb83f3,d68e7f48,1,0,1,0,
Barbados Tridents,105,151,9,d68e7f48,78cb83f3,d7725664,6,0,6,0,
Barbados Tridents,106,152,9,d7725664,db584dad,d68e7f48,1,0,1,0,
Barbados Tridents,107,152,9,d68e7f48,db584dad,d7725664,0,0,0,0,
Barbados Tridents,108,153,9,d68e7f48,db584dad,d7725664,0,1,1,0,
Barbados Tridents,109,159,9,d68e7f48,db584dad,d7725664,6,0,6,0,
Barbados Tridents,110,159,10,d68e7f48,db584dad,d7725664,0,0,0,1,caught
