batting_team,ball_number,total_team_runs,total_team_wickets,striker_ID,bowler_ID,nonstriker_ID,batter_runs,extras_runs,total_delivery_runs,wicket,wicket_type
Mumbai Indians,1,0,0,740742ef,9d80c5e1,2be41edb,0,0,0,0,
Mumbai Indians,2,0,0,740742ef,9d80c5e1,2be41edb,0,0,0,0,
Mumbai Indians,3,4,0,740742ef,9d80c5e1,2be41edb,4,0,4,0,
Mumbai Indians,4,10,0,740742ef,9d80c5e1,2be41edb,6,0,6,0,
Mumbai Indians,5,11,0,740742ef,9d80c5e1,2be41edb,1,0,1,0,
Mumbai Indians,6,11,0,2be41edb,9d80c5e1,740742ef,0,0,0,0,
Mumbai Indians,7,12,0,740742ef,fb66ce1f,2be41edb,1,0,1,0,
Mumbai Indians,8,12,0,2be41edb,fb66ce1f,740742ef,0,0,0,0,
Mumbai Indians,9,12,0,2be41edb,fb66ce1f,740742ef,0,0,0,0,
Mumbai Indians,10,13,0,2be41edb,fb66ce1f,740742ef,1,0,1,0,
Mumbai Indians,11,13,0,740742ef,fb66ce1f,2be41edb,0,0,0,0,
Mumbai Indians,12,14,0,740742ef,fb66ce1f,2be41edb,1,0,1,0,
Mumbai Indians,13,14,0,740742ef,91a4a398,2be41edb,0,0,0,0,
Mumbai Indians,14,15,0,740742ef,91a4a398,2be41edb,1,0,1,0,
Mumbai Indians,15,16,0,2be41edb,91a4a398,740742ef,1,0,1,0,
Mumbai Indians,16,16,0,740742ef,91a4a398,2be41edb,0,0,0,0,
Mumbai Indians,17,17,0,740742ef,91a4a398,2be41edb,1,0,1,0,
Mumbai Indians,18,17,0,2be41edb,91a4a398,740742ef,0,0,0,0,
Mumbai Indians,19,18,0,740742ef,fb66ce1f,2be41edb,1,0,1,0,
Mumbai Indians,20,24,0,2be41edb,fb66ce1f,740742ef,6,0,6,0,
Mumbai Indians,21,25,0,2be41edb,fb66ce1f,740742ef,1,0,1,0,
Mumbai Indians,22,25,0,740742ef,fb66ce1f,2be41edb,0,0,0,0,
Mumbai Indians,23,25,0,740742ef,fb66ce1f,2be41edb,0,0,0,0,
Mumbai Indians,24,31,0,740742ef,fb66ce1f,2be41edb,6,0,6,0,
Mumbai Indians,25,31,0,2be41edb,91a4a398,740742ef,0,0,0,0,
Mumbai Indians,26,31,0,2be41edb,91a4a398,740742ef,0,0,0,0,
Mumbai Indians,27,31,0,2be41edb,91a4a398,740742ef,0,0,0,0,
Mumbai Indians,28,31,0,2be41edb,91a4a398,740742ef,0,0,0,0,
Mumbai Indians,29,32,0,2be41edb,91a4a398,740742ef,1,0,1,0,
Mumbai Indians,30,33,0,740742ef,91a4a398,2be41edb,1,0,1,0,
Mumbai Indians,31,34,0,740742ef,9d80c5e1,2be41edb,1,0,1,0,
Mumbai Indians,32,37,0,2be41edb,9d80c5e1,740742ef,3,0,3,0,
Mumbai Indians,33,43,0,740742ef,9d80c5e1,2be41edb,6,0,6,0,
Mumbai Indians,34,44,0,740742ef,9d80c5e1,2be41edb,1,0,1,0,
Mumbai Indians,35,44,0,2be41edb,9d80c5e1,740742ef,0,0,0,0,
Mumbai Indians,36,45,0,2be41edb,9d80c5e1,740742ef,1,0,1,0,
Mumbai Indians,37,45,0,2be41edb,6b19d823,740742ef,0,0,0,0,
Mumbai Indians,38,46,0,2be41edb,6b19d823,740742ef,1,0,1,0,
Mumbai Indians,39,46,1,740742ef,6b19d823,2be41edb,0,0,0,1,caught
Mumbai Indians,40,47,1,5b8c830e,6b19d823,2be41edb,1,0,1,0,
Mumbai Indians,41,51,1,2be41edb,6b19d823,5b8c830e,4,0,4,0,
Mumbai Indians,42,51,1,2be41edb,6b19d823,5b8c830e,0,0,0,0,
Mumbai Indians,43,51,1,5b8c830e,acee4cc4,2be41edb,0,0,0,0,
Mumbai Indians,44,52,1,5b8c830e,acee4cc4,2be41edb,1,0,1,0,
Mumbai Indians,45,56,1,2be41edb,acee4cc4,5b8c830e,4,0,4,0,
Mumbai Indians,46,57,1,2be41edb,acee4cc4,5b8c830e,1,0,1,0,
Mumbai Indians,47,60,1,5b8c830e,acee4cc4,2be41edb,3,0,3,0,
Mumbai Indians,48,61,1,2be41edb,acee4cc4,5b8c830e,1,0,1,0,
Mumbai Indians,49,62,1,2be41edb,6b19d823,5b8c830e,1,0,1,0,
Mumbai Indians,50,62,1,5b8c830e,6b19d823,2be41edb,0,0,0,0,
Mumbai Indians,51,68,1,5b8c830e,6b19d823,2be41edb,6,0,6,0,
Mumbai Indians,52,69,1,5b8c830e,6b19d823,2be41edb,1,0,1,0,
Mumbai Indians,53,70,1,2be41edb,6b19d823,5b8c830e,1,0,1,0,
Mumbai Indians,54,74,1,5b8c830e,6b19d823,2be41edb,4,0,4,0,
Mumbai Indians,55,75,1,2be41edb,acee4cc4,5b8c830e,1,0,1,0,
Mumbai Indians,56,76,1,5b8c830e,acee4cc4,2be41edb,1,0,1,0,
Mumbai Indians,57,77,1,2be41edb,acee4cc4,5b8c830e,1,0,1,0,
Mumbai Indians,58,79,1,5b8c830e,acee4cc4,2be41edb,2,0,2,0,
Mumbai Indians,59,83,1,5b8c830e,acee4cc4,2be41edb,4,0,4,0,
Mumbai Indians,60,84,1,5b8c830e,acee4cc4,2be41edb,1,0,1,0,
Mumbai Indians,61,85,1,5b8c830e,6b19d823,2be41edb,1,0,1,0,
Mumbai Indians,62,85,1,2be41edb,6b19d823,5b8c830e,0,0,0,0,
Mumbai Indians,63,85,1,2be41edb,6b19d823,5b8c830e,0,0,0,0,
Mumbai Indians,64,86,1,2be41edb,6b19d823,5b8c830e,1,0,1,0,
Mumbai Indians,65,86,1,5b8c830e,6b19d823,2be41edb,0,0,0,0,
Mumbai Indians,66,90,1,5b8c830e,6b19d823,2be41edb,4,0,4,0,
Mumbai Indians,67,93,1,2be41edb,9d80c5e1,5b8c830e,3,0,3,0,
Mumbai Indians,68,95,1,5b8c830e,9d80c5e1,2be41edb,2,0,2,0,
Mumbai Indians,69,96,1,5b8c830e,9d80c5e1,2be41edb,1,0,1,0,
Mumbai Indians,70,96,1,2be41edb,9d80c5e1,5b8c830e,0,0,0,0,
Mumbai Indians,71,97,1,2be41edb,9d80c5e1,5b8c830e,1,0,1,0,
Mumbai Indians,72,97,1,5b8c830e,9d80c5e1,2be41edb,0,0,0,0,
Mumbai Indians,73,103,1,2be41edb,acee4cc4,5b8c830e,6,0,6,0,
Mumbai Indians,74,109,1,2be41edb,acee4cc4,5b8c830e,6,0,6,0,
Mumbai Indians,75,109,1,2be41edb,acee4cc4,5b8c830e,0,0,0,0,
Mumbai Indians,76,110,1,2be41edb,acee4cc4,5b8c830e,1,0,1,0,
Mumbai Indians,77,116,1,5b8c830e,acee4cc4,2be41edb,6,0,6,0,
Mumbai Indians,78,120,1,5b8c830e,acee4cc4,2be41edb,4,0,4,0,
Mumbai Indians,79,120,1,2be41edb,9d80c5e1,5b8c830e,0,0,0,0,
Mumbai Indians,80,120,1,2be41edb,9d80c5e1,5b8c830e,0,0,0,0,
Mumbai Indians,81,121,1,2be41edb,9d80c5e1,5b8c830e,1,0,1,0,
Mumbai Indians,82,125,1,5b8c830e,9d80c5e1,2be41edb,4,0,4,0,
Mumbai Indians,83,131,1,5b8c830e,9d80c5e1,2be41edb,6,0,6,0,
Mumbai Indians,84,132,1,5b8c830e,9d80c5e1,2be41edb,1,0,1,0,
Mumbai Indians,85,136,1,5b8c830e,91a4a398,2be41edb,4,0,4,0,
Mumbai Indians,86,138,1,5b8c830e,91a4a398,2be41edb,2,0,2,0,
Mumbai Indians,87,139,1,5b8c830e,91a4a398,2be41edb,0,1,1,0,
Mumbai Indians,88,140,1,5b8c830e,91a4a398,2be41edb,1,0,1,0,
Mumbai Indians,89,144,1,2be41edb,91a4a398,5b8c830e,0,4,4,0,
Mumbai Indians,90,144,2,2be41edb,91a4a398,5b8c830e,0,0,0,1,caught
Mumbai Indians,91,144,2,5b8c830e,91a4a398,a757b0d8,0,0,0,0,
Mumbai Indians,92,144,2,a757b0d8,6b19d823,5b8c830e,0,0,0,0,
Mumbai Indians,93,145,2,a757b0d8,6b19d823,5b8c830e,1,0,1,0,
Mumbai Indians,94,149,2,5b8c830e,6b19d823,a757b0d8,4,0,4,0,
Mumbai Indians,95,155,2,5b8c830e,6b19d823,a757b0d8,6,0,6,0,
Mumbai Indians,96,161,2,5b8c830e,6b19d823,a757b0d8,6,0,6,0,
Mumbai Indians,97,161,2,5b8c830e,6b19d823,a757b0d8,0,0,0,0,
Mumbai Indians,98,162,2,a757b0d8,91a4a398,5b8c830e,1,0,1,0,
Mumbai Indians,99,162,2,5b8c830e,91a4a398,a757b0d8,0,0,0,0,
Mumbai Indians,100,168,2,5b8c830e,91a4a398,a757b0d8,6,0,6,0,
Mumbai Indians,101,169,2,5b8c830e,91a4a398,a757b0d8,1,0,1,0,
Mumbai Indians,102,170,2,a757b0d8,91a4a398,5b8c830e,1,0,1,0,
Mumbai Indians,103,171,2,5b8c830e,91a4a398,a757b0d8,1,0,1,0,
Mumbai Indians,104,173,2,5b8c830e,fb66ce1f,a757b0d8,2,0,2,0,
Mumbai Indians,105,173,3,5b8c830e,fb66ce1f,a757b0d8,0,0,0,1,bowled
Mumbai Indians,106,174,3,99b75528,fb66ce1f,a757b0d8,1,0,1,0,
Mumbai Indians,107,174,3,a757b0d8,fb66ce1f,99b75528,0,0,0,0,
Mumbai Indians,108,174,4,a757b0d8,fb66ce1f,99b75528,0,0,0,1,caught
Mumbai Indians,109,178,4,99b75528,fb66ce1f,70d205c9,4,0,4,0,
Mumbai Indians,110,182,4,70d205c9,acee4cc4,99b75528,4,0,4,0,
Mumbai Indians,111,188,4,70d205c9,acee4cc4,99b75528,6,0,6,0,
Mumbai Indians,112,190,4,70d205c9,acee4cc4,99b75528,2,0,2,0,
Mumbai Indians,113,191,4,70d205c9,acee4cc4,99b75528,1,0,1,0,
Mumbai Indians,114,193,4,99b75528,acee4cc4,70d205c9,2,0,2,0,
Mumbai Indians,115,194,4,99b75528,acee4cc4,70d205c9,1,0,1,0,
Mumbai Indians,116,194,4,99b75528,fb66ce1f,70d205c9,0,0,0,0,
Mumbai Indians,117,195,4,99b75528,fb66ce1f,70d205c9,0,1,1,0,
Mumbai Indians,118,196,4,70d205c9,fb66ce1f,99b75528,0,1,1,0,
Mumbai Indians,119,200,4,99b75528,fb66ce1f,70d205c9,4,0,4,0,
Mumbai Indians,120,200,4,99b75528,fb66ce1f,70d205c9,0,0,0,0,
Mumbai Indians,121,206,4,99b75528,fb66ce1f,70d205c9,6,0,6,0,
Delhi Daredevils,1,1,0,00ea847a,8b5b6769,372455c4,1,0,1,0,
Delhi Daredevils,2,2,0,372455c4,8b5b6769,00ea847a,1,0,1,0,
Delhi Daredevils,3,2,0,00ea847a,8b5b6769,372455c4,0,0,0,0,
Delhi Daredevils,4,8,0,00ea847a,8b5b6769,372455c4,6,0,6,0,
Delhi Daredevils,5,9,0,00ea847a,8b5b6769,372455c4,1,0,1,0,
Delhi Daredevils,6,10,0,372455c4,8b5b6769,00ea847a,1,0,1,0,
Delhi Daredevils,7,10,0,372455c4,41eb4a4f,00ea847a,0,0,0,0,
Delhi Daredevils,8,11,0,372455c4,41eb4a4f,00ea847a,1,0,1,0,
Delhi Daredevils,9,11,1,00ea847a,41eb4a4f,372455c4,0,0,0,1,bowled
Delhi Daredevils,10,11,1,944533a5,41eb4a4f,372455c4,0,0,0,0,
Delhi Daredevils,11,12,1,944533a5,41eb4a4f,372455c4,1,0,1,0,
Delhi Daredevils,12,13,1,372455c4,41eb4a4f,944533a5,1,0,1,0,
Delhi Daredevils,13,13,1,372455c4,51a3c5ef,944533a5,0,0,0,0,
Delhi Daredevils,14,19,1,372455c4,51a3c5ef,944533a5,6,0,6,0,
Delhi Daredevils,15,19,1,372455c4,51a3c5ef,944533a5,0,0,0,0,
Delhi Daredevils,16,19,1,372455c4,51a3c5ef,944533a5,0,0,0,0,
Delhi Daredevils,17,20,1,372455c4,51a3c5ef,944533a5,1,0,1,0,
Delhi Daredevils,18,21,1,944533a5,51a3c5ef,372455c4,1,0,1,0,
Delhi Daredevils,19,21,1,944533a5,41eb4a4f,372455c4,0,0,0,0,
Delhi Daredevils,20,22,1,944533a5,41eb4a4f,372455c4,1,0,1,0,
Delhi Daredevils,21,26,1,372455c4,41eb4a4f,944533a5,4,0,4,0,
Delhi Daredevils,22,32,1,372455c4,41eb4a4f,944533a5,6,0,6,0,
Delhi Daredevils,23,36,1,372455c4,41eb4a4f,944533a5,4,0,4,0,
Delhi Daredevils,24,40,1,372455c4,41eb4a4f,944533a5,4,0,4,0,
Delhi Daredevils,25,41,1,944533a5,8b5b6769,372455c4,1,0,1,0,
Delhi Daredevils,26,42,1,372455c4,8b5b6769,944533a5,1,0,1,0,
Delhi Daredevils,27,46,1,944533a5,8b5b6769,372455c4,4,0,4,0,
Delhi Daredevils,28,46,2,944533a5,8b5b6769,372455c4,0,0,0,1,caught
Delhi Daredevils,29,46,2,a4cc73aa,8b5b6769,372455c4,0,0,0,0,
Delhi Daredevils,30,47,2,a4cc73aa,8b5b6769,372455c4,1,0,1,0,
Delhi Daredevils,31,47,2,a4cc73aa,462411b3,372455c4,0,0,0,0,
Delhi Daredevils,32,48,2,a4cc73aa,462411b3,372455c4,1,0,1,0,
Delhi Daredevils,33,49,2,372455c4,462411b3,a4cc73aa,1,0,1,0,
Delhi Daredevils,34,49,2,a4cc73aa,462411b3,372455c4,0,0,0,0,
Delhi Daredevils,35,49,2,a4cc73aa,462411b3,372455c4,0,0,0,0,
Delhi Daredevils,36,49,2,a4cc73aa,462411b3,372455c4,0,0,0,0,
Delhi Daredevils,37,50,2,372455c4,8b5b6769,a4cc73aa,1,0,1,0,
Delhi Daredevils,38,51,2,a4cc73aa,8b5b6769,372455c4,1,0,1,0,
Delhi Daredevils,39,51,2,372455c4,8b5b6769,a4cc73aa,0,0,0,0,
Delhi Daredevils,40,51,2,372455c4,8b5b6769,a4cc73aa,0,0,0,0,
Delhi Daredevils,41,55,2,372455c4,8b5b6769,a4cc73aa,4,0,4,0,
Delhi Daredevils,42,56,2,372455c4,8b5b6769,a4cc73aa,1,0,1,0,
Delhi Daredevils,43,57,2,372455c4,5b8c830e,a4cc73aa,1,0,1,0,
Delhi Daredevils,44,57,2,a4cc73aa,5b8c830e,372455c4,0,0,0,0,
Delhi Daredevils,45,59,2,a4cc73aa,5b8c830e,372455c4,2,0,2,0,
Delhi Daredevils,46,60,2,a4cc73aa,5b8c830e,372455c4,1,0,1,0,
Delhi Daredevils,47,60,3,372455c4,5b8c830e,a4cc73aa,0,0,0,1,run out
Delhi Daredevils,48,60,3,372455c4,5b8c830e,919a3be2,0,0,0,0,
Delhi Daredevils,49,61,3,919a3be2,8b5b6769,372455c4,1,0,1,0,
Delhi Daredevils,50,62,3,372455c4,8b5b6769,919a3be2,1,0,1,0,
Delhi Daredevils,51,68,3,919a3be2,8b5b6769,372455c4,6,0,6,0,
Delhi Daredevils,52,68,3,919a3be2,8b5b6769,372455c4,0,0,0,0,
Delhi Daredevils,53,69,3,919a3be2,8b5b6769,372455c4,1,0,1,0,
Delhi Daredevils,54,70,3,372455c4,8b5b6769,919a3be2,1,0,1,0,
Delhi Daredevils,55,70,3,372455c4,5b8c830e,919a3be2,0,0,0,0,
Delhi Daredevils,56,71,3,372455c4,5b8c830e,919a3be2,0,1,1,0,
Delhi Daredevils,57,71,4,372455c4,5b8c830e,919a3be2,0,0,0,1,caught
Delhi Daredevils,58,72,4,2e8994e7,5b8c830e,919a3be2,1,0,1,0,
Delhi Daredevils,59,76,4,919a3be2,5b8c830e,2e8994e7,4,0,4,0,
Delhi Daredevils,60,80,4,919a3be2,5b8c830e,2e8994e7,4,0,4,0,
Delhi Daredevils,61,81,4,919a3be2,5b8c830e,2e8994e7,1,0,1,0,
Delhi Daredevils,62,81,4,919a3be2,fb2d1dda,2e8994e7,0,0,0,0,
Delhi Daredevils,63,82,4,919a3be2,fb2d1dda,2e8994e7,1,0,1,0,
Delhi Daredevils,64,82,4,2e8994e7,fb2d1dda,919a3be2,0,0,0,0,
Delhi Daredevils,65,82,4,2e8994e7,fb2d1dda,919a3be2,0,0,0,0,
Delhi Daredevils,66,83,4,2e8994e7,fb2d1dda,919a3be2,1,0,1,0,
Delhi Daredevils,67,84,4,919a3be2,fb2d1dda,2e8994e7,1,0,1,0,
Delhi Daredevils,68,84,4,919a3be2,51a3c5ef,2e8994e7,0,0,0,0,
Delhi Daredevils,69,84,4,919a3be2,51a3c5ef,2e8994e7,0,0,0,0,
Delhi Daredevils,70,84,4,919a3be2,51a3c5ef,2e8994e7,0,0,0,0,
Delhi Daredevils,71,85,4,919a3be2,51a3c5ef,2e8994e7,1,0,1,0,
Delhi Daredevils,72,89,4,2e8994e7,51a3c5ef,919a3be2,4,0,4,0,
Delhi Daredevils,73,90,4,2e8994e7,51a3c5ef,919a3be2,0,1,1,0,
Delhi Daredevils,74,92,4,2e8994e7,462411b3,919a3be2,2,0,2,0,
Delhi Daredevils,75,93,4,2e8994e7,462411b3,919a3be2,1,0,1,0,
Delhi Daredevils,76,95,4,919a3be2,462411b3,2e8994e7,2,0,2,0,
Delhi Daredevils,77,96,4,919a3be2,462411b3,2e8994e7,1,0,1,0,
Delhi Daredevils,78,96,5,2e8994e7,462411b3,919a3be2,0,0,0,1,caught
Delhi Daredevils,79,96,6,919a3be2,462411b3,fb66ce1f,0,0,0,1,bowled
Delhi Daredevils,80,96,6,fb66ce1f,51a3c5ef,6b19d823,0,0,0,0,
Delhi Daredevils,81,100,6,fb66ce1f,51a3c5ef,6b19d823,4,0,4,0,
Delhi Daredevils,82,100,6,fb66ce1f,51a3c5ef,6b19d823,0,0,0,0,
Delhi Daredevils,83,104,6,fb66ce1f,51a3c5ef,6b19d823,4,0,4,0,
Delhi Daredevils,84,105,6,fb66ce1f,51a3c5ef,6b19d823,1,0,1,0,
Delhi Daredevils,85,105,6,6b19d823,51a3c5ef,fb66ce1f,0,0,0,0,
Delhi Daredevils,86,105,6,fb66ce1f,41eb4a4f,6b19d823,0,0,0,0,
Delhi Daredevils,87,105,6,fb66ce1f,41eb4a4f,6b19d823,0,0,0,0,
Delhi Daredevils,88,106,6,fb66ce1f,41eb4a4f,6b19d823,1,0,1,0,
Delhi Daredevils,89,106,6,6b19d823,41eb4a4f,fb66ce1f,0,0,0,0,
Delhi Daredevils,90,107,6,6b19d823,41eb4a4f,fb66ce1f,1,0,1,0,
Delhi Daredevils,91,108,6,fb66ce1f,41eb4a4f,6b19d823,1,0,1,0,
Delhi Daredevils,92,109,6,fb66ce1f,462411b3,6b19d823,1,0,1,0,
Delhi Daredevils,93,109,6,6b19d823,462411b3,fb66ce1f,0,0,0,0,
Delhi Daredevils,94,109,7,6b19d823,462411b3,fb66ce1f,0,0,0,1,bowled
Delhi Daredevils,95,110,7,9d80c5e1,462411b3,fb66ce1f,0,1,1,0,
Delhi Daredevils,96,110,7,fb66ce1f,462411b3,9d80c5e1,0,0,0,0,
Delhi Daredevils,97,111,7,fb66ce1f,462411b3,9d80c5e1,1,0,1,0,
Delhi Daredevils,98,111,7,fb66ce1f,41eb4a4f,9d80c5e1,0,0,0,0,
Delhi Daredevils,99,117,7,fb66ce1f,41eb4a4f,9d80c5e1,6,0,6,0,
Delhi Daredevils,100,117,7,fb66ce1f,41eb4a4f,9d80c5e1,0,0,0,0,
Delhi Daredevils,101,118,8,fb66ce1f,41eb4a4f,9d80c5e1,1,0,1,1,run out
Delhi Daredevils,102,119,8,acee4cc4,41eb4a4f,9d80c5e1,1,0,1,0,
Delhi Daredevils,103,119,8,9d80c5e1,41eb4a4f,acee4cc4,0,0,0,0,
Delhi Daredevils,104,119,8,acee4cc4,51a3c5ef,9d80c5e1,0,0,0,0,
Delhi Daredevils,105,119,8,acee4cc4,51a3c5ef,9d80c5e1,0,0,0,0,
Delhi Daredevils,106,119,8,acee4cc4,51a3c5ef,9d80c5e1,0,0,0,0,
Delhi Daredevils,107,119,8,acee4cc4,51a3c5ef,9d80c5e1,0,0,0,0,
Delhi Daredevils,108,123,8,acee4cc4,51a3c5ef,9d80c5e1,4,0,4,0,
Delhi Daredevils,109,123,9,acee4cc4,51a3c5ef,9d80c5e1,0,0,0,1,run out
Delhi Daredevils,110,123,9,91a4a398,462411b3,9d80c5e1,0,0,0,0,
Delhi Daredevils,111,124,9,91a4a398,462411b3,9d80c5e1,1,0,1,0,
Delhi Daredevils,112,125,9,9d80c5e1,462411b3,91a4a398,1,0,1,0,
Delhi Daredevils,113,126,9,91a4a398,462411b3,9d80c5e1,1,0,1,0,
Delhi Daredevils,114,126,9,9d80c5e1,462411b3,91a4a398,0,0,0,0,
Delhi Daredevils,115,126,9,9d80c5e1,462411b3,91a4a398,0,0,0,0,
Delhi Daredevils,116,126,10,91a4a398,5b8c830e,9d80c5e1,0,0,0,1,bowled
