batting_team,ball_number,total_team_runs,total_team_wickets,striker_ID,bowler_ID,nonstriker_ID,batter_runs,extras_runs,total_delivery_runs,wicket,wicket_type
Kolkata Knight Riders,1,1,0,1c17e270,13c35c9e,bb345e0b,1,0,1,0,
Kolkata Knight Riders,2,1,0,bb345e0b,13c35c9e,1c17e270,0,0,0,0,
Kolkata Knight Riders,3,1,0,bb345e0b,13c35c9e,1c17e270,0,0,0,0,
Kolkata Knight Riders,4,1,0,bb345e0b,13c35c9e,1c17e270,0,0,0,0,
Kolkata Knight Riders,5,2,0,bb345e0b,13c35c9e,1c17e270,1,0,1,0,
Kolkata Knight Riders,6,4,0,1c17e270,13c35c9e,bb345e0b,2,0,2,0,
Kolkata Knight Riders,7,8,0,bb345e0b,51a3c5ef,1c17e270,4,0,4,0,
Kolkata Knight Riders,8,9,0,bb345e0b,51a3c5ef,1c17e270,1,0,1,0,
Kolkata Knight Riders,9,12,0,1c17e270,51a3c5ef,bb345e0b,3,0,3,0,
Kolkata Knight Riders,10,12,0,bb345e0b,51a3c5ef,1c17e270,0,0,0,0,
Kolkata Knight Riders,11,14,0,bb345e0b,51a3c5ef,1c17e270,2,0,2,0,
Kolkata Knight Riders,12,15,0,bb345e0b,51a3c5ef,1c17e270,1,0,1,0,
Kolkata Knight Riders,13,19,0,bb345e0b,13c35c9e,1c17e270,4,0,4,0,
Kolkata Knight Riders,14,20,0,bb345e0b,13c35c9e,1c17e270,1,0,1,0,
Kolkata Knight Riders,15,24,0,1c17e270,13c35c9e,bb345e0b,4,0,4,0,
Kolkata Knight Riders,16,27,0,1c17e270,13c35c9e,bb345e0b,3,0,3,0,
Kolkata Knight Riders,17,31,0,bb345e0b,13c35c9e,1c17e270,4,0,4,0,
Kolkata Knight Riders,18,32,0,bb345e0b,13c35c9e,1c17e270,1,0,1,0,
Kolkata Knight Riders,19,33,0,bb345e0b,51a3c5ef,1c17e270,1,0,1,0,
Kolkata Knight Riders,20,34,0,1c17e270,51a3c5ef,bb345e0b,1,0,1,0,
Kolkata Knight Riders,21,35,0,bb345e0b,51a3c5ef,1c17e270,1,0,1,0,
Kolkata Knight Riders,22,37,0,1c17e270,51a3c5ef,bb345e0b,2,0,2,0,
Kolkata Knight Riders,23,38,0,1c17e270,51a3c5ef,bb345e0b,1,0,1,0,
Kolkata Knight Riders,24,38,0,bb345e0b,51a3c5ef,1c17e270,0,0,0,0,
Kolkata Knight Riders,25,38,0,1c17e270,462411b3,bb345e0b,0,0,0,0,
Kolkata Knight Riders,26,44,0,1c17e270,462411b3,bb345e0b,6,0,6,0,
Kolkata Knight Riders,27,46,0,1c17e270,462411b3,bb345e0b,2,0,2,0,
Kolkata Knight Riders,28,46,0,1c17e270,462411b3,bb345e0b,0,0,0,0,
Kolkata Knight Riders,29,47,0,1c17e270,462411b3,bb345e0b,1,0,1,0,
Kolkata Knight Riders,30,48,0,bb345e0b,462411b3,1c17e270,0,1,1,0,
Kolkata Knight Riders,31,49,0,bb345e0b,8b5b6769,1c17e270,1,0,1,0,
Kolkata Knight Riders,32,55,0,1c17e270,8b5b6769,bb345e0b,6,0,6,0,
Kolkata Knight Riders,33,56,0,1c17e270,8b5b6769,bb345e0b,1,0,1,0,
Kolkata Knight Riders,34,56,0,bb345e0b,8b5b6769,1c17e270,0,0,0,0,
Kolkata Knight Riders,35,58,0,bb345e0b,8b5b6769,1c17e270,2,0,2,0,
Kolkata Knight Riders,36,59,0,bb345e0b,8b5b6769,1c17e270,1,0,1,0,
Kolkata Knight Riders,37,60,0,bb345e0b,dbe50b21,1c17e270,1,0,1,0,
Kolkata Knight Riders,38,61,0,1c17e270,dbe50b21,bb345e0b,1,0,1,0,
Kolkata Knight Riders,39,65,0,bb345e0b,dbe50b21,1c17e270,4,0,4,0,
Kolkata Knight Riders,40,66,0,bb345e0b,dbe50b21,1c17e270,1,0,1,0,
Kolkata Knight Riders,41,67,0,1c17e270,dbe50b21,bb345e0b,1,0,1,0,
Kolkata Knight Riders,42,67,0,bb345e0b,dbe50b21,1c17e270,0,0,0,0,
Kolkata Knight Riders,43,67,0,1c17e270,8b5b6769,bb345e0b,0,0,0,0,
Kolkata Knight Riders,44,68,0,1c17e270,8b5b6769,bb345e0b,1,0,1,0,
Kolkata Knight Riders,45,69,0,bb345e0b,8b5b6769,1c17e270,1,0,1,0,
Kolkata Knight Riders,46,69,1,1c17e270,8b5b6769,bb345e0b,0,0,0,1,caught
Kolkata Knight Riders,47,70,1,bb345e0b,8b5b6769,7dc35884,1,0,1,0,
Kolkata Knight Riders,48,71,1,7dc35884,8b5b6769,bb345e0b,1,0,1,0,
Kolkata Knight Riders,49,75,1,7dc35884,dbe50b21,bb345e0b,4,0,4,0,
Kolkata Knight Riders,50,76,1,7dc35884,dbe50b21,bb345e0b,1,0,1,0,
Kolkata Knight Riders,51,76,1,bb345e0b,dbe50b21,7dc35884,0,0,0,0,
Kolkata Knight Riders,52,77,1,bb345e0b,dbe50b21,7dc35884,1,0,1,0,
Kolkata Knight Riders,53,77,2,7dc35884,dbe50b21,bb345e0b,0,0,0,1,caught
Kolkata Knight Riders,54,78,2,271f83cd,dbe50b21,bb345e0b,1,0,1,0,
Kolkata Knight Riders,55,79,2,271f83cd,8b5b6769,bb345e0b,1,0,1,0,
Kolkata Knight Riders,56,80,2,bb345e0b,8b5b6769,271f83cd,1,0,1,0,
Kolkata Knight Riders,57,81,2,271f83cd,8b5b6769,bb345e0b,1,0,1,0,
Kolkata Knight Riders,58,82,2,bb345e0b,8b5b6769,271f83cd,1,0,1,0,
Kolkata Knight Riders,59,86,2,271f83cd,8b5b6769,bb345e0b,4,0,4,0,
Kolkata Knight Riders,60,87,2,271f83cd,8b5b6769,bb345e0b,1,0,1,0,
Kolkata Knight Riders,61,87,2,271f83cd,5b8c830e,bb345e0b,0,0,0,0,
Kolkata Knight Riders,62,88,2,271f83cd,5b8c830e,bb345e0b,1,0,1,0,
Kolkata Knight Riders,63,89,2,bb345e0b,5b8c830e,271f83cd,1,0,1,0,
Kolkata Knight Riders,64,90,2,271f83cd,5b8c830e,bb345e0b,1,0,1,0,
Kolkata Knight Riders,65,92,2,bb345e0b,5b8c830e,271f83cd,2,0,2,0,
Kolkata Knight Riders,66,93,2,bb345e0b,5b8c830e,271f83cd,1,0,1,0,
Kolkata Knight Riders,67,93,2,bb345e0b,8b5b6769,271f83cd,0,0,0,0,
Kolkata Knight Riders,68,94,2,bb345e0b,8b5b6769,271f83cd,1,0,1,0,
Kolkata Knight Riders,69,95,2,271f83cd,8b5b6769,bb345e0b,1,0,1,0,
Kolkata Knight Riders,70,96,2,bb345e0b,8b5b6769,271f83cd,1,0,1,0,
Kolkata Knight Riders,71,100,2,271f83cd,8b5b6769,bb345e0b,4,0,4,0,
Kolkata Knight Riders,72,101,2,271f83cd,8b5b6769,bb345e0b,1,0,1,0,
Kolkata Knight Riders,73,102,2,271f83cd,5b8c830e,bb345e0b,1,0,1,0,
Kolkata Knight Riders,74,108,2,bb345e0b,5b8c830e,271f83cd,6,0,6,0,
Kolkata Knight Riders,75,112,2,bb345e0b,5b8c830e,271f83cd,4,0,4,0,
Kolkata Knight Riders,76,113,2,bb345e0b,5b8c830e,271f83cd,1,0,1,0,
Kolkata Knight Riders,77,114,2,271f83cd,5b8c830e,bb345e0b,1,0,1,0,
Kolkata Knight Riders,78,116,2,bb345e0b,5b8c830e,271f83cd,2,0,2,0,
Kolkata Knight Riders,79,117,2,271f83cd,51a3c5ef,bb345e0b,1,0,1,0,
Kolkata Knight Riders,80,121,2,bb345e0b,51a3c5ef,271f83cd,4,0,4,0,
Kolkata Knight Riders,81,121,2,bb345e0b,51a3c5ef,271f83cd,0,0,0,0,
Kolkata Knight Riders,82,121,2,bb345e0b,51a3c5ef,271f83cd,0,0,0,0,
Kolkata Knight Riders,83,121,3,bb345e0b,51a3c5ef,271f83cd,0,0,0,1,caught
Kolkata Knight Riders,84,122,3,bbd41817,51a3c5ef,271f83cd,1,0,1,0,
Kolkata Knight Riders,85,122,3,bbd41817,462411b3,271f83cd,0,0,0,0,
Kolkata Knight Riders,86,122,3,bbd41817,462411b3,271f83cd,0,0,0,0,
Kolkata Knight Riders,87,123,3,bbd41817,462411b3,271f83cd,1,0,1,0,
Kolkata Knight Riders,88,124,3,271f83cd,462411b3,bbd41817,1,0,1,0,
Kolkata Knight Riders,89,126,3,bbd41817,462411b3,271f83cd,2,0,2,0,
Kolkata Knight Riders,90,126,3,bbd41817,462411b3,271f83cd,0,0,0,0,
Kolkata Knight Riders,91,127,3,271f83cd,13c35c9e,bbd41817,1,0,1,0,
Kolkata Knight Riders,92,129,3,bbd41817,13c35c9e,271f83cd,2,0,2,0,
Kolkata Knight Riders,93,129,3,bbd41817,13c35c9e,271f83cd,0,0,0,0,
Kolkata Knight Riders,94,130,3,bbd41817,13c35c9e,271f83cd,1,0,1,0,
Kolkata Knight Riders,95,130,4,271f83cd,13c35c9e,bbd41817,0,0,0,1,caught and bowled
Kolkata Knight Riders,96,130,4,45eda7c8,13c35c9e,bbd41817,0,0,0,0,
Kolkata Knight Riders,97,134,4,bbd41817,462411b3,45eda7c8,4,0,4,0,
Kolkata Knight Riders,98,138,4,bbd41817,462411b3,45eda7c8,4,0,4,0,
Kolkata Knight Riders,99,138,4,bbd41817,462411b3,45eda7c8,0,0,0,0,
Kolkata Knight Riders,100,142,4,bbd41817,462411b3,45eda7c8,4,0,4,0,
Kolkata Knight Riders,101,143,4,bbd41817,462411b3,45eda7c8,1,0,1,0,
Kolkata Knight Riders,102,143,4,45eda7c8,462411b3,bbd41817,0,0,0,0,
Kolkata Knight Riders,103,145,4,bbd41817,13c35c9e,45eda7c8,2,0,2,0,
Kolkata Knight Riders,104,145,5,bbd41817,13c35c9e,45eda7c8,0,0,0,1,bowled
Kolkata Knight Riders,105,149,5,3c6ffae8,13c35c9e,45eda7c8,4,0,4,0,
Kolkata Knight Riders,106,153,5,3c6ffae8,13c35c9e,45eda7c8,4,0,4,0,
Kolkata Knight Riders,107,154,5,3c6ffae8,13c35c9e,45eda7c8,1,0,1,0,
Kolkata Knight Riders,108,156,5,45eda7c8,13c35c9e,3c6ffae8,2,0,2,0,
Kolkata Knight Riders,109,157,5,3c6ffae8,51a3c5ef,45eda7c8,1,0,1,0,
Kolkata Knight Riders,110,157,5,45eda7c8,51a3c5ef,3c6ffae8,0,0,0,0,
Kolkata Knight Riders,111,158,5,45eda7c8,51a3c5ef,3c6ffae8,1,0,1,0,
Kolkata Knight Riders,112,162,5,3c6ffae8,51a3c5ef,45eda7c8,4,0,4,0,
Kolkata Knight Riders,113,162,5,3c6ffae8,51a3c5ef,45eda7c8,0,0,0,0,
Kolkata Knight Riders,114,166,5,3c6ffae8,51a3c5ef,45eda7c8,4,0,4,0,
Kolkata Knight Riders,115,168,5,45eda7c8,462411b3,3c6ffae8,2,0,2,0,
Kolkata Knight Riders,116,170,5,45eda7c8,462411b3,3c6ffae8,2,0,2,0,
Kolkata Knight Riders,117,172,5,45eda7c8,462411b3,3c6ffae8,2,0,2,0,
Kolkata Knight Riders,118,172,5,45eda7c8,462411b3,3c6ffae8,0,0,0,0,
Kolkata Knight Riders,119,173,5,45eda7c8,462411b3,3c6ffae8,1,0,1,0,
Kolkata Knight Riders,120,174,5,3c6ffae8,462411b3,45eda7c8,1,0,1,0,
Mumbai Indians,1,0,0,740742ef,1e66c162,b5da6c24,0,0,0,0,
Mumbai Indians,2,6,0,740742ef,1e66c162,b5da6c24,6,0,6,0,
Mumbai Indians,3,6,0,740742ef,1e66c162,b5da6c24,0,0,0,0,
Mumbai Indians,4,7,0,740742ef,1e66c162,b5da6c24,1,0,1,0,
Mumbai Indians,5,8,0,b5da6c24,1e66c162,740742ef,1,0,1,0,
Mumbai Indians,6,8,0,740742ef,1e66c162,b5da6c24,0,0,0,0,
Mumbai Indians,7,8,1,b5da6c24,cc1e8c68,740742ef,0,0,0,1,caught
Mumbai Indians,8,12,1,70d205c9,cc1e8c68,740742ef,4,0,4,0,
Mumbai Indians,9,13,1,70d205c9,cc1e8c68,740742ef,0,1,1,0,
Mumbai Indians,10,14,1,70d205c9,cc1e8c68,740742ef,1,0,1,0,
Mumbai Indians,11,15,1,740742ef,cc1e8c68,70d205c9,1,0,1,0,
Mumbai Indians,12,15,1,70d205c9,cc1e8c68,740742ef,0,0,0,0,
Mumbai Indians,13,16,1,70d205c9,cc1e8c68,740742ef,1,0,1,0,
Mumbai Indians,14,16,1,70d205c9,7dc35884,740742ef,0,0,0,0,
Mumbai Indians,15,16,1,70d205c9,7dc35884,740742ef,0,0,0,0,
Mumbai Indians,16,16,1,70d205c9,7dc35884,740742ef,0,0,0,0,
Mumbai Indians,17,20,1,70d205c9,7dc35884,740742ef,4,0,4,0,
Mumbai Indians,18,26,1,70d205c9,7dc35884,740742ef,6,0,6,0,
Mumbai Indians,19,26,1,70d205c9,7dc35884,740742ef,0,0,0,0,
Mumbai Indians,20,26,1,740742ef,cc1e8c68,70d205c9,0,0,0,0,
Mumbai Indians,21,26,1,740742ef,cc1e8c68,70d205c9,0,0,0,0,
Mumbai Indians,22,30,1,740742ef,cc1e8c68,70d205c9,4,0,4,0,
Mumbai Indians,23,34,1,740742ef,cc1e8c68,70d205c9,4,0,4,0,
Mumbai Indians,24,35,1,740742ef,cc1e8c68,70d205c9,1,0,1,0,
Mumbai Indians,25,36,1,70d205c9,cc1e8c68,740742ef,0,1,1,0,
Mumbai Indians,26,37,1,70d205c9,cc1e8c68,740742ef,1,0,1,0,
Mumbai Indians,27,38,1,70d205c9,9d430b40,740742ef,1,0,1,0,
Mumbai Indians,28,42,1,740742ef,9d430b40,70d205c9,4,0,4,0,
Mumbai Indians,29,42,1,740742ef,9d430b40,70d205c9,0,0,0,0,
Mumbai Indians,30,43,1,740742ef,9d430b40,70d205c9,1,0,1,0,
Mumbai Indians,31,44,1,70d205c9,9d430b40,740742ef,1,0,1,0,
Mumbai Indians,32,45,1,740742ef,9d430b40,70d205c9,1,0,1,0,
Mumbai Indians,33,51,1,740742ef,1e66c162,70d205c9,6,0,6,0,
Mumbai Indians,34,52,1,740742ef,1e66c162,70d205c9,1,0,1,0,
Mumbai Indians,35,56,1,70d205c9,1e66c162,740742ef,4,0,4,0,
Mumbai Indians,36,60,1,70d205c9,1e66c162,740742ef,4,0,4,0,
Mumbai Indians,37,64,1,70d205c9,1e66c162,740742ef,4,0,4,0,
Mumbai Indians,38,64,1,70d205c9,1e66c162,740742ef,0,0,0,0,
Mumbai Indians,39,65,1,740742ef,7dc35884,70d205c9,1,0,1,0,
Mumbai Indians,40,66,1,70d205c9,7dc35884,740742ef,1,0,1,0,
Mumbai Indians,41,67,1,740742ef,7dc35884,70d205c9,1,0,1,0,
Mumbai Indians,42,67,1,70d205c9,7dc35884,740742ef,0,0,0,0,
Mumbai Indians,43,67,2,70d205c9,7dc35884,740742ef,0,0,0,1,caught
Mumbai Indians,44,68,2,740742ef,7dc35884,5b8c830e,1,0,1,0,
Mumbai Indians,45,69,2,740742ef,626c5379,5b8c830e,1,0,1,0,
Mumbai Indians,46,73,2,5b8c830e,626c5379,740742ef,4,0,4,0,
Mumbai Indians,47,74,2,5b8c830e,626c5379,740742ef,1,0,1,0,
Mumbai Indians,48,74,2,740742ef,626c5379,5b8c830e,0,0,0,0,
Mumbai Indians,49,75,2,740742ef,626c5379,5b8c830e,1,0,1,0,
Mumbai Indians,50,75,2,5b8c830e,626c5379,740742ef,0,0,0,0,
Mumbai Indians,51,76,2,740742ef,9d430b40,5b8c830e,1,0,1,0,
Mumbai Indians,52,77,2,5b8c830e,9d430b40,740742ef,1,0,1,0,
Mumbai Indians,53,77,2,740742ef,9d430b40,5b8c830e,0,0,0,0,
Mumbai Indians,54,77,2,740742ef,9d430b40,5b8c830e,0,0,0,0,
Mumbai Indians,55,78,2,740742ef,9d430b40,5b8c830e,1,0,1,0,
Mumbai Indians,56,78,3,5b8c830e,9d430b40,740742ef,0,0,0,1,bowled
Mumbai Indians,57,79,3,740742ef,bbd41817,99b75528,1,0,1,0,
Mumbai Indians,58,79,3,99b75528,bbd41817,740742ef,0,0,0,0,
Mumbai Indians,59,80,3,99b75528,bbd41817,740742ef,1,0,1,0,
Mumbai Indians,60,84,3,740742ef,bbd41817,99b75528,4,0,4,0,
Mumbai Indians,61,84,3,740742ef,bbd41817,99b75528,0,0,0,0,
Mumbai Indians,62,85,3,740742ef,bbd41817,99b75528,1,0,1,0,
Mumbai Indians,63,86,3,740742ef,7dc35884,99b75528,1,0,1,0,
Mumbai Indians,64,87,3,99b75528,7dc35884,740742ef,1,0,1,0,
Mumbai Indians,65,88,3,740742ef,7dc35884,99b75528,1,0,1,0,
Mumbai Indians,66,90,3,99b75528,7dc35884,740742ef,2,0,2,0,
Mumbai Indians,67,90,3,99b75528,7dc35884,740742ef,0,0,0,0,
Mumbai Indians,68,91,3,99b75528,7dc35884,740742ef,1,0,1,0,
Mumbai Indians,69,95,3,99b75528,bbd41817,740742ef,4,0,4,0,
Mumbai Indians,70,96,3,99b75528,bbd41817,740742ef,1,0,1,0,
Mumbai Indians,71,100,3,740742ef,bbd41817,99b75528,4,0,4,0,
Mumbai Indians,72,100,3,740742ef,bbd41817,99b75528,0,0,0,0,
Mumbai Indians,73,101,3,740742ef,bbd41817,99b75528,1,0,1,0,
Mumbai Indians,74,102,3,99b75528,bbd41817,740742ef,1,0,1,0,
Mumbai Indians,75,102,3,99b75528,9d430b40,740742ef,0,0,0,0,
Mumbai Indians,76,102,3,99b75528,9d430b40,740742ef,0,0,0,0,
Mumbai Indians,77,102,3,99b75528,9d430b40,740742ef,0,0,0,0,
Mumbai Indians,78,102,3,99b75528,9d430b40,740742ef,0,0,0,0,
Mumbai Indians,79,106,3,99b75528,9d430b40,740742ef,4,0,4,0,
Mumbai Indians,80,106,4,99b75528,9d430b40,740742ef,0,0,0,1,caught
Mumbai Indians,81,107,4,740742ef,bbd41817,a757b0d8,1,0,1,0,
Mumbai Indians,82,107,4,a757b0d8,bbd41817,740742ef,0,0,0,0,
Mumbai Indians,83,108,4,a757b0d8,bbd41817,740742ef,1,0,1,0,
Mumbai Indians,84,112,4,740742ef,bbd41817,a757b0d8,4,0,4,0,
Mumbai Indians,85,112,4,740742ef,bbd41817,a757b0d8,0,0,0,0,
Mumbai Indians,86,116,4,740742ef,bbd41817,a757b0d8,4,0,4,0,
Mumbai Indians,87,120,4,a757b0d8,7dc35884,740742ef,4,0,4,0,
Mumbai Indians,88,121,4,a757b0d8,7dc35884,740742ef,1,0,1,0,
Mumbai Indians,89,122,4,740742ef,7dc35884,a757b0d8,1,0,1,0,
Mumbai Indians,90,126,4,a757b0d8,7dc35884,740742ef,4,0,4,0,
Mumbai Indians,91,126,4,a757b0d8,7dc35884,740742ef,0,0,0,0,
Mumbai Indians,92,126,4,a757b0d8,7dc35884,740742ef,0,0,0,0,
Mumbai Indians,93,126,4,740742ef,626c5379,a757b0d8,0,0,0,0,
Mumbai Indians,94,127,4,740742ef,626c5379,a757b0d8,1,0,1,0,
Mumbai Indians,95,133,4,a757b0d8,626c5379,740742ef,6,0,6,0,
Mumbai Indians,96,134,4,a757b0d8,626c5379,740742ef,0,1,1,0,
Mumbai Indians,97,140,4,a757b0d8,626c5379,740742ef,6,0,6,0,
Mumbai Indians,98,142,4,a757b0d8,626c5379,740742ef,2,0,2,0,
Mumbai Indians,99,143,4,a757b0d8,626c5379,740742ef,0,1,1,0,
Mumbai Indians,100,149,4,a757b0d8,626c5379,740742ef,6,0,6,0,
Mumbai Indians,101,150,4,740742ef,9d430b40,a757b0d8,1,0,1,0,
Mumbai Indians,102,151,4,a757b0d8,9d430b40,740742ef,1,0,1,0,
Mumbai Indians,103,151,4,740742ef,9d430b40,a757b0d8,0,0,0,0,
Mumbai Indians,104,151,4,740742ef,9d430b40,a757b0d8,0,0,0,0,
Mumbai Indians,105,155,4,740742ef,9d430b40,a757b0d8,4,0,4,0,
Mumbai Indians,106,156,4,740742ef,9d430b40,a757b0d8,1,0,1,0,
Mumbai Indians,107,157,4,740742ef,1e66c162,a757b0d8,1,0,1,0,
Mumbai Indians,108,159,4,a757b0d8,1e66c162,740742ef,2,0,2,0,
Mumbai Indians,109,160,4,a757b0d8,1e66c162,740742ef,0,1,1,0,
Mumbai Indians,110,166,4,a757b0d8,1e66c162,740742ef,6,0,6,0,
Mumbai Indians,111,172,4,a757b0d8,1e66c162,740742ef,6,0,6,0,
Mumbai Indians,112,172,4,a757b0d8,1e66c162,740742ef,0,0,0,0,
Mumbai Indians,113,178,4,a757b0d8,1e66c162,740742ef,6,0,6,0,
