batting_team,ball_number,total_team_runs,total_team_wickets,striker_ID,bowler_ID,nonstriker_ID,batter_runs,extras_runs,total_delivery_runs,wicket,wicket_type
Sydney Thunder,1,4,0,331ea488,2318ba22,86dc8f2e,4,0,4,0,
Sydney Thunder,2,4,0,331ea488,2318ba22,86dc8f2e,0,0,0,0,
Sydney Thunder,3,4,0,331ea488,2318ba22,86dc8f2e,0,0,0,0,
Sydney Thunder,4,5,0,331ea488,2318ba22,86dc8f2e,1,0,1,0,
Sydney Thunder,5,5,0,86dc8f2e,2318ba22,331ea488,0,0,0,0,
Sydney Thunder,6,5,0,86dc8f2e,2318ba22,331ea488,0,0,0,0,
Sydney Thunder,7,5,0,331ea488,502b2c81,86dc8f2e,0,0,0,0,
Sydney Thunder,8,5,0,331ea488,502b2c81,86dc8f2e,0,0,0,0,
Sydney Thunder,9,9,0,331ea488,502b2c81,86dc8f2e,4,0,4,0,
Sydney Thunder,10,13,0,331ea488,502b2c81,86dc8f2e,4,0,4,0,
Sydney Thunder,11,19,0,331ea488,502b2c81,86dc8f2e,6,0,6,0,
Sydney Thunder,12,19,0,331ea488,502b2c81,86dc8f2e,0,0,0,0,
Sydney Thunder,13,20,0,86dc8f2e,96824e68,331ea488,1,0,1,0,
Sydney Thunder,14,24,0,331ea488,96824e68,86dc8f2e,4,0,4,0,
Sydney Thunder,15,24,0,331ea488,96824e68,86dc8f2e,0,0,0,0,
Sydney Thunder,16,24,0,331ea488,96824e68,86dc8f2e,0,0,0,0,
Sydney Thunder,17,28,0,331ea488,96824e68,86dc8f2e,4,0,4,0,
Sydney Thunder,18,32,0,331ea488,96824e68,86dc8f2e,4,0,4,0,
Sydney Thunder,19,32,0,86dc8f2e,6042bf26,331ea488,0,0,0,0,
Sydney Thunder,20,32,0,86dc8f2e,6042bf26,331ea488,0,0,0,0,
Sydney Thunder,21,36,0,86dc8f2e,6042bf26,331ea488,4,0,4,0,
Sydney Thunder,22,36,0,86dc8f2e,6042bf26,331ea488,0,0,0,0,
Sydney Thunder,23,37,0,86dc8f2e,6042bf26,331ea488,1,0,1,0,
Sydney Thunder,24,37,0,331ea488,6042bf26,86dc8f2e,0,0,0,0,
Sydney Thunder,25,37,0,86dc8f2e,519c30cb,331ea488,0,0,0,0,
Sydney Thunder,26,37,0,86dc8f2e,519c30cb,331ea488,0,0,0,0,
Sydney Thunder,27,38,0,86dc8f2e,519c30cb,331ea488,1,0,1,0,
Sydney Thunder,28,39,0,331ea488,519c30cb,86dc8f2e,1,0,1,0,
Sydney Thunder,29,45,0,86dc8f2e,519c30cb,331ea488,6,0,6,0,
Sydney Thunder,30,45,0,86dc8f2e,519c30cb,331ea488,0,0,0,0,
Sydney Thunder,31,49,0,331ea488,87e562a9,86dc8f2e,4,0,4,0,
Sydney Thunder,32,53,0,331ea488,87e562a9,86dc8f2e,4,0,4,0,
Sydney Thunder,33,53,0,331ea488,87e562a9,86dc8f2e,0,0,0,0,
Sydney Thunder,34,53,0,331ea488,87e562a9,86dc8f2e,0,0,0,0,
Sydney Thunder,35,54,0,331ea488,87e562a9,86dc8f2e,1,0,1,0,
Sydney Thunder,36,54,0,86dc8f2e,87e562a9,331ea488,0,0,0,0,
Sydney Thunder,37,54,0,331ea488,2318ba22,86dc8f2e,0,0,0,0,
Sydney Thunder,38,56,0,331ea488,2318ba22,86dc8f2e,2,0,2,0,
Sydney Thunder,39,60,0,331ea488,2318ba22,86dc8f2e,4,0,4,0,
Sydney Thunder,40,61,0,331ea488,2318ba22,86dc8f2e,1,0,1,0,
Sydney Thunder,41,61,1,86dc8f2e,2318ba22,331ea488,0,0,0,1,caught
Sydney Thunder,42,62,1,4329fbb5,2318ba22,331ea488,1,0,1,0,
Sydney Thunder,43,63,1,4329fbb5,96824e68,331ea488,1,0,1,0,
Sydney Thunder,44,65,1,331ea488,96824e68,4329fbb5,0,2,2,0,
Sydney Thunder,45,66,1,331ea488,96824e68,4329fbb5,1,0,1,0,
Sydney Thunder,46,66,1,4329fbb5,96824e68,331ea488,0,0,0,0,
Sydney Thunder,47,67,1,4329fbb5,96824e68,331ea488,1,0,1,0,
Sydney Thunder,48,68,1,331ea488,96824e68,4329fbb5,1,0,1,0,
Sydney Thunder,49,70,1,331ea488,502b2c81,4329fbb5,2,0,2,0,
Sydney Thunder,50,71,1,331ea488,502b2c81,4329fbb5,1,0,1,0,
Sydney Thunder,51,72,1,4329fbb5,502b2c81,331ea488,1,0,1,0,
Sydney Thunder,52,73,1,331ea488,502b2c81,4329fbb5,1,0,1,0,
Sydney Thunder,53,79,1,4329fbb5,502b2c81,331ea488,6,0,6,0,
Sydney Thunder,54,85,1,4329fbb5,502b2c81,331ea488,6,0,6,0,
Sydney Thunder,55,86,1,331ea488,519c30cb,4329fbb5,1,0,1,0,
Sydney Thunder,56,86,1,4329fbb5,519c30cb,331ea488,0,0,0,0,
Sydney Thunder,57,86,1,4329fbb5,519c30cb,331ea488,0,0,0,0,
Sydney Thunder,58,88,1,4329fbb5,519c30cb,331ea488,2,0,2,0,
Sydney Thunder,59,94,1,4329fbb5,519c30cb,331ea488,6,0,6,0,
Sydney Thunder,60,95,1,4329fbb5,519c30cb,331ea488,1,0,1,0,
Sydney Thunder,61,96,1,4329fbb5,87e562a9,331ea488,1,0,1,0,
Sydney Thunder,62,97,1,331ea488,87e562a9,4329fbb5,1,0,1,0,
Sydney Thunder,63,97,1,4329fbb5,87e562a9,331ea488,0,0,0,0,
Sydney Thunder,64,97,1,4329fbb5,87e562a9,331ea488,0,0,0,0,
Sydney Thunder,65,98,1,4329fbb5,87e562a9,331ea488,1,0,1,0,
Sydney Thunder,66,100,1,331ea488,87e562a9,4329fbb5,2,0,2,0,
Sydney Thunder,67,101,1,4329fbb5,6042bf26,331ea488,1,0,1,0,
Sydney Thunder,68,102,1,331ea488,6042bf26,4329fbb5,0,1,1,0,
Sydney Thunder,69,102,1,331ea488,6042bf26,4329fbb5,0,0,0,0,
Sydney Thunder,70,103,1,331ea488,6042bf26,4329fbb5,1,0,1,0,
Sydney Thunder,71,107,1,4329fbb5,6042bf26,331ea488,4,0,4,0,
Sydney Thunder,72,113,1,4329fbb5,6042bf26,331ea488,6,0,6,0,
Sydney Thunder,73,113,1,4329fbb5,6042bf26,331ea488,0,0,0,0,
Sydney Thunder,74,113,1,331ea488,96824e68,4329fbb5,0,0,0,0,
Sydney Thunder,75,114,1,331ea488,96824e68,4329fbb5,1,0,1,0,
Sydney Thunder,76,115,1,4329fbb5,96824e68,331ea488,1,0,1,0,
Sydney Thunder,77,116,1,331ea488,96824e68,4329fbb5,1,0,1,0,
Sydney Thunder,78,117,1,4329fbb5,96824e68,331ea488,1,0,1,0,
Sydney Thunder,79,118,1,331ea488,96824e68,4329fbb5,1,0,1,0,
Sydney Thunder,80,118,2,331ea488,519c30cb,4329fbb5,0,0,0,1,caught
Sydney Thunder,81,119,2,4329fbb5,519c30cb,bbd41817,1,0,1,0,
Sydney Thunder,82,120,2,bbd41817,519c30cb,4329fbb5,1,0,1,0,
Sydney Thunder,83,120,2,4329fbb5,519c30cb,bbd41817,0,0,0,0,
Sydney Thunder,84,120,2,4329fbb5,519c30cb,bbd41817,0,0,0,0,
Sydney Thunder,85,121,2,4329fbb5,519c30cb,bbd41817,1,0,1,0,
Sydney Thunder,86,122,2,4329fbb5,96824e68,bbd41817,1,0,1,0,
Sydney Thunder,87,123,2,bbd41817,96824e68,4329fbb5,1,0,1,0,
Sydney Thunder,88,124,2,4329fbb5,96824e68,bbd41817,1,0,1,0,
Sydney Thunder,89,129,2,bbd41817,96824e68,4329fbb5,4,1,5,0,
Sydney Thunder,90,130,2,bbd41817,96824e68,4329fbb5,1,0,1,0,
Sydney Thunder,91,131,2,4329fbb5,96824e68,bbd41817,1,0,1,0,
Sydney Thunder,92,137,2,bbd41817,96824e68,4329fbb5,6,0,6,0,
Sydney Thunder,93,138,2,4329fbb5,87e562a9,bbd41817,1,0,1,0,
Sydney Thunder,94,138,2,bbd41817,87e562a9,4329fbb5,0,0,0,0,
Sydney Thunder,95,139,2,bbd41817,87e562a9,4329fbb5,1,0,1,0,
Sydney Thunder,96,143,2,4329fbb5,87e562a9,bbd41817,4,0,4,0,
Sydney Thunder,97,144,2,4329fbb5,87e562a9,bbd41817,1,0,1,0,
Sydney Thunder,98,146,2,bbd41817,87e562a9,4329fbb5,2,0,2,0,
Sydney Thunder,99,147,2,4329fbb5,6042bf26,bbd41817,1,0,1,0,
Sydney Thunder,100,147,3,bbd41817,6042bf26,4329fbb5,0,0,0,1,hit wicket
Sydney Thunder,101,149,3,48fd7349,6042bf26,4329fbb5,0,2,2,0,
Sydney Thunder,102,150,3,48fd7349,6042bf26,4329fbb5,1,0,1,0,
Sydney Thunder,103,151,3,4329fbb5,6042bf26,48fd7349,1,0,1,0,
Sydney Thunder,104,151,3,48fd7349,6042bf26,4329fbb5,0,0,0,0,
Sydney Thunder,105,152,3,4329fbb5,519c30cb,48fd7349,1,0,1,0,
Sydney Thunder,106,153,3,48fd7349,519c30cb,4329fbb5,1,0,1,0,
Sydney Thunder,107,154,3,4329fbb5,519c30cb,48fd7349,1,0,1,0,
Sydney Thunder,108,158,3,48fd7349,519c30cb,4329fbb5,4,0,4,0,
Sydney Thunder,109,159,3,48fd7349,519c30cb,4329fbb5,1,0,1,0,
Sydney Thunder,110,159,3,4329fbb5,519c30cb,48fd7349,0,0,0,0,
Sydney Thunder,111,161,3,48fd7349,6042bf26,4329fbb5,2,0,2,0,
Sydney Thunder,112,162,3,48fd7349,6042bf26,4329fbb5,1,0,1,0,
Sydney Thunder,113,163,3,4329fbb5,6042bf26,48fd7349,1,0,1,0,
Sydney Thunder,114,164,3,48fd7349,6042bf26,4329fbb5,1,0,1,0,
Sydney Thunder,115,168,3,4329fbb5,6042bf26,48fd7349,4,0,4,0,
Sydney Thunder,116,169,3,4329fbb5,6042bf26,48fd7349,1,0,1,0,
Sydney Thunder,117,170,3,4329fbb5,87e562a9,48fd7349,1,0,1,0,
Sydney Thunder,118,171,3,48fd7349,87e562a9,4329fbb5,1,0,1,0,
Sydney Thunder,119,172,3,4329fbb5,87e562a9,48fd7349,0,1,1,0,
Sydney Thunder,120,173,3,48fd7349,87e562a9,4329fbb5,1,0,1,0,
Sydney Thunder,121,173,4,4329fbb5,87e562a9,48fd7349,0,0,0,1,caught
Sydney Thunder,122,173,5,48fd7349,87e562a9,27af6414,0,0,0,1,lbw
Melbourne Renegades,1,1,0,db584dad,bbd41817,2318ba22,0,1,1,0,
Melbourne Renegades,2,5,0,2318ba22,bbd41817,db584dad,4,0,4,0,
Melbourne Renegades,3,6,0,2318ba22,bbd41817,db584dad,1,0,1,0,
Melbourne Renegades,4,6,0,db584dad,bbd41817,2318ba22,0,0,0,0,
Melbourne Renegades,5,6,0,db584dad,bbd41817,2318ba22,0,0,0,0,
Melbourne Renegades,6,7,0,db584dad,bbd41817,2318ba22,1,0,1,0,
Melbourne Renegades,7,7,0,db584dad,4329fbb5,2318ba22,0,0,0,0,
Melbourne Renegades,8,8,0,db584dad,4329fbb5,2318ba22,1,0,1,0,
Melbourne Renegades,9,12,0,2318ba22,4329fbb5,db584dad,4,0,4,0,
Melbourne Renegades,10,12,0,2318ba22,4329fbb5,db584dad,0,0,0,0,
Melbourne Renegades,11,14,0,2318ba22,4329fbb5,db584dad,2,0,2,0,
Melbourne Renegades,12,14,0,2318ba22,4329fbb5,db584dad,0,0,0,0,
Melbourne Renegades,13,14,0,db584dad,1558d83b,2318ba22,0,0,0,0,
Melbourne Renegades,14,18,0,db584dad,1558d83b,2318ba22,4,0,4,0,
Melbourne Renegades,15,22,0,db584dad,1558d83b,2318ba22,4,0,4,0,
Melbourne Renegades,16,26,0,db584dad,1558d83b,2318ba22,4,0,4,0,
Melbourne Renegades,17,26,0,db584dad,1558d83b,2318ba22,0,0,0,0,
Melbourne Renegades,18,27,0,db584dad,1558d83b,2318ba22,1,0,1,0,
Melbourne Renegades,19,31,0,db584dad,bbd41817,2318ba22,4,0,4,0,
Melbourne Renegades,20,32,0,db584dad,bbd41817,2318ba22,1,0,1,0,
Melbourne Renegades,21,36,0,2318ba22,bbd41817,db584dad,4,0,4,0,
Melbourne Renegades,22,37,0,2318ba22,bbd41817,db584dad,1,0,1,0,
Melbourne Renegades,23,39,0,db584dad,bbd41817,2318ba22,2,0,2,0,
Melbourne Renegades,24,41,0,db584dad,bbd41817,2318ba22,2,0,2,0,
Melbourne Renegades,25,42,0,2318ba22,94eac556,db584dad,1,0,1,0,
Melbourne Renegades,26,46,0,db584dad,94eac556,2318ba22,4,0,4,0,
Melbourne Renegades,27,46,0,db584dad,94eac556,2318ba22,0,0,0,0,
Melbourne Renegades,28,46,0,db584dad,94eac556,2318ba22,0,0,0,0,
Melbourne Renegades,29,46,1,db584dad,94eac556,2318ba22,0,0,0,1,caught
Melbourne Renegades,30,46,1,d0513f63,94eac556,2318ba22,0,0,0,0,
Melbourne Renegades,31,47,1,2318ba22,86dc8f2e,d0513f63,1,0,1,0,
Melbourne Renegades,32,47,1,d0513f63,86dc8f2e,2318ba22,0,0,0,0,
Melbourne Renegades,33,47,1,d0513f63,86dc8f2e,2318ba22,0,0,0,0,
Melbourne Renegades,34,47,1,d0513f63,86dc8f2e,2318ba22,0,0,0,0,
Melbourne Renegades,35,47,1,d0513f63,86dc8f2e,2318ba22,0,0,0,0,
Melbourne Renegades,36,48,1,d0513f63,86dc8f2e,2318ba22,1,0,1,0,
Melbourne Renegades,37,50,1,d0513f63,94eac556,2318ba22,2,0,2,0,
Melbourne Renegades,38,54,1,d0513f63,94eac556,2318ba22,4,0,4,0,
Melbourne Renegades,39,54,1,d0513f63,94eac556,2318ba22,0,0,0,0,
Melbourne Renegades,40,54,1,d0513f63,94eac556,2318ba22,0,0,0,0,
Melbourne Renegades,41,55,1,d0513f63,94eac556,2318ba22,1,0,1,0,
Melbourne Renegades,42,56,1,2318ba22,94eac556,d0513f63,1,0,1,0,
Melbourne Renegades,43,56,1,2318ba22,4329fbb5,d0513f63,0,0,0,0,
Melbourne Renegades,44,57,1,2318ba22,4329fbb5,d0513f63,1,0,1,0,
Melbourne Renegades,45,57,1,d0513f63,4329fbb5,2318ba22,0,0,0,0,
Melbourne Renegades,46,63,1,d0513f63,4329fbb5,2318ba22,6,0,6,0,
Melbourne Renegades,47,63,1,d0513f63,4329fbb5,2318ba22,0,0,0,0,
Melbourne Renegades,48,65,1,d0513f63,4329fbb5,2318ba22,2,0,2,0,
Melbourne Renegades,49,66,1,2318ba22,22ae3041,d0513f63,1,0,1,0,
Melbourne Renegades,50,67,1,d0513f63,22ae3041,2318ba22,1,0,1,0,
Melbourne Renegades,51,71,1,2318ba22,22ae3041,d0513f63,4,0,4,0,
Melbourne Renegades,52,71,1,2318ba22,22ae3041,d0513f63,0,0,0,0,
Melbourne Renegades,53,71,2,2318ba22,22ae3041,d0513f63,0,0,0,1,bowled
Melbourne Renegades,54,73,2,87e562a9,22ae3041,d0513f63,2,0,2,0,
Melbourne Renegades,55,74,2,d0513f63,86dc8f2e,87e562a9,1,0,1,0,
Melbourne Renegades,56,75,2,87e562a9,86dc8f2e,d0513f63,1,0,1,0,
Melbourne Renegades,57,75,2,d0513f63,86dc8f2e,87e562a9,0,0,0,0,
Melbourne Renegades,58,76,2,d0513f63,86dc8f2e,87e562a9,1,0,1,0,
Melbourne Renegades,59,77,2,87e562a9,86dc8f2e,d0513f63,1,0,1,0,
Melbourne Renegades,60,78,2,d0513f63,86dc8f2e,87e562a9,1,0,1,0,
Melbourne Renegades,61,79,2,d0513f63,22ae3041,87e562a9,1,0,1,0,
Melbourne Renegades,62,80,2,87e562a9,22ae3041,d0513f63,1,0,1,0,
Melbourne Renegades,63,86,2,d0513f63,22ae3041,87e562a9,6,0,6,0,
Melbourne Renegades,64,87,2,d0513f63,22ae3041,87e562a9,1,0,1,0,
Melbourne Renegades,65,88,2,87e562a9,22ae3041,d0513f63,1,0,1,0,
Melbourne Renegades,66,89,2,d0513f63,22ae3041,87e562a9,1,0,1,0,
Melbourne Renegades,67,89,2,d0513f63,86dc8f2e,87e562a9,0,0,0,0,
Melbourne Renegades,68,89,2,d0513f63,86dc8f2e,87e562a9,0,0,0,0,
Melbourne Renegades,69,90,2,d0513f63,86dc8f2e,87e562a9,1,0,1,0,
Melbourne Renegades,70,91,2,87e562a9,86dc8f2e,d0513f63,1,0,1,0,
Melbourne Renegades,71,92,2,d0513f63,86dc8f2e,87e562a9,1,0,1,0,
Melbourne Renegades,72,93,2,87e562a9,86dc8f2e,d0513f63,1,0,1,0,
Melbourne Renegades,73,99,2,87e562a9,1558d83b,d0513f63,6,0,6,0,
Melbourne Renegades,74,100,2,87e562a9,1558d83b,d0513f63,1,0,1,0,
Melbourne Renegades,75,101,2,d0513f63,1558d83b,87e562a9,1,0,1,0,
Melbourne Renegades,76,102,2,87e562a9,1558d83b,d0513f63,1,0,1,0,
Melbourne Renegades,77,102,2,d0513f63,1558d83b,87e562a9,0,0,0,0,
Melbourne Renegades,78,103,2,d0513f63,1558d83b,87e562a9,1,0,1,0,
Melbourne Renegades,79,104,2,d0513f63,4329fbb5,87e562a9,1,0,1,0,
Melbourne Renegades,80,106,2,87e562a9,4329fbb5,d0513f63,2,0,2,0,
Melbourne Renegades,81,107,2,87e562a9,4329fbb5,d0513f63,1,0,1,0,
Melbourne Renegades,82,113,2,d0513f63,4329fbb5,87e562a9,6,0,6,0,
Melbourne Renegades,83,117,2,d0513f63,4329fbb5,87e562a9,4,0,4,0,
Melbourne Renegades,84,118,2,d0513f63,4329fbb5,87e562a9,1,0,1,0,
Melbourne Renegades,85,118,2,d0513f63,bbd41817,87e562a9,0,0,0,0,
Melbourne Renegades,86,119,2,d0513f63,bbd41817,87e562a9,1,0,1,0,
Melbourne Renegades,87,123,2,87e562a9,bbd41817,d0513f63,4,0,4,0,
Melbourne Renegades,88,124,2,87e562a9,bbd41817,d0513f63,1,0,1,0,
Melbourne Renegades,89,125,2,d0513f63,bbd41817,87e562a9,1,0,1,0,
Melbourne Renegades,90,125,2,87e562a9,bbd41817,d0513f63,0,0,0,0,
Melbourne Renegades,91,131,2,d0513f63,1558d83b,87e562a9,6,0,6,0,
Melbourne Renegades,92,132,2,d0513f63,1558d83b,87e562a9,1,0,1,0,
Melbourne Renegades,93,136,2,87e562a9,1558d83b,d0513f63,4,0,4,0,
Melbourne Renegades,94,137,2,87e562a9,1558d83b,d0513f63,1,0,1,0,
Melbourne Renegades,95,138,2,d0513f63,1558d83b,87e562a9,1,0,1,0,
Melbourne Renegades,96,140,2,87e562a9,1558d83b,d0513f63,2,0,2,0,
Melbourne Renegades,97,144,2,d0513f63,94eac556,87e562a9,4,0,4,0,
Melbourne Renegades,98,144,2,d0513f63,94eac556,87e562a9,0,0,0,0,
Melbourne Renegades,99,145,2,d0513f63,94eac556,87e562a9,1,0,1,0,
Melbourne Renegades,100,145,2,87e562a9,94eac556,d0513f63,0,0,0,0,
Melbourne Renegades,101,149,2,87e562a9,94eac556,d0513f63,4,0,4,0,
Melbourne Renegades,102,149,2,87e562a9,94eac556,d0513f63,0,0,0,0,
Melbourne Renegades,103,150,2,d0513f63,bbd41817,87e562a9,1,0,1,0,
Melbourne Renegades,104,156,2,87e562a9,bbd41817,d0513f63,6,0,6,0,
Melbourne Renegades,105,162,2,87e562a9,bbd41817,d0513f63,6,0,6,0,
Melbourne Renegades,106,162,3,87e562a9,bbd41817,d0513f63,0,0,0,1,caught and bowled
Melbourne Renegades,107,163,3,f0ec8597,bbd41817,d0513f63,0,1,1,0,
Melbourne Renegades,108,164,3,f0ec8597,bbd41817,d0513f63,1,0,1,0,
Melbourne Renegades,109,164,4,d0513f63,bbd41817,f0ec8597,0,0,0,1,caught
Melbourne Renegades,110,168,4,f0ec8597,94eac556,a22fb7b5,4,0,4,0,
Melbourne Renegades,111,168,4,f0ec8597,94eac556,a22fb7b5,0,0,0,0,
Melbourne Renegades,112,169,4,f0ec8597,94eac556,a22fb7b5,0,1,1,0,
Melbourne Renegades,113,169,4,f0ec8597,94eac556,a22fb7b5,0,0,0,0,
Melbourne Renegades,114,170,4,f0ec8597,94eac556,a22fb7b5,1,0,1,0,
Melbourne Renegades,115,170,5,a22fb7b5,94eac556,f0ec8597,0,0,0,1,run out
Melbourne Renegades,116,171,5,c41043e6,94eac556,a22fb7b5,1,0,1,0,
Melbourne Renegades,117,172,5,c41043e6,4329fbb5,a22fb7b5,1,0,1,0,
Melbourne Renegades,118,176,5,a22fb7b5,4329fbb5,c41043e6,4,0,4,0,
