batting_team,ball_number,total_team_runs,total_team_wickets,striker_ID,bowler_ID,nonstriker_ID,batter_runs,extras_runs,total_delivery_runs,wicket,wicket_type
Khulna Titans,1,0,0,1bae756b,e186f49c,849c9375,0,0,0,0,
Khulna Titans,2,0,0,1bae756b,e186f49c,849c9375,0,0,0,0,
Khulna Titans,3,4,0,1bae756b,e186f49c,849c9375,4,0,4,0,
Khulna Titans,4,10,0,1bae756b,e186f49c,849c9375,6,0,6,0,
Khulna Titans,5,10,0,1bae756b,e186f49c,849c9375,0,0,0,0,
Khulna Titans,6,10,0,1bae756b,e186f49c,849c9375,0,0,0,0,
Khulna Titans,7,10,0,849c9375,b8d18afc,1bae756b,0,0,0,0,
Khulna Titans,8,14,0,849c9375,b8d18afc,1bae756b,4,0,4,0,
Khulna Titans,9,15,0,849c9375,b8d18afc,1bae756b,1,0,1,0,
Khulna Titans,10,15,0,1bae756b,b8d18afc,849c9375,0,0,0,0,
Khulna Titans,11,19,0,1bae756b,b8d18afc,849c9375,4,0,4,0,
Khulna Titans,12,20,0,1bae756b,b8d18afc,849c9375,1,0,1,0,
Khulna Titans,13,21,0,1bae756b,64d43928,849c9375,1,0,1,0,
Khulna Titans,14,21,0,849c9375,64d43928,1bae756b,0,0,0,0,
Khulna Titans,15,22,0,849c9375,64d43928,1bae756b,0,1,1,0,
Khulna Titans,16,23,0,849c9375,64d43928,1bae756b,1,0,1,0,
Khulna Titans,17,23,0,1bae756b,64d43928,849c9375,0,0,0,0,
Khulna Titans,18,24,0,1bae756b,64d43928,849c9375,1,0,1,0,
Khulna Titans,19,24,0,849c9375,64d43928,1bae756b,0,0,0,0,
Khulna Titans,20,28,0,1bae756b,b8d18afc,849c9375,0,4,4,0,
Khulna Titans,21,29,0,1bae756b,b8d18afc,849c9375,0,1,1,0,
Khulna Titans,22,29,0,849c9375,b8d18afc,1bae756b,0,0,0,0,
Khulna Titans,23,33,0,849c9375,b8d18afc,1bae756b,4,0,4,0,
Khulna Titans,24,34,0,849c9375,b8d18afc,1bae756b,1,0,1,0,
Khulna Titans,25,36,0,1bae756b,b8d18afc,849c9375,2,0,2,0,
Khulna Titans,26,40,0,849c9375,e186f49c,1bae756b,4,0,4,0,
Khulna Titans,27,41,0,849c9375,e186f49c,1bae756b,0,1,1,0,
Khulna Titans,28,45,0,1bae756b,e186f49c,849c9375,4,0,4,0,
Khulna Titans,29,45,1,1bae756b,e186f49c,849c9375,0,0,0,1,caught
Khulna Titans,30,45,1,849c9375,e186f49c,bb01f9e0,0,0,0,0,
Khulna Titans,31,49,1,849c9375,e186f49c,bb01f9e0,4,0,4,0,
Khulna Titans,32,51,1,bb01f9e0,64d43928,849c9375,2,0,2,0,
Khulna Titans,33,51,1,bb01f9e0,64d43928,849c9375,0,0,0,0,
Khulna Titans,34,55,1,bb01f9e0,64d43928,849c9375,4,0,4,0,
Khulna Titans,35,55,1,bb01f9e0,64d43928,849c9375,0,0,0,0,
Khulna Titans,36,57,1,bb01f9e0,64d43928,849c9375,2,0,2,0,
Khulna Titans,37,59,1,bb01f9e0,64d43928,849c9375,2,0,2,0,
Khulna Titans,38,59,1,849c9375,b8d18afc,bb01f9e0,0,0,0,0,
Khulna Titans,39,60,1,849c9375,b8d18afc,bb01f9e0,1,0,1,0,
Khulna Titans,40,61,1,bb01f9e0,b8d18afc,849c9375,1,0,1,0,
Khulna Titans,41,63,1,849c9375,b8d18afc,bb01f9e0,0,2,2,0,
Khulna Titans,42,65,1,849c9375,b8d18afc,bb01f9e0,2,0,2,0,
Khulna Titans,43,66,1,849c9375,b8d18afc,bb01f9e0,1,0,1,0,
Khulna Titans,44,67,1,849c9375,5f547c8b,bb01f9e0,1,0,1,0,
Khulna Titans,45,68,1,bb01f9e0,5f547c8b,849c9375,1,0,1,0,
Khulna Titans,46,69,1,849c9375,5f547c8b,bb01f9e0,0,1,1,0,
Khulna Titans,47,69,1,bb01f9e0,5f547c8b,849c9375,0,0,0,0,
Khulna Titans,48,71,1,bb01f9e0,5f547c8b,849c9375,0,2,2,0,
Khulna Titans,49,71,1,bb01f9e0,5f547c8b,849c9375,0,0,0,0,
Khulna Titans,50,72,1,849c9375,9bab2b81,bb01f9e0,1,0,1,0,
Khulna Titans,51,72,1,bb01f9e0,9bab2b81,849c9375,0,0,0,0,
Khulna Titans,52,73,1,bb01f9e0,9bab2b81,849c9375,0,1,1,0,
Khulna Titans,53,77,1,849c9375,9bab2b81,bb01f9e0,4,0,4,0,
Khulna Titans,54,81,1,849c9375,9bab2b81,bb01f9e0,4,0,4,0,
Khulna Titans,55,82,1,849c9375,9bab2b81,bb01f9e0,1,0,1,0,
Khulna Titans,56,83,1,849c9375,5f547c8b,bb01f9e0,1,0,1,0,
Khulna Titans,57,87,1,bb01f9e0,5f547c8b,849c9375,0,4,4,0,
Khulna Titans,58,88,1,bb01f9e0,5f547c8b,849c9375,1,0,1,0,
Khulna Titans,59,89,1,849c9375,5f547c8b,bb01f9e0,0,1,1,0,
Khulna Titans,60,91,1,bb01f9e0,5f547c8b,849c9375,2,0,2,0,
Khulna Titans,61,92,1,bb01f9e0,5f547c8b,849c9375,1,0,1,0,
Khulna Titans,62,92,2,bb01f9e0,e186f49c,849c9375,0,0,0,1,caught
Khulna Titans,63,92,2,bf1d7d3e,e186f49c,849c9375,0,0,0,0,
Khulna Titans,64,92,2,bf1d7d3e,e186f49c,849c9375,0,0,0,0,
Khulna Titans,65,92,2,bf1d7d3e,e186f49c,849c9375,0,0,0,0,
Khulna Titans,66,92,2,bf1d7d3e,e186f49c,849c9375,0,0,0,0,
Khulna Titans,67,93,2,bf1d7d3e,e186f49c,849c9375,1,0,1,0,
Khulna Titans,68,94,2,bf1d7d3e,b8d18afc,849c9375,1,0,1,0,
Khulna Titans,69,95,2,849c9375,b8d18afc,bf1d7d3e,1,0,1,0,
Khulna Titans,70,96,2,bf1d7d3e,b8d18afc,849c9375,1,0,1,0,
Khulna Titans,71,97,2,849c9375,b8d18afc,bf1d7d3e,1,0,1,0,
Khulna Titans,72,99,2,bf1d7d3e,b8d18afc,849c9375,2,0,2,0,
Khulna Titans,73,99,2,bf1d7d3e,b8d18afc,849c9375,0,0,0,0,
Khulna Titans,74,99,2,849c9375,e186f49c,bf1d7d3e,0,0,0,0,
Khulna Titans,75,99,3,849c9375,e186f49c,bf1d7d3e,0,0,0,1,caught
Khulna Titans,76,99,3,3241e3fd,e186f49c,bf1d7d3e,0,0,0,0,
Khulna Titans,77,100,3,3241e3fd,e186f49c,bf1d7d3e,1,0,1,0,
Khulna Titans,78,101,3,bf1d7d3e,e186f49c,3241e3fd,1,0,1,0,
Khulna Titans,79,102,3,3241e3fd,e186f49c,bf1d7d3e,1,0,1,0,
Khulna Titans,80,103,3,3241e3fd,1274d7ab,bf1d7d3e,1,0,1,0,
Khulna Titans,81,107,3,bf1d7d3e,1274d7ab,3241e3fd,4,0,4,0,
Khulna Titans,82,107,3,bf1d7d3e,1274d7ab,3241e3fd,0,0,0,0,
Khulna Titans,83,108,3,bf1d7d3e,1274d7ab,3241e3fd,1,0,1,0,
Khulna Titans,84,109,3,3241e3fd,1274d7ab,bf1d7d3e,1,0,1,0,
Khulna Titans,85,109,4,bf1d7d3e,1274d7ab,3241e3fd,0,0,0,1,caught
Khulna Titans,86,109,4,3241e3fd,5f547c8b,54279e23,0,0,0,0,
Khulna Titans,87,113,4,3241e3fd,5f547c8b,54279e23,4,0,4,0,
Khulna Titans,88,113,4,3241e3fd,5f547c8b,54279e23,0,0,0,0,
Khulna Titans,89,114,4,3241e3fd,5f547c8b,54279e23,1,0,1,0,
Khulna Titans,90,115,4,54279e23,5f547c8b,3241e3fd,1,0,1,0,
Khulna Titans,91,115,4,3241e3fd,5f547c8b,54279e23,0,0,0,0,
Khulna Titans,92,117,4,54279e23,1274d7ab,3241e3fd,2,0,2,0,
Khulna Titans,93,117,4,54279e23,1274d7ab,3241e3fd,0,0,0,0,
Khulna Titans,94,117,5,54279e23,1274d7ab,3241e3fd,0,0,0,1,caught
Khulna Titans,95,117,5,ad1730bc,1274d7ab,3241e3fd,0,0,0,0,
Khulna Titans,96,117,5,ad1730bc,1274d7ab,3241e3fd,0,0,0,0,
Khulna Titans,97,117,5,ad1730bc,1274d7ab,3241e3fd,0,0,0,0,
Khulna Titans,98,118,5,3241e3fd,b3a28446,ad1730bc,1,0,1,0,
Khulna Titans,99,119,5,ad1730bc,b3a28446,3241e3fd,1,0,1,0,
Khulna Titans,100,119,5,3241e3fd,b3a28446,ad1730bc,0,0,0,0,
Khulna Titans,101,121,5,3241e3fd,b3a28446,ad1730bc,1,1,2,0,
Khulna Titans,102,122,5,ad1730bc,b3a28446,3241e3fd,1,0,1,0,
Khulna Titans,103,123,5,3241e3fd,b3a28446,ad1730bc,1,0,1,0,
Khulna Titans,104,124,5,ad1730bc,b3a28446,3241e3fd,1,0,1,0,
Khulna Titans,105,124,5,ad1730bc,64d43928,3241e3fd,0,0,0,0,
Khulna Titans,106,126,5,ad1730bc,64d43928,3241e3fd,2,0,2,0,
Khulna Titans,107,127,5,ad1730bc,64d43928,3241e3fd,0,1,1,0,
Khulna Titans,108,127,6,3241e3fd,64d43928,ad1730bc,0,0,0,1,caught
Khulna Titans,109,127,6,557153ca,64d43928,ad1730bc,0,0,0,0,
Khulna Titans,110,128,6,557153ca,64d43928,ad1730bc,1,0,1,0,
Khulna Titans,111,128,6,557153ca,5f547c8b,ad1730bc,0,0,0,0,
Khulna Titans,112,129,6,557153ca,5f547c8b,ad1730bc,0,1,1,0,
Khulna Titans,113,131,6,ad1730bc,5f547c8b,557153ca,2,0,2,0,
Khulna Titans,114,131,7,ad1730bc,5f547c8b,557153ca,0,0,0,1,caught
Khulna Titans,115,137,7,557153ca,5f547c8b,8eb611d0,6,0,6,0,
Khulna Titans,116,141,7,557153ca,5f547c8b,8eb611d0,4,0,4,0,
Khulna Titans,117,143,7,8eb611d0,64d43928,557153ca,2,0,2,0,
Khulna Titans,118,143,7,8eb611d0,64d43928,557153ca,0,0,0,0,
Khulna Titans,119,143,7,8eb611d0,64d43928,557153ca,0,0,0,0,
Khulna Titans,120,143,8,8eb611d0,64d43928,557153ca,0,0,0,1,bowled
Khulna Titans,121,144,8,086f5984,64d43928,557153ca,0,1,1,0,
Khulna Titans,122,144,9,557153ca,64d43928,086f5984,0,0,0,1,caught
Comilla Victorians,1,0,0,0404d43c,bb01f9e0,5fbe14fc,0,0,0,0,
Comilla Victorians,2,4,0,0404d43c,bb01f9e0,5fbe14fc,4,0,4,0,
Comilla Victorians,3,8,0,0404d43c,bb01f9e0,5fbe14fc,4,0,4,0,
Comilla Victorians,4,8,0,0404d43c,bb01f9e0,5fbe14fc,0,0,0,0,
Comilla Victorians,5,8,1,0404d43c,bb01f9e0,5fbe14fc,0,0,0,1,caught
Comilla Victorians,6,8,1,f846de6a,bb01f9e0,5fbe14fc,0,0,0,0,
Comilla Victorians,7,8,1,5fbe14fc,086f5984,f846de6a,0,0,0,0,
Comilla Victorians,8,8,1,5fbe14fc,086f5984,f846de6a,0,0,0,0,
Comilla Victorians,9,8,1,5fbe14fc,086f5984,f846de6a,0,0,0,0,
Comilla Victorians,10,9,1,5fbe14fc,086f5984,f846de6a,1,0,1,0,
Comilla Victorians,11,9,1,f846de6a,086f5984,5fbe14fc,0,0,0,0,
Comilla Victorians,12,9,1,f846de6a,086f5984,5fbe14fc,0,0,0,0,
Comilla Victorians,13,9,1,5fbe14fc,557153ca,f846de6a,0,0,0,0,
Comilla Victorians,14,11,1,5fbe14fc,557153ca,f846de6a,2,0,2,0,
Comilla Victorians,15,15,1,5fbe14fc,557153ca,f846de6a,4,0,4,0,
Comilla Victorians,16,16,1,5fbe14fc,557153ca,f846de6a,1,0,1,0,
Comilla Victorians,17,16,1,f846de6a,557153ca,5fbe14fc,0,0,0,0,
Comilla Victorians,18,16,1,f846de6a,557153ca,5fbe14fc,0,0,0,0,
Comilla Victorians,19,16,1,5fbe14fc,bf1d7d3e,f846de6a,0,0,0,0,
Comilla Victorians,20,16,1,5fbe14fc,bf1d7d3e,f846de6a,0,0,0,0,
Comilla Victorians,21,22,1,5fbe14fc,bf1d7d3e,f846de6a,6,0,6,0,
Comilla Victorians,22,27,1,5fbe14fc,bf1d7d3e,f846de6a,0,5,5,0,
Comilla Victorians,23,27,1,5fbe14fc,bf1d7d3e,f846de6a,0,0,0,0,
Comilla Victorians,24,28,1,5fbe14fc,bf1d7d3e,f846de6a,1,0,1,0,
Comilla Victorians,25,29,1,f846de6a,bf1d7d3e,5fbe14fc,1,0,1,0,
Comilla Victorians,26,32,1,f846de6a,086f5984,5fbe14fc,3,0,3,0,
Comilla Victorians,27,38,1,5fbe14fc,086f5984,f846de6a,6,0,6,0,
Comilla Victorians,28,38,1,5fbe14fc,086f5984,f846de6a,0,0,0,0,
Comilla Victorians,29,38,2,5fbe14fc,086f5984,f846de6a,0,0,0,1,bowled
Comilla Victorians,30,39,2,1274d7ab,086f5984,f846de6a,1,0,1,0,
Comilla Victorians,31,39,2,f846de6a,086f5984,1274d7ab,0,0,0,0,
Comilla Victorians,32,40,2,1274d7ab,557153ca,f846de6a,1,0,1,0,
Comilla Victorians,33,40,2,f846de6a,557153ca,1274d7ab,0,0,0,0,
Comilla Victorians,34,40,2,f846de6a,557153ca,1274d7ab,0,0,0,0,
Comilla Victorians,35,40,2,f846de6a,557153ca,1274d7ab,0,0,0,0,
Comilla Victorians,36,40,2,f846de6a,557153ca,1274d7ab,0,0,0,0,
Comilla Victorians,37,40,2,f846de6a,557153ca,1274d7ab,0,0,0,0,
Comilla Victorians,38,41,2,1274d7ab,8eb611d0,f846de6a,1,0,1,0,
Comilla Victorians,39,42,2,f846de6a,8eb611d0,1274d7ab,0,1,1,0,
Comilla Victorians,40,42,2,1274d7ab,8eb611d0,f846de6a,0,0,0,0,
Comilla Victorians,41,44,2,1274d7ab,8eb611d0,f846de6a,2,0,2,0,
Comilla Victorians,42,45,2,1274d7ab,8eb611d0,f846de6a,1,0,1,0,
Comilla Victorians,43,46,2,f846de6a,8eb611d0,1274d7ab,1,0,1,0,
Comilla Victorians,44,47,2,f846de6a,1a8eebbe,1274d7ab,1,0,1,0,
Comilla Victorians,45,47,2,1274d7ab,1a8eebbe,f846de6a,0,0,0,0,
Comilla Victorians,46,51,2,1274d7ab,1a8eebbe,f846de6a,4,0,4,0,
Comilla Victorians,47,51,3,1274d7ab,1a8eebbe,f846de6a,0,0,0,1,bowled
Comilla Victorians,48,51,3,9bab2b81,1a8eebbe,f846de6a,0,0,0,0,
Comilla Victorians,49,51,3,9bab2b81,1a8eebbe,f846de6a,0,0,0,0,
Comilla Victorians,50,51,3,f846de6a,8eb611d0,9bab2b81,0,0,0,0,
Comilla Victorians,51,52,3,f846de6a,8eb611d0,9bab2b81,1,0,1,0,
Comilla Victorians,52,52,3,9bab2b81,8eb611d0,f846de6a,0,0,0,0,
Comilla Victorians,53,52,3,9bab2b81,8eb611d0,f846de6a,0,0,0,0,
Comilla Victorians,54,53,3,9bab2b81,8eb611d0,f846de6a,1,0,1,0,
Comilla Victorians,55,54,3,f846de6a,8eb611d0,9bab2b81,1,0,1,0,
Comilla Victorians,56,55,3,f846de6a,bb01f9e0,9bab2b81,1,0,1,0,
Comilla Victorians,57,56,3,9bab2b81,bb01f9e0,f846de6a,1,0,1,0,
Comilla Victorians,58,60,3,f846de6a,bb01f9e0,9bab2b81,4,0,4,0,
Comilla Victorians,59,61,3,f846de6a,bb01f9e0,9bab2b81,1,0,1,0,
Comilla Victorians,60,62,3,9bab2b81,bb01f9e0,f846de6a,1,0,1,0,
Comilla Victorians,61,66,3,f846de6a,bb01f9e0,9bab2b81,4,0,4,0,
Comilla Victorians,62,67,3,9bab2b81,8eb611d0,f846de6a,1,0,1,0,
Comilla Victorians,63,67,3,f846de6a,8eb611d0,9bab2b81,0,0,0,0,
Comilla Victorians,64,69,3,f846de6a,8eb611d0,9bab2b81,2,0,2,0,
Comilla Victorians,65,70,3,f846de6a,8eb611d0,9bab2b81,1,0,1,0,
Comilla Victorians,66,70,3,9bab2b81,8eb611d0,f846de6a,0,0,0,0,
Comilla Victorians,67,70,3,9bab2b81,8eb611d0,f846de6a,0,0,0,0,
Comilla Victorians,68,71,3,f846de6a,1a8eebbe,9bab2b81,1,0,1,0,
Comilla Victorians,69,75,3,9bab2b81,1a8eebbe,f846de6a,4,0,4,0,
Comilla Victorians,70,75,3,9bab2b81,1a8eebbe,f846de6a,0,0,0,0,
Comilla Victorians,71,75,3,9bab2b81,1a8eebbe,f846de6a,0,0,0,0,
Comilla Victorians,72,75,3,9bab2b81,1a8eebbe,f846de6a,0,0,0,0,
Comilla Victorians,73,75,3,9bab2b81,1a8eebbe,f846de6a,0,0,0,0,
Comilla Victorians,74,75,3,f846de6a,8eb611d0,9bab2b81,0,0,0,0,
Comilla Victorians,75,75,3,f846de6a,8eb611d0,9bab2b81,0,0,0,0,
Comilla Victorians,76,81,3,f846de6a,8eb611d0,9bab2b81,6,0,6,0,
Comilla Victorians,77,82,3,f846de6a,8eb611d0,9bab2b81,1,0,1,0,
Comilla Victorians,78,84,3,9bab2b81,8eb611d0,f846de6a,2,0,2,0,
Comilla Victorians,79,84,4,9bab2b81,8eb611d0,f846de6a,0,0,0,1,caught
Comilla Victorians,80,85,4,f846de6a,1a8eebbe,64d43928,1,0,1,0,
Comilla Victorians,81,86,4,64d43928,1a8eebbe,f846de6a,1,0,1,0,
Comilla Victorians,82,86,4,f846de6a,1a8eebbe,64d43928,0,0,0,0,
Comilla Victorians,83,86,5,f846de6a,1a8eebbe,64d43928,0,0,0,1,bowled
Comilla Victorians,84,87,5,e186f49c,1a8eebbe,64d43928,0,1,1,0,
Comilla Victorians,85,88,5,64d43928,1a8eebbe,e186f49c,1,0,1,0,
Comilla Victorians,86,89,5,64d43928,086f5984,e186f49c,1,0,1,0,
Comilla Victorians,87,91,5,e186f49c,086f5984,64d43928,2,0,2,0,
Comilla Victorians,88,92,5,e186f49c,086f5984,64d43928,1,0,1,0,
Comilla Victorians,89,93,5,64d43928,086f5984,e186f49c,1,0,1,0,
Comilla Victorians,90,95,5,e186f49c,086f5984,64d43928,0,2,2,0,
Comilla Victorians,91,96,5,64d43928,086f5984,e186f49c,1,0,1,0,
Comilla Victorians,92,97,5,e186f49c,086f5984,64d43928,1,0,1,0,
Comilla Victorians,93,98,5,e186f49c,557153ca,64d43928,1,0,1,0,
Comilla Victorians,94,98,5,64d43928,557153ca,e186f49c,0,0,0,0,
Comilla Victorians,95,98,5,64d43928,557153ca,e186f49c,0,0,0,0,
Comilla Victorians,96,99,5,64d43928,557153ca,e186f49c,1,0,1,0,
Comilla Victorians,97,99,6,e186f49c,557153ca,64d43928,0,0,0,1,bowled
Comilla Victorians,98,99,6,5f547c8b,557153ca,64d43928,0,0,0,0,
Comilla Victorians,99,100,6,64d43928,bf1d7d3e,5f547c8b,1,0,1,0,
Comilla Victorians,100,101,6,5f547c8b,bf1d7d3e,64d43928,0,1,1,0,
Comilla Victorians,101,105,6,64d43928,bf1d7d3e,5f547c8b,4,0,4,0,
Comilla Victorians,102,106,6,64d43928,bf1d7d3e,5f547c8b,0,1,1,0,
Comilla Victorians,103,108,6,64d43928,bf1d7d3e,5f547c8b,2,0,2,0,
Comilla Victorians,104,109,6,64d43928,bf1d7d3e,5f547c8b,1,0,1,0,
Comilla Victorians,105,115,6,5f547c8b,bf1d7d3e,64d43928,6,0,6,0,
Comilla Victorians,106,116,6,64d43928,557153ca,5f547c8b,1,0,1,0,
Comilla Victorians,107,120,6,5f547c8b,557153ca,64d43928,4,0,4,0,
Comilla Victorians,108,120,6,5f547c8b,557153ca,64d43928,0,0,0,0,
Comilla Victorians,109,120,6,5f547c8b,557153ca,64d43928,0,0,0,0,
Comilla Victorians,110,120,7,5f547c8b,557153ca,64d43928,0,0,0,1,run out
Comilla Victorians,111,121,7,b3a28446,557153ca,64d43928,1,0,1,0,
Comilla Victorians,112,121,7,b3a28446,086f5984,64d43928,0,0,0,0,
Comilla Victorians,113,123,7,b3a28446,086f5984,64d43928,2,0,2,0,
Comilla Victorians,114,124,7,b3a28446,086f5984,64d43928,1,0,1,0,
Comilla Victorians,115,124,7,64d43928,086f5984,b3a28446,0,0,0,0,
Comilla Victorians,116,125,7,64d43928,086f5984,b3a28446,1,0,1,0,
Comilla Victorians,117,125,8,b3a28446,086f5984,64d43928,0,0,0,1,caught
Comilla Victorians,118,126,9,64d43928,1a8eebbe,288dd46e,1,0,1,1,run out
Comilla Victorians,119,126,9,64d43928,1a8eebbe,b8d18afc,0,0,0,0,
Comilla Victorians,120,126,9,64d43928,1a8eebbe,b8d18afc,0,0,0,0,
Comilla Victorians,121,126,9,64d43928,1a8eebbe,b8d18afc,0,0,0,0,
Comilla Victorians,122,126,9,64d43928,1a8eebbe,b8d18afc,0,0,0,0,
Comilla Victorians,123,127,9,64d43928,1a8eebbe,b8d18afc,0,1,1,0,
Comilla Victorians,124,131,9,64d43928,1a8eebbe,b8d18afc,4,0,4,0,
