batting_team,ball_number,total_team_runs,total_team_wickets,striker_ID,bowler_ID,nonstriker_ID,batter_runs,extras_runs,total_delivery_runs,wicket,wicket_type
Karachi Kings,1,0,0,d0540390,eb2d5fe7,64c34cd0,0,0,0,0,
Karachi Kings,2,4,0,d0540390,eb2d5fe7,64c34cd0,4,0,4,0,
Karachi Kings,3,5,0,d0540390,eb2d5fe7,64c34cd0,1,0,1,0,
Karachi Kings,4,5,0,64c34cd0,eb2d5fe7,d0540390,0,0,0,0,
Karachi Kings,5,5,0,64c34cd0,eb2d5fe7,d0540390,0,0,0,0,
Karachi Kings,6,5,0,64c34cd0,eb2d5fe7,d0540390,0,0,0,0,
Karachi Kings,7,5,0,d0540390,3a0f6df2,64c34cd0,0,0,0,0,
Karachi Kings,8,5,0,d0540390,3a0f6df2,64c34cd0,0,0,0,0,
Karachi Kings,9,6,0,d0540390,3a0f6df2,64c34cd0,1,0,1,0,
Karachi Kings,10,7,0,64c34cd0,3a0f6df2,d0540390,1,0,1,0,
Karachi Kings,11,7,0,d0540390,3a0f6df2,64c34cd0,0,0,0,0,
Karachi Kings,12,7,0,d0540390,3a0f6df2,64c34cd0,0,0,0,0,
Karachi Kings,13,11,0,64c34cd0,eb2d5fe7,d0540390,4,0,4,0,
Karachi Kings,14,15,0,64c34cd0,eb2d5fe7,d0540390,4,0,4,0,
Karachi Kings,15,16,0,64c34cd0,eb2d5fe7,d0540390,1,0,1,0,
Karachi Kings,16,16,1,d0540390,eb2d5fe7,64c34cd0,0,0,0,1,bowled
Karachi Kings,17,17,1,a15618fe,eb2d5fe7,64c34cd0,1,0,1,0,
Karachi Kings,18,17,1,64c34cd0,eb2d5fe7,a15618fe,0,0,0,0,
Karachi Kings,19,18,1,a15618fe,3a0f6df2,64c34cd0,1,0,1,0,
Karachi Kings,20,18,1,64c34cd0,3a0f6df2,a15618fe,0,0,0,0,
Karachi Kings,21,18,1,64c34cd0,3a0f6df2,a15618fe,0,0,0,0,
Karachi Kings,22,24,1,64c34cd0,3a0f6df2,a15618fe,6,0,6,0,
Karachi Kings,23,28,1,64c34cd0,3a0f6df2,a15618fe,4,0,4,0,
Karachi Kings,24,29,1,64c34cd0,3a0f6df2,a15618fe,1,0,1,0,
Karachi Kings,25,29,1,64c34cd0,5441db8c,a15618fe,0,0,0,0,
Karachi Kings,26,30,1,64c34cd0,5441db8c,a15618fe,1,0,1,0,
Karachi Kings,27,32,1,a15618fe,5441db8c,64c34cd0,2,0,2,0,
Karachi Kings,28,38,1,a15618fe,5441db8c,64c34cd0,6,0,6,0,
Karachi Kings,29,39,1,a15618fe,5441db8c,64c34cd0,1,0,1,0,
Karachi Kings,30,40,1,64c34cd0,5441db8c,a15618fe,1,0,1,0,
Karachi Kings,31,41,1,64c34cd0,3086f7a4,a15618fe,1,0,1,0,
Karachi Kings,32,42,1,a15618fe,3086f7a4,64c34cd0,1,0,1,0,
Karachi Kings,33,43,1,64c34cd0,3086f7a4,a15618fe,1,0,1,0,
Karachi Kings,34,47,1,a15618fe,3086f7a4,64c34cd0,4,0,4,0,
Karachi Kings,35,48,1,a15618fe,3086f7a4,64c34cd0,1,0,1,0,
Karachi Kings,36,49,1,64c34cd0,3086f7a4,a15618fe,1,0,1,0,
Karachi Kings,37,49,1,64c34cd0,5441db8c,a15618fe,0,0,0,0,
Karachi Kings,38,49,1,64c34cd0,5441db8c,a15618fe,0,0,0,0,
Karachi Kings,39,49,1,64c34cd0,5441db8c,a15618fe,0,0,0,0,
Karachi Kings,40,50,1,64c34cd0,5441db8c,a15618fe,1,0,1,0,
Karachi Kings,41,51,1,a15618fe,5441db8c,64c34cd0,1,0,1,0,
Karachi Kings,42,52,1,64c34cd0,5441db8c,a15618fe,1,0,1,0,
Karachi Kings,43,53,1,64c34cd0,c03449e0,a15618fe,1,0,1,0,
Karachi Kings,44,54,1,a15618fe,c03449e0,64c34cd0,1,0,1,0,
Karachi Kings,45,55,1,64c34cd0,c03449e0,a15618fe,1,0,1,0,
Karachi Kings,46,55,1,a15618fe,c03449e0,64c34cd0,0,0,0,0,
Karachi Kings,47,55,1,a15618fe,c03449e0,64c34cd0,0,0,0,0,
Karachi Kings,48,57,1,a15618fe,c03449e0,64c34cd0,2,0,2,0,
Karachi Kings,49,58,1,64c34cd0,3086f7a4,a15618fe,1,0,1,0,
Karachi Kings,50,59,1,a15618fe,3086f7a4,64c34cd0,1,0,1,0,
Karachi Kings,51,60,1,64c34cd0,3086f7a4,a15618fe,1,0,1,0,
Karachi Kings,52,61,1,a15618fe,3086f7a4,64c34cd0,1,0,1,0,
Karachi Kings,53,62,1,64c34cd0,3086f7a4,a15618fe,1,0,1,0,
Karachi Kings,54,62,1,a15618fe,3086f7a4,64c34cd0,0,0,0,0,
Karachi Kings,55,63,1,64c34cd0,c03449e0,a15618fe,1,0,1,0,
Karachi Kings,56,63,2,a15618fe,c03449e0,64c34cd0,0,0,0,1,bowled
Karachi Kings,57,64,2,7dc35884,c03449e0,64c34cd0,1,0,1,0,
Karachi Kings,58,65,2,64c34cd0,c03449e0,7dc35884,1,0,1,0,
Karachi Kings,59,65,2,7dc35884,c03449e0,64c34cd0,0,0,0,0,
Karachi Kings,60,66,2,7dc35884,c03449e0,64c34cd0,1,0,1,0,
Karachi Kings,61,66,2,7dc35884,62af8546,64c34cd0,0,0,0,0,
Karachi Kings,62,67,2,7dc35884,62af8546,64c34cd0,1,0,1,0,
Karachi Kings,63,67,2,64c34cd0,62af8546,7dc35884,0,0,0,0,
Karachi Kings,64,68,2,64c34cd0,62af8546,7dc35884,1,0,1,0,
Karachi Kings,65,69,2,7dc35884,62af8546,64c34cd0,1,0,1,0,
Karachi Kings,66,75,2,64c34cd0,62af8546,7dc35884,6,0,6,0,
Karachi Kings,67,76,2,7dc35884,3086f7a4,64c34cd0,0,1,1,0,
Karachi Kings,68,80,2,7dc35884,3086f7a4,64c34cd0,0,4,4,0,
Karachi Kings,69,81,2,7dc35884,3086f7a4,64c34cd0,1,0,1,0,
Karachi Kings,70,82,2,64c34cd0,3086f7a4,7dc35884,1,0,1,0,
Karachi Kings,71,82,2,7dc35884,3086f7a4,64c34cd0,0,0,0,0,
Karachi Kings,72,83,2,7dc35884,3086f7a4,64c34cd0,1,0,1,0,
Karachi Kings,73,84,2,64c34cd0,3086f7a4,7dc35884,1,0,1,0,
Karachi Kings,74,85,2,64c34cd0,62af8546,7dc35884,1,0,1,0,
Karachi Kings,75,85,2,7dc35884,62af8546,64c34cd0,0,0,0,0,
Karachi Kings,76,85,2,7dc35884,62af8546,64c34cd0,0,0,0,0,
Karachi Kings,77,86,2,7dc35884,62af8546,64c34cd0,1,0,1,0,
Karachi Kings,78,86,3,64c34cd0,62af8546,7dc35884,0,0,0,1,caught
Karachi Kings,79,86,3,7dc35884,62af8546,7ca5e05d,0,0,0,0,
Karachi Kings,80,87,3,7ca5e05d,3086f7a4,7dc35884,1,0,1,0,
Karachi Kings,81,88,3,7dc35884,3086f7a4,7ca5e05d,1,0,1,0,
Karachi Kings,82,88,3,7ca5e05d,3086f7a4,7dc35884,0,0,0,0,
Karachi Kings,83,89,3,7ca5e05d,3086f7a4,7dc35884,1,0,1,0,
Karachi Kings,84,90,3,7dc35884,3086f7a4,7ca5e05d,1,0,1,0,
Karachi Kings,85,91,3,7ca5e05d,3086f7a4,7dc35884,1,0,1,0,
Karachi Kings,86,91,3,7ca5e05d,62af8546,7dc35884,0,0,0,0,
Karachi Kings,87,95,3,7ca5e05d,62af8546,7dc35884,4,0,4,0,
Karachi Kings,88,95,3,7ca5e05d,62af8546,7dc35884,0,0,0,0,
Karachi Kings,89,96,3,7ca5e05d,62af8546,7dc35884,1,0,1,0,
Karachi Kings,90,96,3,7dc35884,62af8546,7ca5e05d,0,0,0,0,
Karachi Kings,91,97,3,7dc35884,62af8546,7ca5e05d,1,0,1,0,
Karachi Kings,92,97,4,7dc35884,c03449e0,7ca5e05d,0,0,0,1,caught
Karachi Kings,93,98,4,64d43928,c03449e0,7ca5e05d,1,0,1,0,
Karachi Kings,94,99,4,7ca5e05d,c03449e0,64d43928,1,0,1,0,
Karachi Kings,95,99,4,64d43928,c03449e0,7ca5e05d,0,0,0,0,
Karachi Kings,96,100,4,64d43928,c03449e0,7ca5e05d,1,0,1,0,
Karachi Kings,97,101,4,7ca5e05d,c03449e0,64d43928,1,0,1,0,
Karachi Kings,98,102,4,7ca5e05d,3a0f6df2,64d43928,1,0,1,0,
Karachi Kings,99,106,4,64d43928,3a0f6df2,7ca5e05d,4,0,4,0,
Karachi Kings,100,107,4,64d43928,3a0f6df2,7ca5e05d,1,0,1,0,
Karachi Kings,101,108,4,7ca5e05d,3a0f6df2,64d43928,1,0,1,0,
Karachi Kings,102,109,4,64d43928,3a0f6df2,7ca5e05d,1,0,1,0,
Karachi Kings,103,110,4,7ca5e05d,3a0f6df2,64d43928,1,0,1,0,
Karachi Kings,104,111,4,7ca5e05d,c03449e0,64d43928,1,0,1,0,
Karachi Kings,105,111,5,64d43928,c03449e0,7ca5e05d,0,0,0,1,caught
Karachi Kings,106,111,5,7ca5e05d,c03449e0,a94e08ea,0,0,0,0,
Karachi Kings,107,111,5,7ca5e05d,c03449e0,a94e08ea,0,0,0,0,
Karachi Kings,108,111,6,7ca5e05d,c03449e0,a94e08ea,0,0,0,1,caught and bowled
Karachi Kings,109,112,6,9cb8d7a6,c03449e0,a94e08ea,1,0,1,0,
Karachi Kings,110,113,6,9cb8d7a6,3a0f6df2,a94e08ea,1,0,1,0,
Karachi Kings,111,113,7,a94e08ea,3a0f6df2,9cb8d7a6,0,0,0,1,run out
Karachi Kings,112,117,7,a94e08ea,3a0f6df2,6dd8b88c,4,0,4,0,
Karachi Kings,113,118,7,a94e08ea,3a0f6df2,6dd8b88c,1,0,1,0,
Karachi Kings,114,118,8,6dd8b88c,3a0f6df2,a94e08ea,0,0,0,1,bowled
Karachi Kings,115,118,8,5af743d0,3a0f6df2,a94e08ea,0,0,0,0,
Karachi Kings,116,119,8,a94e08ea,5441db8c,5af743d0,1,0,1,0,
Karachi Kings,117,119,8,5af743d0,5441db8c,a94e08ea,0,0,0,0,
Karachi Kings,118,120,8,5af743d0,5441db8c,a94e08ea,1,0,1,0,
Karachi Kings,119,120,9,a94e08ea,5441db8c,5af743d0,0,0,0,1,caught and bowled
Karachi Kings,120,122,9,5af743d0,5441db8c,cb1a782a,2,0,2,0,
Karachi Kings,121,126,9,5af743d0,5441db8c,cb1a782a,4,0,4,0,
Quetta Gladiators,1,1,0,cca50cd6,5af743d0,f8fd6e3f,1,0,1,0,
Quetta Gladiators,2,3,0,f8fd6e3f,5af743d0,cca50cd6,2,0,2,0,
Quetta Gladiators,3,7,0,f8fd6e3f,5af743d0,cca50cd6,4,0,4,0,
Quetta Gladiators,4,7,0,f8fd6e3f,5af743d0,cca50cd6,0,0,0,0,
Quetta Gladiators,5,8,0,f8fd6e3f,5af743d0,cca50cd6,1,0,1,0,
Quetta Gladiators,6,8,0,cca50cd6,5af743d0,f8fd6e3f,0,0,0,0,
Quetta Gladiators,7,9,0,f8fd6e3f,64d43928,cca50cd6,1,0,1,0,
Quetta Gladiators,8,9,0,cca50cd6,64d43928,f8fd6e3f,0,0,0,0,
Quetta Gladiators,9,9,0,cca50cd6,64d43928,f8fd6e3f,0,0,0,0,
Quetta Gladiators,10,9,0,cca50cd6,64d43928,f8fd6e3f,0,0,0,0,
Quetta Gladiators,11,9,0,cca50cd6,64d43928,f8fd6e3f,0,0,0,0,
Quetta Gladiators,12,13,0,cca50cd6,64d43928,f8fd6e3f,4,0,4,0,
Quetta Gladiators,13,13,0,f8fd6e3f,5af743d0,cca50cd6,0,0,0,0,
Quetta Gladiators,14,14,0,f8fd6e3f,5af743d0,cca50cd6,0,1,1,0,
Quetta Gladiators,15,16,0,f8fd6e3f,5af743d0,cca50cd6,2,0,2,0,
Quetta Gladiators,16,20,0,f8fd6e3f,5af743d0,cca50cd6,4,0,4,0,
Quetta Gladiators,17,22,0,f8fd6e3f,5af743d0,cca50cd6,2,0,2,0,
Quetta Gladiators,18,22,0,f8fd6e3f,5af743d0,cca50cd6,0,0,0,0,
Quetta Gladiators,19,22,0,f8fd6e3f,5af743d0,cca50cd6,0,0,0,0,
Quetta Gladiators,20,22,0,cca50cd6,7dc35884,f8fd6e3f,0,0,0,0,
Quetta Gladiators,21,27,0,cca50cd6,7dc35884,f8fd6e3f,5,0,5,0,
Quetta Gladiators,22,31,0,f8fd6e3f,7dc35884,cca50cd6,4,0,4,0,
Quetta Gladiators,23,32,0,f8fd6e3f,7dc35884,cca50cd6,1,0,1,0,
Quetta Gladiators,24,32,0,cca50cd6,7dc35884,f8fd6e3f,0,0,0,0,
Quetta Gladiators,25,33,0,cca50cd6,7dc35884,f8fd6e3f,1,0,1,0,
Quetta Gladiators,26,33,1,cca50cd6,9cb8d7a6,f8fd6e3f,0,0,0,1,caught
Quetta Gladiators,27,33,1,39f01cdb,9cb8d7a6,f8fd6e3f,0,0,0,0,
Quetta Gladiators,28,34,1,39f01cdb,9cb8d7a6,f8fd6e3f,1,0,1,0,
Quetta Gladiators,29,34,1,f8fd6e3f,9cb8d7a6,39f01cdb,0,0,0,0,
Quetta Gladiators,30,34,1,f8fd6e3f,9cb8d7a6,39f01cdb,0,0,0,0,
Quetta Gladiators,31,35,1,f8fd6e3f,9cb8d7a6,39f01cdb,1,0,1,0,
Quetta Gladiators,32,39,1,f8fd6e3f,7dc35884,39f01cdb,4,0,4,0,
Quetta Gladiators,33,43,1,f8fd6e3f,7dc35884,39f01cdb,4,0,4,0,
Quetta Gladiators,34,43,1,f8fd6e3f,7dc35884,39f01cdb,0,0,0,0,
Quetta Gladiators,35,43,1,f8fd6e3f,7dc35884,39f01cdb,0,0,0,0,
Quetta Gladiators,36,43,1,f8fd6e3f,7dc35884,39f01cdb,0,0,0,0,
Quetta Gladiators,37,47,1,f8fd6e3f,7dc35884,39f01cdb,4,0,4,0,
Quetta Gladiators,38,48,1,39f01cdb,6dd8b88c,f8fd6e3f,1,0,1,0,
Quetta Gladiators,39,49,1,f8fd6e3f,6dd8b88c,39f01cdb,1,0,1,0,
Quetta Gladiators,40,50,1,39f01cdb,6dd8b88c,f8fd6e3f,1,0,1,0,
Quetta Gladiators,41,54,1,f8fd6e3f,6dd8b88c,39f01cdb,4,0,4,0,
Quetta Gladiators,42,55,1,f8fd6e3f,6dd8b88c,39f01cdb,1,0,1,0,
Quetta Gladiators,43,56,1,39f01cdb,6dd8b88c,f8fd6e3f,1,0,1,0,
Quetta Gladiators,44,57,1,39f01cdb,9cb8d7a6,f8fd6e3f,1,0,1,0,
Quetta Gladiators,45,58,1,f8fd6e3f,9cb8d7a6,39f01cdb,1,0,1,0,
Quetta Gladiators,46,58,1,39f01cdb,9cb8d7a6,f8fd6e3f,0,0,0,0,
Quetta Gladiators,47,60,1,39f01cdb,9cb8d7a6,f8fd6e3f,0,2,2,0,
Quetta Gladiators,48,60,1,39f01cdb,9cb8d7a6,f8fd6e3f,0,0,0,0,
Quetta Gladiators,49,66,1,39f01cdb,9cb8d7a6,f8fd6e3f,6,0,6,0,
Quetta Gladiators,50,66,2,f8fd6e3f,6dd8b88c,39f01cdb,0,0,0,1,bowled
Quetta Gladiators,51,66,2,2254ab79,6dd8b88c,39f01cdb,0,0,0,0,
Quetta Gladiators,52,66,2,2254ab79,6dd8b88c,39f01cdb,0,0,0,0,
Quetta Gladiators,53,68,2,2254ab79,6dd8b88c,39f01cdb,2,0,2,0,
Quetta Gladiators,54,69,2,2254ab79,6dd8b88c,39f01cdb,1,0,1,0,
Quetta Gladiators,55,71,2,39f01cdb,6dd8b88c,2254ab79,2,0,2,0,
Quetta Gladiators,56,72,2,2254ab79,7ca5e05d,39f01cdb,1,0,1,0,
Quetta Gladiators,57,73,2,39f01cdb,7ca5e05d,2254ab79,0,1,1,0,
Quetta Gladiators,58,74,2,2254ab79,7ca5e05d,39f01cdb,1,0,1,0,
Quetta Gladiators,59,74,2,39f01cdb,7ca5e05d,2254ab79,0,0,0,0,
Quetta Gladiators,60,76,2,39f01cdb,7ca5e05d,2254ab79,2,0,2,0,
Quetta Gladiators,61,77,2,39f01cdb,7ca5e05d,2254ab79,1,0,1,0,
Quetta Gladiators,62,83,2,39f01cdb,6dd8b88c,2254ab79,6,0,6,0,
Quetta Gladiators,63,83,2,39f01cdb,6dd8b88c,2254ab79,0,0,0,0,
Quetta Gladiators,64,84,2,39f01cdb,6dd8b88c,2254ab79,1,0,1,0,
Quetta Gladiators,65,84,2,2254ab79,6dd8b88c,39f01cdb,0,0,0,0,
Quetta Gladiators,66,86,2,2254ab79,6dd8b88c,39f01cdb,2,0,2,0,
Quetta Gladiators,67,87,2,2254ab79,6dd8b88c,39f01cdb,1,0,1,0,
Quetta Gladiators,68,87,2,2254ab79,7ca5e05d,39f01cdb,0,0,0,0,
Quetta Gladiators,69,87,2,2254ab79,7ca5e05d,39f01cdb,0,0,0,0,
Quetta Gladiators,70,89,2,2254ab79,7ca5e05d,39f01cdb,2,0,2,0,
Quetta Gladiators,71,90,2,2254ab79,7ca5e05d,39f01cdb,1,0,1,0,
Quetta Gladiators,72,91,2,39f01cdb,7ca5e05d,2254ab79,1,0,1,0,
Quetta Gladiators,73,92,2,2254ab79,7ca5e05d,39f01cdb,1,0,1,0,
Quetta Gladiators,74,92,2,2254ab79,6dd8b88c,39f01cdb,0,0,0,0,
Quetta Gladiators,75,93,2,2254ab79,6dd8b88c,39f01cdb,1,0,1,0,
Quetta Gladiators,76,93,2,39f01cdb,6dd8b88c,2254ab79,0,0,0,0,
Quetta Gladiators,77,95,2,39f01cdb,6dd8b88c,2254ab79,2,0,2,0,
Quetta Gladiators,78,95,3,39f01cdb,6dd8b88c,2254ab79,0,0,0,1,caught
Quetta Gladiators,79,95,3,c03449e0,6dd8b88c,2254ab79,0,0,0,0,
Quetta Gladiators,80,95,3,2254ab79,5af743d0,c03449e0,0,0,0,0,
Quetta Gladiators,81,95,3,2254ab79,5af743d0,c03449e0,0,0,0,0,
Quetta Gladiators,82,96,3,2254ab79,5af743d0,c03449e0,1,0,1,0,
Quetta Gladiators,83,97,3,c03449e0,5af743d0,2254ab79,1,0,1,0,
Quetta Gladiators,84,98,3,2254ab79,5af743d0,c03449e0,1,0,1,0,
Quetta Gladiators,85,98,3,c03449e0,5af743d0,2254ab79,0,0,0,0,
Quetta Gladiators,86,99,3,2254ab79,7dc35884,c03449e0,1,0,1,0,
Quetta Gladiators,87,103,3,c03449e0,7dc35884,2254ab79,4,0,4,0,
Quetta Gladiators,88,103,4,c03449e0,7dc35884,2254ab79,0,0,0,1,lbw
Quetta Gladiators,89,103,4,3086f7a4,7dc35884,2254ab79,0,0,0,0,
Quetta Gladiators,90,104,4,3086f7a4,7dc35884,2254ab79,1,0,1,0,
Quetta Gladiators,91,104,4,2254ab79,7dc35884,3086f7a4,0,0,0,0,
Quetta Gladiators,92,105,4,3086f7a4,5af743d0,2254ab79,1,0,1,0,
Quetta Gladiators,93,106,4,2254ab79,5af743d0,3086f7a4,1,0,1,0,
Quetta Gladiators,94,107,4,3086f7a4,5af743d0,2254ab79,1,0,1,0,
Quetta Gladiators,95,111,4,2254ab79,5af743d0,3086f7a4,4,0,4,0,
Quetta Gladiators,96,111,4,2254ab79,5af743d0,3086f7a4,0,0,0,0,
Quetta Gladiators,97,112,4,2254ab79,5af743d0,3086f7a4,1,0,1,0,
Quetta Gladiators,98,113,4,2254ab79,7dc35884,3086f7a4,1,0,1,0,
Quetta Gladiators,99,114,4,3086f7a4,7dc35884,2254ab79,1,0,1,0,
Quetta Gladiators,100,114,4,2254ab79,7dc35884,3086f7a4,0,0,0,0,
Quetta Gladiators,101,115,4,2254ab79,7dc35884,3086f7a4,1,0,1,0,
Quetta Gladiators,102,117,4,3086f7a4,7dc35884,2254ab79,2,0,2,0,
Quetta Gladiators,103,117,5,3086f7a4,7dc35884,2254ab79,0,0,0,1,run out
Quetta Gladiators,104,118,5,eb2d5fe7,7ca5e05d,2254ab79,1,0,1,0,
Quetta Gladiators,105,119,5,2254ab79,7ca5e05d,eb2d5fe7,1,0,1,0,
Quetta Gladiators,106,119,5,eb2d5fe7,7ca5e05d,2254ab79,0,0,0,0,
Quetta Gladiators,107,119,5,eb2d5fe7,7ca5e05d,2254ab79,0,0,0,0,
Quetta Gladiators,108,121,5,eb2d5fe7,7ca5e05d,2254ab79,2,0,2,0,
Quetta Gladiators,109,121,5,eb2d5fe7,7ca5e05d,2254ab79,0,0,0,0,
Quetta Gladiators,110,122,5,2254ab79,64d43928,eb2d5fe7,1,0,1,0,
Quetta Gladiators,111,123,5,eb2d5fe7,64d43928,2254ab79,1,0,1,0,
Quetta Gladiators,112,125,5,2254ab79,64d43928,eb2d5fe7,2,0,2,0,
Quetta Gladiators,113,126,5,2254ab79,64d43928,eb2d5fe7,1,0,1,0,
Quetta Gladiators,114,127,5,eb2d5fe7,64d43928,2254ab79,1,0,1,0,
