batting_team,ball_number,total_team_runs,total_team_wickets,striker_ID,bowler_ID,nonstriker_ID,batter_runs,extras_runs,total_delivery_runs,wicket,wicket_type
Southern Vipers,1,0,0,89bbc67a,d32cf49a,7b1f2542,0,0,0,0,
Southern Vipers,2,0,0,89bbc67a,d32cf49a,7b1f2542,0,0,0,0,
Southern Vipers,3,1,0,89bbc67a,d32cf49a,7b1f2542,1,0,1,0,
Southern Vipers,4,1,0,7b1f2542,d32cf49a,89bbc67a,0,0,0,0,
Southern Vipers,5,1,0,7b1f2542,d32cf49a,89bbc67a,0,0,0,0,
Southern Vipers,6,1,1,7b1f2542,d32cf49a,89bbc67a,0,0,0,1,bowled
Southern Vipers,7,1,1,89bbc67a,1ade138e,cfb2141b,0,0,0,0,
Southern Vipers,8,1,1,89bbc67a,1ade138e,cfb2141b,0,0,0,0,
Southern Vipers,9,1,1,89bbc67a,1ade138e,cfb2141b,0,0,0,0,
Southern Vipers,10,5,1,89bbc67a,1ade138e,cfb2141b,4,0,4,0,
Southern Vipers,11,5,1,89bbc67a,1ade138e,cfb2141b,0,0,0,0,
Southern Vipers,12,9,1,89bbc67a,1ade138e,cfb2141b,2,2,4,0,
Southern Vipers,13,13,1,89bbc67a,1ade138e,cfb2141b,4,0,4,0,
Southern Vipers,14,13,1,cfb2141b,cdb82f1c,89bbc67a,0,0,0,0,
Southern Vipers,15,13,1,cfb2141b,cdb82f1c,89bbc67a,0,0,0,0,
Southern Vipers,16,13,1,cfb2141b,cdb82f1c,89bbc67a,0,0,0,0,
Southern Vipers,17,15,1,cfb2141b,cdb82f1c,89bbc67a,2,0,2,0,
Southern Vipers,18,18,1,cfb2141b,cdb82f1c,89bbc67a,3,0,3,0,
Southern Vipers,19,22,1,89bbc67a,cdb82f1c,cfb2141b,4,0,4,0,
Southern Vipers,20,22,1,cfb2141b,d32cf49a,89bbc67a,0,0,0,0,
Southern Vipers,21,23,1,cfb2141b,d32cf49a,89bbc67a,1,0,1,0,
Southern Vipers,22,23,1,89bbc67a,d32cf49a,cfb2141b,0,0,0,0,
Southern Vipers,23,23,2,89bbc67a,d32cf49a,cfb2141b,0,0,0,1,caught
Southern Vipers,24,24,2,af71535d,d32cf49a,cfb2141b,1,0,1,0,
Southern Vipers,25,25,2,cfb2141b,d32cf49a,af71535d,0,1,1,0,
Southern Vipers,26,27,2,cfb2141b,d32cf49a,af71535d,2,0,2,0,
Southern Vipers,27,27,2,af71535d,cdb82f1c,cfb2141b,0,0,0,0,
Southern Vipers,28,27,2,af71535d,cdb82f1c,cfb2141b,0,0,0,0,
Southern Vipers,29,29,2,af71535d,cdb82f1c,cfb2141b,2,0,2,0,
Southern Vipers,30,29,2,af71535d,cdb82f1c,cfb2141b,0,0,0,0,
Southern Vipers,31,29,2,af71535d,cdb82f1c,cfb2141b,0,0,0,0,
Southern Vipers,32,30,2,af71535d,cdb82f1c,cfb2141b,1,0,1,0,
Southern Vipers,33,30,2,af71535d,d32cf49a,cfb2141b,0,0,0,0,
Southern Vipers,34,30,2,af71535d,d32cf49a,cfb2141b,0,0,0,0,
Southern Vipers,35,31,2,af71535d,d32cf49a,cfb2141b,1,0,1,0,
Southern Vipers,36,32,2,cfb2141b,d32cf49a,af71535d,0,1,1,0,
Southern Vipers,37,33,2,cfb2141b,d32cf49a,af71535d,0,1,1,0,
Southern Vipers,38,34,2,cfb2141b,d32cf49a,af71535d,1,0,1,0,
Southern Vipers,39,34,2,af71535d,d32cf49a,cfb2141b,0,0,0,0,
Southern Vipers,40,34,2,af71535d,d32cf49a,cfb2141b,0,0,0,0,
Southern Vipers,41,34,3,cfb2141b,53bee17f,af71535d,0,0,0,1,caught
Southern Vipers,42,35,3,923b0e02,53bee17f,af71535d,1,0,1,0,
Southern Vipers,43,35,3,af71535d,53bee17f,923b0e02,0,0,0,0,
Southern Vipers,44,36,3,af71535d,53bee17f,923b0e02,1,0,1,0,
Southern Vipers,45,36,3,923b0e02,53bee17f,af71535d,0,0,0,0,
Southern Vipers,46,37,3,923b0e02,53bee17f,af71535d,1,0,1,0,
Southern Vipers,47,38,3,923b0e02,72b7ed1e,af71535d,1,0,1,0,
Southern Vipers,48,39,3,af71535d,72b7ed1e,923b0e02,1,0,1,0,
Southern Vipers,49,39,3,923b0e02,72b7ed1e,af71535d,0,0,0,0,
Southern Vipers,50,44,3,923b0e02,72b7ed1e,af71535d,5,0,5,0,
Southern Vipers,51,44,3,af71535d,72b7ed1e,923b0e02,0,0,0,0,
Southern Vipers,52,44,3,af71535d,72b7ed1e,923b0e02,0,0,0,0,
Southern Vipers,53,45,3,923b0e02,53bee17f,af71535d,0,1,1,0,
Southern Vipers,54,45,3,923b0e02,53bee17f,af71535d,0,0,0,0,
Southern Vipers,55,45,3,923b0e02,53bee17f,af71535d,0,0,0,0,
Southern Vipers,56,45,3,923b0e02,53bee17f,af71535d,0,0,0,0,
Southern Vipers,57,46,3,923b0e02,53bee17f,af71535d,0,1,1,0,
Southern Vipers,58,50,3,af71535d,53bee17f,923b0e02,4,0,4,0,
Southern Vipers,59,51,3,af71535d,53bee17f,923b0e02,1,0,1,0,
Southern Vipers,60,51,3,af71535d,72b7ed1e,923b0e02,0,0,0,0,
Southern Vipers,61,52,3,af71535d,72b7ed1e,923b0e02,1,0,1,0,
Southern Vipers,62,53,3,923b0e02,72b7ed1e,af71535d,1,0,1,0,
Southern Vipers,63,54,3,af71535d,72b7ed1e,923b0e02,1,0,1,0,
Southern Vipers,64,55,3,923b0e02,72b7ed1e,af71535d,1,0,1,0,
Southern Vipers,65,56,3,af71535d,72b7ed1e,923b0e02,1,0,1,0,
Southern Vipers,66,60,3,af71535d,a139c379,923b0e02,4,0,4,0,
Southern Vipers,67,60,3,af71535d,a139c379,923b0e02,0,0,0,0,
Southern Vipers,68,61,3,af71535d,a139c379,923b0e02,1,0,1,0,
Southern Vipers,69,61,3,923b0e02,a139c379,af71535d,0,0,0,0,
Southern Vipers,70,61,3,923b0e02,a139c379,af71535d,0,0,0,0,
Southern Vipers,71,62,3,923b0e02,a139c379,af71535d,1,0,1,0,
Southern Vipers,72,62,4,923b0e02,72b7ed1e,af71535d,0,0,0,1,caught
Southern Vipers,73,63,4,053dc208,72b7ed1e,af71535d,1,0,1,0,
Southern Vipers,74,64,4,af71535d,72b7ed1e,053dc208,1,0,1,0,
Southern Vipers,75,65,4,053dc208,72b7ed1e,af71535d,1,0,1,0,
Southern Vipers,76,66,4,af71535d,72b7ed1e,053dc208,1,0,1,0,
Southern Vipers,77,67,4,053dc208,72b7ed1e,af71535d,1,0,1,0,
Southern Vipers,78,67,4,053dc208,a139c379,af71535d,0,0,0,0,
Southern Vipers,79,70,4,053dc208,a139c379,af71535d,0,3,3,0,
Southern Vipers,80,71,4,053dc208,a139c379,af71535d,1,0,1,0,
Southern Vipers,81,72,4,af71535d,a139c379,053dc208,1,0,1,0,
Southern Vipers,82,73,4,053dc208,a139c379,af71535d,1,0,1,0,
Southern Vipers,83,77,4,af71535d,a139c379,053dc208,4,0,4,0,
Southern Vipers,84,77,4,af71535d,a139c379,053dc208,0,0,0,0,
Southern Vipers,85,78,4,053dc208,72b7ed1e,af71535d,0,1,1,0,
Southern Vipers,86,79,4,053dc208,72b7ed1e,af71535d,1,0,1,0,
Southern Vipers,87,80,4,af71535d,72b7ed1e,053dc208,1,0,1,0,
Southern Vipers,88,80,4,053dc208,72b7ed1e,af71535d,0,0,0,0,
Southern Vipers,89,80,4,053dc208,72b7ed1e,af71535d,0,0,0,0,
Southern Vipers,90,81,4,053dc208,72b7ed1e,af71535d,1,0,1,0,
Southern Vipers,91,82,4,af71535d,72b7ed1e,053dc208,1,0,1,0,
Southern Vipers,92,82,4,af71535d,1ade138e,053dc208,0,0,0,0,
Southern Vipers,93,88,4,af71535d,1ade138e,053dc208,6,0,6,0,
Southern Vipers,94,89,4,af71535d,1ade138e,053dc208,1,0,1,0,
Southern Vipers,95,89,4,053dc208,1ade138e,af71535d,0,0,0,0,
Southern Vipers,96,90,4,053dc208,1ade138e,af71535d,1,0,1,0,
Southern Vipers,97,92,4,af71535d,1ade138e,053dc208,2,0,2,0,
Southern Vipers,98,92,4,053dc208,d32cf49a,af71535d,0,0,0,0,
Southern Vipers,99,92,4,053dc208,d32cf49a,af71535d,0,0,0,0,
Southern Vipers,100,92,4,053dc208,d32cf49a,af71535d,0,0,0,0,
Southern Vipers,101,96,4,053dc208,d32cf49a,af71535d,4,0,4,0,
Southern Vipers,102,97,4,053dc208,d32cf49a,af71535d,1,0,1,0,
Southern Vipers,103,98,4,af71535d,d32cf49a,053dc208,1,0,1,0,
Southern Vipers,104,99,4,af71535d,cdb82f1c,053dc208,1,0,1,0,
Southern Vipers,105,100,4,053dc208,cdb82f1c,af71535d,1,0,1,0,
Southern Vipers,106,104,4,af71535d,cdb82f1c,053dc208,4,0,4,0,
Southern Vipers,107,105,4,af71535d,cdb82f1c,053dc208,1,0,1,0,
Southern Vipers,108,108,4,053dc208,cdb82f1c,af71535d,3,0,3,0,
Southern Vipers,109,109,4,af71535d,cdb82f1c,053dc208,1,0,1,0,
Southern Vipers,110,110,4,af71535d,53bee17f,053dc208,1,0,1,0,
Southern Vipers,111,110,4,053dc208,53bee17f,af71535d,0,0,0,0,
Southern Vipers,112,110,4,053dc208,53bee17f,af71535d,0,0,0,0,
Southern Vipers,113,111,4,053dc208,53bee17f,af71535d,1,0,1,0,
Southern Vipers,114,111,4,af71535d,53bee17f,053dc208,0,0,0,0,
Southern Vipers,115,111,4,af71535d,53bee17f,053dc208,0,0,0,0,
Southern Vipers,116,113,4,053dc208,cdb82f1c,af71535d,0,2,2,0,
Southern Vipers,117,117,4,053dc208,cdb82f1c,af71535d,4,0,4,0,
Southern Vipers,118,118,4,053dc208,cdb82f1c,af71535d,1,0,1,0,
Southern Vipers,119,118,4,af71535d,cdb82f1c,053dc208,0,0,0,0,
Southern Vipers,120,118,4,af71535d,cdb82f1c,053dc208,0,0,0,0,
Southern Vipers,121,122,4,af71535d,cdb82f1c,053dc208,4,0,4,0,
Southern Vipers,122,123,4,053dc208,53bee17f,af71535d,1,0,1,0,
Southern Vipers,123,124,4,af71535d,53bee17f,053dc208,1,0,1,0,
Southern Vipers,124,128,4,053dc208,53bee17f,af71535d,4,0,4,0,
Southern Vipers,125,128,4,053dc208,53bee17f,af71535d,0,0,0,0,
Southern Vipers,126,129,4,053dc208,53bee17f,af71535d,0,1,1,0,
Southern Vipers,127,130,4,053dc208,53bee17f,af71535d,1,0,1,0,
Southern Vipers,128,132,4,af71535d,53bee17f,053dc208,2,0,2,0,
Lancashire Thunder,1,0,0,d32cf49a,e2410b5e,02181d9a,0,0,0,0,
Lancashire Thunder,2,0,0,d32cf49a,e2410b5e,02181d9a,0,0,0,0,
Lancashire Thunder,3,0,0,d32cf49a,e2410b5e,02181d9a,0,0,0,0,
Lancashire Thunder,4,0,1,d32cf49a,e2410b5e,02181d9a,0,0,0,1,caught
Lancashire Thunder,5,0,1,72b7ed1e,e2410b5e,02181d9a,0,0,0,0,
Lancashire Thunder,6,1,1,72b7ed1e,e2410b5e,02181d9a,1,0,1,0,
Lancashire Thunder,7,2,1,72b7ed1e,15f609ed,02181d9a,1,0,1,0,
Lancashire Thunder,8,2,1,02181d9a,15f609ed,72b7ed1e,0,0,0,0,
Lancashire Thunder,9,2,1,02181d9a,15f609ed,72b7ed1e,0,0,0,0,
Lancashire Thunder,10,3,1,02181d9a,15f609ed,72b7ed1e,1,0,1,0,
Lancashire Thunder,11,3,1,72b7ed1e,15f609ed,02181d9a,0,0,0,0,
Lancashire Thunder,12,3,1,72b7ed1e,15f609ed,02181d9a,0,0,0,0,
Lancashire Thunder,13,3,1,02181d9a,e2410b5e,72b7ed1e,0,0,0,0,
Lancashire Thunder,14,4,1,02181d9a,e2410b5e,72b7ed1e,1,0,1,0,
Lancashire Thunder,15,5,1,72b7ed1e,e2410b5e,02181d9a,1,0,1,0,
Lancashire Thunder,16,7,1,02181d9a,e2410b5e,72b7ed1e,2,0,2,0,
Lancashire Thunder,17,7,1,02181d9a,e2410b5e,72b7ed1e,0,0,0,0,
Lancashire Thunder,18,9,1,02181d9a,e2410b5e,72b7ed1e,2,0,2,0,
Lancashire Thunder,19,13,1,72b7ed1e,15f609ed,02181d9a,4,0,4,0,
Lancashire Thunder,20,17,1,72b7ed1e,15f609ed,02181d9a,4,0,4,0,
Lancashire Thunder,21,17,1,72b7ed1e,15f609ed,02181d9a,0,0,0,0,
Lancashire Thunder,22,18,1,72b7ed1e,15f609ed,02181d9a,0,1,1,0,
Lancashire Thunder,23,19,1,02181d9a,15f609ed,72b7ed1e,1,0,1,0,
Lancashire Thunder,24,19,1,72b7ed1e,15f609ed,02181d9a,0,0,0,0,
Lancashire Thunder,25,19,1,02181d9a,e2410b5e,72b7ed1e,0,0,0,0,
Lancashire Thunder,26,19,1,02181d9a,e2410b5e,72b7ed1e,0,0,0,0,
Lancashire Thunder,27,23,1,02181d9a,e2410b5e,72b7ed1e,4,0,4,0,
Lancashire Thunder,28,23,1,02181d9a,e2410b5e,72b7ed1e,0,0,0,0,
Lancashire Thunder,29,23,1,02181d9a,e2410b5e,72b7ed1e,0,0,0,0,
Lancashire Thunder,30,27,1,02181d9a,e2410b5e,72b7ed1e,4,0,4,0,
Lancashire Thunder,31,27,1,72b7ed1e,89bbc67a,02181d9a,0,0,0,0,
Lancashire Thunder,32,31,1,72b7ed1e,89bbc67a,02181d9a,4,0,4,0,
Lancashire Thunder,33,31,1,72b7ed1e,89bbc67a,02181d9a,0,0,0,0,
Lancashire Thunder,34,32,1,72b7ed1e,89bbc67a,02181d9a,1,0,1,0,
Lancashire Thunder,35,32,1,02181d9a,89bbc67a,72b7ed1e,0,0,0,0,
Lancashire Thunder,36,32,1,02181d9a,89bbc67a,72b7ed1e,0,0,0,0,
Lancashire Thunder,37,33,1,72b7ed1e,340202b0,02181d9a,1,0,1,0,
Lancashire Thunder,38,33,1,02181d9a,340202b0,72b7ed1e,0,0,0,0,
Lancashire Thunder,39,33,1,02181d9a,340202b0,72b7ed1e,0,0,0,0,
Lancashire Thunder,40,33,1,02181d9a,340202b0,72b7ed1e,0,0,0,0,
Lancashire Thunder,41,35,1,02181d9a,340202b0,72b7ed1e,2,0,2,0,
Lancashire Thunder,42,36,1,02181d9a,340202b0,72b7ed1e,1,0,1,0,
Lancashire Thunder,43,37,1,02181d9a,053dc208,72b7ed1e,1,0,1,0,
Lancashire Thunder,44,39,1,72b7ed1e,053dc208,02181d9a,2,0,2,0,
Lancashire Thunder,45,40,1,72b7ed1e,053dc208,02181d9a,1,0,1,0,
Lancashire Thunder,46,41,1,02181d9a,053dc208,72b7ed1e,1,0,1,0,
Lancashire Thunder,47,45,1,72b7ed1e,053dc208,02181d9a,4,0,4,0,
Lancashire Thunder,48,46,1,72b7ed1e,053dc208,02181d9a,1,0,1,0,
Lancashire Thunder,49,46,1,72b7ed1e,340202b0,02181d9a,0,0,0,0,
Lancashire Thunder,50,48,1,72b7ed1e,340202b0,02181d9a,2,0,2,0,
Lancashire Thunder,51,49,1,72b7ed1e,340202b0,02181d9a,1,0,1,0,
Lancashire Thunder,52,50,1,02181d9a,340202b0,72b7ed1e,1,0,1,0,
Lancashire Thunder,53,50,1,72b7ed1e,340202b0,02181d9a,0,0,0,0,
Lancashire Thunder,54,50,1,72b7ed1e,340202b0,02181d9a,0,0,0,0,
Lancashire Thunder,55,50,1,02181d9a,053dc208,72b7ed1e,0,0,0,0,
Lancashire Thunder,56,52,1,02181d9a,053dc208,72b7ed1e,2,0,2,0,
Lancashire Thunder,57,53,1,02181d9a,053dc208,72b7ed1e,0,1,1,0,
Lancashire Thunder,58,55,1,72b7ed1e,053dc208,02181d9a,2,0,2,0,
Lancashire Thunder,59,55,1,72b7ed1e,053dc208,02181d9a,0,0,0,0,
Lancashire Thunder,60,56,1,72b7ed1e,053dc208,02181d9a,0,1,1,0,
Lancashire Thunder,61,57,1,72b7ed1e,053dc208,02181d9a,1,0,1,0,
Lancashire Thunder,62,57,1,72b7ed1e,340202b0,02181d9a,0,0,0,0,
Lancashire Thunder,63,57,2,72b7ed1e,340202b0,02181d9a,0,0,0,1,caught
Lancashire Thunder,64,58,2,02181d9a,340202b0,53bee17f,1,0,1,0,
Lancashire Thunder,65,58,2,53bee17f,340202b0,02181d9a,0,0,0,0,
Lancashire Thunder,66,58,2,53bee17f,340202b0,02181d9a,0,0,0,0,
Lancashire Thunder,67,58,2,53bee17f,340202b0,02181d9a,0,0,0,0,
Lancashire Thunder,68,59,2,02181d9a,15f609ed,53bee17f,1,0,1,0,
Lancashire Thunder,69,60,2,53bee17f,15f609ed,02181d9a,1,0,1,0,
Lancashire Thunder,70,61,2,02181d9a,15f609ed,53bee17f,1,0,1,0,
Lancashire Thunder,71,61,2,53bee17f,15f609ed,02181d9a,0,0,0,0,
Lancashire Thunder,72,62,2,53bee17f,15f609ed,02181d9a,1,0,1,0,
Lancashire Thunder,73,66,2,02181d9a,15f609ed,53bee17f,4,0,4,0,
Lancashire Thunder,74,67,2,53bee17f,340202b0,02181d9a,1,0,1,0,
Lancashire Thunder,75,67,2,02181d9a,340202b0,53bee17f,0,0,0,0,
Lancashire Thunder,76,71,2,02181d9a,340202b0,53bee17f,4,0,4,0,
Lancashire Thunder,77,71,3,02181d9a,340202b0,53bee17f,0,0,0,1,run out
Lancashire Thunder,78,71,3,a139c379,340202b0,53bee17f,0,0,0,0,
Lancashire Thunder,79,72,3,a139c379,340202b0,53bee17f,1,0,1,0,
Lancashire Thunder,80,74,3,a139c379,e69dbbef,53bee17f,2,0,2,0,
Lancashire Thunder,81,78,3,a139c379,e69dbbef,53bee17f,4,0,4,0,
Lancashire Thunder,82,79,3,a139c379,e69dbbef,53bee17f,1,0,1,0,
Lancashire Thunder,83,80,3,53bee17f,e69dbbef,a139c379,1,0,1,0,
Lancashire Thunder,84,81,3,a139c379,e69dbbef,53bee17f,1,0,1,0,
Lancashire Thunder,85,82,3,53bee17f,e69dbbef,a139c379,0,1,1,0,
Lancashire Thunder,86,83,3,53bee17f,e69dbbef,a139c379,1,0,1,0,
Lancashire Thunder,87,83,3,53bee17f,e2410b5e,a139c379,0,0,0,0,
Lancashire Thunder,88,83,4,53bee17f,e2410b5e,a139c379,0,0,0,1,caught
Lancashire Thunder,89,83,4,a139c379,e2410b5e,01fcf20f,0,0,0,0,
Lancashire Thunder,90,83,4,a139c379,e2410b5e,01fcf20f,0,0,0,0,
Lancashire Thunder,91,84,4,a139c379,e2410b5e,01fcf20f,1,0,1,0,
Lancashire Thunder,92,84,4,01fcf20f,e2410b5e,a139c379,0,0,0,0,
Lancashire Thunder,93,84,4,a139c379,89bbc67a,01fcf20f,0,0,0,0,
Lancashire Thunder,94,84,4,a139c379,89bbc67a,01fcf20f,0,0,0,0,
Lancashire Thunder,95,85,4,a139c379,89bbc67a,01fcf20f,1,0,1,0,
Lancashire Thunder,96,85,4,01fcf20f,89bbc67a,a139c379,0,0,0,0,
Lancashire Thunder,97,85,4,01fcf20f,89bbc67a,a139c379,0,0,0,0,
Lancashire Thunder,98,85,4,01fcf20f,89bbc67a,a139c379,0,0,0,0,
Lancashire Thunder,99,89,4,a139c379,053dc208,01fcf20f,4,0,4,0,
Lancashire Thunder,100,93,4,a139c379,053dc208,01fcf20f,4,0,4,0,
Lancashire Thunder,101,94,4,a139c379,053dc208,01fcf20f,1,0,1,0,
Lancashire Thunder,102,94,4,01fcf20f,053dc208,a139c379,0,0,0,0,
Lancashire Thunder,103,95,4,01fcf20f,053dc208,a139c379,1,0,1,0,
Lancashire Thunder,104,96,4,a139c379,053dc208,01fcf20f,1,0,1,0,
Lancashire Thunder,105,97,4,a139c379,89bbc67a,01fcf20f,1,0,1,0,
Lancashire Thunder,106,97,4,01fcf20f,89bbc67a,a139c379,0,0,0,0,
Lancashire Thunder,107,97,4,01fcf20f,89bbc67a,a139c379,0,0,0,0,
Lancashire Thunder,108,98,4,01fcf20f,89bbc67a,a139c379,1,0,1,0,
Lancashire Thunder,109,99,4,a139c379,89bbc67a,01fcf20f,0,1,1,0,
Lancashire Thunder,110,100,4,a139c379,89bbc67a,01fcf20f,1,0,1,0,
Lancashire Thunder,111,104,4,01fcf20f,89bbc67a,a139c379,4,0,4,0,
Lancashire Thunder,112,108,4,a139c379,15f609ed,01fcf20f,4,0,4,0,
Lancashire Thunder,113,110,4,a139c379,15f609ed,01fcf20f,2,0,2,0,
Lancashire Thunder,114,110,4,a139c379,15f609ed,01fcf20f,0,0,0,0,
Lancashire Thunder,115,110,5,a139c379,15f609ed,01fcf20f,0,0,0,1,bowled
Lancashire Thunder,116,111,5,04e5a38a,15f609ed,01fcf20f,0,1,1,0,
Lancashire Thunder,117,115,5,01fcf20f,15f609ed,04e5a38a,4,0,4,0,
Lancashire Thunder,118,116,5,04e5a38a,89bbc67a,01fcf20f,1,0,1,0,
Lancashire Thunder,119,118,5,01fcf20f,89bbc67a,04e5a38a,2,0,2,0,
Lancashire Thunder,120,120,5,01fcf20f,89bbc67a,04e5a38a,2,0,2,0,
Lancashire Thunder,121,120,6,01fcf20f,89bbc67a,04e5a38a,0,0,0,1,caught
Lancashire Thunder,122,121,6,04e5a38a,89bbc67a,1ade138e,1,0,1,0,
Lancashire Thunder,123,121,7,1ade138e,89bbc67a,04e5a38a,0,0,0,1,stumped
