batting_team,ball_number,total_team_runs,total_team_wickets,striker_ID,bowler_ID,nonstriker_ID,batter_runs,extras_runs,total_delivery_runs,wicket,wicket_type
Scotland,1,0,0,ff014c34,023f6b02,85d8110a,0,0,0,0,
Scotland,2,0,0,ff014c34,023f6b02,85d8110a,0,0,0,0,
Scotland,3,1,0,ff014c34,023f6b02,85d8110a,1,0,1,0,
Scotland,4,4,0,85d8110a,023f6b02,ff014c34,3,0,3,0,
Scotland,5,6,0,ff014c34,023f6b02,85d8110a,2,0,2,0,
Scotland,6,7,0,ff014c34,023f6b02,85d8110a,1,0,1,0,
Scotland,7,11,0,ff014c34,70456281,85d8110a,4,0,4,0,
Scotland,8,12,0,ff014c34,70456281,85d8110a,1,0,1,0,
Scotland,9,12,0,85d8110a,70456281,ff014c34,0,0,0,0,
Scotland,10,13,0,85d8110a,70456281,ff014c34,1,0,1,0,
Scotland,11,13,0,ff014c34,70456281,85d8110a,0,0,0,0,
Scotland,12,13,0,ff014c34,70456281,85d8110a,0,0,0,0,
Scotland,13,17,0,85d8110a,571f11e4,ff014c34,4,0,4,0,
Scotland,14,17,0,85d8110a,571f11e4,ff014c34,0,0,0,0,
Scotland,15,19,0,85d8110a,571f11e4,ff014c34,2,0,2,0,
Scotland,16,21,0,85d8110a,571f11e4,ff014c34,2,0,2,0,
Scotland,17,21,0,85d8110a,571f11e4,ff014c34,0,0,0,0,
Scotland,18,21,0,85d8110a,571f11e4,ff014c34,0,0,0,0,
Scotland,19,21,0,ff014c34,d3851cd8,85d8110a,0,0,0,0,
Scotland,20,21,0,ff014c34,d3851cd8,85d8110a,0,0,0,0,
Scotland,21,22,0,ff014c34,d3851cd8,85d8110a,0,1,1,0,
Scotland,22,23,0,85d8110a,d3851cd8,ff014c34,1,0,1,0,
Scotland,23,25,0,ff014c34,d3851cd8,85d8110a,2,0,2,0,
Scotland,24,28,0,ff014c34,d3851cd8,85d8110a,0,3,3,0,
Scotland,25,28,0,ff014c34,023f6b02,85d8110a,0,0,0,0,
Scotland,26,28,0,ff014c34,023f6b02,85d8110a,0,0,0,0,
Scotland,27,28,0,ff014c34,023f6b02,85d8110a,0,0,0,0,
Scotland,28,32,0,ff014c34,023f6b02,85d8110a,4,0,4,0,
Scotland,29,32,0,ff014c34,023f6b02,85d8110a,0,0,0,0,
Scotland,30,34,0,ff014c34,023f6b02,85d8110a,2,0,2,0,
Scotland,31,38,0,85d8110a,70456281,ff014c34,4,0,4,0,
Scotland,32,39,0,85d8110a,70456281,ff014c34,1,0,1,0,
Scotland,33,39,0,ff014c34,70456281,85d8110a,0,0,0,0,
Scotland,34,43,0,ff014c34,70456281,85d8110a,4,0,4,0,
Scotland,35,47,0,ff014c34,70456281,85d8110a,0,4,4,0,
Scotland,36,47,0,ff014c34,70456281,85d8110a,0,0,0,0,
Scotland,37,48,0,85d8110a,552b228c,ff014c34,1,0,1,0,
Scotland,38,49,0,ff014c34,552b228c,85d8110a,1,0,1,0,
Scotland,39,51,0,85d8110a,552b228c,ff014c34,2,0,2,0,
Scotland,40,53,0,85d8110a,552b228c,ff014c34,2,0,2,0,
Scotland,41,59,0,85d8110a,552b228c,ff014c34,6,0,6,0,
Scotland,42,60,0,85d8110a,552b228c,ff014c34,1,0,1,0,
Scotland,43,61,0,85d8110a,d3851cd8,ff014c34,1,0,1,0,
Scotland,44,61,1,ff014c34,d3851cd8,85d8110a,0,0,0,1,lbw
Scotland,45,62,1,9c376401,d3851cd8,85d8110a,1,0,1,0,
Scotland,46,62,1,85d8110a,d3851cd8,9c376401,0,0,0,0,
Scotland,47,62,2,85d8110a,d3851cd8,9c376401,0,0,0,1,caught
Scotland,48,62,2,e21bc7f3,d3851cd8,9c376401,0,0,0,0,
Scotland,49,63,2,9c376401,f6c2659d,e21bc7f3,1,0,1,0,
Scotland,50,63,2,e21bc7f3,f6c2659d,9c376401,0,0,0,0,
Scotland,51,65,2,e21bc7f3,f6c2659d,9c376401,2,0,2,0,
Scotland,52,65,2,e21bc7f3,f6c2659d,9c376401,0,0,0,0,
Scotland,53,66,2,e21bc7f3,f6c2659d,9c376401,1,0,1,0,
Scotland,54,66,2,9c376401,f6c2659d,e21bc7f3,0,0,0,0,
Scotland,55,67,2,e21bc7f3,d3851cd8,9c376401,1,0,1,0,
Scotland,56,71,2,9c376401,d3851cd8,e21bc7f3,4,0,4,0,
Scotland,57,72,2,9c376401,d3851cd8,e21bc7f3,1,0,1,0,
Scotland,58,73,2,e21bc7f3,d3851cd8,9c376401,1,0,1,0,
Scotland,59,74,2,9c376401,d3851cd8,e21bc7f3,1,0,1,0,
Scotland,60,75,2,e21bc7f3,d3851cd8,9c376401,1,0,1,0,
Scotland,61,77,2,e21bc7f3,f6c2659d,9c376401,2,0,2,0,
Scotland,62,78,2,e21bc7f3,f6c2659d,9c376401,1,0,1,0,
Scotland,63,78,2,9c376401,f6c2659d,e21bc7f3,0,0,0,0,
Scotland,64,79,2,9c376401,f6c2659d,e21bc7f3,0,1,1,0,
Scotland,65,83,2,9c376401,f6c2659d,e21bc7f3,4,0,4,0,
Scotland,66,85,2,9c376401,f6c2659d,e21bc7f3,2,0,2,0,
Scotland,67,86,2,9c376401,f6c2659d,e21bc7f3,0,1,1,0,
Scotland,68,87,2,9c376401,f6c2659d,e21bc7f3,1,0,1,0,
Scotland,69,88,2,9c376401,d3851cd8,e21bc7f3,1,0,1,0,
Scotland,70,89,2,e21bc7f3,d3851cd8,9c376401,0,1,1,0,
Scotland,71,93,2,e21bc7f3,d3851cd8,9c376401,4,0,4,0,
Scotland,72,95,2,e21bc7f3,d3851cd8,9c376401,2,0,2,0,
Scotland,73,95,2,e21bc7f3,d3851cd8,9c376401,0,0,0,0,
Scotland,74,97,2,e21bc7f3,d3851cd8,9c376401,2,0,2,0,
Scotland,75,99,2,e21bc7f3,d3851cd8,9c376401,2,0,2,0,
Scotland,76,100,2,9c376401,023f6b02,e21bc7f3,1,0,1,0,
Scotland,77,101,2,e21bc7f3,023f6b02,9c376401,1,0,1,0,
Scotland,78,107,2,9c376401,023f6b02,e21bc7f3,6,0,6,0,
Scotland,79,109,2,9c376401,023f6b02,e21bc7f3,2,0,2,0,
Scotland,80,110,2,9c376401,023f6b02,e21bc7f3,1,0,1,0,
Scotland,81,111,2,e21bc7f3,023f6b02,9c376401,1,0,1,0,
Scotland,82,112,2,e21bc7f3,a2eac9df,9c376401,1,0,1,0,
Scotland,83,114,2,9c376401,a2eac9df,e21bc7f3,2,0,2,0,
Scotland,84,115,2,9c376401,a2eac9df,e21bc7f3,1,0,1,0,
Scotland,85,115,2,e21bc7f3,a2eac9df,9c376401,0,0,0,0,
Scotland,86,119,2,e21bc7f3,a2eac9df,9c376401,4,0,4,0,
Scotland,87,121,2,e21bc7f3,a2eac9df,9c376401,2,0,2,0,
Scotland,88,122,2,9c376401,571f11e4,e21bc7f3,1,0,1,0,
Scotland,89,123,2,e21bc7f3,571f11e4,9c376401,1,0,1,0,
Scotland,90,124,2,9c376401,571f11e4,e21bc7f3,0,1,1,0,
Scotland,91,130,2,9c376401,571f11e4,e21bc7f3,6,0,6,0,
Scotland,92,131,2,9c376401,571f11e4,e21bc7f3,1,0,1,0,
Scotland,93,132,2,e21bc7f3,571f11e4,9c376401,1,0,1,0,
Scotland,94,133,2,9c376401,571f11e4,e21bc7f3,1,0,1,0,
Scotland,95,135,2,9c376401,023f6b02,e21bc7f3,2,0,2,0,
Scotland,96,136,2,9c376401,023f6b02,e21bc7f3,1,0,1,0,
Scotland,97,136,2,e21bc7f3,023f6b02,9c376401,0,0,0,0,
Scotland,98,137,2,e21bc7f3,023f6b02,9c376401,1,0,1,0,
Scotland,99,138,2,9c376401,023f6b02,e21bc7f3,1,0,1,0,
Scotland,100,144,2,e21bc7f3,023f6b02,9c376401,6,0,6,0,
Scotland,101,144,2,9c376401,571f11e4,e21bc7f3,0,0,0,0,
Scotland,102,146,2,9c376401,571f11e4,e21bc7f3,2,0,2,0,
Scotland,103,147,2,9c376401,571f11e4,e21bc7f3,1,0,1,0,
Scotland,104,149,2,e21bc7f3,571f11e4,9c376401,2,0,2,0,
Scotland,105,150,2,e21bc7f3,571f11e4,9c376401,1,0,1,0,
Scotland,106,154,2,9c376401,571f11e4,e21bc7f3,0,4,4,0,
Scotland,107,156,2,e21bc7f3,f6c2659d,9c376401,2,0,2,0,
Scotland,108,156,2,e21bc7f3,f6c2659d,9c376401,0,0,0,0,
Scotland,109,158,2,e21bc7f3,f6c2659d,9c376401,2,0,2,0,
Scotland,110,160,2,e21bc7f3,f6c2659d,9c376401,2,0,2,0,
Scotland,111,161,2,e21bc7f3,f6c2659d,9c376401,1,0,1,0,
Scotland,112,161,2,9c376401,f6c2659d,e21bc7f3,0,0,0,0,
Scotland,113,163,2,e21bc7f3,571f11e4,9c376401,2,0,2,0,
Scotland,114,169,2,e21bc7f3,571f11e4,9c376401,6,0,6,0,
Scotland,115,170,2,e21bc7f3,571f11e4,9c376401,1,0,1,0,
Scotland,116,171,2,9c376401,571f11e4,e21bc7f3,1,0,1,0,
Scotland,117,172,2,e21bc7f3,571f11e4,9c376401,1,0,1,0,
Scotland,118,178,2,9c376401,571f11e4,e21bc7f3,6,0,6,0,
Scotland,119,180,2,e21bc7f3,f6c2659d,9c376401,2,0,2,0,
Scotland,120,181,2,e21bc7f3,f6c2659d,9c376401,1,0,1,0,
Scotland,121,185,2,9c376401,70456281,e21bc7f3,4,0,4,0,
Scotland,122,189,2,9c376401,70456281,e21bc7f3,4,0,4,0,
Scotland,123,189,3,9c376401,70456281,e21bc7f3,0,0,0,1,caught
Scotland,124,189,3,7b5c6c0b,70456281,e21bc7f3,0,0,0,0,
Hong Kong,1,0,0,e3eb9e46,1252f71a,f6c2659d,0,0,0,0,
Hong Kong,2,2,0,e3eb9e46,1252f71a,f6c2659d,0,2,2,0,
Hong Kong,3,2,0,e3eb9e46,1252f71a,f6c2659d,0,0,0,0,
Hong Kong,4,2,0,e3eb9e46,1252f71a,f6c2659d,0,0,0,0,
Hong Kong,5,2,0,e3eb9e46,1252f71a,f6c2659d,0,0,0,0,
Hong Kong,6,3,0,e3eb9e46,1252f71a,f6c2659d,1,0,1,0,
Hong Kong,7,3,0,e3eb9e46,3f61a062,f6c2659d,0,0,0,0,
Hong Kong,8,9,0,e3eb9e46,3f61a062,f6c2659d,6,0,6,0,
Hong Kong,9,9,0,e3eb9e46,3f61a062,f6c2659d,0,0,0,0,
Hong Kong,10,9,1,e3eb9e46,3f61a062,f6c2659d,0,0,0,1,run out
Hong Kong,11,9,1,fbb657bb,3f61a062,e3eb9e46,0,0,0,0,
Hong Kong,12,9,1,fbb657bb,3f61a062,e3eb9e46,0,0,0,0,
Hong Kong,13,9,1,e3eb9e46,d3868bd0,fbb657bb,0,0,0,0,
Hong Kong,14,11,1,e3eb9e46,d3868bd0,fbb657bb,2,0,2,0,
Hong Kong,15,15,1,e3eb9e46,d3868bd0,fbb657bb,4,0,4,0,
Hong Kong,16,16,1,e3eb9e46,d3868bd0,fbb657bb,1,0,1,0,
Hong Kong,17,20,1,fbb657bb,d3868bd0,e3eb9e46,4,0,4,0,
Hong Kong,18,21,1,fbb657bb,d3868bd0,e3eb9e46,0,1,1,0,
Hong Kong,19,25,1,fbb657bb,3f61a062,e3eb9e46,4,0,4,0,
Hong Kong,20,25,1,fbb657bb,3f61a062,e3eb9e46,0,0,0,0,
Hong Kong,21,25,1,fbb657bb,3f61a062,e3eb9e46,0,0,0,0,
Hong Kong,22,26,1,fbb657bb,3f61a062,e3eb9e46,1,0,1,0,
Hong Kong,23,26,1,e3eb9e46,3f61a062,fbb657bb,0,0,0,0,
Hong Kong,24,26,1,e3eb9e46,3f61a062,fbb657bb,0,0,0,0,
Hong Kong,25,27,1,fbb657bb,f43dd8c2,e3eb9e46,1,0,1,0,
Hong Kong,26,31,1,e3eb9e46,f43dd8c2,fbb657bb,4,0,4,0,
Hong Kong,27,32,1,e3eb9e46,f43dd8c2,fbb657bb,1,0,1,0,
Hong Kong,28,32,2,fbb657bb,f43dd8c2,e3eb9e46,0,0,0,1,caught
Hong Kong,29,32,2,552b228c,f43dd8c2,e3eb9e46,0,0,0,0,
Hong Kong,30,33,2,552b228c,f43dd8c2,e3eb9e46,1,0,1,0,
Hong Kong,31,36,2,552b228c,d3868bd0,e3eb9e46,3,0,3,0,
Hong Kong,32,36,2,e3eb9e46,d3868bd0,552b228c,0,0,0,0,
Hong Kong,33,38,2,e3eb9e46,d3868bd0,552b228c,1,1,2,0,
Hong Kong,34,38,2,552b228c,d3868bd0,e3eb9e46,0,0,0,0,
Hong Kong,35,39,2,552b228c,d3868bd0,e3eb9e46,1,0,1,0,
Hong Kong,36,41,2,e3eb9e46,d3868bd0,552b228c,2,0,2,0,
Hong Kong,37,41,3,e3eb9e46,d3868bd0,552b228c,0,0,0,1,caught
Hong Kong,38,42,3,552b228c,1252f71a,35971419,1,0,1,0,
Hong Kong,39,42,3,35971419,1252f71a,552b228c,0,0,0,0,
Hong Kong,40,42,3,35971419,1252f71a,552b228c,0,0,0,0,
Hong Kong,41,43,3,35971419,1252f71a,552b228c,1,0,1,0,
Hong Kong,42,45,3,552b228c,1252f71a,35971419,2,0,2,0,
Hong Kong,43,46,3,552b228c,1252f71a,35971419,1,0,1,0,
Hong Kong,44,47,3,552b228c,e6d298e8,35971419,1,0,1,0,
Hong Kong,45,47,3,35971419,e6d298e8,552b228c,0,0,0,0,
Hong Kong,46,48,3,35971419,e6d298e8,552b228c,0,1,1,0,
Hong Kong,47,48,3,552b228c,e6d298e8,35971419,0,0,0,0,
Hong Kong,48,48,3,552b228c,e6d298e8,35971419,0,0,0,0,
Hong Kong,49,48,3,552b228c,e6d298e8,35971419,0,0,0,0,
Hong Kong,50,48,3,35971419,1252f71a,552b228c,0,0,0,0,
Hong Kong,51,50,3,35971419,1252f71a,552b228c,2,0,2,0,
Hong Kong,52,50,3,35971419,1252f71a,552b228c,0,0,0,0,
Hong Kong,53,50,4,35971419,1252f71a,552b228c,0,0,0,1,lbw
Hong Kong,54,50,4,2cc08c3c,1252f71a,552b228c,0,0,0,0,
Hong Kong,55,52,4,2cc08c3c,1252f71a,552b228c,2,0,2,0,
Hong Kong,56,53,4,552b228c,e6d298e8,2cc08c3c,1,0,1,0,
Hong Kong,57,54,4,2cc08c3c,e6d298e8,552b228c,1,0,1,0,
Hong Kong,58,55,4,552b228c,e6d298e8,2cc08c3c,1,0,1,0,
Hong Kong,59,56,4,2cc08c3c,e6d298e8,552b228c,1,0,1,0,
Hong Kong,60,57,4,552b228c,e6d298e8,2cc08c3c,1,0,1,0,
Hong Kong,61,59,4,2cc08c3c,e6d298e8,552b228c,2,0,2,0,
Hong Kong,62,60,4,552b228c,f43dd8c2,2cc08c3c,1,0,1,0,
Hong Kong,63,61,4,2cc08c3c,f43dd8c2,552b228c,0,1,1,0,
Hong Kong,64,62,4,552b228c,f43dd8c2,2cc08c3c,1,0,1,0,
Hong Kong,65,63,4,2cc08c3c,f43dd8c2,552b228c,1,0,1,0,
Hong Kong,66,64,4,552b228c,f43dd8c2,2cc08c3c,1,0,1,0,
Hong Kong,67,64,4,2cc08c3c,f43dd8c2,552b228c,0,0,0,0,
Hong Kong,68,65,4,552b228c,9c376401,2cc08c3c,1,0,1,0,
Hong Kong,69,69,4,2cc08c3c,9c376401,552b228c,4,0,4,0,
Hong Kong,70,73,4,2cc08c3c,9c376401,552b228c,4,0,4,0,
Hong Kong,71,74,4,2cc08c3c,9c376401,552b228c,1,0,1,0,
Hong Kong,72,75,4,552b228c,9c376401,2cc08c3c,1,0,1,0,
Hong Kong,73,77,4,2cc08c3c,9c376401,552b228c,2,0,2,0,
Hong Kong,74,81,4,552b228c,f43dd8c2,2cc08c3c,4,0,4,0,
Hong Kong,75,85,4,552b228c,f43dd8c2,2cc08c3c,4,0,4,0,
Hong Kong,76,86,4,552b228c,f43dd8c2,2cc08c3c,1,0,1,0,
Hong Kong,77,88,4,2cc08c3c,f43dd8c2,552b228c,2,0,2,0,
Hong Kong,78,89,4,2cc08c3c,f43dd8c2,552b228c,1,0,1,0,
Hong Kong,79,90,4,552b228c,f43dd8c2,2cc08c3c,1,0,1,0,
Hong Kong,80,91,5,552b228c,e6d298e8,2cc08c3c,1,0,1,1,run out
Hong Kong,81,92,5,2cc08c3c,e6d298e8,d3851cd8,1,0,1,0,
Hong Kong,82,92,5,d3851cd8,e6d298e8,2cc08c3c,0,0,0,0,
Hong Kong,83,93,5,d3851cd8,e6d298e8,2cc08c3c,1,0,1,0,
Hong Kong,84,97,5,2cc08c3c,e6d298e8,d3851cd8,4,0,4,0,
Hong Kong,85,98,5,2cc08c3c,e6d298e8,d3851cd8,1,0,1,0,
Hong Kong,86,99,5,2cc08c3c,1252f71a,d3851cd8,1,0,1,0,
Hong Kong,87,100,5,d3851cd8,1252f71a,2cc08c3c,1,0,1,0,
Hong Kong,88,101,5,2cc08c3c,1252f71a,d3851cd8,1,0,1,0,
Hong Kong,89,105,5,d3851cd8,1252f71a,2cc08c3c,4,0,4,0,
Hong Kong,90,106,5,d3851cd8,1252f71a,2cc08c3c,1,0,1,0,
Hong Kong,91,108,5,2cc08c3c,1252f71a,d3851cd8,2,0,2,0,
Hong Kong,92,111,5,d3851cd8,e6d298e8,2cc08c3c,3,0,3,0,
Hong Kong,93,112,5,2cc08c3c,e6d298e8,d3851cd8,1,0,1,0,
Hong Kong,94,113,5,d3851cd8,e6d298e8,2cc08c3c,1,0,1,0,
Hong Kong,95,114,5,2cc08c3c,e6d298e8,d3851cd8,1,0,1,0,
Hong Kong,96,114,5,d3851cd8,e6d298e8,2cc08c3c,0,0,0,0,
Hong Kong,97,116,5,d3851cd8,e6d298e8,2cc08c3c,0,2,2,0,
Hong Kong,98,117,5,2cc08c3c,d3868bd0,d3851cd8,1,0,1,0,
Hong Kong,99,117,5,d3851cd8,d3868bd0,2cc08c3c,0,0,0,0,
Hong Kong,100,123,5,d3851cd8,d3868bd0,2cc08c3c,6,0,6,0,
Hong Kong,101,129,5,d3851cd8,d3868bd0,2cc08c3c,6,0,6,0,
Hong Kong,102,129,5,d3851cd8,d3868bd0,2cc08c3c,0,0,0,0,
Hong Kong,103,131,5,d3851cd8,d3868bd0,2cc08c3c,2,0,2,0,
Hong Kong,104,137,5,2cc08c3c,3f61a062,d3851cd8,6,0,6,0,
Hong Kong,105,137,6,2cc08c3c,3f61a062,d3851cd8,0,0,0,1,caught
Hong Kong,106,138,6,a2eac9df,3f61a062,d3851cd8,1,0,1,0,
Hong Kong,107,142,6,d3851cd8,3f61a062,a2eac9df,4,0,4,0,
Hong Kong,108,142,6,d3851cd8,3f61a062,a2eac9df,0,0,0,0,
Hong Kong,109,142,6,d3851cd8,3f61a062,a2eac9df,0,0,0,0,
Hong Kong,110,143,6,a2eac9df,d3868bd0,d3851cd8,1,0,1,0,
Hong Kong,111,144,6,d3851cd8,d3868bd0,a2eac9df,1,0,1,0,
Hong Kong,112,145,6,a2eac9df,d3868bd0,d3851cd8,1,0,1,0,
Hong Kong,113,152,6,d3851cd8,d3868bd0,a2eac9df,6,1,7,0,
Hong Kong,114,153,6,d3851cd8,d3868bd0,a2eac9df,1,0,1,0,
Hong Kong,115,155,6,a2eac9df,d3868bd0,d3851cd8,2,0,2,0,
Hong Kong,116,156,6,a2eac9df,d3868bd0,d3851cd8,1,0,1,0,
Hong Kong,117,158,6,a2eac9df,3f61a062,d3851cd8,2,0,2,0,
Hong Kong,118,158,6,a2eac9df,3f61a062,d3851cd8,0,0,0,0,
Hong Kong,119,159,6,a2eac9df,3f61a062,d3851cd8,1,0,1,0,
Hong Kong,120,160,6,d3851cd8,3f61a062,a2eac9df,1,0,1,0,
Hong Kong,121,161,6,a2eac9df,3f61a062,d3851cd8,1,0,1,0,
Hong Kong,122,165,6,d3851cd8,3f61a062,a2eac9df,4,0,4,0,
