batting_team,ball_number,total_team_runs,total_team_wickets,striker_ID,bowler_ID,nonstriker_ID,batter_runs,extras_runs,total_delivery_runs,wicket,wicket_type
Yorkshire,1,0,0,70b8fd28,8108e2d2,c9c0fe50,0,0,0,0,
Yorkshire,2,0,0,70b8fd28,8108e2d2,c9c0fe50,0,0,0,0,
Yorkshire,3,1,0,70b8fd28,8108e2d2,c9c0fe50,0,1,1,0,
Yorkshire,4,1,0,c9c0fe50,8108e2d2,70b8fd28,0,0,0,0,
Yorkshire,5,3,0,c9c0fe50,8108e2d2,70b8fd28,0,2,2,0,
Yorkshire,6,4,0,c9c0fe50,8108e2d2,70b8fd28,1,0,1,0,
Yorkshire,7,4,0,c9c0fe50,012829ff,70b8fd28,0,0,0,0,
Yorkshire,8,10,0,c9c0fe50,012829ff,70b8fd28,6,0,6,0,
Yorkshire,9,14,0,c9c0fe50,012829ff,70b8fd28,4,0,4,0,
Yorkshire,10,14,1,c9c0fe50,012829ff,70b8fd28,0,0,0,1,bowled
Yorkshire,11,18,1,7f048519,012829ff,70b8fd28,4,0,4,0,
Yorkshire,12,19,1,7f048519,012829ff,70b8fd28,1,0,1,0,
Yorkshire,13,25,1,7f048519,8108e2d2,70b8fd28,6,0,6,0,
Yorkshire,14,26,1,7f048519,8108e2d2,70b8fd28,0,1,1,0,
Yorkshire,15,27,1,7f048519,8108e2d2,70b8fd28,1,0,1,0,
Yorkshire,16,28,1,70b8fd28,8108e2d2,7f048519,1,0,1,0,
Yorkshire,17,34,1,7f048519,8108e2d2,70b8fd28,4,2,6,0,
Yorkshire,18,34,1,7f048519,8108e2d2,70b8fd28,0,0,0,0,
Yorkshire,19,40,1,7f048519,8108e2d2,70b8fd28,6,0,6,0,
Yorkshire,20,41,1,7f048519,8108e2d2,70b8fd28,1,0,1,0,
Yorkshire,21,47,1,7f048519,a510bdd3,70b8fd28,6,0,6,0,
Yorkshire,22,48,1,7f048519,a510bdd3,70b8fd28,1,0,1,0,
Yorkshire,23,48,1,70b8fd28,a510bdd3,7f048519,0,0,0,0,
Yorkshire,24,48,1,70b8fd28,a510bdd3,7f048519,0,0,0,0,
Yorkshire,25,48,1,70b8fd28,a510bdd3,7f048519,0,0,0,0,
Yorkshire,26,48,1,70b8fd28,a510bdd3,7f048519,0,0,0,0,
Yorkshire,27,48,1,7f048519,70fdd428,70b8fd28,0,0,0,0,
Yorkshire,28,49,1,7f048519,70fdd428,70b8fd28,0,1,1,0,
Yorkshire,29,49,1,7f048519,70fdd428,70b8fd28,0,0,0,0,
Yorkshire,30,50,1,7f048519,70fdd428,70b8fd28,1,0,1,0,
Yorkshire,31,54,1,70b8fd28,70fdd428,7f048519,4,0,4,0,
Yorkshire,32,58,1,70b8fd28,70fdd428,7f048519,4,0,4,0,
Yorkshire,33,59,1,70b8fd28,70fdd428,7f048519,1,0,1,0,
Yorkshire,34,63,1,70b8fd28,a510bdd3,7f048519,4,0,4,0,
Yorkshire,35,69,1,70b8fd28,a510bdd3,7f048519,6,0,6,0,
Yorkshire,36,69,1,70b8fd28,a510bdd3,7f048519,0,0,0,0,
Yorkshire,37,70,1,70b8fd28,a510bdd3,7f048519,1,0,1,0,
Yorkshire,38,74,1,7f048519,a510bdd3,70b8fd28,4,0,4,0,
Yorkshire,39,78,1,7f048519,a510bdd3,70b8fd28,4,0,4,0,
Yorkshire,40,78,1,70b8fd28,fd8a9b23,7f048519,0,0,0,0,
Yorkshire,41,79,1,70b8fd28,fd8a9b23,7f048519,1,0,1,0,
Yorkshire,42,80,1,7f048519,fd8a9b23,70b8fd28,1,0,1,0,
Yorkshire,43,81,1,70b8fd28,fd8a9b23,7f048519,1,0,1,0,
Yorkshire,44,85,1,7f048519,fd8a9b23,70b8fd28,4,0,4,0,
Yorkshire,45,86,1,7f048519,fd8a9b23,70b8fd28,1,0,1,0,
Yorkshire,46,87,1,7f048519,012829ff,70b8fd28,1,0,1,0,
Yorkshire,47,87,1,70b8fd28,012829ff,7f048519,0,0,0,0,
Yorkshire,48,89,1,70b8fd28,012829ff,7f048519,2,0,2,0,
Yorkshire,49,89,1,70b8fd28,012829ff,7f048519,0,0,0,0,
Yorkshire,50,95,1,70b8fd28,012829ff,7f048519,6,0,6,0,
Yorkshire,51,95,2,70b8fd28,012829ff,7f048519,0,0,0,1,caught
Yorkshire,52,95,2,508a1ea7,e4a0deae,7f048519,0,0,0,0,
Yorkshire,53,96,2,508a1ea7,e4a0deae,7f048519,1,0,1,0,
Yorkshire,54,97,2,7f048519,e4a0deae,508a1ea7,1,0,1,0,
Yorkshire,55,97,2,508a1ea7,e4a0deae,7f048519,0,0,0,0,
Yorkshire,56,98,2,508a1ea7,e4a0deae,7f048519,1,0,1,0,
Yorkshire,57,99,2,7f048519,e4a0deae,508a1ea7,1,0,1,0,
Yorkshire,58,100,2,7f048519,cd143bca,508a1ea7,1,0,1,0,
Yorkshire,59,101,2,508a1ea7,cd143bca,7f048519,0,1,1,0,
Yorkshire,60,102,2,508a1ea7,cd143bca,7f048519,1,0,1,0,
Yorkshire,61,104,2,7f048519,cd143bca,508a1ea7,0,2,2,0,
Yorkshire,62,104,2,7f048519,cd143bca,508a1ea7,0,0,0,0,
Yorkshire,63,110,2,7f048519,cd143bca,508a1ea7,6,0,6,0,
Yorkshire,64,111,2,7f048519,cd143bca,508a1ea7,1,0,1,0,
Yorkshire,65,112,2,508a1ea7,cd143bca,7f048519,1,0,1,0,
Yorkshire,66,112,3,508a1ea7,e4a0deae,7f048519,0,0,0,1,caught
Yorkshire,67,113,3,7f048519,e4a0deae,ada15e88,1,0,1,0,
Yorkshire,68,114,3,ada15e88,e4a0deae,7f048519,1,0,1,0,
Yorkshire,69,115,3,7f048519,e4a0deae,ada15e88,1,0,1,0,
Yorkshire,70,116,3,ada15e88,e4a0deae,7f048519,1,0,1,0,
Yorkshire,71,116,3,7f048519,e4a0deae,ada15e88,0,0,0,0,
Yorkshire,72,117,3,ada15e88,cd143bca,7f048519,1,0,1,0,
Yorkshire,73,121,3,7f048519,cd143bca,ada15e88,4,0,4,0,
Yorkshire,74,123,3,7f048519,cd143bca,ada15e88,2,0,2,0,
Yorkshire,75,124,3,7f048519,cd143bca,ada15e88,1,0,1,0,
Yorkshire,76,125,3,ada15e88,cd143bca,7f048519,1,0,1,0,
Yorkshire,77,131,3,7f048519,cd143bca,ada15e88,6,0,6,0,
Yorkshire,78,131,3,ada15e88,e4a0deae,7f048519,0,0,0,0,
Yorkshire,79,131,3,ada15e88,e4a0deae,7f048519,0,0,0,0,
Yorkshire,80,137,3,ada15e88,e4a0deae,7f048519,6,0,6,0,
Yorkshire,81,141,3,ada15e88,e4a0deae,7f048519,4,0,4,0,
Yorkshire,82,142,3,ada15e88,e4a0deae,7f048519,1,0,1,0,
Yorkshire,83,143,3,7f048519,e4a0deae,ada15e88,1,0,1,0,
Yorkshire,84,144,3,7f048519,70fdd428,ada15e88,1,0,1,0,
Yorkshire,85,144,3,ada15e88,70fdd428,7f048519,0,0,0,0,
Yorkshire,86,144,3,ada15e88,70fdd428,7f048519,0,0,0,0,
Yorkshire,87,148,3,ada15e88,70fdd428,7f048519,4,0,4,0,
Yorkshire,88,148,4,ada15e88,70fdd428,7f048519,0,0,0,1,caught
Yorkshire,89,149,4,7f048519,70fdd428,f2ab7a69,1,0,1,0,
Yorkshire,90,149,4,7f048519,e4a0deae,f2ab7a69,0,0,0,0,
Yorkshire,91,150,4,7f048519,e4a0deae,f2ab7a69,1,0,1,0,
Yorkshire,92,150,4,f2ab7a69,e4a0deae,7f048519,0,0,0,0,
Yorkshire,93,151,4,f2ab7a69,e4a0deae,7f048519,1,0,1,0,
Yorkshire,94,152,4,7f048519,e4a0deae,f2ab7a69,0,1,1,0,
Yorkshire,95,153,4,f2ab7a69,e4a0deae,7f048519,1,0,1,0,
Yorkshire,96,154,4,f2ab7a69,70fdd428,7f048519,1,0,1,0,
Yorkshire,97,154,4,7f048519,70fdd428,f2ab7a69,0,0,0,0,
Yorkshire,98,156,4,7f048519,70fdd428,f2ab7a69,2,0,2,0,
Yorkshire,99,157,4,7f048519,70fdd428,f2ab7a69,1,0,1,0,
Yorkshire,100,158,4,f2ab7a69,70fdd428,7f048519,1,0,1,0,
Yorkshire,101,159,4,7f048519,70fdd428,f2ab7a69,1,0,1,0,
Yorkshire,102,165,4,7f048519,012829ff,f2ab7a69,4,2,6,0,
Yorkshire,103,171,4,7f048519,012829ff,f2ab7a69,6,0,6,0,
Yorkshire,104,173,4,7f048519,012829ff,f2ab7a69,2,0,2,0,
Yorkshire,105,174,4,7f048519,012829ff,f2ab7a69,0,1,1,0,
Yorkshire,106,180,4,7f048519,012829ff,f2ab7a69,6,0,6,0,
Yorkshire,107,180,4,7f048519,012829ff,f2ab7a69,0,0,0,0,
Yorkshire,108,185,4,7f048519,012829ff,f2ab7a69,0,5,5,0,
Yorkshire,109,189,4,7f048519,012829ff,f2ab7a69,4,0,4,0,
Yorkshire,110,193,4,7f048519,012829ff,f2ab7a69,4,0,4,0,
Yorkshire,111,195,4,f2ab7a69,70fdd428,7f048519,2,0,2,0,
Yorkshire,112,195,4,f2ab7a69,70fdd428,7f048519,0,0,0,0,
Yorkshire,113,201,4,f2ab7a69,70fdd428,7f048519,6,0,6,0,
Yorkshire,114,202,4,f2ab7a69,70fdd428,7f048519,1,0,1,0,
Yorkshire,115,208,4,7f048519,70fdd428,f2ab7a69,6,0,6,0,
Yorkshire,116,211,4,7f048519,70fdd428,f2ab7a69,3,0,3,0,
Yorkshire,117,213,4,7f048519,a510bdd3,f2ab7a69,2,0,2,0,
Yorkshire,118,215,4,7f048519,a510bdd3,f2ab7a69,2,0,2,0,
Yorkshire,119,215,5,7f048519,a510bdd3,f2ab7a69,0,0,0,1,bowled
Yorkshire,120,217,5,58043739,a510bdd3,f2ab7a69,2,0,2,0,
Yorkshire,121,219,5,58043739,a510bdd3,f2ab7a69,2,0,2,0,
Yorkshire,122,223,5,58043739,a510bdd3,f2ab7a69,4,0,4,0,
Yorkshire,123,224,5,f2ab7a69,cd143bca,58043739,1,0,1,0,
Yorkshire,124,228,5,58043739,cd143bca,f2ab7a69,4,0,4,0,
Yorkshire,125,229,5,58043739,cd143bca,f2ab7a69,1,0,1,0,
Yorkshire,126,229,6,f2ab7a69,cd143bca,58043739,0,0,0,1,caught
Yorkshire,127,229,6,249d60c9,cd143bca,58043739,0,0,0,0,
Yorkshire,128,233,6,249d60c9,cd143bca,58043739,4,0,4,0,
Worcestershire,1,0,0,012829ff,58043739,2eca67f5,0,0,0,0,
Worcestershire,2,0,0,012829ff,58043739,2eca67f5,0,0,0,0,
Worcestershire,3,6,0,012829ff,58043739,2eca67f5,6,0,6,0,
Worcestershire,4,12,0,012829ff,58043739,2eca67f5,6,0,6,0,
Worcestershire,5,16,0,012829ff,58043739,2eca67f5,4,0,4,0,
Worcestershire,6,16,0,012829ff,58043739,2eca67f5,0,0,0,0,
Worcestershire,7,20,0,2eca67f5,7f048519,012829ff,4,0,4,0,
Worcestershire,8,26,0,2eca67f5,7f048519,012829ff,6,0,6,0,
Worcestershire,9,27,0,2eca67f5,7f048519,012829ff,1,0,1,0,
Worcestershire,10,31,0,012829ff,7f048519,2eca67f5,4,0,4,0,
Worcestershire,11,32,0,012829ff,7f048519,2eca67f5,0,1,1,0,
Worcestershire,12,33,0,012829ff,7f048519,2eca67f5,1,0,1,0,
Worcestershire,13,33,0,2eca67f5,7f048519,012829ff,0,0,0,0,
Worcestershire,14,36,0,012829ff,58043739,2eca67f5,3,0,3,0,
Worcestershire,15,37,0,2eca67f5,58043739,012829ff,1,0,1,0,
Worcestershire,16,37,0,012829ff,58043739,2eca67f5,0,0,0,0,
Worcestershire,17,37,1,012829ff,58043739,2eca67f5,0,0,0,1,caught
Worcestershire,18,37,1,2eca67f5,58043739,324a6ee1,0,0,0,0,
Worcestershire,19,37,1,2eca67f5,58043739,324a6ee1,0,0,0,0,
Worcestershire,20,38,1,324a6ee1,7f048519,2eca67f5,1,0,1,0,
Worcestershire,21,42,1,2eca67f5,7f048519,324a6ee1,4,0,4,0,
Worcestershire,22,43,1,2eca67f5,7f048519,324a6ee1,1,0,1,0,
Worcestershire,23,43,1,324a6ee1,7f048519,2eca67f5,0,0,0,0,
Worcestershire,24,45,1,324a6ee1,7f048519,2eca67f5,2,0,2,0,
Worcestershire,25,45,1,324a6ee1,7f048519,2eca67f5,0,0,0,0,
Worcestershire,26,51,1,2eca67f5,58043739,324a6ee1,6,0,6,0,
Worcestershire,27,55,1,2eca67f5,58043739,324a6ee1,4,0,4,0,
Worcestershire,28,59,1,2eca67f5,58043739,324a6ee1,4,0,4,0,
Worcestershire,29,60,1,2eca67f5,58043739,324a6ee1,1,0,1,0,
Worcestershire,30,60,1,324a6ee1,58043739,2eca67f5,0,0,0,0,
Worcestershire,31,61,1,324a6ee1,58043739,2eca67f5,1,0,1,0,
Worcestershire,32,62,1,324a6ee1,5fcb6fb1,2eca67f5,1,0,1,0,
Worcestershire,33,62,1,2eca67f5,5fcb6fb1,324a6ee1,0,0,0,0,
Worcestershire,34,66,1,2eca67f5,5fcb6fb1,324a6ee1,4,0,4,0,
Worcestershire,35,66,1,2eca67f5,5fcb6fb1,324a6ee1,0,0,0,0,
Worcestershire,36,67,1,2eca67f5,5fcb6fb1,324a6ee1,1,0,1,0,
Worcestershire,37,67,2,324a6ee1,5fcb6fb1,2eca67f5,0,0,0,1,caught
Worcestershire,38,68,2,e4a0deae,249d60c9,2eca67f5,1,0,1,0,
Worcestershire,39,69,2,2eca67f5,249d60c9,e4a0deae,1,0,1,0,
Worcestershire,40,69,2,e4a0deae,249d60c9,2eca67f5,0,0,0,0,
Worcestershire,41,69,2,e4a0deae,249d60c9,2eca67f5,0,0,0,0,
Worcestershire,42,70,2,e4a0deae,249d60c9,2eca67f5,1,0,1,0,
Worcestershire,43,70,2,2eca67f5,249d60c9,e4a0deae,0,0,0,0,
Worcestershire,44,72,2,e4a0deae,5fcb6fb1,2eca67f5,2,0,2,0,
Worcestershire,45,73,2,e4a0deae,5fcb6fb1,2eca67f5,1,0,1,0,
Worcestershire,46,74,2,2eca67f5,5fcb6fb1,e4a0deae,1,0,1,0,
Worcestershire,47,74,2,e4a0deae,5fcb6fb1,2eca67f5,0,0,0,0,
Worcestershire,48,80,2,e4a0deae,5fcb6fb1,2eca67f5,6,0,6,0,
Worcestershire,49,80,2,e4a0deae,5fcb6fb1,2eca67f5,0,0,0,0,
Worcestershire,50,81,2,2eca67f5,249d60c9,e4a0deae,0,1,1,0,
Worcestershire,51,85,2,2eca67f5,249d60c9,e4a0deae,4,0,4,0,
Worcestershire,52,89,2,2eca67f5,249d60c9,e4a0deae,0,4,4,0,
Worcestershire,53,90,2,2eca67f5,249d60c9,e4a0deae,1,0,1,0,
Worcestershire,54,91,2,e4a0deae,249d60c9,2eca67f5,1,0,1,0,
Worcestershire,55,92,2,2eca67f5,249d60c9,e4a0deae,1,0,1,0,
Worcestershire,56,92,2,e4a0deae,249d60c9,2eca67f5,0,0,0,0,
Worcestershire,57,93,2,2eca67f5,5fcb6fb1,e4a0deae,1,0,1,0,
Worcestershire,58,94,2,e4a0deae,5fcb6fb1,2eca67f5,1,0,1,0,
Worcestershire,59,95,2,2eca67f5,5fcb6fb1,e4a0deae,1,0,1,0,
Worcestershire,60,101,2,e4a0deae,5fcb6fb1,2eca67f5,6,0,6,0,
Worcestershire,61,101,2,e4a0deae,5fcb6fb1,2eca67f5,0,0,0,0,
Worcestershire,62,102,2,e4a0deae,5fcb6fb1,2eca67f5,1,0,1,0,
Worcestershire,63,103,2,e4a0deae,249d60c9,2eca67f5,1,0,1,0,
Worcestershire,64,104,2,2eca67f5,249d60c9,e4a0deae,1,0,1,0,
Worcestershire,65,104,3,e4a0deae,249d60c9,2eca67f5,0,0,0,1,caught
Worcestershire,66,105,3,2eca67f5,249d60c9,d346d939,1,0,1,0,
Worcestershire,67,106,3,d346d939,249d60c9,2eca67f5,1,0,1,0,
Worcestershire,68,106,3,2eca67f5,249d60c9,d346d939,0,0,0,0,
Worcestershire,69,107,3,d346d939,d8b24492,2eca67f5,1,0,1,0,
Worcestershire,70,108,3,2eca67f5,d8b24492,d346d939,1,0,1,0,
Worcestershire,71,108,3,d346d939,d8b24492,2eca67f5,0,0,0,0,
Worcestershire,72,109,3,d346d939,d8b24492,2eca67f5,1,0,1,0,
Worcestershire,73,110,3,2eca67f5,d8b24492,d346d939,1,0,1,0,
Worcestershire,74,116,3,d346d939,d8b24492,2eca67f5,6,0,6,0,
Worcestershire,75,117,3,2eca67f5,249d60c9,d346d939,0,1,1,0,
Worcestershire,76,117,4,2eca67f5,249d60c9,d346d939,0,0,0,1,caught
Worcestershire,77,118,4,d346d939,249d60c9,9679838c,1,0,1,0,
Worcestershire,78,119,4,9679838c,249d60c9,d346d939,1,0,1,0,
Worcestershire,79,120,4,d346d939,249d60c9,9679838c,1,0,1,0,
Worcestershire,80,120,4,9679838c,249d60c9,d346d939,0,0,0,0,
Worcestershire,81,121,4,9679838c,249d60c9,d346d939,1,0,1,0,
Worcestershire,82,122,4,9679838c,5fcb6fb1,d346d939,1,0,1,0,
Worcestershire,83,123,4,d346d939,5fcb6fb1,9679838c,1,0,1,0,
Worcestershire,84,124,4,9679838c,5fcb6fb1,d346d939,1,0,1,0,
Worcestershire,85,130,4,d346d939,5fcb6fb1,9679838c,6,0,6,0,
Worcestershire,86,131,4,d346d939,5fcb6fb1,9679838c,1,0,1,0,
Worcestershire,87,131,4,9679838c,5fcb6fb1,d346d939,0,0,0,0,
Worcestershire,88,132,4,d346d939,b21ed464,9679838c,1,0,1,0,
Worcestershire,89,133,4,9679838c,b21ed464,d346d939,1,0,1,0,
Worcestershire,90,134,4,d346d939,b21ed464,9679838c,0,1,1,0,
Worcestershire,91,135,4,9679838c,b21ed464,d346d939,1,0,1,0,
Worcestershire,92,136,4,d346d939,b21ed464,9679838c,0,1,1,0,
Worcestershire,93,136,4,9679838c,b21ed464,d346d939,0,0,0,0,
Worcestershire,94,142,4,d346d939,d8b24492,9679838c,6,0,6,0,
Worcestershire,95,148,4,d346d939,d8b24492,9679838c,6,0,6,0,
Worcestershire,96,154,4,d346d939,d8b24492,9679838c,6,0,6,0,
Worcestershire,97,160,4,d346d939,d8b24492,9679838c,6,0,6,0,
Worcestershire,98,161,4,d346d939,d8b24492,9679838c,0,1,1,0,
Worcestershire,99,167,4,d346d939,d8b24492,9679838c,6,0,6,0,
Worcestershire,100,173,4,d346d939,d8b24492,9679838c,6,0,6,0,
Worcestershire,101,173,4,9679838c,b21ed464,d346d939,0,0,0,0,
Worcestershire,102,174,4,9679838c,b21ed464,d346d939,1,0,1,0,
Worcestershire,103,175,4,d346d939,b21ed464,9679838c,0,1,1,0,
Worcestershire,104,176,4,9679838c,b21ed464,d346d939,1,0,1,0,
Worcestershire,105,177,4,d346d939,b21ed464,9679838c,0,1,1,0,
Worcestershire,106,177,4,9679838c,b21ed464,d346d939,0,0,0,0,
Worcestershire,107,181,4,d346d939,7f048519,9679838c,4,0,4,0,
Worcestershire,108,182,4,d346d939,7f048519,9679838c,1,0,1,0,
Worcestershire,109,183,4,9679838c,7f048519,d346d939,1,0,1,0,
Worcestershire,110,187,4,d346d939,7f048519,9679838c,4,0,4,0,
Worcestershire,111,187,4,d346d939,7f048519,9679838c,0,0,0,0,
Worcestershire,112,187,5,d346d939,7f048519,9679838c,0,0,0,1,caught
Worcestershire,113,188,5,a510bdd3,b21ed464,9679838c,1,0,1,0,
Worcestershire,114,189,5,9679838c,b21ed464,a510bdd3,1,0,1,0,
Worcestershire,115,189,5,a510bdd3,b21ed464,9679838c,0,0,0,0,
Worcestershire,116,189,5,a510bdd3,b21ed464,9679838c,0,0,0,0,
Worcestershire,117,190,5,a510bdd3,b21ed464,9679838c,0,1,1,0,
Worcestershire,118,190,6,a510bdd3,b21ed464,9679838c,0,0,0,1,caught
Worcestershire,119,190,6,cd143bca,b21ed464,9679838c,0,0,0,0,
Worcestershire,120,191,6,9679838c,58043739,cd143bca,1,0,1,0,
Worcestershire,121,192,6,cd143bca,58043739,9679838c,1,0,1,0,
Worcestershire,122,194,6,9679838c,58043739,cd143bca,2,0,2,0,
Worcestershire,123,195,6,9679838c,58043739,cd143bca,1,0,1,0,
Worcestershire,124,195,7,cd143bca,58043739,9679838c,0,0,0,1,caught
Worcestershire,125,196,7,9679838c,58043739,8108e2d2,1,0,1,0,
