batting_team,ball_number,total_team_runs,total_team_wickets,striker_ID,bowler_ID,nonstriker_ID,batter_runs,extras_runs,total_delivery_runs,wicket,wicket_type
Durham,1,0,0,8479a24a,1f1b4c89,e824e6ee,0,0,0,0,
Durham,2,0,0,8479a24a,1f1b4c89,e824e6ee,0,0,0,0,
Durham,3,0,0,8479a24a,1f1b4c89,e824e6ee,0,0,0,0,
Durham,4,0,0,8479a24a,1f1b4c89,e824e6ee,0,0,0,0,
Durham,5,0,0,8479a24a,1f1b4c89,e824e6ee,0,0,0,0,
Durham,6,4,0,8479a24a,1f1b4c89,e824e6ee,4,0,4,0,
Durham,7,4,0,e824e6ee,95a06106,8479a24a,0,0,0,0,
Durham,8,5,0,e824e6ee,95a06106,8479a24a,0,1,1,0,
Durham,9,6,0,8479a24a,95a06106,e824e6ee,0,1,1,0,
Durham,10,7,0,8479a24a,95a06106,e824e6ee,0,1,1,0,
Durham,11,7,0,8479a24a,95a06106,e824e6ee,0,0,0,0,
Durham,12,7,0,8479a24a,95a06106,e824e6ee,0,0,0,0,
Durham,13,7,0,8479a24a,95a06106,e824e6ee,0,0,0,0,
Durham,14,7,1,8479a24a,95a06106,e824e6ee,0,0,0,1,caught
Durham,15,7,1,e824e6ee,1f1b4c89,a386e91b,0,0,0,0,
Durham,16,11,1,e824e6ee,1f1b4c89,a386e91b,4,0,4,0,
Durham,17,12,1,e824e6ee,1f1b4c89,a386e91b,1,0,1,0,
Durham,18,12,1,a386e91b,1f1b4c89,e824e6ee,0,0,0,0,
Durham,19,13,1,a386e91b,1f1b4c89,e824e6ee,1,0,1,0,
Durham,20,13,1,e824e6ee,1f1b4c89,a386e91b,0,0,0,0,
Durham,21,13,1,a386e91b,e4a0deae,e824e6ee,0,0,0,0,
Durham,22,14,1,a386e91b,e4a0deae,e824e6ee,1,0,1,0,
Durham,23,20,1,e824e6ee,e4a0deae,a386e91b,6,0,6,0,
Durham,24,20,1,e824e6ee,e4a0deae,a386e91b,0,0,0,0,
Durham,25,24,1,e824e6ee,e4a0deae,a386e91b,4,0,4,0,
Durham,26,24,1,e824e6ee,e4a0deae,a386e91b,0,0,0,0,
Durham,27,25,1,a386e91b,95a06106,e824e6ee,1,0,1,0,
Durham,28,26,1,e824e6ee,95a06106,a386e91b,0,1,1,0,
Durham,29,30,1,e824e6ee,95a06106,a386e91b,4,0,4,0,
Durham,30,34,1,e824e6ee,95a06106,a386e91b,4,0,4,0,
Durham,31,34,1,e824e6ee,95a06106,a386e91b,0,0,0,0,
Durham,32,38,1,e824e6ee,95a06106,a386e91b,4,0,4,0,
Durham,33,42,1,e824e6ee,95a06106,a386e91b,4,0,4,0,
Durham,34,43,1,a386e91b,e4a0deae,e824e6ee,1,0,1,0,
Durham,35,44,1,e824e6ee,e4a0deae,a386e91b,1,0,1,0,
Durham,36,44,2,a386e91b,e4a0deae,e824e6ee,0,0,0,1,stumped
Durham,37,44,2,4fd09cfc,e4a0deae,e824e6ee,0,0,0,0,
Durham,38,44,2,4fd09cfc,e4a0deae,e824e6ee,0,0,0,0,
Durham,39,45,2,4fd09cfc,e4a0deae,e824e6ee,1,0,1,0,
Durham,40,45,2,4fd09cfc,8108e2d2,e824e6ee,0,0,0,0,
Durham,41,46,2,4fd09cfc,8108e2d2,e824e6ee,1,0,1,0,
Durham,42,47,2,e824e6ee,8108e2d2,4fd09cfc,1,0,1,0,
Durham,43,49,2,4fd09cfc,8108e2d2,e824e6ee,2,0,2,0,
Durham,44,49,2,4fd09cfc,8108e2d2,e824e6ee,0,0,0,0,
Durham,45,51,2,4fd09cfc,8108e2d2,e824e6ee,2,0,2,0,
Durham,46,51,2,e824e6ee,9679838c,4fd09cfc,0,0,0,0,
Durham,47,52,2,e824e6ee,9679838c,4fd09cfc,1,0,1,0,
Durham,48,53,2,4fd09cfc,9679838c,e824e6ee,0,1,1,0,
Durham,49,54,2,e824e6ee,9679838c,4fd09cfc,1,0,1,0,
Durham,50,56,2,4fd09cfc,9679838c,e824e6ee,2,0,2,0,
Durham,51,57,2,4fd09cfc,9679838c,e824e6ee,1,0,1,0,
Durham,52,58,2,4fd09cfc,8108e2d2,e824e6ee,1,0,1,0,
Durham,53,59,2,e824e6ee,8108e2d2,4fd09cfc,1,0,1,0,
Durham,54,60,2,4fd09cfc,8108e2d2,e824e6ee,1,0,1,0,
Durham,55,61,2,e824e6ee,8108e2d2,4fd09cfc,1,0,1,0,
Durham,56,62,2,4fd09cfc,8108e2d2,e824e6ee,1,0,1,0,
Durham,57,63,2,e824e6ee,8108e2d2,4fd09cfc,1,0,1,0,
Durham,58,64,2,e824e6ee,9679838c,4fd09cfc,1,0,1,0,
Durham,59,65,2,4fd09cfc,9679838c,e824e6ee,1,0,1,0,
Durham,60,66,2,e824e6ee,9679838c,4fd09cfc,1,0,1,0,
Durham,61,70,2,4fd09cfc,9679838c,e824e6ee,4,0,4,0,
Durham,62,71,2,4fd09cfc,9679838c,e824e6ee,1,0,1,0,
Durham,63,71,2,e824e6ee,9679838c,4fd09cfc,0,0,0,0,
Durham,64,71,2,4fd09cfc,8108e2d2,e824e6ee,0,0,0,0,
Durham,65,75,2,4fd09cfc,8108e2d2,e824e6ee,4,0,4,0,
Durham,66,75,2,4fd09cfc,8108e2d2,e824e6ee,0,0,0,0,
Durham,67,77,2,4fd09cfc,8108e2d2,e824e6ee,2,0,2,0,
Durham,68,77,3,4fd09cfc,8108e2d2,e824e6ee,0,0,0,1,caught
Durham,69,78,3,e824e6ee,8108e2d2,22176fe7,1,0,1,0,
Durham,70,79,3,e824e6ee,9679838c,22176fe7,1,0,1,0,
Durham,71,80,3,22176fe7,9679838c,e824e6ee,1,0,1,0,
Durham,72,84,3,e824e6ee,9679838c,22176fe7,4,0,4,0,
Durham,73,86,3,e824e6ee,9679838c,22176fe7,2,0,2,0,
Durham,74,87,3,e824e6ee,9679838c,22176fe7,1,0,1,0,
Durham,75,89,3,22176fe7,9679838c,e824e6ee,2,0,2,0,
Durham,76,89,3,e824e6ee,8108e2d2,22176fe7,0,0,0,0,
Durham,77,90,3,e824e6ee,8108e2d2,22176fe7,1,0,1,0,
Durham,78,91,3,22176fe7,8108e2d2,e824e6ee,1,0,1,0,
Durham,79,92,3,e824e6ee,8108e2d2,22176fe7,1,0,1,0,
Durham,80,92,3,22176fe7,8108e2d2,e824e6ee,0,0,0,0,
Durham,81,92,3,22176fe7,8108e2d2,e824e6ee,0,0,0,0,
Durham,82,93,3,e824e6ee,9679838c,22176fe7,1,0,1,0,
Durham,83,94,3,22176fe7,9679838c,e824e6ee,1,0,1,0,
Durham,84,95,3,e824e6ee,9679838c,22176fe7,1,0,1,0,
Durham,85,96,3,22176fe7,9679838c,e824e6ee,1,0,1,0,
Durham,86,97,3,e824e6ee,9679838c,22176fe7,1,0,1,0,
Durham,87,98,3,22176fe7,9679838c,e824e6ee,1,0,1,0,
Durham,88,102,3,22176fe7,21764a38,e824e6ee,4,0,4,0,
Durham,89,103,3,22176fe7,21764a38,e824e6ee,1,0,1,0,
Durham,90,105,3,e824e6ee,21764a38,22176fe7,2,0,2,0,
Durham,91,111,3,e824e6ee,21764a38,22176fe7,6,0,6,0,
Durham,92,111,4,e824e6ee,21764a38,22176fe7,0,0,0,1,caught
Durham,93,112,4,71440756,21764a38,22176fe7,1,0,1,0,
Durham,94,113,4,71440756,e4a0deae,22176fe7,1,0,1,0,
Durham,95,113,4,22176fe7,e4a0deae,71440756,0,0,0,0,
Durham,96,114,4,22176fe7,e4a0deae,71440756,1,0,1,0,
Durham,97,115,4,71440756,e4a0deae,22176fe7,1,0,1,0,
Durham,98,115,4,22176fe7,e4a0deae,71440756,0,0,0,0,
Durham,99,116,4,22176fe7,e4a0deae,71440756,1,0,1,0,
Durham,100,118,4,22176fe7,cd143bca,71440756,2,0,2,0,
Durham,101,120,4,22176fe7,cd143bca,71440756,2,0,2,0,
Durham,102,122,4,22176fe7,cd143bca,71440756,0,2,2,0,
Durham,103,123,4,22176fe7,cd143bca,71440756,1,0,1,0,
Durham,104,124,5,71440756,cd143bca,22176fe7,1,0,1,1,run out
Durham,105,125,5,cdf59953,cd143bca,22176fe7,1,0,1,0,
Durham,106,126,5,22176fe7,cd143bca,cdf59953,1,0,1,0,
Durham,107,132,5,22176fe7,e4a0deae,cdf59953,6,0,6,0,
Durham,108,134,5,22176fe7,e4a0deae,cdf59953,2,0,2,0,
Durham,109,138,5,22176fe7,e4a0deae,cdf59953,4,0,4,0,
Durham,110,140,5,22176fe7,e4a0deae,cdf59953,2,0,2,0,
Durham,111,141,5,22176fe7,e4a0deae,cdf59953,1,0,1,0,
Durham,112,142,5,cdf59953,e4a0deae,22176fe7,1,0,1,0,
Durham,113,144,5,cdf59953,cd143bca,22176fe7,2,0,2,0,
Durham,114,145,5,cdf59953,cd143bca,22176fe7,1,0,1,0,
Durham,115,148,5,22176fe7,cd143bca,cdf59953,1,2,3,0,
Durham,116,148,5,cdf59953,cd143bca,22176fe7,0,0,0,0,
Durham,117,148,5,cdf59953,cd143bca,22176fe7,0,0,0,0,
Durham,118,149,5,cdf59953,cd143bca,22176fe7,0,1,1,0,
Durham,119,150,5,cdf59953,cd143bca,22176fe7,1,0,1,0,
Durham,120,154,5,22176fe7,cd143bca,cdf59953,4,0,4,0,
Durham,121,155,5,cdf59953,a510bdd3,22176fe7,1,0,1,0,
Durham,122,159,5,22176fe7,a510bdd3,cdf59953,4,0,4,0,
Durham,123,161,5,22176fe7,a510bdd3,cdf59953,2,0,2,0,
Durham,124,163,5,22176fe7,a510bdd3,cdf59953,2,0,2,0,
Durham,125,164,5,22176fe7,a510bdd3,cdf59953,1,0,1,0,
Durham,126,165,5,cdf59953,a510bdd3,22176fe7,1,0,1,0,
Worcestershire,1,0,0,324a6ee1,10f68de1,2eca67f5,0,0,0,0,
Worcestershire,2,2,0,324a6ee1,10f68de1,2eca67f5,2,0,2,0,
Worcestershire,3,6,0,324a6ee1,10f68de1,2eca67f5,4,0,4,0,
Worcestershire,4,7,0,324a6ee1,10f68de1,2eca67f5,1,0,1,0,
Worcestershire,5,7,0,2eca67f5,10f68de1,324a6ee1,0,0,0,0,
Worcestershire,6,7,0,2eca67f5,10f68de1,324a6ee1,0,0,0,0,
Worcestershire,7,7,0,324a6ee1,02b93a83,2eca67f5,0,0,0,0,
Worcestershire,8,8,0,324a6ee1,02b93a83,2eca67f5,1,0,1,0,
Worcestershire,9,8,0,2eca67f5,02b93a83,324a6ee1,0,0,0,0,
Worcestershire,10,9,0,2eca67f5,02b93a83,324a6ee1,1,0,1,0,
Worcestershire,11,9,0,324a6ee1,02b93a83,2eca67f5,0,0,0,0,
Worcestershire,12,9,0,324a6ee1,02b93a83,2eca67f5,0,0,0,0,
Worcestershire,13,9,0,2eca67f5,10f68de1,324a6ee1,0,0,0,0,
Worcestershire,14,9,0,2eca67f5,10f68de1,324a6ee1,0,0,0,0,
Worcestershire,15,13,0,2eca67f5,10f68de1,324a6ee1,4,0,4,0,
Worcestershire,16,15,0,2eca67f5,10f68de1,324a6ee1,2,0,2,0,
Worcestershire,17,19,0,2eca67f5,10f68de1,324a6ee1,4,0,4,0,
Worcestershire,18,20,0,2eca67f5,10f68de1,324a6ee1,0,1,1,0,
Worcestershire,19,21,0,2eca67f5,10f68de1,324a6ee1,1,0,1,0,
Worcestershire,20,25,0,2eca67f5,3766056b,324a6ee1,4,0,4,0,
Worcestershire,21,25,0,2eca67f5,3766056b,324a6ee1,0,0,0,0,
Worcestershire,22,25,0,2eca67f5,3766056b,324a6ee1,0,0,0,0,
Worcestershire,23,25,0,2eca67f5,3766056b,324a6ee1,0,0,0,0,
Worcestershire,24,25,1,2eca67f5,3766056b,324a6ee1,0,0,0,1,caught
Worcestershire,25,25,1,e4a0deae,3766056b,324a6ee1,0,0,0,0,
Worcestershire,26,26,1,324a6ee1,02b93a83,e4a0deae,0,1,1,0,
Worcestershire,27,27,1,e4a0deae,02b93a83,324a6ee1,0,1,1,0,
Worcestershire,28,27,1,e4a0deae,02b93a83,324a6ee1,0,0,0,0,
Worcestershire,29,27,1,e4a0deae,02b93a83,324a6ee1,0,0,0,0,
Worcestershire,30,28,1,e4a0deae,02b93a83,324a6ee1,1,0,1,0,
Worcestershire,31,30,1,324a6ee1,02b93a83,e4a0deae,2,0,2,0,
Worcestershire,32,31,1,324a6ee1,02b93a83,e4a0deae,1,0,1,0,
Worcestershire,33,32,1,324a6ee1,3766056b,e4a0deae,1,0,1,0,
Worcestershire,34,34,1,e4a0deae,3766056b,324a6ee1,2,0,2,0,
Worcestershire,35,34,1,e4a0deae,3766056b,324a6ee1,0,0,0,0,
Worcestershire,36,34,1,e4a0deae,3766056b,324a6ee1,0,0,0,0,
Worcestershire,37,35,1,e4a0deae,3766056b,324a6ee1,1,0,1,0,
Worcestershire,38,39,1,324a6ee1,3766056b,e4a0deae,4,0,4,0,
Worcestershire,39,40,1,e4a0deae,a386e91b,324a6ee1,1,0,1,0,
Worcestershire,40,40,1,324a6ee1,a386e91b,e4a0deae,0,0,0,0,
Worcestershire,41,41,1,324a6ee1,a386e91b,e4a0deae,1,0,1,0,
Worcestershire,42,44,1,e4a0deae,a386e91b,324a6ee1,3,0,3,0,
Worcestershire,43,45,1,324a6ee1,a386e91b,e4a0deae,1,0,1,0,
Worcestershire,44,47,1,e4a0deae,a386e91b,324a6ee1,2,0,2,0,
Worcestershire,45,48,1,324a6ee1,757502b5,e4a0deae,0,1,1,0,
Worcestershire,46,49,1,324a6ee1,757502b5,e4a0deae,1,0,1,0,
Worcestershire,47,49,1,e4a0deae,757502b5,324a6ee1,0,0,0,0,
Worcestershire,48,50,1,e4a0deae,757502b5,324a6ee1,1,0,1,0,
Worcestershire,49,51,1,324a6ee1,757502b5,e4a0deae,1,0,1,0,
Worcestershire,50,51,1,e4a0deae,757502b5,324a6ee1,0,0,0,0,
Worcestershire,51,53,1,e4a0deae,757502b5,324a6ee1,2,0,2,0,
Worcestershire,52,54,1,324a6ee1,a386e91b,e4a0deae,1,0,1,0,
Worcestershire,53,55,1,e4a0deae,a386e91b,324a6ee1,1,0,1,0,
Worcestershire,54,61,1,324a6ee1,a386e91b,e4a0deae,6,0,6,0,
Worcestershire,55,65,1,324a6ee1,a386e91b,e4a0deae,4,0,4,0,
Worcestershire,56,66,1,324a6ee1,a386e91b,e4a0deae,0,1,1,0,
Worcestershire,57,68,1,e4a0deae,a386e91b,324a6ee1,2,0,2,0,
Worcestershire,58,69,1,324a6ee1,757502b5,e4a0deae,1,0,1,0,
Worcestershire,59,69,1,e4a0deae,757502b5,324a6ee1,0,0,0,0,
Worcestershire,60,69,1,e4a0deae,757502b5,324a6ee1,0,0,0,0,
Worcestershire,61,75,1,e4a0deae,757502b5,324a6ee1,6,0,6,0,
Worcestershire,62,76,1,e4a0deae,757502b5,324a6ee1,1,0,1,0,
Worcestershire,63,78,1,324a6ee1,757502b5,e4a0deae,2,0,2,0,
Worcestershire,64,80,1,e4a0deae,8479a24a,324a6ee1,2,0,2,0,
Worcestershire,65,81,1,e4a0deae,8479a24a,324a6ee1,1,0,1,0,
Worcestershire,66,81,1,324a6ee1,8479a24a,e4a0deae,0,0,0,0,
Worcestershire,67,81,2,324a6ee1,8479a24a,e4a0deae,0,0,0,1,caught
Worcestershire,68,82,2,e4a0deae,8479a24a,9679838c,1,0,1,0,
Worcestershire,69,82,2,9679838c,8479a24a,e4a0deae,0,0,0,0,
Worcestershire,70,83,2,e4a0deae,757502b5,9679838c,1,0,1,0,
Worcestershire,71,84,2,9679838c,757502b5,e4a0deae,1,0,1,0,
Worcestershire,72,84,2,e4a0deae,757502b5,9679838c,0,0,0,0,
Worcestershire,73,84,3,e4a0deae,757502b5,9679838c,0,0,0,1,caught
Worcestershire,74,85,3,9679838c,757502b5,d346d939,1,0,1,0,
Worcestershire,75,85,3,d346d939,757502b5,9679838c,0,0,0,0,
Worcestershire,76,86,3,9679838c,8479a24a,d346d939,1,0,1,0,
Worcestershire,77,88,3,d346d939,8479a24a,9679838c,2,0,2,0,
Worcestershire,78,88,3,d346d939,8479a24a,9679838c,0,0,0,0,
Worcestershire,79,88,3,d346d939,8479a24a,9679838c,0,0,0,0,
Worcestershire,80,88,3,d346d939,8479a24a,9679838c,0,0,0,0,
Worcestershire,81,88,3,d346d939,8479a24a,9679838c,0,0,0,0,
Worcestershire,82,90,3,9679838c,757502b5,d346d939,2,0,2,0,
Worcestershire,83,91,3,9679838c,757502b5,d346d939,1,0,1,0,
Worcestershire,84,94,3,d346d939,757502b5,9679838c,1,2,3,0,
Worcestershire,85,94,3,9679838c,757502b5,d346d939,0,0,0,0,
Worcestershire,86,95,3,9679838c,757502b5,d346d939,1,0,1,0,
Worcestershire,87,96,3,d346d939,757502b5,9679838c,1,0,1,0,
Worcestershire,88,97,3,9679838c,757502b5,d346d939,1,0,1,0,
Worcestershire,89,99,3,9679838c,8479a24a,d346d939,2,0,2,0,
Worcestershire,90,99,3,9679838c,8479a24a,d346d939,0,0,0,0,
Worcestershire,91,99,3,9679838c,8479a24a,d346d939,0,0,0,0,
Worcestershire,92,99,4,9679838c,8479a24a,d346d939,0,0,0,1,bowled
Worcestershire,93,100,4,8108e2d2,8479a24a,d346d939,1,0,1,0,
Worcestershire,94,100,4,d346d939,8479a24a,8108e2d2,0,0,0,0,
Worcestershire,95,100,4,8108e2d2,3766056b,d346d939,0,0,0,0,
Worcestershire,96,100,4,8108e2d2,3766056b,d346d939,0,0,0,0,
Worcestershire,97,101,4,8108e2d2,3766056b,d346d939,1,0,1,0,
Worcestershire,98,103,4,d346d939,3766056b,8108e2d2,2,0,2,0,
Worcestershire,99,103,5,d346d939,3766056b,8108e2d2,0,0,0,1,caught
Worcestershire,100,104,5,8108e2d2,3766056b,a510bdd3,1,0,1,0,
Worcestershire,101,107,5,8108e2d2,8479a24a,a510bdd3,3,0,3,0,
Worcestershire,102,107,5,a510bdd3,8479a24a,8108e2d2,0,0,0,0,
Worcestershire,103,108,5,a510bdd3,8479a24a,8108e2d2,0,1,1,0,
Worcestershire,104,108,5,a510bdd3,8479a24a,8108e2d2,0,0,0,0,
Worcestershire,105,112,5,a510bdd3,8479a24a,8108e2d2,4,0,4,0,
Worcestershire,106,113,5,a510bdd3,8479a24a,8108e2d2,1,0,1,0,
Worcestershire,107,115,5,8108e2d2,8479a24a,a510bdd3,2,0,2,0,
Worcestershire,108,117,5,a510bdd3,3766056b,8108e2d2,2,0,2,0,
Worcestershire,109,121,5,a510bdd3,3766056b,8108e2d2,4,0,4,0,
Worcestershire,110,122,5,a510bdd3,3766056b,8108e2d2,1,0,1,0,
Worcestershire,111,122,5,8108e2d2,3766056b,a510bdd3,0,0,0,0,
Worcestershire,112,125,5,8108e2d2,3766056b,a510bdd3,1,2,3,0,
Worcestershire,113,131,5,a510bdd3,3766056b,8108e2d2,6,0,6,0,
Worcestershire,114,131,5,a510bdd3,3766056b,8108e2d2,0,0,0,0,
Worcestershire,115,132,5,8108e2d2,10f68de1,a510bdd3,0,1,1,0,
Worcestershire,116,133,5,8108e2d2,10f68de1,a510bdd3,1,0,1,0,
Worcestershire,117,135,5,a510bdd3,10f68de1,8108e2d2,2,0,2,0,
Worcestershire,118,139,5,a510bdd3,10f68de1,8108e2d2,4,0,4,0,
Worcestershire,119,141,5,a510bdd3,10f68de1,8108e2d2,2,0,2,0,
Worcestershire,120,145,5,a510bdd3,10f68de1,8108e2d2,4,0,4,0,
Worcestershire,121,145,5,a510bdd3,10f68de1,8108e2d2,0,0,0,0,
Worcestershire,122,147,5,8108e2d2,02b93a83,a510bdd3,2,0,2,0,
Worcestershire,123,148,5,8108e2d2,02b93a83,a510bdd3,0,1,1,0,
Worcestershire,124,148,5,a510bdd3,02b93a83,8108e2d2,0,0,0,0,
Worcestershire,125,150,5,a510bdd3,02b93a83,8108e2d2,2,0,2,0,
Worcestershire,126,152,5,a510bdd3,02b93a83,8108e2d2,2,0,2,0,
Worcestershire,127,152,5,a510bdd3,02b93a83,8108e2d2,0,0,0,0,
