batting_team,ball_number,total_team_runs,total_team_wickets,striker_ID,bowler_ID,nonstriker_ID,batter_runs,extras_runs,total_delivery_runs,wicket,wicket_type
Sylhet Sixers,1,3,0,1bae756b,e186f49c,d365d463,3,0,3,0,
Sylhet Sixers,2,3,0,d365d463,e186f49c,1bae756b,0,0,0,0,
Sylhet Sixers,3,4,0,d365d463,e186f49c,1bae756b,1,0,1,0,
Sylhet Sixers,4,4,0,1bae756b,e186f49c,d365d463,0,0,0,0,
Sylhet Sixers,5,6,0,1bae756b,e186f49c,d365d463,2,0,2,0,
Sylhet Sixers,6,10,0,1bae756b,e186f49c,d365d463,4,0,4,0,
Sylhet Sixers,7,10,0,d365d463,6575e3bc,1bae756b,0,0,0,0,
Sylhet Sixers,8,14,0,d365d463,6575e3bc,1bae756b,4,0,4,0,
Sylhet Sixers,9,14,0,d365d463,6575e3bc,1bae756b,0,0,0,0,
Sylhet Sixers,10,14,1,d365d463,6575e3bc,1bae756b,0,0,0,1,lbw
Sylhet Sixers,11,14,1,6eea0b32,6575e3bc,1bae756b,0,0,0,0,
Sylhet Sixers,12,14,1,6eea0b32,6575e3bc,1bae756b,0,0,0,0,
Sylhet Sixers,13,18,1,1bae756b,e186f49c,6eea0b32,4,0,4,0,
Sylhet Sixers,14,18,1,1bae756b,e186f49c,6eea0b32,0,0,0,0,
Sylhet Sixers,15,19,1,1bae756b,e186f49c,6eea0b32,1,0,1,0,
Sylhet Sixers,16,21,1,6eea0b32,e186f49c,1bae756b,2,0,2,0,
Sylhet Sixers,17,22,1,6eea0b32,e186f49c,1bae756b,1,0,1,0,
Sylhet Sixers,18,28,1,1bae756b,e186f49c,6eea0b32,6,0,6,0,
Sylhet Sixers,19,29,1,6eea0b32,6575e3bc,1bae756b,1,0,1,0,
Sylhet Sixers,20,30,1,1bae756b,6575e3bc,6eea0b32,1,0,1,0,
Sylhet Sixers,21,30,1,6eea0b32,6575e3bc,1bae756b,0,0,0,0,
Sylhet Sixers,22,30,1,6eea0b32,6575e3bc,1bae756b,0,0,0,0,
Sylhet Sixers,23,30,2,6eea0b32,6575e3bc,1bae756b,0,0,0,1,stumped
Sylhet Sixers,24,31,2,8a75e999,6575e3bc,1bae756b,1,0,1,0,
Sylhet Sixers,25,32,2,8a75e999,f56cd097,1bae756b,0,1,1,0,
Sylhet Sixers,26,33,2,1bae756b,f56cd097,8a75e999,1,0,1,0,
Sylhet Sixers,27,37,2,8a75e999,f56cd097,1bae756b,4,0,4,0,
Sylhet Sixers,28,37,2,8a75e999,f56cd097,1bae756b,0,0,0,0,
Sylhet Sixers,29,39,2,8a75e999,f56cd097,1bae756b,2,0,2,0,
Sylhet Sixers,30,40,2,8a75e999,f56cd097,1bae756b,1,0,1,0,
Sylhet Sixers,31,40,2,8a75e999,6575e3bc,1bae756b,0,0,0,0,
Sylhet Sixers,32,41,2,8a75e999,6575e3bc,1bae756b,1,0,1,0,
Sylhet Sixers,33,42,2,1bae756b,6575e3bc,8a75e999,1,0,1,0,
Sylhet Sixers,34,43,2,8a75e999,6575e3bc,1bae756b,1,0,1,0,
Sylhet Sixers,35,44,2,1bae756b,6575e3bc,8a75e999,1,0,1,0,
Sylhet Sixers,36,48,2,8a75e999,6575e3bc,1bae756b,4,0,4,0,
Sylhet Sixers,37,49,2,1bae756b,61646132,8a75e999,1,0,1,0,
Sylhet Sixers,38,50,2,8a75e999,61646132,1bae756b,1,0,1,0,
Sylhet Sixers,39,50,2,1bae756b,61646132,8a75e999,0,0,0,0,
Sylhet Sixers,40,50,2,1bae756b,61646132,8a75e999,0,0,0,0,
Sylhet Sixers,41,51,2,1bae756b,61646132,8a75e999,1,0,1,0,
Sylhet Sixers,42,52,2,8a75e999,61646132,1bae756b,1,0,1,0,
Sylhet Sixers,43,53,2,8a75e999,6575e3bc,1bae756b,1,0,1,0,
Sylhet Sixers,44,53,3,1bae756b,6575e3bc,8a75e999,0,0,0,1,caught
Sylhet Sixers,45,54,3,7147f314,6575e3bc,8a75e999,1,0,1,0,
Sylhet Sixers,46,55,3,8a75e999,6575e3bc,7147f314,1,0,1,0,
Sylhet Sixers,47,55,3,7147f314,6575e3bc,8a75e999,0,0,0,0,
Sylhet Sixers,48,55,3,7147f314,6575e3bc,8a75e999,0,0,0,0,
Sylhet Sixers,49,56,3,8a75e999,61646132,7147f314,1,0,1,0,
Sylhet Sixers,50,57,3,7147f314,61646132,8a75e999,1,0,1,0,
Sylhet Sixers,51,58,3,8a75e999,61646132,7147f314,1,0,1,0,
Sylhet Sixers,52,58,3,7147f314,61646132,8a75e999,0,0,0,0,
Sylhet Sixers,53,59,3,7147f314,61646132,8a75e999,1,0,1,0,
Sylhet Sixers,54,60,3,8a75e999,61646132,7147f314,1,0,1,0,
Sylhet Sixers,55,61,3,8a75e999,a12e1d51,7147f314,1,0,1,0,
Sylhet Sixers,56,62,3,7147f314,a12e1d51,8a75e999,1,0,1,0,
Sylhet Sixers,57,63,3,8a75e999,a12e1d51,7147f314,1,0,1,0,
Sylhet Sixers,58,64,3,7147f314,a12e1d51,8a75e999,1,0,1,0,
Sylhet Sixers,59,65,3,8a75e999,a12e1d51,7147f314,1,0,1,0,
Sylhet Sixers,60,66,3,7147f314,a12e1d51,8a75e999,1,0,1,0,
Sylhet Sixers,61,67,3,7147f314,61646132,8a75e999,1,0,1,0,
Sylhet Sixers,62,68,3,8a75e999,61646132,7147f314,1,0,1,0,
Sylhet Sixers,63,69,3,7147f314,61646132,8a75e999,1,0,1,0,
Sylhet Sixers,64,70,3,8a75e999,61646132,7147f314,1,0,1,0,
Sylhet Sixers,65,71,3,7147f314,61646132,8a75e999,1,0,1,0,
Sylhet Sixers,66,73,3,8a75e999,61646132,7147f314,2,0,2,0,
Sylhet Sixers,67,77,3,7147f314,f56cd097,8a75e999,4,0,4,0,
Sylhet Sixers,68,82,3,7147f314,f56cd097,8a75e999,4,1,5,0,
Sylhet Sixers,69,86,3,7147f314,f56cd097,8a75e999,4,0,4,0,
Sylhet Sixers,70,87,3,7147f314,f56cd097,8a75e999,1,0,1,0,
Sylhet Sixers,71,91,3,8a75e999,f56cd097,7147f314,4,0,4,0,
Sylhet Sixers,72,91,3,8a75e999,f56cd097,7147f314,0,0,0,0,
Sylhet Sixers,73,91,3,8a75e999,f56cd097,7147f314,0,0,0,0,
Sylhet Sixers,74,92,3,7147f314,61646132,8a75e999,1,0,1,0,
Sylhet Sixers,75,98,3,8a75e999,61646132,7147f314,6,0,6,0,
Sylhet Sixers,76,99,3,8a75e999,61646132,7147f314,1,0,1,0,
Sylhet Sixers,77,100,3,7147f314,61646132,8a75e999,1,0,1,0,
Sylhet Sixers,78,102,3,8a75e999,61646132,7147f314,2,0,2,0,
Sylhet Sixers,79,103,3,8a75e999,61646132,7147f314,1,0,1,0,
Sylhet Sixers,80,105,3,8a75e999,a12e1d51,7147f314,2,0,2,0,
Sylhet Sixers,81,109,3,8a75e999,a12e1d51,7147f314,4,0,4,0,
Sylhet Sixers,82,110,3,8a75e999,a12e1d51,7147f314,1,0,1,0,
Sylhet Sixers,83,110,3,7147f314,a12e1d51,8a75e999,0,0,0,0,
Sylhet Sixers,84,112,3,7147f314,a12e1d51,8a75e999,2,0,2,0,
Sylhet Sixers,85,113,3,7147f314,a12e1d51,8a75e999,0,1,1,0,
Sylhet Sixers,86,114,3,7147f314,a12e1d51,8a75e999,0,1,1,0,
Sylhet Sixers,87,115,3,7147f314,a12e1d51,8a75e999,0,1,1,0,
Sylhet Sixers,88,116,3,7147f314,a12e1d51,8a75e999,1,0,1,0,
Sylhet Sixers,89,117,3,7147f314,7ca5e05d,8a75e999,1,0,1,0,
Sylhet Sixers,90,118,3,8a75e999,7ca5e05d,7147f314,1,0,1,0,
Sylhet Sixers,91,118,3,7147f314,7ca5e05d,8a75e999,0,0,0,0,
Sylhet Sixers,92,119,3,7147f314,7ca5e05d,8a75e999,1,0,1,0,
Sylhet Sixers,93,121,3,8a75e999,7ca5e05d,7147f314,2,0,2,0,
Sylhet Sixers,94,122,3,8a75e999,7ca5e05d,7147f314,1,0,1,0,
Sylhet Sixers,95,123,3,8a75e999,e186f49c,7147f314,1,0,1,0,
Sylhet Sixers,96,123,3,7147f314,e186f49c,8a75e999,0,0,0,0,
Sylhet Sixers,97,127,3,7147f314,e186f49c,8a75e999,4,0,4,0,
Sylhet Sixers,98,127,4,7147f314,e186f49c,8a75e999,0,0,0,1,run out
Sylhet Sixers,99,128,4,7147f314,e186f49c,d346d939,1,0,1,0,
Sylhet Sixers,100,128,4,d346d939,e186f49c,7147f314,0,0,0,0,
Sylhet Sixers,101,130,4,7147f314,7ca5e05d,d346d939,2,0,2,0,
Sylhet Sixers,102,134,4,7147f314,7ca5e05d,d346d939,4,0,4,0,
Sylhet Sixers,103,134,4,7147f314,7ca5e05d,d346d939,0,0,0,0,
Sylhet Sixers,104,135,4,7147f314,7ca5e05d,d346d939,1,0,1,0,
Sylhet Sixers,105,136,4,d346d939,7ca5e05d,7147f314,1,0,1,0,
Sylhet Sixers,106,137,4,7147f314,7ca5e05d,d346d939,1,0,1,0,
Sylhet Sixers,107,138,4,7147f314,a12e1d51,d346d939,1,0,1,0,
Sylhet Sixers,108,144,4,d346d939,a12e1d51,7147f314,6,0,6,0,
Sylhet Sixers,109,145,4,d346d939,a12e1d51,7147f314,1,0,1,0,
Sylhet Sixers,110,146,4,7147f314,a12e1d51,d346d939,1,0,1,0,
Sylhet Sixers,111,148,4,d346d939,a12e1d51,7147f314,2,0,2,0,
Sylhet Sixers,112,149,4,d346d939,a12e1d51,7147f314,1,0,1,0,
Sylhet Sixers,113,150,4,d346d939,e186f49c,7147f314,1,0,1,0,
Sylhet Sixers,114,150,4,7147f314,e186f49c,d346d939,0,0,0,0,
Sylhet Sixers,115,150,5,7147f314,e186f49c,d346d939,0,0,0,1,bowled
Sylhet Sixers,116,151,5,58043739,e186f49c,d346d939,1,0,1,0,
Sylhet Sixers,117,152,5,d346d939,e186f49c,58043739,1,0,1,0,
Sylhet Sixers,118,158,5,58043739,e186f49c,d346d939,6,0,6,0,
Sylhet Sixers,119,162,5,d346d939,a12e1d51,58043739,4,0,4,0,
Sylhet Sixers,120,163,5,d346d939,a12e1d51,58043739,0,1,1,0,
Sylhet Sixers,121,164,5,58043739,a12e1d51,d346d939,0,1,1,0,
Sylhet Sixers,122,168,5,58043739,a12e1d51,d346d939,4,0,4,0,
Sylhet Sixers,123,172,5,58043739,a12e1d51,d346d939,4,0,4,0,
Sylhet Sixers,124,173,5,58043739,a12e1d51,d346d939,1,0,1,0,
Sylhet Sixers,125,173,5,d346d939,a12e1d51,58043739,0,0,0,0,
Rangpur Riders,1,1,0,db584dad,64d43928,c27518d2,1,0,1,0,
Rangpur Riders,2,2,0,c27518d2,64d43928,db584dad,0,1,1,0,
Rangpur Riders,3,3,0,c27518d2,64d43928,db584dad,1,0,1,0,
Rangpur Riders,4,7,0,db584dad,64d43928,c27518d2,4,0,4,0,
Rangpur Riders,5,7,1,db584dad,64d43928,c27518d2,0,0,0,1,caught
Rangpur Riders,6,7,1,b8a55852,64d43928,c27518d2,0,0,0,0,
Rangpur Riders,7,7,1,b8a55852,64d43928,c27518d2,0,0,0,0,
Rangpur Riders,8,7,1,c27518d2,b8d18afc,b8a55852,0,0,0,0,
Rangpur Riders,9,7,1,c27518d2,b8d18afc,b8a55852,0,0,0,0,
Rangpur Riders,10,11,1,c27518d2,b8d18afc,b8a55852,4,0,4,0,
Rangpur Riders,11,11,1,c27518d2,b8d18afc,b8a55852,0,0,0,0,
Rangpur Riders,12,15,1,c27518d2,b8d18afc,b8a55852,4,0,4,0,
Rangpur Riders,13,15,1,c27518d2,b8d18afc,b8a55852,0,0,0,0,
Rangpur Riders,14,15,1,b8a55852,58043739,c27518d2,0,0,0,0,
Rangpur Riders,15,19,1,b8a55852,58043739,c27518d2,4,0,4,0,
Rangpur Riders,16,19,1,b8a55852,58043739,c27518d2,0,0,0,0,
Rangpur Riders,17,25,1,b8a55852,58043739,c27518d2,6,0,6,0,
Rangpur Riders,18,29,1,b8a55852,58043739,c27518d2,4,0,4,0,
Rangpur Riders,19,29,1,b8a55852,58043739,c27518d2,0,0,0,0,
Rangpur Riders,20,31,1,c27518d2,5c756df3,b8a55852,2,0,2,0,
Rangpur Riders,21,32,1,c27518d2,5c756df3,b8a55852,1,0,1,0,
Rangpur Riders,22,32,1,b8a55852,5c756df3,c27518d2,0,0,0,0,
Rangpur Riders,23,38,1,b8a55852,5c756df3,c27518d2,6,0,6,0,
Rangpur Riders,24,39,1,b8a55852,5c756df3,c27518d2,0,1,1,0,
Rangpur Riders,25,40,1,b8a55852,5c756df3,c27518d2,1,0,1,0,
Rangpur Riders,26,40,1,c27518d2,5c756df3,b8a55852,0,0,0,0,
Rangpur Riders,27,41,1,b8a55852,64d43928,c27518d2,1,0,1,0,
Rangpur Riders,28,45,1,c27518d2,64d43928,b8a55852,4,0,4,0,
Rangpur Riders,29,45,1,c27518d2,64d43928,b8a55852,0,0,0,0,
Rangpur Riders,30,45,1,c27518d2,64d43928,b8a55852,0,0,0,0,
Rangpur Riders,31,51,1,c27518d2,64d43928,b8a55852,6,0,6,0,
Rangpur Riders,32,55,1,c27518d2,64d43928,b8a55852,4,0,4,0,
Rangpur Riders,33,56,1,b8a55852,b8d18afc,c27518d2,1,0,1,0,
Rangpur Riders,34,62,1,c27518d2,b8d18afc,b8a55852,6,0,6,0,
Rangpur Riders,35,66,1,c27518d2,b8d18afc,b8a55852,4,0,4,0,
Rangpur Riders,36,66,2,c27518d2,b8d18afc,b8a55852,0,0,0,1,stumped
Rangpur Riders,37,67,2,77191792,b8d18afc,b8a55852,1,0,1,0,
Rangpur Riders,38,67,2,b8a55852,b8d18afc,77191792,0,0,0,0,
Rangpur Riders,39,68,2,77191792,5c756df3,b8a55852,1,0,1,0,
Rangpur Riders,40,69,2,b8a55852,5c756df3,77191792,0,1,1,0,
Rangpur Riders,41,70,2,77191792,5c756df3,b8a55852,1,0,1,0,
Rangpur Riders,42,71,2,b8a55852,5c756df3,77191792,1,0,1,0,
Rangpur Riders,43,72,2,77191792,5c756df3,b8a55852,1,0,1,0,
Rangpur Riders,44,72,2,b8a55852,5c756df3,77191792,0,0,0,0,
Rangpur Riders,45,72,2,77191792,b8d18afc,b8a55852,0,0,0,0,
Rangpur Riders,46,73,2,77191792,b8d18afc,b8a55852,1,0,1,0,
Rangpur Riders,47,74,2,b8a55852,b8d18afc,77191792,1,0,1,0,
Rangpur Riders,48,75,2,77191792,b8d18afc,b8a55852,1,0,1,0,
Rangpur Riders,49,75,2,b8a55852,b8d18afc,77191792,0,0,0,0,
Rangpur Riders,50,75,2,b8a55852,b8d18afc,77191792,0,0,0,0,
Rangpur Riders,51,77,2,77191792,58043739,b8a55852,2,0,2,0,
Rangpur Riders,52,78,2,77191792,58043739,b8a55852,1,0,1,0,
Rangpur Riders,53,78,2,b8a55852,58043739,77191792,0,0,0,0,
Rangpur Riders,54,80,2,b8a55852,58043739,77191792,2,0,2,0,
Rangpur Riders,55,81,2,b8a55852,58043739,77191792,0,1,1,0,
Rangpur Riders,56,82,2,77191792,58043739,b8a55852,1,0,1,0,
Rangpur Riders,57,82,2,77191792,b8d18afc,b8a55852,0,0,0,0,
Rangpur Riders,58,82,2,77191792,b8d18afc,b8a55852,0,0,0,0,
Rangpur Riders,59,84,2,77191792,b8d18afc,b8a55852,2,0,2,0,
Rangpur Riders,60,86,2,77191792,b8d18afc,b8a55852,2,0,2,0,
Rangpur Riders,61,90,2,77191792,b8d18afc,b8a55852,4,0,4,0,
Rangpur Riders,62,90,2,77191792,b8d18afc,b8a55852,0,0,0,0,
Rangpur Riders,63,94,2,b8a55852,58043739,77191792,4,0,4,0,
Rangpur Riders,64,95,2,b8a55852,58043739,77191792,1,0,1,0,
Rangpur Riders,65,95,3,77191792,58043739,b8a55852,0,0,0,1,caught
Rangpur Riders,66,96,3,b8a55852,58043739,7ca5e05d,1,0,1,0,
Rangpur Riders,67,97,3,7ca5e05d,58043739,b8a55852,1,0,1,0,
Rangpur Riders,68,98,3,b8a55852,58043739,7ca5e05d,1,0,1,0,
Rangpur Riders,69,99,3,b8a55852,f7e9a562,7ca5e05d,1,0,1,0,
Rangpur Riders,70,101,3,7ca5e05d,f7e9a562,b8a55852,2,0,2,0,
Rangpur Riders,71,101,3,7ca5e05d,f7e9a562,b8a55852,0,0,0,0,
Rangpur Riders,72,102,3,7ca5e05d,f7e9a562,b8a55852,1,0,1,0,
Rangpur Riders,73,103,3,b8a55852,f7e9a562,7ca5e05d,1,0,1,0,
Rangpur Riders,74,104,3,7ca5e05d,f7e9a562,b8a55852,1,0,1,0,
Rangpur Riders,75,105,3,7ca5e05d,5c756df3,b8a55852,1,0,1,0,
Rangpur Riders,76,106,3,b8a55852,5c756df3,7ca5e05d,0,1,1,0,
Rangpur Riders,77,106,3,b8a55852,5c756df3,7ca5e05d,0,0,0,0,
Rangpur Riders,78,107,3,b8a55852,5c756df3,7ca5e05d,1,0,1,0,
Rangpur Riders,79,108,3,7ca5e05d,5c756df3,b8a55852,0,1,1,0,
Rangpur Riders,80,108,3,7ca5e05d,5c756df3,b8a55852,0,0,0,0,
Rangpur Riders,81,109,3,7ca5e05d,5c756df3,b8a55852,1,0,1,0,
Rangpur Riders,82,109,3,b8a55852,5c756df3,7ca5e05d,0,0,0,0,
Rangpur Riders,83,109,3,7ca5e05d,f7e9a562,b8a55852,0,0,0,0,
Rangpur Riders,84,110,3,7ca5e05d,f7e9a562,b8a55852,1,0,1,0,
Rangpur Riders,85,110,3,b8a55852,f7e9a562,7ca5e05d,0,0,0,0,
Rangpur Riders,86,110,3,b8a55852,f7e9a562,7ca5e05d,0,0,0,0,
Rangpur Riders,87,114,3,b8a55852,f7e9a562,7ca5e05d,4,0,4,0,
Rangpur Riders,88,115,3,b8a55852,f7e9a562,7ca5e05d,1,0,1,0,
Rangpur Riders,89,116,3,b8a55852,5c756df3,7ca5e05d,1,0,1,0,
Rangpur Riders,90,117,3,7ca5e05d,5c756df3,b8a55852,1,0,1,0,
Rangpur Riders,91,117,4,b8a55852,5c756df3,7ca5e05d,0,0,0,1,caught
Rangpur Riders,92,118,4,7ca5e05d,5c756df3,61646132,0,1,1,0,
Rangpur Riders,93,120,4,7ca5e05d,5c756df3,61646132,2,0,2,0,
Rangpur Riders,94,121,4,7ca5e05d,5c756df3,61646132,0,1,1,0,
Rangpur Riders,95,121,4,61646132,5c756df3,7ca5e05d,0,0,0,0,
Rangpur Riders,96,125,4,7ca5e05d,f7e9a562,61646132,4,0,4,0,
Rangpur Riders,97,126,4,7ca5e05d,f7e9a562,61646132,1,0,1,0,
Rangpur Riders,98,126,5,61646132,f7e9a562,7ca5e05d,0,0,0,1,run out
Rangpur Riders,99,127,5,7ca5e05d,f7e9a562,e186f49c,1,0,1,0,
Rangpur Riders,100,128,5,e186f49c,f7e9a562,7ca5e05d,1,0,1,0,
Rangpur Riders,101,130,5,7ca5e05d,f7e9a562,e186f49c,2,0,2,0,
Rangpur Riders,102,131,5,7ca5e05d,f7e9a562,e186f49c,1,0,1,0,
Rangpur Riders,103,133,5,7ca5e05d,64d43928,e186f49c,2,0,2,0,
Rangpur Riders,104,135,5,7ca5e05d,64d43928,e186f49c,2,0,2,0,
Rangpur Riders,105,141,5,7ca5e05d,64d43928,e186f49c,6,0,6,0,
Rangpur Riders,106,142,5,7ca5e05d,64d43928,e186f49c,1,0,1,0,
Rangpur Riders,107,143,5,e186f49c,64d43928,7ca5e05d,0,1,1,0,
Rangpur Riders,108,144,5,7ca5e05d,64d43928,e186f49c,1,0,1,0,
Rangpur Riders,109,145,5,7ca5e05d,f7e9a562,e186f49c,1,0,1,0,
Rangpur Riders,110,146,6,e186f49c,f7e9a562,7ca5e05d,1,0,1,1,run out
Rangpur Riders,111,147,6,8c7b16c8,f7e9a562,e186f49c,1,0,1,0,
Rangpur Riders,112,148,6,e186f49c,f7e9a562,8c7b16c8,1,0,1,0,
Rangpur Riders,113,152,6,8c7b16c8,f7e9a562,e186f49c,4,0,4,0,
Rangpur Riders,114,154,6,8c7b16c8,f7e9a562,e186f49c,2,0,2,0,
Rangpur Riders,115,160,6,e186f49c,64d43928,8c7b16c8,6,0,6,0,
Rangpur Riders,116,161,6,e186f49c,64d43928,8c7b16c8,0,1,1,0,
Rangpur Riders,117,162,6,8c7b16c8,64d43928,e186f49c,1,0,1,0,
Rangpur Riders,118,163,6,e186f49c,64d43928,8c7b16c8,1,0,1,0,
Rangpur Riders,119,165,6,8c7b16c8,64d43928,e186f49c,2,0,2,0,
Rangpur Riders,120,165,6,8c7b16c8,64d43928,e186f49c,0,0,0,0,
Rangpur Riders,121,166,6,e186f49c,58043739,8c7b16c8,0,1,1,0,
Rangpur Riders,122,166,6,e186f49c,58043739,8c7b16c8,0,0,0,0,
Rangpur Riders,123,172,6,e186f49c,58043739,8c7b16c8,6,0,6,0,
Rangpur Riders,124,173,6,e186f49c,58043739,8c7b16c8,1,0,1,0,
Rangpur Riders,125,177,6,8c7b16c8,58043739,e186f49c,4,0,4,0,
