batting_team,ball_number,total_team_runs,total_team_wickets,striker_ID,bowler_ID,nonstriker_ID,batter_runs,extras_runs,total_delivery_runs,wicket,wicket_type
Melbourne Renegades,1,1,0,99e23670,17608a6f,b9e15440,1,0,1,0,
Melbourne Renegades,2,1,0,b9e15440,17608a6f,99e23670,0,0,0,0,
Melbourne Renegades,3,2,0,b9e15440,17608a6f,99e23670,1,0,1,0,
Melbourne Renegades,4,3,0,99e23670,17608a6f,b9e15440,1,0,1,0,
Melbourne Renegades,5,3,0,b9e15440,17608a6f,99e23670,0,0,0,0,
Melbourne Renegades,6,4,0,b9e15440,17608a6f,99e23670,1,0,1,0,
Melbourne Renegades,7,5,0,b9e15440,ca5acfa4,99e23670,0,1,1,0,
Melbourne Renegades,8,9,0,b9e15440,ca5acfa4,99e23670,4,0,4,0,
Melbourne Renegades,9,10,0,b9e15440,ca5acfa4,99e23670,1,0,1,0,
Melbourne Renegades,10,10,0,99e23670,ca5acfa4,b9e15440,0,0,0,0,
Melbourne Renegades,11,10,0,99e23670,ca5acfa4,b9e15440,0,0,0,0,
Melbourne Renegades,12,11,0,99e23670,ca5acfa4,b9e15440,1,0,1,0,
Melbourne Renegades,13,12,0,b9e15440,ca5acfa4,99e23670,1,0,1,0,
Melbourne Renegades,14,12,0,b9e15440,17608a6f,99e23670,0,0,0,0,
Melbourne Renegades,15,12,1,b9e15440,17608a6f,99e23670,0,0,0,1,lbw
Melbourne Renegades,16,16,1,5ebc3941,17608a6f,99e23670,4,0,4,0,
Melbourne Renegades,17,16,1,5ebc3941,17608a6f,99e23670,0,0,0,0,
Melbourne Renegades,18,17,1,5ebc3941,17608a6f,99e23670,0,1,1,0,
Melbourne Renegades,19,18,1,99e23670,17608a6f,5ebc3941,1,0,1,0,
Melbourne Renegades,20,19,1,99e23670,ca5acfa4,5ebc3941,1,0,1,0,
Melbourne Renegades,21,20,1,5ebc3941,ca5acfa4,99e23670,0,1,1,0,
Melbourne Renegades,22,21,1,99e23670,ca5acfa4,5ebc3941,0,1,1,0,
Melbourne Renegades,23,21,1,5ebc3941,ca5acfa4,99e23670,0,0,0,0,
Melbourne Renegades,24,21,1,5ebc3941,ca5acfa4,99e23670,0,0,0,0,
Melbourne Renegades,25,22,1,5ebc3941,ca5acfa4,99e23670,1,0,1,0,
Melbourne Renegades,26,22,1,5ebc3941,17608a6f,99e23670,0,0,0,0,
Melbourne Renegades,27,23,1,5ebc3941,17608a6f,99e23670,1,0,1,0,
Melbourne Renegades,28,23,1,99e23670,17608a6f,5ebc3941,0,0,0,0,
Melbourne Renegades,29,27,1,99e23670,17608a6f,5ebc3941,4,0,4,0,
Melbourne Renegades,30,29,1,99e23670,17608a6f,5ebc3941,2,0,2,0,
Melbourne Renegades,31,29,1,99e23670,17608a6f,5ebc3941,0,0,0,0,
Melbourne Renegades,32,33,1,5ebc3941,ca5acfa4,99e23670,4,0,4,0,
Melbourne Renegades,33,34,1,5ebc3941,ca5acfa4,99e23670,1,0,1,0,
Melbourne Renegades,34,34,1,99e23670,ca5acfa4,5ebc3941,0,0,0,0,
Melbourne Renegades,35,38,1,99e23670,ca5acfa4,5ebc3941,4,0,4,0,
Melbourne Renegades,36,38,1,99e23670,ca5acfa4,5ebc3941,0,0,0,0,
Melbourne Renegades,37,42,1,99e23670,ca5acfa4,5ebc3941,4,0,4,0,
Melbourne Renegades,38,43,1,5ebc3941,99e26cea,99e23670,1,0,1,0,
Melbourne Renegades,39,43,1,99e23670,99e26cea,5ebc3941,0,0,0,0,
Melbourne Renegades,40,47,1,99e23670,99e26cea,5ebc3941,4,0,4,0,
Melbourne Renegades,41,47,1,99e23670,99e26cea,5ebc3941,0,0,0,0,
Melbourne Renegades,42,47,1,99e23670,99e26cea,5ebc3941,0,0,0,0,
Melbourne Renegades,43,48,1,99e23670,99e26cea,5ebc3941,1,0,1,0,
Melbourne Renegades,44,52,1,99e23670,89bbc67a,5ebc3941,4,0,4,0,
Melbourne Renegades,45,52,2,99e23670,89bbc67a,5ebc3941,0,0,0,1,caught
Melbourne Renegades,46,52,2,72b7ed1e,89bbc67a,5ebc3941,0,0,0,0,
Melbourne Renegades,47,53,2,72b7ed1e,89bbc67a,5ebc3941,1,0,1,0,
Melbourne Renegades,48,53,2,5ebc3941,89bbc67a,72b7ed1e,0,0,0,0,
Melbourne Renegades,49,53,2,5ebc3941,89bbc67a,72b7ed1e,0,0,0,0,
Melbourne Renegades,50,53,2,72b7ed1e,99e26cea,5ebc3941,0,0,0,0,
Melbourne Renegades,51,55,2,72b7ed1e,99e26cea,5ebc3941,2,0,2,0,
Melbourne Renegades,52,56,2,72b7ed1e,99e26cea,5ebc3941,1,0,1,0,
Melbourne Renegades,53,57,2,5ebc3941,99e26cea,72b7ed1e,1,0,1,0,
Melbourne Renegades,54,57,2,72b7ed1e,99e26cea,5ebc3941,0,0,0,0,
Melbourne Renegades,55,58,2,72b7ed1e,99e26cea,5ebc3941,1,0,1,0,
Melbourne Renegades,56,62,2,72b7ed1e,9b3bcca4,5ebc3941,4,0,4,0,
Melbourne Renegades,57,62,2,72b7ed1e,9b3bcca4,5ebc3941,0,0,0,0,
Melbourne Renegades,58,63,2,72b7ed1e,9b3bcca4,5ebc3941,1,0,1,0,
Melbourne Renegades,59,64,2,5ebc3941,9b3bcca4,72b7ed1e,1,0,1,0,
Melbourne Renegades,60,68,2,72b7ed1e,9b3bcca4,5ebc3941,4,0,4,0,
Melbourne Renegades,61,69,2,72b7ed1e,9b3bcca4,5ebc3941,1,0,1,0,
Melbourne Renegades,62,71,2,72b7ed1e,99e26cea,5ebc3941,1,1,2,0,
Melbourne Renegades,63,71,2,5ebc3941,99e26cea,72b7ed1e,0,0,0,0,
Melbourne Renegades,64,75,2,5ebc3941,99e26cea,72b7ed1e,4,0,4,0,
Melbourne Renegades,65,76,2,5ebc3941,99e26cea,72b7ed1e,1,0,1,0,
Melbourne Renegades,66,77,2,72b7ed1e,99e26cea,5ebc3941,1,0,1,0,
Melbourne Renegades,67,83,2,5ebc3941,99e26cea,72b7ed1e,6,0,6,0,
Melbourne Renegades,68,84,2,5ebc3941,99e26cea,72b7ed1e,1,0,1,0,
Melbourne Renegades,69,85,2,5ebc3941,9b3bcca4,72b7ed1e,1,0,1,0,
Melbourne Renegades,70,85,2,72b7ed1e,9b3bcca4,5ebc3941,0,0,0,0,
Melbourne Renegades,71,86,2,72b7ed1e,9b3bcca4,5ebc3941,1,0,1,0,
Melbourne Renegades,72,86,2,5ebc3941,9b3bcca4,72b7ed1e,0,0,0,0,
Melbourne Renegades,73,87,2,5ebc3941,9b3bcca4,72b7ed1e,1,0,1,0,
Melbourne Renegades,74,91,2,72b7ed1e,9b3bcca4,5ebc3941,4,0,4,0,
Melbourne Renegades,75,92,2,5ebc3941,17608a6f,72b7ed1e,1,0,1,0,
Melbourne Renegades,76,93,2,72b7ed1e,17608a6f,5ebc3941,1,0,1,0,
Melbourne Renegades,77,94,2,5ebc3941,17608a6f,72b7ed1e,1,0,1,0,
Melbourne Renegades,78,98,2,72b7ed1e,17608a6f,5ebc3941,4,0,4,0,
Melbourne Renegades,79,98,2,72b7ed1e,17608a6f,5ebc3941,0,0,0,0,
Melbourne Renegades,80,100,2,72b7ed1e,17608a6f,5ebc3941,2,0,2,0,
Melbourne Renegades,81,100,2,5ebc3941,de69af96,72b7ed1e,0,0,0,0,
Melbourne Renegades,82,100,3,5ebc3941,de69af96,72b7ed1e,0,0,0,1,caught
Melbourne Renegades,83,100,3,72b7ed1e,de69af96,ac56b5a7,0,0,0,0,
Melbourne Renegades,84,100,3,72b7ed1e,de69af96,ac56b5a7,0,0,0,0,
Melbourne Renegades,85,101,3,72b7ed1e,de69af96,ac56b5a7,1,0,1,0,
Melbourne Renegades,86,102,3,ac56b5a7,de69af96,72b7ed1e,1,0,1,0,
Melbourne Renegades,87,103,3,ac56b5a7,c4fd751d,72b7ed1e,1,0,1,0,
Melbourne Renegades,88,107,3,72b7ed1e,c4fd751d,ac56b5a7,4,0,4,0,
Melbourne Renegades,89,111,3,72b7ed1e,c4fd751d,ac56b5a7,4,0,4,0,
Melbourne Renegades,90,113,3,72b7ed1e,c4fd751d,ac56b5a7,1,1,2,0,
Melbourne Renegades,91,114,3,ac56b5a7,c4fd751d,72b7ed1e,1,0,1,0,
Melbourne Renegades,92,115,3,72b7ed1e,c4fd751d,ac56b5a7,0,1,1,0,
Melbourne Renegades,93,116,3,ac56b5a7,c4fd751d,72b7ed1e,1,0,1,0,
Melbourne Renegades,94,118,3,ac56b5a7,de69af96,72b7ed1e,2,0,2,0,
Melbourne Renegades,95,120,3,ac56b5a7,de69af96,72b7ed1e,2,0,2,0,
Melbourne Renegades,96,120,3,ac56b5a7,de69af96,72b7ed1e,0,0,0,0,
Melbourne Renegades,97,120,4,ac56b5a7,de69af96,72b7ed1e,0,0,0,1,caught
Melbourne Renegades,98,121,4,72b7ed1e,de69af96,b0ca6975,1,0,1,0,
Melbourne Renegades,99,122,4,b0ca6975,de69af96,72b7ed1e,1,0,1,0,
Melbourne Renegades,100,123,4,b0ca6975,89bbc67a,72b7ed1e,1,0,1,0,
Melbourne Renegades,101,126,4,72b7ed1e,89bbc67a,b0ca6975,3,0,3,0,
Melbourne Renegades,102,127,4,b0ca6975,89bbc67a,72b7ed1e,1,0,1,0,
Melbourne Renegades,103,127,4,72b7ed1e,89bbc67a,b0ca6975,0,0,0,0,
Melbourne Renegades,104,128,4,72b7ed1e,89bbc67a,b0ca6975,1,0,1,0,
Melbourne Renegades,105,134,4,b0ca6975,89bbc67a,72b7ed1e,6,0,6,0,
Melbourne Renegades,106,136,4,72b7ed1e,de69af96,b0ca6975,2,0,2,0,
Melbourne Renegades,107,137,4,72b7ed1e,de69af96,b0ca6975,1,0,1,0,
Melbourne Renegades,108,139,4,b0ca6975,de69af96,72b7ed1e,2,0,2,0,
Melbourne Renegades,109,139,4,b0ca6975,de69af96,72b7ed1e,0,0,0,0,
Melbourne Renegades,110,140,4,b0ca6975,de69af96,72b7ed1e,1,0,1,0,
Melbourne Renegades,111,141,4,72b7ed1e,de69af96,b0ca6975,1,0,1,0,
Melbourne Renegades,112,142,4,72b7ed1e,9b3bcca4,b0ca6975,1,0,1,0,
Melbourne Renegades,113,142,4,b0ca6975,9b3bcca4,72b7ed1e,0,0,0,0,
Melbourne Renegades,114,146,4,b0ca6975,9b3bcca4,72b7ed1e,0,4,4,0,
Melbourne Renegades,115,147,4,b0ca6975,9b3bcca4,72b7ed1e,1,0,1,0,
Melbourne Renegades,116,147,5,72b7ed1e,9b3bcca4,b0ca6975,0,0,0,1,caught and bowled
Melbourne Renegades,117,149,5,0f00b4d7,9b3bcca4,b0ca6975,2,0,2,0,
Melbourne Renegades,118,150,5,b0ca6975,de69af96,0f00b4d7,1,0,1,0,
Melbourne Renegades,119,151,5,0f00b4d7,de69af96,b0ca6975,1,0,1,0,
Melbourne Renegades,120,155,5,b0ca6975,de69af96,0f00b4d7,4,0,4,0,
Melbourne Renegades,121,156,5,b0ca6975,de69af96,0f00b4d7,0,1,1,0,
Melbourne Renegades,122,158,5,0f00b4d7,de69af96,b0ca6975,2,0,2,0,
Melbourne Renegades,123,160,5,0f00b4d7,de69af96,b0ca6975,2,0,2,0,
Adelaide Strikers,1,1,0,89bbc67a,60471339,b2664905,1,0,1,0,
Adelaide Strikers,2,2,0,b2664905,60471339,89bbc67a,0,1,1,0,
Adelaide Strikers,3,3,0,b2664905,60471339,89bbc67a,1,0,1,0,
Adelaide Strikers,4,3,0,89bbc67a,60471339,b2664905,0,0,0,0,
Adelaide Strikers,5,3,0,89bbc67a,60471339,b2664905,0,0,0,0,
Adelaide Strikers,6,4,0,89bbc67a,60471339,b2664905,1,0,1,0,
Adelaide Strikers,7,5,0,b2664905,60471339,89bbc67a,1,0,1,0,
Adelaide Strikers,8,5,0,b2664905,f57d5dbb,89bbc67a,0,0,0,0,
Adelaide Strikers,9,5,0,b2664905,f57d5dbb,89bbc67a,0,0,0,0,
Adelaide Strikers,10,5,0,b2664905,f57d5dbb,89bbc67a,0,0,0,0,
Adelaide Strikers,11,7,0,b2664905,f57d5dbb,89bbc67a,2,0,2,0,
Adelaide Strikers,12,11,0,b2664905,f57d5dbb,89bbc67a,4,0,4,0,
Adelaide Strikers,13,11,0,b2664905,f57d5dbb,89bbc67a,0,0,0,0,
Adelaide Strikers,14,15,0,89bbc67a,60471339,b2664905,4,0,4,0,
Adelaide Strikers,15,16,0,89bbc67a,60471339,b2664905,1,0,1,0,
Adelaide Strikers,16,17,0,b2664905,60471339,89bbc67a,1,0,1,0,
Adelaide Strikers,17,18,0,89bbc67a,60471339,b2664905,1,0,1,0,
Adelaide Strikers,18,18,0,b2664905,60471339,89bbc67a,0,0,0,0,
Adelaide Strikers,19,18,1,b2664905,60471339,89bbc67a,0,0,0,1,caught
Adelaide Strikers,20,18,1,ca5acfa4,72b7ed1e,89bbc67a,0,0,0,0,
Adelaide Strikers,21,22,1,ca5acfa4,72b7ed1e,89bbc67a,4,0,4,0,
Adelaide Strikers,22,22,1,ca5acfa4,72b7ed1e,89bbc67a,0,0,0,0,
Adelaide Strikers,23,24,1,ca5acfa4,72b7ed1e,89bbc67a,2,0,2,0,
Adelaide Strikers,24,24,1,ca5acfa4,72b7ed1e,89bbc67a,0,0,0,0,
Adelaide Strikers,25,24,1,ca5acfa4,72b7ed1e,89bbc67a,0,0,0,0,
Adelaide Strikers,26,30,1,89bbc67a,78bec461,ca5acfa4,6,0,6,0,
Adelaide Strikers,27,30,1,89bbc67a,78bec461,ca5acfa4,0,0,0,0,
Adelaide Strikers,28,30,1,89bbc67a,78bec461,ca5acfa4,0,0,0,0,
Adelaide Strikers,29,34,1,89bbc67a,78bec461,ca5acfa4,4,0,4,0,
Adelaide Strikers,30,38,1,89bbc67a,78bec461,ca5acfa4,4,0,4,0,
Adelaide Strikers,31,38,1,89bbc67a,78bec461,ca5acfa4,0,0,0,0,
Adelaide Strikers,32,38,1,ca5acfa4,f57d5dbb,89bbc67a,0,0,0,0,
Adelaide Strikers,33,38,1,ca5acfa4,f57d5dbb,89bbc67a,0,0,0,0,
Adelaide Strikers,34,42,1,ca5acfa4,f57d5dbb,89bbc67a,4,0,4,0,
Adelaide Strikers,35,44,1,ca5acfa4,f57d5dbb,89bbc67a,2,0,2,0,
Adelaide Strikers,36,45,1,ca5acfa4,f57d5dbb,89bbc67a,1,0,1,0,
Adelaide Strikers,37,46,1,89bbc67a,f57d5dbb,ca5acfa4,1,0,1,0,
Adelaide Strikers,38,47,1,89bbc67a,60471339,ca5acfa4,1,0,1,0,
Adelaide Strikers,39,47,2,ca5acfa4,60471339,89bbc67a,0,0,0,1,caught
Adelaide Strikers,40,48,2,89bbc67a,60471339,de69af96,1,0,1,0,
Adelaide Strikers,41,50,2,de69af96,60471339,89bbc67a,2,0,2,0,
Adelaide Strikers,42,51,2,de69af96,60471339,89bbc67a,1,0,1,0,
Adelaide Strikers,43,51,2,89bbc67a,60471339,de69af96,0,0,0,0,
Adelaide Strikers,44,51,2,de69af96,ac56b5a7,89bbc67a,0,0,0,0,
Adelaide Strikers,45,52,2,de69af96,ac56b5a7,89bbc67a,1,0,1,0,
Adelaide Strikers,46,53,2,89bbc67a,ac56b5a7,de69af96,1,0,1,0,
Adelaide Strikers,47,54,2,de69af96,ac56b5a7,89bbc67a,1,0,1,0,
Adelaide Strikers,48,55,2,89bbc67a,ac56b5a7,de69af96,0,1,1,0,
Adelaide Strikers,49,59,2,89bbc67a,ac56b5a7,de69af96,4,0,4,0,
Adelaide Strikers,50,60,2,89bbc67a,ac56b5a7,de69af96,1,0,1,0,
Adelaide Strikers,51,61,2,89bbc67a,0f00b4d7,de69af96,0,1,1,0,
Adelaide Strikers,52,62,2,de69af96,0f00b4d7,89bbc67a,1,0,1,0,
Adelaide Strikers,53,63,2,89bbc67a,0f00b4d7,de69af96,0,1,1,0,
Adelaide Strikers,54,67,2,89bbc67a,0f00b4d7,de69af96,4,0,4,0,
Adelaide Strikers,55,68,2,89bbc67a,0f00b4d7,de69af96,0,1,1,0,
Adelaide Strikers,56,72,2,de69af96,0f00b4d7,89bbc67a,4,0,4,0,
Adelaide Strikers,57,73,2,de69af96,0f00b4d7,89bbc67a,0,1,1,0,
Adelaide Strikers,58,74,2,de69af96,0f00b4d7,89bbc67a,0,1,1,0,
Adelaide Strikers,59,75,2,de69af96,0f00b4d7,89bbc67a,1,0,1,0,
Adelaide Strikers,60,75,2,de69af96,f0b4e47d,89bbc67a,0,0,0,0,
Adelaide Strikers,61,76,2,de69af96,f0b4e47d,89bbc67a,1,0,1,0,
Adelaide Strikers,62,78,2,89bbc67a,f0b4e47d,de69af96,2,0,2,0,
Adelaide Strikers,63,79,2,89bbc67a,f0b4e47d,de69af96,1,0,1,0,
Adelaide Strikers,64,79,3,de69af96,f0b4e47d,89bbc67a,0,0,0,1,stumped
Adelaide Strikers,65,80,3,7dfbcfff,f0b4e47d,89bbc67a,1,0,1,0,
Adelaide Strikers,66,80,3,7dfbcfff,78bec461,89bbc67a,0,0,0,0,
Adelaide Strikers,67,81,3,7dfbcfff,78bec461,89bbc67a,1,0,1,0,
Adelaide Strikers,68,82,3,89bbc67a,78bec461,7dfbcfff,1,0,1,0,
Adelaide Strikers,69,82,3,7dfbcfff,78bec461,89bbc67a,0,0,0,0,
Adelaide Strikers,70,82,3,7dfbcfff,78bec461,89bbc67a,0,0,0,0,
Adelaide Strikers,71,83,3,7dfbcfff,78bec461,89bbc67a,1,0,1,0,
Adelaide Strikers,72,83,3,7dfbcfff,f0b4e47d,89bbc67a,0,0,0,0,
Adelaide Strikers,73,85,3,7dfbcfff,f0b4e47d,89bbc67a,2,0,2,0,
Adelaide Strikers,74,85,3,7dfbcfff,f0b4e47d,89bbc67a,0,0,0,0,
Adelaide Strikers,75,86,3,7dfbcfff,f0b4e47d,89bbc67a,1,0,1,0,
Adelaide Strikers,76,87,3,89bbc67a,f0b4e47d,7dfbcfff,1,0,1,0,
Adelaide Strikers,77,89,3,7dfbcfff,f0b4e47d,89bbc67a,2,0,2,0,
Adelaide Strikers,78,90,3,89bbc67a,78bec461,7dfbcfff,1,0,1,0,
Adelaide Strikers,79,91,3,7dfbcfff,78bec461,89bbc67a,1,0,1,0,
Adelaide Strikers,80,92,3,89bbc67a,78bec461,7dfbcfff,1,0,1,0,
Adelaide Strikers,81,92,3,7dfbcfff,78bec461,89bbc67a,0,0,0,0,
Adelaide Strikers,82,92,4,7dfbcfff,78bec461,89bbc67a,0,0,0,1,caught
Adelaide Strikers,83,93,4,89bbc67a,78bec461,2ef9bdcb,1,0,1,0,
Adelaide Strikers,84,95,4,89bbc67a,72b7ed1e,2ef9bdcb,2,0,2,0,
Adelaide Strikers,85,96,4,89bbc67a,72b7ed1e,2ef9bdcb,1,0,1,0,
Adelaide Strikers,86,97,4,2ef9bdcb,72b7ed1e,89bbc67a,1,0,1,0,
Adelaide Strikers,87,98,4,89bbc67a,72b7ed1e,2ef9bdcb,1,0,1,0,
Adelaide Strikers,88,99,4,2ef9bdcb,72b7ed1e,89bbc67a,1,0,1,0,
Adelaide Strikers,89,103,4,89bbc67a,72b7ed1e,2ef9bdcb,4,0,4,0,
Adelaide Strikers,90,103,4,2ef9bdcb,f0b4e47d,89bbc67a,0,0,0,0,
Adelaide Strikers,91,104,4,2ef9bdcb,f0b4e47d,89bbc67a,1,0,1,0,
Adelaide Strikers,92,108,4,89bbc67a,f0b4e47d,2ef9bdcb,4,0,4,0,
Adelaide Strikers,93,112,4,89bbc67a,f0b4e47d,2ef9bdcb,4,0,4,0,
Adelaide Strikers,94,116,4,89bbc67a,f0b4e47d,2ef9bdcb,4,0,4,0,
Adelaide Strikers,95,116,5,89bbc67a,f0b4e47d,2ef9bdcb,0,0,0,1,bowled
Adelaide Strikers,96,117,5,2ef9bdcb,72b7ed1e,9b3bcca4,1,0,1,0,
Adelaide Strikers,97,117,5,9b3bcca4,72b7ed1e,2ef9bdcb,0,0,0,0,
Adelaide Strikers,98,119,5,9b3bcca4,72b7ed1e,2ef9bdcb,2,0,2,0,
Adelaide Strikers,99,119,6,9b3bcca4,72b7ed1e,2ef9bdcb,0,0,0,1,caught
Adelaide Strikers,100,120,6,2ef9bdcb,72b7ed1e,595e1ee7,1,0,1,0,
Adelaide Strikers,101,121,6,595e1ee7,72b7ed1e,2ef9bdcb,1,0,1,0,
Adelaide Strikers,102,122,6,595e1ee7,60471339,2ef9bdcb,1,0,1,0,
Adelaide Strikers,103,122,6,2ef9bdcb,60471339,595e1ee7,0,0,0,0,
Adelaide Strikers,104,123,6,2ef9bdcb,60471339,595e1ee7,1,0,1,0,
Adelaide Strikers,105,123,6,595e1ee7,60471339,2ef9bdcb,0,0,0,0,
Adelaide Strikers,106,123,6,595e1ee7,60471339,2ef9bdcb,0,0,0,0,
Adelaide Strikers,107,124,6,595e1ee7,60471339,2ef9bdcb,1,0,1,0,
Adelaide Strikers,108,126,6,595e1ee7,f57d5dbb,2ef9bdcb,2,0,2,0,
Adelaide Strikers,109,126,7,595e1ee7,f57d5dbb,2ef9bdcb,0,0,0,1,caught
Adelaide Strikers,110,126,7,2ef9bdcb,f57d5dbb,17608a6f,0,0,0,0,
Adelaide Strikers,111,127,7,2ef9bdcb,f57d5dbb,17608a6f,1,0,1,0,
Adelaide Strikers,112,129,7,17608a6f,f57d5dbb,2ef9bdcb,2,0,2,0,
Adelaide Strikers,113,130,7,17608a6f,f57d5dbb,2ef9bdcb,1,0,1,0,
Adelaide Strikers,114,131,7,17608a6f,72b7ed1e,2ef9bdcb,0,1,1,0,
Adelaide Strikers,115,135,7,17608a6f,72b7ed1e,2ef9bdcb,4,0,4,0,
Adelaide Strikers,116,135,8,17608a6f,72b7ed1e,2ef9bdcb,0,0,0,1,caught
Adelaide Strikers,117,139,8,2ef9bdcb,72b7ed1e,99e26cea,4,0,4,0,
Adelaide Strikers,118,140,8,2ef9bdcb,72b7ed1e,99e26cea,1,0,1,0,
Adelaide Strikers,119,140,8,99e26cea,72b7ed1e,2ef9bdcb,0,0,0,0,
Adelaide Strikers,120,142,8,99e26cea,72b7ed1e,2ef9bdcb,2,0,2,0,
Adelaide Strikers,121,144,8,2ef9bdcb,f57d5dbb,99e26cea,2,0,2,0,
Adelaide Strikers,122,145,9,2ef9bdcb,f57d5dbb,99e26cea,1,0,1,1,run out
Adelaide Strikers,123,146,9,c4fd751d,f57d5dbb,2ef9bdcb,1,0,1,0,
Adelaide Strikers,124,147,9,2ef9bdcb,f57d5dbb,c4fd751d,1,0,1,0,
Adelaide Strikers,125,149,9,c4fd751d,f57d5dbb,2ef9bdcb,2,0,2,0,
Adelaide Strikers,126,151,9,c4fd751d,f57d5dbb,2ef9bdcb,2,0,2,0,
