batting_team,ball_number,total_team_runs,total_team_wickets,striker_ID,bowler_ID,nonstriker_ID,batter_runs,extras_runs,total_delivery_runs,wicket,wicket_type
Gloucestershire,1,0,1,b970a03f,aa8d28ae,1b6fef02,0,0,0,1,caught
Gloucestershire,2,0,1,542fd5a6,aa8d28ae,1b6fef02,0,0,0,0,
Gloucestershire,3,0,1,542fd5a6,aa8d28ae,1b6fef02,0,0,0,0,
Gloucestershire,4,0,1,542fd5a6,aa8d28ae,1b6fef02,0,0,0,0,
Gloucestershire,5,0,1,542fd5a6,aa8d28ae,1b6fef02,0,0,0,0,
Gloucestershire,6,1,1,542fd5a6,aa8d28ae,1b6fef02,0,1,1,0,
Gloucestershire,7,2,2,542fd5a6,aa8d28ae,1b6fef02,1,0,1,1,run out
Gloucestershire,8,2,2,1b6fef02,5574750c,399b0b94,0,0,0,0,
Gloucestershire,9,6,2,1b6fef02,5574750c,399b0b94,4,0,4,0,
Gloucestershire,10,6,2,1b6fef02,5574750c,399b0b94,0,0,0,0,
Gloucestershire,11,10,2,1b6fef02,5574750c,399b0b94,4,0,4,0,
Gloucestershire,12,10,2,1b6fef02,5574750c,399b0b94,0,0,0,0,
Gloucestershire,13,14,2,1b6fef02,5574750c,399b0b94,4,0,4,0,
Gloucestershire,14,14,2,399b0b94,aa8d28ae,1b6fef02,0,0,0,0,
Gloucestershire,15,16,2,399b0b94,aa8d28ae,1b6fef02,2,0,2,0,
Gloucestershire,16,18,2,399b0b94,aa8d28ae,1b6fef02,2,0,2,0,
Gloucestershire,17,19,2,399b0b94,aa8d28ae,1b6fef02,1,0,1,0,
Gloucestershire,18,19,2,1b6fef02,aa8d28ae,399b0b94,0,0,0,0,
Gloucestershire,19,19,2,1b6fef02,aa8d28ae,399b0b94,0,0,0,0,
Gloucestershire,20,20,2,399b0b94,5574750c,1b6fef02,1,0,1,0,
Gloucestershire,21,20,2,1b6fef02,5574750c,399b0b94,0,0,0,0,
Gloucestershire,22,20,2,1b6fef02,5574750c,399b0b94,0,0,0,0,
Gloucestershire,23,21,2,1b6fef02,5574750c,399b0b94,1,0,1,0,
Gloucestershire,24,22,2,399b0b94,5574750c,1b6fef02,0,1,1,0,
Gloucestershire,25,22,2,1b6fef02,5574750c,399b0b94,0,0,0,0,
Gloucestershire,26,28,2,399b0b94,aa8d28ae,1b6fef02,6,0,6,0,
Gloucestershire,27,32,2,399b0b94,aa8d28ae,1b6fef02,4,0,4,0,
Gloucestershire,28,33,2,399b0b94,aa8d28ae,1b6fef02,1,0,1,0,
Gloucestershire,29,35,2,1b6fef02,aa8d28ae,399b0b94,0,2,2,0,
Gloucestershire,30,36,2,1b6fef02,aa8d28ae,399b0b94,1,0,1,0,
Gloucestershire,31,37,2,399b0b94,aa8d28ae,1b6fef02,1,0,1,0,
Gloucestershire,32,37,2,1b6fef02,aa8d28ae,399b0b94,0,0,0,0,
Gloucestershire,33,38,2,399b0b94,5574750c,1b6fef02,1,0,1,0,
Gloucestershire,34,38,2,1b6fef02,5574750c,399b0b94,0,0,0,0,
Gloucestershire,35,44,2,1b6fef02,5574750c,399b0b94,6,0,6,0,
Gloucestershire,36,44,2,1b6fef02,5574750c,399b0b94,0,0,0,0,
Gloucestershire,37,46,2,1b6fef02,5574750c,399b0b94,2,0,2,0,
Gloucestershire,38,50,2,1b6fef02,5574750c,399b0b94,4,0,4,0,
Gloucestershire,39,51,2,399b0b94,f3abd0c9,1b6fef02,1,0,1,0,
Gloucestershire,40,55,2,1b6fef02,f3abd0c9,399b0b94,4,0,4,0,
Gloucestershire,41,56,2,1b6fef02,f3abd0c9,399b0b94,0,1,1,0,
Gloucestershire,42,57,2,399b0b94,f3abd0c9,1b6fef02,1,0,1,0,
Gloucestershire,43,57,2,1b6fef02,f3abd0c9,399b0b94,0,0,0,0,
Gloucestershire,44,61,2,1b6fef02,f3abd0c9,399b0b94,4,0,4,0,
Gloucestershire,45,62,2,399b0b94,ffe699c0,1b6fef02,1,0,1,0,
Gloucestershire,46,63,2,1b6fef02,ffe699c0,399b0b94,1,0,1,0,
Gloucestershire,47,64,2,399b0b94,ffe699c0,1b6fef02,1,0,1,0,
Gloucestershire,48,65,2,1b6fef02,ffe699c0,399b0b94,1,0,1,0,
Gloucestershire,49,66,2,399b0b94,ffe699c0,1b6fef02,1,0,1,0,
Gloucestershire,50,66,2,1b6fef02,ffe699c0,399b0b94,0,0,0,0,
Gloucestershire,51,67,2,399b0b94,be869ccf,1b6fef02,1,0,1,0,
Gloucestershire,52,67,2,1b6fef02,be869ccf,399b0b94,0,0,0,0,
Gloucestershire,53,68,2,1b6fef02,be869ccf,399b0b94,1,0,1,0,
Gloucestershire,54,71,2,399b0b94,be869ccf,1b6fef02,1,2,3,0,
Gloucestershire,55,77,2,1b6fef02,be869ccf,399b0b94,6,0,6,0,
Gloucestershire,56,79,2,1b6fef02,be869ccf,399b0b94,0,2,2,0,
Gloucestershire,57,79,3,1b6fef02,be869ccf,399b0b94,0,0,0,1,caught
Gloucestershire,58,79,3,0bec3a6c,be869ccf,399b0b94,0,0,0,0,
Gloucestershire,59,80,3,399b0b94,f3abd0c9,0bec3a6c,1,0,1,0,
Gloucestershire,60,81,3,0bec3a6c,f3abd0c9,399b0b94,1,0,1,0,
Gloucestershire,61,85,3,399b0b94,f3abd0c9,0bec3a6c,4,0,4,0,
Gloucestershire,62,86,3,399b0b94,f3abd0c9,0bec3a6c,1,0,1,0,
Gloucestershire,63,87,3,0bec3a6c,f3abd0c9,399b0b94,1,0,1,0,
Gloucestershire,64,88,3,399b0b94,f3abd0c9,0bec3a6c,1,0,1,0,
Gloucestershire,65,92,3,399b0b94,be869ccf,0bec3a6c,4,0,4,0,
Gloucestershire,66,92,4,399b0b94,be869ccf,0bec3a6c,0,0,0,1,bowled
Gloucestershire,67,94,4,1ad0b441,be869ccf,0bec3a6c,0,2,2,0,
Gloucestershire,68,95,4,1ad0b441,be869ccf,0bec3a6c,1,0,1,0,
Gloucestershire,69,96,4,0bec3a6c,be869ccf,1ad0b441,1,0,1,0,
Gloucestershire,70,96,4,1ad0b441,be869ccf,0bec3a6c,0,0,0,0,
Gloucestershire,71,97,4,1ad0b441,be869ccf,0bec3a6c,1,0,1,0,
Gloucestershire,72,97,4,1ad0b441,ffe699c0,0bec3a6c,0,0,0,0,
Gloucestershire,73,98,4,1ad0b441,ffe699c0,0bec3a6c,1,0,1,0,
Gloucestershire,74,99,4,0bec3a6c,ffe699c0,1ad0b441,1,0,1,0,
Gloucestershire,75,100,4,1ad0b441,ffe699c0,0bec3a6c,1,0,1,0,
Gloucestershire,76,104,4,0bec3a6c,ffe699c0,1ad0b441,4,0,4,0,
Gloucestershire,77,105,4,0bec3a6c,ffe699c0,1ad0b441,1,0,1,0,
Gloucestershire,78,109,4,0bec3a6c,be869ccf,1ad0b441,4,0,4,0,
Gloucestershire,79,110,4,0bec3a6c,be869ccf,1ad0b441,1,0,1,0,
Gloucestershire,80,110,5,1ad0b441,be869ccf,0bec3a6c,0,0,0,1,caught
Gloucestershire,81,111,5,aed5be04,be869ccf,0bec3a6c,1,0,1,0,
Gloucestershire,82,115,5,0bec3a6c,be869ccf,aed5be04,4,0,4,0,
Gloucestershire,83,116,5,0bec3a6c,be869ccf,aed5be04,1,0,1,0,
Gloucestershire,84,117,5,0bec3a6c,f3abd0c9,aed5be04,1,0,1,0,
Gloucestershire,85,118,5,aed5be04,f3abd0c9,0bec3a6c,1,0,1,0,
Gloucestershire,86,118,6,0bec3a6c,f3abd0c9,aed5be04,0,0,0,1,caught
Gloucestershire,87,119,6,aed5be04,f3abd0c9,0a12e736,1,0,1,0,
Gloucestershire,88,120,6,0a12e736,f3abd0c9,aed5be04,1,0,1,0,
Gloucestershire,89,120,6,aed5be04,f3abd0c9,0a12e736,0,0,0,0,
Gloucestershire,90,121,6,0a12e736,be869ccf,aed5be04,1,0,1,0,
Gloucestershire,91,121,6,aed5be04,be869ccf,0a12e736,0,0,0,0,
Gloucestershire,92,122,6,aed5be04,be869ccf,0a12e736,1,0,1,0,
Gloucestershire,93,122,6,0a12e736,be869ccf,aed5be04,0,0,0,0,
Gloucestershire,94,122,6,0a12e736,be869ccf,aed5be04,0,0,0,0,
Gloucestershire,95,122,6,0a12e736,be869ccf,aed5be04,0,0,0,0,
Gloucestershire,96,124,6,aed5be04,f3abd0c9,0a12e736,2,0,2,0,
Gloucestershire,97,125,6,aed5be04,f3abd0c9,0a12e736,1,0,1,0,
Gloucestershire,98,125,6,0a12e736,f3abd0c9,aed5be04,0,0,0,0,
Gloucestershire,99,125,7,0a12e736,f3abd0c9,aed5be04,0,0,0,1,caught
Gloucestershire,100,125,7,01a95383,f3abd0c9,aed5be04,0,0,0,0,
Gloucestershire,101,125,7,01a95383,f3abd0c9,aed5be04,0,0,0,0,
Gloucestershire,102,125,7,aed5be04,ffe699c0,01a95383,0,0,0,0,
Gloucestershire,103,126,7,aed5be04,ffe699c0,01a95383,1,0,1,0,
Gloucestershire,104,126,7,01a95383,ffe699c0,aed5be04,0,0,0,0,
Gloucestershire,105,127,7,01a95383,ffe699c0,aed5be04,1,0,1,0,
Gloucestershire,106,127,8,aed5be04,ffe699c0,01a95383,0,0,0,1,caught
Gloucestershire,107,127,8,6c79c098,ffe699c0,01a95383,0,0,0,0,
Gloucestershire,108,131,8,01a95383,5574750c,6c79c098,4,0,4,0,
Gloucestershire,109,132,8,01a95383,5574750c,6c79c098,1,0,1,0,
Gloucestershire,110,133,8,6c79c098,5574750c,01a95383,0,1,1,0,
Gloucestershire,111,133,8,6c79c098,5574750c,01a95383,0,0,0,0,
Gloucestershire,112,134,8,6c79c098,5574750c,01a95383,1,0,1,0,
Gloucestershire,113,136,8,01a95383,5574750c,6c79c098,2,0,2,0,
Gloucestershire,114,136,8,01a95383,5574750c,6c79c098,0,0,0,0,
Gloucestershire,115,137,8,6c79c098,ffe699c0,01a95383,1,0,1,0,
Gloucestershire,116,138,8,01a95383,ffe699c0,6c79c098,1,0,1,0,
Gloucestershire,117,138,9,6c79c098,ffe699c0,01a95383,0,0,0,1,bowled
Gloucestershire,118,138,9,5b3acc53,ffe699c0,01a95383,0,0,0,0,
Gloucestershire,119,138,10,5b3acc53,ffe699c0,01a95383,0,0,0,1,bowled
Sussex,1,1,0,6f049d41,6c79c098,cca50cd6,1,0,1,0,
Sussex,2,5,0,cca50cd6,6c79c098,6f049d41,4,0,4,0,
Sussex,3,5,0,cca50cd6,6c79c098,6f049d41,0,0,0,0,
Sussex,4,5,0,cca50cd6,6c79c098,6f049d41,0,0,0,0,
Sussex,5,5,0,cca50cd6,6c79c098,6f049d41,0,0,0,0,
Sussex,6,7,0,cca50cd6,6c79c098,6f049d41,0,2,2,0,
Sussex,7,7,0,cca50cd6,6c79c098,6f049d41,0,0,0,0,
Sussex,8,8,0,6f049d41,01a95383,cca50cd6,1,0,1,0,
Sussex,9,12,0,cca50cd6,01a95383,6f049d41,4,0,4,0,
Sussex,10,13,0,cca50cd6,01a95383,6f049d41,1,0,1,0,
Sussex,11,17,0,6f049d41,01a95383,cca50cd6,4,0,4,0,
Sussex,12,21,0,6f049d41,01a95383,cca50cd6,4,0,4,0,
Sussex,13,21,0,6f049d41,01a95383,cca50cd6,0,0,0,0,
Sussex,14,21,0,cca50cd6,6c79c098,6f049d41,0,0,0,0,
Sussex,15,21,0,cca50cd6,6c79c098,6f049d41,0,0,0,0,
Sussex,16,25,0,cca50cd6,6c79c098,6f049d41,4,0,4,0,
Sussex,17,26,0,cca50cd6,6c79c098,6f049d41,1,0,1,0,
Sussex,18,30,0,6f049d41,6c79c098,cca50cd6,4,0,4,0,
Sussex,19,31,0,6f049d41,6c79c098,cca50cd6,1,0,1,0,
Sussex,20,31,0,6f049d41,5b3acc53,cca50cd6,0,0,0,0,
Sussex,21,31,0,6f049d41,5b3acc53,cca50cd6,0,0,0,0,
Sussex,22,32,0,6f049d41,5b3acc53,cca50cd6,1,0,1,0,
Sussex,23,32,0,cca50cd6,5b3acc53,6f049d41,0,0,0,0,
Sussex,24,32,0,cca50cd6,5b3acc53,6f049d41,0,0,0,0,
Sussex,25,36,0,cca50cd6,5b3acc53,6f049d41,4,0,4,0,
Sussex,26,42,0,6f049d41,01a95383,cca50cd6,6,0,6,0,
Sussex,27,42,0,6f049d41,01a95383,cca50cd6,0,0,0,0,
Sussex,28,42,1,6f049d41,01a95383,cca50cd6,0,0,0,1,caught
Sussex,29,46,1,cca50cd6,01a95383,f4dfcbb4,4,0,4,0,
Sussex,30,46,1,cca50cd6,01a95383,f4dfcbb4,0,0,0,0,
Sussex,31,46,1,cca50cd6,01a95383,f4dfcbb4,0,0,0,0,
Sussex,32,48,1,f4dfcbb4,5b3acc53,cca50cd6,2,0,2,0,
Sussex,33,49,1,f4dfcbb4,5b3acc53,cca50cd6,1,0,1,0,
Sussex,34,49,2,cca50cd6,5b3acc53,f4dfcbb4,0,0,0,1,caught
Sussex,35,51,2,f4dfcbb4,5b3acc53,8af86756,2,0,2,0,
Sussex,36,51,2,f4dfcbb4,5b3acc53,8af86756,0,0,0,0,
Sussex,37,51,3,f4dfcbb4,5b3acc53,8af86756,0,0,0,1,caught
Sussex,38,52,3,8af86756,0bec3a6c,b61a3e1a,1,0,1,0,
Sussex,39,52,3,b61a3e1a,0bec3a6c,8af86756,0,0,0,0,
Sussex,40,52,3,b61a3e1a,0bec3a6c,8af86756,0,0,0,0,
Sussex,41,52,3,b61a3e1a,0bec3a6c,8af86756,0,0,0,0,
Sussex,42,53,3,b61a3e1a,0bec3a6c,8af86756,1,0,1,0,
Sussex,43,54,3,8af86756,0bec3a6c,b61a3e1a,1,0,1,0,
Sussex,44,54,3,8af86756,01a95383,b61a3e1a,0,0,0,0,
Sussex,45,54,3,8af86756,01a95383,b61a3e1a,0,0,0,0,
Sussex,46,55,3,8af86756,01a95383,b61a3e1a,1,0,1,0,
Sussex,47,56,3,b61a3e1a,01a95383,8af86756,1,0,1,0,
Sussex,48,56,3,8af86756,01a95383,b61a3e1a,0,0,0,0,
Sussex,49,57,3,8af86756,01a95383,b61a3e1a,1,0,1,0,
Sussex,50,58,3,8af86756,0bec3a6c,b61a3e1a,1,0,1,0,
Sussex,51,58,4,b61a3e1a,0bec3a6c,8af86756,0,0,0,1,lbw
Sussex,52,58,4,1c513d54,0bec3a6c,8af86756,0,0,0,0,
Sussex,53,59,4,1c513d54,0bec3a6c,8af86756,1,0,1,0,
Sussex,54,59,4,8af86756,0bec3a6c,1c513d54,0,0,0,0,
Sussex,55,60,4,8af86756,0bec3a6c,1c513d54,1,0,1,0,
Sussex,56,61,4,8af86756,0a12e736,1c513d54,1,0,1,0,
Sussex,57,61,4,1c513d54,0a12e736,8af86756,0,0,0,0,
Sussex,58,62,4,1c513d54,0a12e736,8af86756,1,0,1,0,
Sussex,59,66,4,8af86756,0a12e736,1c513d54,4,0,4,0,
Sussex,60,67,4,8af86756,0a12e736,1c513d54,1,0,1,0,
Sussex,61,68,4,1c513d54,0a12e736,8af86756,1,0,1,0,
Sussex,62,69,4,1c513d54,0bec3a6c,8af86756,1,0,1,0,
Sussex,63,70,4,8af86756,0bec3a6c,1c513d54,1,0,1,0,
Sussex,64,70,4,1c513d54,0bec3a6c,8af86756,0,0,0,0,
Sussex,65,71,4,1c513d54,0bec3a6c,8af86756,1,0,1,0,
Sussex,66,72,4,8af86756,0bec3a6c,1c513d54,1,0,1,0,
Sussex,67,76,4,1c513d54,0bec3a6c,8af86756,4,0,4,0,
Sussex,68,77,4,8af86756,0a12e736,1c513d54,1,0,1,0,
Sussex,69,78,4,1c513d54,0a12e736,8af86756,1,0,1,0,
Sussex,70,79,4,8af86756,0a12e736,1c513d54,1,0,1,0,
Sussex,71,80,4,1c513d54,0a12e736,8af86756,1,0,1,0,
Sussex,72,81,4,8af86756,0a12e736,1c513d54,1,0,1,0,
Sussex,73,82,4,1c513d54,0a12e736,8af86756,1,0,1,0,
Sussex,74,83,4,1c513d54,6c79c098,8af86756,1,0,1,0,
Sussex,75,83,5,8af86756,6c79c098,1c513d54,0,0,0,1,caught and bowled
Sussex,76,84,5,aa8d28ae,6c79c098,1c513d54,1,0,1,0,
Sussex,77,90,5,1c513d54,6c79c098,aa8d28ae,6,0,6,0,
Sussex,78,91,5,1c513d54,6c79c098,aa8d28ae,1,0,1,0,
Sussex,79,91,5,aa8d28ae,6c79c098,1c513d54,0,0,0,0,
Sussex,80,92,5,1c513d54,0a12e736,aa8d28ae,1,0,1,0,
Sussex,81,92,5,aa8d28ae,0a12e736,1c513d54,0,0,0,0,
Sussex,82,94,5,aa8d28ae,0a12e736,1c513d54,2,0,2,0,
Sussex,83,95,5,aa8d28ae,0a12e736,1c513d54,0,1,1,0,
Sussex,84,96,5,1c513d54,0a12e736,aa8d28ae,1,0,1,0,
Sussex,85,97,5,aa8d28ae,0a12e736,1c513d54,1,0,1,0,
Sussex,86,98,5,aa8d28ae,0bec3a6c,1c513d54,1,0,1,0,
Sussex,87,99,5,1c513d54,0bec3a6c,aa8d28ae,1,0,1,0,
Sussex,88,100,5,aa8d28ae,0bec3a6c,1c513d54,1,0,1,0,
Sussex,89,100,5,1c513d54,0bec3a6c,aa8d28ae,0,0,0,0,
Sussex,90,101,5,1c513d54,0bec3a6c,aa8d28ae,1,0,1,0,
Sussex,91,101,5,aa8d28ae,0bec3a6c,1c513d54,0,0,0,0,
Sussex,92,102,5,1c513d54,0a12e736,aa8d28ae,1,0,1,0,
Sussex,93,108,5,aa8d28ae,0a12e736,1c513d54,6,0,6,0,
Sussex,94,108,5,aa8d28ae,0a12e736,1c513d54,0,0,0,0,
Sussex,95,108,5,aa8d28ae,0a12e736,1c513d54,0,0,0,0,
Sussex,96,109,5,aa8d28ae,0a12e736,1c513d54,1,0,1,0,
Sussex,97,110,5,1c513d54,0a12e736,aa8d28ae,1,0,1,0,
Sussex,98,110,5,1c513d54,6c79c098,aa8d28ae,0,0,0,0,
Sussex,99,113,5,1c513d54,6c79c098,aa8d28ae,3,0,3,0,
Sussex,100,119,5,aa8d28ae,6c79c098,1c513d54,6,0,6,0,
Sussex,101,120,5,aa8d28ae,6c79c098,1c513d54,0,1,1,0,
Sussex,102,121,5,1c513d54,6c79c098,aa8d28ae,1,0,1,0,
Sussex,103,122,5,aa8d28ae,6c79c098,1c513d54,1,0,1,0,
Sussex,104,124,5,aa8d28ae,5b3acc53,1c513d54,0,2,2,0,
Sussex,105,130,5,1c513d54,5b3acc53,aa8d28ae,6,0,6,0,
Sussex,106,132,5,1c513d54,5b3acc53,aa8d28ae,2,0,2,0,
Sussex,107,138,5,1c513d54,5b3acc53,aa8d28ae,6,0,6,0,
Sussex,108,139,5,1c513d54,5b3acc53,aa8d28ae,1,0,1,0,
