batting_team,ball_number,total_team_runs,total_team_wickets,striker_ID,bowler_ID,nonstriker_ID,batter_runs,extras_runs,total_delivery_runs,wicket,wicket_type
Rangpur Riders,1,0,0,c27518d2,7d92277a,db584dad,0,0,0,0,
Rangpur Riders,2,2,0,c27518d2,7d92277a,db584dad,2,0,2,0,
Rangpur Riders,3,3,0,c27518d2,7d92277a,db584dad,0,1,1,0,
Rangpur Riders,4,3,0,c27518d2,7d92277a,db584dad,0,0,0,0,
Rangpur Riders,5,3,0,c27518d2,7d92277a,db584dad,0,0,0,0,
Rangpur Riders,6,3,0,c27518d2,7d92277a,db584dad,0,0,0,0,
Rangpur Riders,7,3,0,c27518d2,7d92277a,db584dad,0,0,0,0,
Rangpur Riders,8,3,1,db584dad,9dad0f2e,c27518d2,0,0,0,1,bowled
Rangpur Riders,9,4,1,b8a55852,9dad0f2e,c27518d2,1,0,1,0,
Rangpur Riders,10,8,1,c27518d2,9dad0f2e,b8a55852,4,0,4,0,
Rangpur Riders,11,8,1,c27518d2,9dad0f2e,b8a55852,0,0,0,0,
Rangpur Riders,12,8,2,c27518d2,9dad0f2e,b8a55852,0,0,0,1,bowled
Rangpur Riders,13,8,2,77191792,9dad0f2e,b8a55852,0,0,0,0,
Rangpur Riders,14,8,2,b8a55852,7d92277a,77191792,0,0,0,0,
Rangpur Riders,15,9,2,b8a55852,7d92277a,77191792,1,0,1,0,
Rangpur Riders,16,10,2,77191792,7d92277a,b8a55852,1,0,1,0,
Rangpur Riders,17,10,2,b8a55852,7d92277a,77191792,0,0,0,0,
Rangpur Riders,18,11,2,b8a55852,7d92277a,77191792,1,0,1,0,
Rangpur Riders,19,11,2,77191792,7d92277a,b8a55852,0,0,0,0,
Rangpur Riders,20,11,2,b8a55852,9dad0f2e,77191792,0,0,0,0,
Rangpur Riders,21,12,2,b8a55852,9dad0f2e,77191792,1,0,1,0,
Rangpur Riders,22,16,2,77191792,9dad0f2e,b8a55852,4,0,4,0,
Rangpur Riders,23,20,2,77191792,9dad0f2e,b8a55852,4,0,4,0,
Rangpur Riders,24,21,2,77191792,9dad0f2e,b8a55852,1,0,1,0,
Rangpur Riders,25,21,2,b8a55852,9dad0f2e,77191792,0,0,0,0,
Rangpur Riders,26,25,2,77191792,7d92277a,b8a55852,4,0,4,0,
Rangpur Riders,27,25,2,77191792,7d92277a,b8a55852,0,0,0,0,
Rangpur Riders,28,25,2,77191792,7d92277a,b8a55852,0,0,0,0,
Rangpur Riders,29,26,2,77191792,7d92277a,b8a55852,1,0,1,0,
Rangpur Riders,30,26,2,b8a55852,7d92277a,77191792,0,0,0,0,
Rangpur Riders,31,27,2,b8a55852,7d92277a,77191792,1,0,1,0,
Rangpur Riders,32,28,2,b8a55852,2911de16,77191792,0,1,1,0,
Rangpur Riders,33,28,2,77191792,2911de16,b8a55852,0,0,0,0,
Rangpur Riders,34,29,2,77191792,2911de16,b8a55852,1,0,1,0,
Rangpur Riders,35,29,2,b8a55852,2911de16,77191792,0,0,0,0,
Rangpur Riders,36,30,2,b8a55852,2911de16,77191792,0,1,1,0,
Rangpur Riders,37,31,2,b8a55852,2911de16,77191792,1,0,1,0,
Rangpur Riders,38,32,2,77191792,2911de16,b8a55852,1,0,1,0,
Rangpur Riders,39,32,3,77191792,b3a28446,b8a55852,0,0,0,1,caught
Rangpur Riders,40,32,3,7ca5e05d,b3a28446,b8a55852,0,0,0,0,
Rangpur Riders,41,33,3,7ca5e05d,b3a28446,b8a55852,1,0,1,0,
Rangpur Riders,42,33,3,b8a55852,b3a28446,7ca5e05d,0,0,0,0,
Rangpur Riders,43,33,3,b8a55852,b3a28446,7ca5e05d,0,0,0,0,
Rangpur Riders,44,33,3,b8a55852,b3a28446,7ca5e05d,0,0,0,0,
Rangpur Riders,45,33,3,7ca5e05d,3f5f39cd,b8a55852,0,0,0,0,
Rangpur Riders,46,35,3,7ca5e05d,3f5f39cd,b8a55852,1,1,2,0,
Rangpur Riders,47,39,3,b8a55852,3f5f39cd,7ca5e05d,4,0,4,0,
Rangpur Riders,48,43,3,b8a55852,3f5f39cd,7ca5e05d,4,0,4,0,
Rangpur Riders,49,43,3,b8a55852,3f5f39cd,7ca5e05d,0,0,0,0,
Rangpur Riders,50,43,3,b8a55852,3f5f39cd,7ca5e05d,0,0,0,0,
Rangpur Riders,51,44,3,b8a55852,3f5f39cd,7ca5e05d,1,0,1,0,
Rangpur Riders,52,45,3,b8a55852,7d92277a,7ca5e05d,1,0,1,0,
Rangpur Riders,53,46,3,7ca5e05d,7d92277a,b8a55852,1,0,1,0,
Rangpur Riders,54,46,3,b8a55852,7d92277a,7ca5e05d,0,0,0,0,
Rangpur Riders,55,47,3,b8a55852,7d92277a,7ca5e05d,1,0,1,0,
Rangpur Riders,56,48,3,7ca5e05d,7d92277a,b8a55852,1,0,1,0,
Rangpur Riders,57,49,3,b8a55852,7d92277a,7ca5e05d,1,0,1,0,
Rangpur Riders,58,49,3,b8a55852,3f5f39cd,7ca5e05d,0,0,0,0,
Rangpur Riders,59,51,3,b8a55852,3f5f39cd,7ca5e05d,0,2,2,0,
Rangpur Riders,60,57,3,b8a55852,3f5f39cd,7ca5e05d,6,0,6,0,
Rangpur Riders,61,57,4,b8a55852,3f5f39cd,7ca5e05d,0,0,0,1,run out
Rangpur Riders,62,57,4,cfad138c,3f5f39cd,b8a55852,0,0,0,0,
Rangpur Riders,63,58,4,cfad138c,3f5f39cd,b8a55852,1,0,1,0,
Rangpur Riders,64,59,4,cfad138c,9dad0f2e,b8a55852,1,0,1,0,
Rangpur Riders,65,59,5,b8a55852,9dad0f2e,cfad138c,0,0,0,1,bowled
Rangpur Riders,66,59,5,8c7b16c8,9dad0f2e,cfad138c,0,0,0,0,
Rangpur Riders,67,61,5,8c7b16c8,9dad0f2e,cfad138c,2,0,2,0,
Rangpur Riders,68,61,5,8c7b16c8,9dad0f2e,cfad138c,0,0,0,0,
Rangpur Riders,69,61,5,8c7b16c8,9dad0f2e,cfad138c,0,0,0,0,
Rangpur Riders,70,61,6,cfad138c,2911de16,8c7b16c8,0,0,0,1,caught
Rangpur Riders,71,62,6,e186f49c,2911de16,8c7b16c8,1,0,1,0,
Rangpur Riders,72,62,6,8c7b16c8,2911de16,e186f49c,0,0,0,0,
Rangpur Riders,73,63,6,8c7b16c8,2911de16,e186f49c,1,0,1,0,
Rangpur Riders,74,65,6,e186f49c,2911de16,8c7b16c8,2,0,2,0,
Rangpur Riders,75,65,6,e186f49c,2911de16,8c7b16c8,0,0,0,0,
Rangpur Riders,76,66,6,8c7b16c8,9dad0f2e,e186f49c,1,0,1,0,
Rangpur Riders,77,67,6,e186f49c,9dad0f2e,8c7b16c8,1,0,1,0,
Rangpur Riders,78,69,6,8c7b16c8,9dad0f2e,e186f49c,2,0,2,0,
Rangpur Riders,79,69,7,8c7b16c8,9dad0f2e,e186f49c,0,0,0,1,bowled
Rangpur Riders,80,69,7,ac5ae4af,9dad0f2e,e186f49c,0,0,0,0,
Rangpur Riders,81,69,7,ac5ae4af,9dad0f2e,e186f49c,0,0,0,0,
Rangpur Riders,82,69,7,e186f49c,2911de16,ac5ae4af,0,0,0,0,
Rangpur Riders,83,69,7,e186f49c,2911de16,ac5ae4af,0,0,0,0,
Rangpur Riders,84,69,7,e186f49c,2911de16,ac5ae4af,0,0,0,0,
Rangpur Riders,85,69,7,e186f49c,2911de16,ac5ae4af,0,0,0,0,
Rangpur Riders,86,69,7,e186f49c,2911de16,ac5ae4af,0,0,0,0,
Rangpur Riders,87,70,7,e186f49c,2911de16,ac5ae4af,1,0,1,0,
Rangpur Riders,88,74,7,e186f49c,b3a28446,ac5ae4af,4,0,4,0,
Rangpur Riders,89,74,8,e186f49c,b3a28446,ac5ae4af,0,0,0,1,bowled
Rangpur Riders,90,76,8,5a4c12ab,b3a28446,ac5ae4af,2,0,2,0,
Rangpur Riders,91,77,8,5a4c12ab,b3a28446,ac5ae4af,1,0,1,0,
Rangpur Riders,92,81,8,ac5ae4af,b3a28446,5a4c12ab,4,0,4,0,
Rangpur Riders,93,83,8,ac5ae4af,b3a28446,5a4c12ab,2,0,2,0,
Rangpur Riders,94,84,8,5a4c12ab,2911de16,ac5ae4af,0,1,1,0,
Rangpur Riders,95,84,8,5a4c12ab,2911de16,ac5ae4af,0,0,0,0,
Rangpur Riders,96,84,8,5a4c12ab,2911de16,ac5ae4af,0,0,0,0,
Rangpur Riders,97,84,8,5a4c12ab,2911de16,ac5ae4af,0,0,0,0,
Rangpur Riders,98,86,8,5a4c12ab,2911de16,ac5ae4af,2,0,2,0,
Rangpur Riders,99,88,8,5a4c12ab,2911de16,ac5ae4af,2,0,2,0,
Rangpur Riders,100,89,8,5a4c12ab,2911de16,ac5ae4af,1,0,1,0,
Rangpur Riders,101,93,8,5a4c12ab,b3a28446,ac5ae4af,4,0,4,0,
Rangpur Riders,102,93,9,5a4c12ab,b3a28446,ac5ae4af,0,0,0,1,bowled
Rangpur Riders,103,94,9,6575e3bc,b3a28446,ac5ae4af,1,0,1,0,
Rangpur Riders,104,97,9,ac5ae4af,b3a28446,6575e3bc,3,0,3,0,
Rangpur Riders,105,97,9,6575e3bc,b3a28446,ac5ae4af,0,0,0,0,
Rangpur Riders,106,97,9,6575e3bc,b3a28446,ac5ae4af,0,0,0,0,
Rangpur Riders,107,97,10,ac5ae4af,3f5f39cd,6575e3bc,0,0,0,1,bowled
Comilla Victorians,1,4,0,3b041a12,5a4c12ab,0404d43c,0,4,4,0,
Comilla Victorians,2,10,0,3b041a12,5a4c12ab,0404d43c,6,0,6,0,
Comilla Victorians,3,10,0,3b041a12,5a4c12ab,0404d43c,0,0,0,0,
Comilla Victorians,4,10,0,3b041a12,5a4c12ab,0404d43c,0,0,0,0,
Comilla Victorians,5,10,0,3b041a12,5a4c12ab,0404d43c,0,0,0,0,
Comilla Victorians,6,10,0,3b041a12,5a4c12ab,0404d43c,0,0,0,0,
Comilla Victorians,7,11,0,0404d43c,e186f49c,3b041a12,1,0,1,0,
Comilla Victorians,8,11,0,3b041a12,e186f49c,0404d43c,0,0,0,0,
Comilla Victorians,9,11,0,3b041a12,e186f49c,0404d43c,0,0,0,0,
Comilla Victorians,10,11,0,3b041a12,e186f49c,0404d43c,0,0,0,0,
Comilla Victorians,11,15,0,3b041a12,e186f49c,0404d43c,0,4,4,0,
Comilla Victorians,12,19,0,3b041a12,e186f49c,0404d43c,4,0,4,0,
Comilla Victorians,13,19,0,0404d43c,5a4c12ab,3b041a12,0,0,0,0,
Comilla Victorians,14,19,0,0404d43c,5a4c12ab,3b041a12,0,0,0,0,
Comilla Victorians,15,20,0,0404d43c,5a4c12ab,3b041a12,1,0,1,0,
Comilla Victorians,16,20,0,3b041a12,5a4c12ab,0404d43c,0,0,0,0,
Comilla Victorians,17,21,0,3b041a12,5a4c12ab,0404d43c,1,0,1,0,
Comilla Victorians,18,22,0,0404d43c,5a4c12ab,3b041a12,1,0,1,0,
Comilla Victorians,19,22,0,0404d43c,e186f49c,3b041a12,0,0,0,0,
Comilla Victorians,20,22,1,0404d43c,e186f49c,3b041a12,0,0,0,1,caught
Comilla Victorians,21,26,1,3b041a12,e186f49c,5fbe14fc,4,0,4,0,
Comilla Victorians,22,26,1,3b041a12,e186f49c,5fbe14fc,0,0,0,0,
Comilla Victorians,23,27,1,3b041a12,e186f49c,5fbe14fc,1,0,1,0,
Comilla Victorians,24,27,1,5fbe14fc,e186f49c,3b041a12,0,0,0,0,
Comilla Victorians,25,27,1,3b041a12,5a4c12ab,5fbe14fc,0,0,0,0,
Comilla Victorians,26,28,1,3b041a12,5a4c12ab,5fbe14fc,1,0,1,0,
Comilla Victorians,27,28,1,5fbe14fc,5a4c12ab,3b041a12,0,0,0,0,
Comilla Victorians,28,28,1,5fbe14fc,5a4c12ab,3b041a12,0,0,0,0,
Comilla Victorians,29,28,1,5fbe14fc,5a4c12ab,3b041a12,0,0,0,0,
Comilla Victorians,30,29,1,5fbe14fc,5a4c12ab,3b041a12,1,0,1,0,
Comilla Victorians,31,29,1,5fbe14fc,ac5ae4af,3b041a12,0,0,0,0,
Comilla Victorians,32,29,1,5fbe14fc,ac5ae4af,3b041a12,0,0,0,0,
Comilla Victorians,33,29,1,5fbe14fc,ac5ae4af,3b041a12,0,0,0,0,
Comilla Victorians,34,29,1,5fbe14fc,ac5ae4af,3b041a12,0,0,0,0,
Comilla Victorians,35,30,1,5fbe14fc,ac5ae4af,3b041a12,1,0,1,0,
Comilla Victorians,36,31,1,3b041a12,ac5ae4af,5fbe14fc,1,0,1,0,
Comilla Victorians,37,31,1,3b041a12,5a4c12ab,5fbe14fc,0,0,0,0,
Comilla Victorians,38,35,1,3b041a12,5a4c12ab,5fbe14fc,4,0,4,0,
Comilla Victorians,39,35,2,3b041a12,5a4c12ab,5fbe14fc,0,0,0,1,caught
Comilla Victorians,40,35,2,99b75528,5a4c12ab,5fbe14fc,0,0,0,0,
Comilla Victorians,41,35,2,99b75528,5a4c12ab,5fbe14fc,0,0,0,0,
Comilla Victorians,42,35,2,99b75528,5a4c12ab,5fbe14fc,0,0,0,0,
Comilla Victorians,43,39,2,5fbe14fc,7ca5e05d,99b75528,4,0,4,0,
Comilla Victorians,44,40,2,5fbe14fc,7ca5e05d,99b75528,1,0,1,0,
Comilla Victorians,45,40,2,99b75528,7ca5e05d,5fbe14fc,0,0,0,0,
Comilla Victorians,46,41,2,99b75528,7ca5e05d,5fbe14fc,1,0,1,0,
Comilla Victorians,47,42,2,5fbe14fc,7ca5e05d,99b75528,1,0,1,0,
Comilla Victorians,48,46,2,99b75528,7ca5e05d,5fbe14fc,4,0,4,0,
Comilla Victorians,49,47,2,5fbe14fc,6575e3bc,99b75528,1,0,1,0,
Comilla Victorians,50,47,2,99b75528,6575e3bc,5fbe14fc,0,0,0,0,
Comilla Victorians,51,47,2,99b75528,6575e3bc,5fbe14fc,0,0,0,0,
Comilla Victorians,52,47,3,99b75528,6575e3bc,5fbe14fc,0,0,0,1,stumped
Comilla Victorians,53,47,3,64c34cd0,6575e3bc,5fbe14fc,0,0,0,0,
Comilla Victorians,54,49,3,64c34cd0,6575e3bc,5fbe14fc,2,0,2,0,
Comilla Victorians,55,49,3,5fbe14fc,8c7b16c8,64c34cd0,0,0,0,0,
Comilla Victorians,56,49,3,5fbe14fc,8c7b16c8,64c34cd0,0,0,0,0,
Comilla Victorians,57,50,3,5fbe14fc,8c7b16c8,64c34cd0,1,0,1,0,
Comilla Victorians,58,50,3,64c34cd0,8c7b16c8,5fbe14fc,0,0,0,0,
Comilla Victorians,59,51,3,64c34cd0,8c7b16c8,5fbe14fc,1,0,1,0,
Comilla Victorians,60,51,3,5fbe14fc,8c7b16c8,64c34cd0,0,0,0,0,
Comilla Victorians,61,51,3,64c34cd0,6575e3bc,5fbe14fc,0,0,0,0,
Comilla Victorians,62,51,3,64c34cd0,6575e3bc,5fbe14fc,0,0,0,0,
Comilla Victorians,63,55,3,64c34cd0,6575e3bc,5fbe14fc,4,0,4,0,
Comilla Victorians,64,55,3,64c34cd0,6575e3bc,5fbe14fc,0,0,0,0,
Comilla Victorians,65,55,3,64c34cd0,6575e3bc,5fbe14fc,0,0,0,0,
Comilla Victorians,66,55,3,64c34cd0,6575e3bc,5fbe14fc,0,0,0,0,
Comilla Victorians,67,55,3,5fbe14fc,8c7b16c8,64c34cd0,0,0,0,0,
Comilla Victorians,68,55,3,5fbe14fc,8c7b16c8,64c34cd0,0,0,0,0,
Comilla Victorians,69,55,3,5fbe14fc,8c7b16c8,64c34cd0,0,0,0,0,
Comilla Victorians,70,56,3,5fbe14fc,8c7b16c8,64c34cd0,1,0,1,0,
Comilla Victorians,71,57,3,64c34cd0,8c7b16c8,5fbe14fc,1,0,1,0,
Comilla Victorians,72,57,3,5fbe14fc,8c7b16c8,64c34cd0,0,0,0,0,
Comilla Victorians,73,57,3,64c34cd0,6575e3bc,5fbe14fc,0,0,0,0,
Comilla Victorians,74,57,3,64c34cd0,6575e3bc,5fbe14fc,0,0,0,0,
Comilla Victorians,75,57,3,64c34cd0,6575e3bc,5fbe14fc,0,0,0,0,
Comilla Victorians,76,57,3,64c34cd0,6575e3bc,5fbe14fc,0,0,0,0,
Comilla Victorians,77,61,3,64c34cd0,6575e3bc,5fbe14fc,4,0,4,0,
Comilla Victorians,78,67,3,64c34cd0,6575e3bc,5fbe14fc,6,0,6,0,
Comilla Victorians,79,69,3,5fbe14fc,e186f49c,64c34cd0,2,0,2,0,
Comilla Victorians,80,70,3,5fbe14fc,e186f49c,64c34cd0,1,0,1,0,
Comilla Victorians,81,71,3,64c34cd0,e186f49c,5fbe14fc,1,0,1,0,
Comilla Victorians,82,71,4,5fbe14fc,e186f49c,64c34cd0,0,0,0,1,caught
Comilla Victorians,83,72,4,f846de6a,e186f49c,64c34cd0,1,0,1,0,
Comilla Victorians,84,73,4,64c34cd0,e186f49c,f846de6a,1,0,1,0,
Comilla Victorians,85,73,4,64c34cd0,6575e3bc,f846de6a,0,0,0,0,
Comilla Victorians,86,73,4,64c34cd0,6575e3bc,f846de6a,0,0,0,0,
Comilla Victorians,87,73,4,64c34cd0,6575e3bc,f846de6a,0,0,0,0,
Comilla Victorians,88,73,4,64c34cd0,6575e3bc,f846de6a,0,0,0,0,
Comilla Victorians,89,73,5,64c34cd0,6575e3bc,f846de6a,0,0,0,1,bowled
Comilla Victorians,90,73,5,b3a28446,6575e3bc,f846de6a,0,0,0,0,
Comilla Victorians,91,74,5,f846de6a,ac5ae4af,b3a28446,1,0,1,0,
Comilla Victorians,92,75,5,b3a28446,ac5ae4af,f846de6a,1,0,1,0,
Comilla Victorians,93,76,5,f846de6a,ac5ae4af,b3a28446,1,0,1,0,
Comilla Victorians,94,77,5,b3a28446,ac5ae4af,f846de6a,1,0,1,0,
Comilla Victorians,95,78,5,f846de6a,ac5ae4af,b3a28446,1,0,1,0,
Comilla Victorians,96,78,5,b3a28446,ac5ae4af,f846de6a,0,0,0,0,
Comilla Victorians,97,79,5,f846de6a,8c7b16c8,b3a28446,1,0,1,0,
Comilla Victorians,98,80,5,b3a28446,8c7b16c8,f846de6a,1,0,1,0,
Comilla Victorians,99,80,5,f846de6a,8c7b16c8,b3a28446,0,0,0,0,
Comilla Victorians,100,80,5,f846de6a,8c7b16c8,b3a28446,0,0,0,0,
Comilla Victorians,101,80,5,f846de6a,8c7b16c8,b3a28446,0,0,0,0,
Comilla Victorians,102,81,5,f846de6a,8c7b16c8,b3a28446,1,0,1,0,
Comilla Victorians,103,81,5,f846de6a,ac5ae4af,b3a28446,0,0,0,0,
Comilla Victorians,104,85,5,f846de6a,ac5ae4af,b3a28446,4,0,4,0,
Comilla Victorians,105,85,5,f846de6a,ac5ae4af,b3a28446,0,0,0,0,
Comilla Victorians,106,86,5,f846de6a,ac5ae4af,b3a28446,1,0,1,0,
Comilla Victorians,107,86,5,b3a28446,ac5ae4af,f846de6a,0,0,0,0,
Comilla Victorians,108,87,5,b3a28446,ac5ae4af,f846de6a,0,1,1,0,
Comilla Victorians,109,88,5,b3a28446,ac5ae4af,f846de6a,1,0,1,0,
Comilla Victorians,110,89,5,b3a28446,e186f49c,f846de6a,1,0,1,0,
Comilla Victorians,111,89,5,f846de6a,e186f49c,b3a28446,0,0,0,0,
Comilla Victorians,112,90,5,f846de6a,e186f49c,b3a28446,1,0,1,0,
Comilla Victorians,113,90,5,b3a28446,e186f49c,f846de6a,0,0,0,0,
Comilla Victorians,114,90,6,b3a28446,e186f49c,f846de6a,0,0,0,1,caught
Comilla Victorians,115,96,6,2911de16,e186f49c,f846de6a,6,0,6,0,
Comilla Victorians,116,96,6,f846de6a,ac5ae4af,2911de16,0,0,0,0,
Comilla Victorians,117,96,6,f846de6a,ac5ae4af,2911de16,0,0,0,0,
Comilla Victorians,118,100,6,f846de6a,ac5ae4af,2911de16,4,0,4,0,
