batting_team,ball_number,total_team_runs,total_team_wickets,striker_ID,bowler_ID,nonstriker_ID,batter_runs,extras_runs,total_delivery_runs,wicket,wicket_type
Somerset,1,0,0,06c2de82,8db7f47f,8fc65c2b,0,0,0,0,
Somerset,2,4,0,06c2de82,8db7f47f,8fc65c2b,4,0,4,0,
Somerset,3,4,0,06c2de82,8db7f47f,8fc65c2b,0,0,0,0,
Somerset,4,5,0,06c2de82,8db7f47f,8fc65c2b,1,0,1,0,
Somerset,5,9,0,8fc65c2b,8db7f47f,06c2de82,4,0,4,0,
Somerset,6,9,0,8fc65c2b,8db7f47f,06c2de82,0,0,0,0,
Somerset,7,13,0,06c2de82,a9da7784,8fc65c2b,4,0,4,0,
Somerset,8,15,0,06c2de82,a9da7784,8fc65c2b,0,2,2,0,
Somerset,9,19,0,06c2de82,a9da7784,8fc65c2b,4,0,4,0,
Somerset,10,22,0,06c2de82,a9da7784,8fc65c2b,1,2,3,0,
Somerset,11,23,0,8fc65c2b,a9da7784,06c2de82,1,0,1,0,
Somerset,12,27,0,06c2de82,a9da7784,8fc65c2b,4,0,4,0,
Somerset,13,28,0,06c2de82,a9da7784,8fc65c2b,1,0,1,0,
Somerset,14,34,0,8fc65c2b,a9da7784,06c2de82,6,0,6,0,
Somerset,15,38,0,06c2de82,42151725,8fc65c2b,4,0,4,0,
Somerset,16,39,0,06c2de82,42151725,8fc65c2b,1,0,1,0,
Somerset,17,43,0,8fc65c2b,42151725,06c2de82,4,0,4,0,
Somerset,18,47,0,8fc65c2b,42151725,06c2de82,4,0,4,0,
Somerset,19,47,0,8fc65c2b,42151725,06c2de82,0,0,0,0,
Somerset,20,49,0,8fc65c2b,42151725,06c2de82,2,0,2,0,
Somerset,21,51,0,06c2de82,3f61a062,8fc65c2b,2,0,2,0,
Somerset,22,55,0,06c2de82,3f61a062,8fc65c2b,4,0,4,0,
Somerset,23,56,0,06c2de82,3f61a062,8fc65c2b,1,0,1,0,
Somerset,24,57,0,8fc65c2b,3f61a062,06c2de82,1,0,1,0,
Somerset,25,61,0,06c2de82,3f61a062,8fc65c2b,4,0,4,0,
Somerset,26,61,0,06c2de82,3f61a062,8fc65c2b,0,0,0,0,
Somerset,27,61,0,8fc65c2b,0dc00542,06c2de82,0,0,0,0,
Somerset,28,65,0,8fc65c2b,0dc00542,06c2de82,4,0,4,0,
Somerset,29,71,0,8fc65c2b,0dc00542,06c2de82,6,0,6,0,
Somerset,30,71,1,8fc65c2b,0dc00542,06c2de82,0,0,0,1,caught
Somerset,31,71,1,7d5e0b78,0dc00542,06c2de82,0,0,0,0,
Somerset,32,72,1,7d5e0b78,0dc00542,06c2de82,1,0,1,0,
Somerset,33,72,1,7d5e0b78,42151725,06c2de82,0,0,0,0,
Somerset,34,72,1,7d5e0b78,42151725,06c2de82,0,0,0,0,
Somerset,35,74,1,7d5e0b78,42151725,06c2de82,0,2,2,0,
Somerset,36,75,1,7d5e0b78,42151725,06c2de82,1,0,1,0,
Somerset,37,79,1,06c2de82,42151725,7d5e0b78,4,0,4,0,
Somerset,38,83,1,06c2de82,42151725,7d5e0b78,4,0,4,0,
Somerset,39,83,2,06c2de82,42151725,7d5e0b78,0,0,0,1,caught
Somerset,40,87,2,93e06301,0dc00542,7d5e0b78,4,0,4,0,
Somerset,41,88,2,93e06301,0dc00542,7d5e0b78,1,0,1,0,
Somerset,42,89,2,7d5e0b78,0dc00542,93e06301,1,0,1,0,
Somerset,43,90,2,93e06301,0dc00542,7d5e0b78,0,1,1,0,
Somerset,44,91,2,7d5e0b78,0dc00542,93e06301,1,0,1,0,
Somerset,45,92,2,93e06301,0dc00542,7d5e0b78,1,0,1,0,
Somerset,46,93,2,93e06301,a9da7784,7d5e0b78,1,0,1,0,
Somerset,47,94,2,7d5e0b78,a9da7784,93e06301,1,0,1,0,
Somerset,48,95,2,93e06301,a9da7784,7d5e0b78,1,0,1,0,
Somerset,49,95,2,7d5e0b78,a9da7784,93e06301,0,0,0,0,
Somerset,50,99,2,7d5e0b78,a9da7784,93e06301,4,0,4,0,
Somerset,51,99,2,7d5e0b78,a9da7784,93e06301,0,0,0,0,
Somerset,52,103,2,93e06301,3f61a062,7d5e0b78,0,4,4,0,
Somerset,53,103,3,93e06301,3f61a062,7d5e0b78,0,0,0,1,caught
Somerset,54,104,3,7d5e0b78,3f61a062,782c0568,1,0,1,0,
Somerset,55,104,3,782c0568,3f61a062,7d5e0b78,0,0,0,0,
Somerset,56,105,3,782c0568,3f61a062,7d5e0b78,1,0,1,0,
Somerset,57,106,3,7d5e0b78,3f61a062,782c0568,1,0,1,0,
Somerset,58,107,3,7d5e0b78,8db7f47f,782c0568,1,0,1,0,
Somerset,59,109,3,782c0568,8db7f47f,7d5e0b78,2,0,2,0,
Somerset,60,109,3,782c0568,8db7f47f,7d5e0b78,0,0,0,0,
Somerset,61,110,3,782c0568,8db7f47f,7d5e0b78,1,0,1,0,
Somerset,62,111,3,7d5e0b78,8db7f47f,782c0568,1,0,1,0,
Somerset,63,111,3,782c0568,8db7f47f,7d5e0b78,0,0,0,0,
Somerset,64,112,3,7d5e0b78,0dc00542,782c0568,1,0,1,0,
Somerset,65,118,3,782c0568,0dc00542,7d5e0b78,6,0,6,0,
Somerset,66,118,3,782c0568,0dc00542,7d5e0b78,0,0,0,0,
Somerset,67,119,3,782c0568,0dc00542,7d5e0b78,0,1,1,0,
Somerset,68,120,3,7d5e0b78,0dc00542,782c0568,1,0,1,0,
Somerset,69,120,3,782c0568,0dc00542,7d5e0b78,0,0,0,0,
Somerset,70,121,3,7d5e0b78,8db7f47f,782c0568,1,0,1,0,
Somerset,71,122,3,782c0568,8db7f47f,7d5e0b78,1,0,1,0,
Somerset,72,123,3,7d5e0b78,8db7f47f,782c0568,1,0,1,0,
Somerset,73,127,3,782c0568,8db7f47f,7d5e0b78,4,0,4,0,
Somerset,74,128,3,782c0568,8db7f47f,7d5e0b78,1,0,1,0,
Somerset,75,130,3,7d5e0b78,8db7f47f,782c0568,2,0,2,0,
Somerset,76,131,3,782c0568,0dc00542,7d5e0b78,1,0,1,0,
Somerset,77,137,3,7d5e0b78,0dc00542,782c0568,6,0,6,0,
Somerset,78,138,3,7d5e0b78,0dc00542,782c0568,1,0,1,0,
Somerset,79,140,3,782c0568,0dc00542,7d5e0b78,2,0,2,0,
Somerset,80,146,3,782c0568,0dc00542,7d5e0b78,6,0,6,0,
Somerset,81,147,3,782c0568,0dc00542,7d5e0b78,0,1,1,0,
Somerset,82,147,4,782c0568,42151725,7d5e0b78,0,0,0,1,bowled
Somerset,83,148,4,8abdf100,42151725,7d5e0b78,1,0,1,0,
Somerset,84,149,4,7d5e0b78,42151725,8abdf100,1,0,1,0,
Somerset,85,149,5,8abdf100,42151725,7d5e0b78,0,0,0,1,caught
Somerset,86,150,5,7d5e0b78,42151725,05c2ca46,1,0,1,0,
Somerset,87,150,5,05c2ca46,42151725,7d5e0b78,0,0,0,0,
Somerset,88,151,5,7d5e0b78,3f61a062,05c2ca46,1,0,1,0,
Somerset,89,151,5,05c2ca46,3f61a062,7d5e0b78,0,0,0,0,
Somerset,90,152,5,05c2ca46,3f61a062,7d5e0b78,1,0,1,0,
Somerset,91,156,5,7d5e0b78,3f61a062,05c2ca46,4,0,4,0,
Somerset,92,160,5,7d5e0b78,3f61a062,05c2ca46,4,0,4,0,
Somerset,93,161,5,7d5e0b78,3f61a062,05c2ca46,0,1,1,0,
Somerset,94,162,5,7d5e0b78,8db7f47f,05c2ca46,0,1,1,0,
Somerset,95,162,6,7d5e0b78,8db7f47f,05c2ca46,0,0,0,1,caught
Somerset,96,163,6,28131839,8db7f47f,05c2ca46,1,0,1,0,
Somerset,97,164,6,05c2ca46,8db7f47f,28131839,1,0,1,0,
Somerset,98,168,6,28131839,8db7f47f,05c2ca46,4,0,4,0,
Somerset,99,168,6,28131839,8db7f47f,05c2ca46,0,0,0,0,
Somerset,100,169,6,28131839,8db7f47f,05c2ca46,1,0,1,0,
Somerset,101,169,6,28131839,3f61a062,05c2ca46,0,0,0,0,
Somerset,102,175,6,28131839,3f61a062,05c2ca46,6,0,6,0,
Somerset,103,176,6,28131839,3f61a062,05c2ca46,1,0,1,0,
Somerset,104,182,6,05c2ca46,3f61a062,28131839,6,0,6,0,
Somerset,105,188,6,05c2ca46,3f61a062,28131839,6,0,6,0,
Somerset,106,189,6,05c2ca46,3f61a062,28131839,1,0,1,0,
Somerset,107,189,7,05c2ca46,a9da7784,28131839,0,0,0,1,run out
Somerset,108,190,7,e9987a94,a9da7784,28131839,1,0,1,0,
Somerset,109,190,8,28131839,a9da7784,e9987a94,0,0,0,1,bowled
Somerset,110,190,8,dddc811c,a9da7784,e9987a94,0,0,0,0,
Somerset,111,190,9,dddc811c,a9da7784,e9987a94,0,0,0,1,caught
Somerset,112,191,9,e9987a94,a9da7784,d74d1090,1,0,1,0,
Somerset,113,192,9,e9987a94,42151725,d74d1090,1,0,1,0,
Somerset,114,193,9,d74d1090,42151725,e9987a94,1,0,1,0,
Somerset,115,194,9,e9987a94,42151725,d74d1090,1,0,1,0,
Somerset,116,194,9,d74d1090,42151725,e9987a94,0,0,0,0,
Somerset,117,195,9,d74d1090,42151725,e9987a94,1,0,1,0,
Somerset,118,197,9,e9987a94,42151725,d74d1090,2,0,2,0,
Somerset,119,198,9,d74d1090,a9da7784,e9987a94,1,0,1,0,
Somerset,120,198,9,e9987a94,a9da7784,d74d1090,0,0,0,0,
Somerset,121,199,9,e9987a94,a9da7784,d74d1090,1,0,1,0,
Somerset,122,200,9,d74d1090,a9da7784,e9987a94,1,0,1,0,
Somerset,123,202,9,e9987a94,a9da7784,d74d1090,2,0,2,0,
Somerset,124,204,9,e9987a94,a9da7784,d74d1090,2,0,2,0,
Hampshire,1,1,0,a15618fe,28131839,cad00a4d,1,0,1,0,
Hampshire,2,2,0,cad00a4d,28131839,a15618fe,1,0,1,0,
Hampshire,3,3,0,a15618fe,28131839,cad00a4d,1,0,1,0,
Hampshire,4,4,0,cad00a4d,28131839,a15618fe,1,0,1,0,
Hampshire,5,8,0,a15618fe,28131839,cad00a4d,4,0,4,0,
Hampshire,6,12,0,a15618fe,28131839,cad00a4d,4,0,4,0,
Hampshire,7,12,0,cad00a4d,e9987a94,a15618fe,0,0,0,0,
Hampshire,8,12,1,cad00a4d,e9987a94,a15618fe,0,0,0,1,caught
Hampshire,9,14,1,a15618fe,e9987a94,8305580c,2,0,2,0,
Hampshire,10,18,1,a15618fe,e9987a94,8305580c,4,0,4,0,
Hampshire,11,22,1,a15618fe,e9987a94,8305580c,4,0,4,0,
Hampshire,12,26,1,a15618fe,e9987a94,8305580c,4,0,4,0,
Hampshire,13,26,1,8305580c,dddc811c,a15618fe,0,0,0,0,
Hampshire,14,27,1,8305580c,dddc811c,a15618fe,1,0,1,0,
Hampshire,15,27,1,a15618fe,dddc811c,8305580c,0,0,0,0,
Hampshire,16,31,1,a15618fe,dddc811c,8305580c,4,0,4,0,
Hampshire,17,31,1,a15618fe,dddc811c,8305580c,0,0,0,0,
Hampshire,18,32,1,a15618fe,dddc811c,8305580c,1,0,1,0,
Hampshire,19,32,1,a15618fe,06c2de82,8305580c,0,0,0,0,
Hampshire,20,36,1,a15618fe,06c2de82,8305580c,4,0,4,0,
Hampshire,21,36,2,a15618fe,06c2de82,8305580c,0,0,0,1,bowled
Hampshire,22,40,2,5056011d,06c2de82,8305580c,4,0,4,0,
Hampshire,23,42,2,5056011d,06c2de82,8305580c,2,0,2,0,
Hampshire,24,42,2,5056011d,06c2de82,8305580c,0,0,0,0,
Hampshire,25,43,2,8305580c,dddc811c,5056011d,1,0,1,0,
Hampshire,26,43,3,5056011d,dddc811c,8305580c,0,0,0,1,bowled
Hampshire,27,43,3,556302a7,dddc811c,8305580c,0,0,0,0,
Hampshire,28,44,3,556302a7,dddc811c,8305580c,0,1,1,0,
Hampshire,29,44,3,556302a7,dddc811c,8305580c,0,0,0,0,
Hampshire,30,45,3,556302a7,dddc811c,8305580c,1,0,1,0,
Hampshire,31,45,3,8305580c,dddc811c,556302a7,0,0,0,0,
Hampshire,32,45,3,556302a7,e9987a94,8305580c,0,0,0,0,
Hampshire,33,46,3,556302a7,e9987a94,8305580c,1,0,1,0,
Hampshire,34,47,3,8305580c,e9987a94,556302a7,0,1,1,0,
Hampshire,35,47,3,8305580c,e9987a94,556302a7,0,0,0,0,
Hampshire,36,47,3,8305580c,e9987a94,556302a7,0,0,0,0,
Hampshire,37,47,3,8305580c,e9987a94,556302a7,0,0,0,0,
Hampshire,38,51,3,8305580c,e9987a94,556302a7,4,0,4,0,
Hampshire,39,52,3,556302a7,d74d1090,8305580c,1,0,1,0,
Hampshire,40,53,3,8305580c,d74d1090,556302a7,1,0,1,0,
Hampshire,41,54,3,556302a7,d74d1090,8305580c,1,0,1,0,
Hampshire,42,55,3,8305580c,d74d1090,556302a7,1,0,1,0,
Hampshire,43,56,3,556302a7,d74d1090,8305580c,1,0,1,0,
Hampshire,44,60,3,8305580c,d74d1090,556302a7,4,0,4,0,
Hampshire,45,66,3,556302a7,05c2ca46,8305580c,6,0,6,0,
Hampshire,46,66,3,556302a7,05c2ca46,8305580c,0,0,0,0,
Hampshire,47,67,3,556302a7,05c2ca46,8305580c,1,0,1,0,
Hampshire,48,69,3,8305580c,05c2ca46,556302a7,2,0,2,0,
Hampshire,49,70,3,8305580c,05c2ca46,556302a7,1,0,1,0,
Hampshire,50,71,3,556302a7,05c2ca46,8305580c,1,0,1,0,
Hampshire,51,71,3,556302a7,06c2de82,8305580c,0,0,0,0,
Hampshire,52,72,3,556302a7,06c2de82,8305580c,1,0,1,0,
Hampshire,53,76,3,8305580c,06c2de82,556302a7,4,0,4,0,
Hampshire,54,80,3,8305580c,06c2de82,556302a7,4,0,4,0,
Hampshire,55,84,3,8305580c,06c2de82,556302a7,4,0,4,0,
Hampshire,56,85,3,8305580c,06c2de82,556302a7,1,0,1,0,
Hampshire,57,86,3,8305580c,05c2ca46,556302a7,1,0,1,0,
Hampshire,58,87,3,556302a7,05c2ca46,8305580c,1,0,1,0,
Hampshire,59,88,3,8305580c,05c2ca46,556302a7,1,0,1,0,
Hampshire,60,92,3,556302a7,05c2ca46,8305580c,4,0,4,0,
Hampshire,61,92,4,556302a7,05c2ca46,8305580c,0,0,0,1,bowled
Hampshire,62,93,4,6feb46a4,05c2ca46,8305580c,1,0,1,0,
Hampshire,63,94,5,6feb46a4,d74d1090,8305580c,1,0,1,1,run out
Hampshire,64,98,5,0dc00542,d74d1090,6feb46a4,4,0,4,0,
Hampshire,65,98,5,0dc00542,d74d1090,6feb46a4,0,0,0,0,
Hampshire,66,98,5,0dc00542,d74d1090,6feb46a4,0,0,0,0,
Hampshire,67,104,5,0dc00542,d74d1090,6feb46a4,6,0,6,0,
Hampshire,68,105,5,0dc00542,d74d1090,6feb46a4,1,0,1,0,
Hampshire,69,106,5,0dc00542,dddc811c,6feb46a4,1,0,1,0,
Hampshire,70,107,5,6feb46a4,dddc811c,0dc00542,1,0,1,0,
Hampshire,71,107,5,0dc00542,dddc811c,6feb46a4,0,0,0,0,
Hampshire,72,111,5,0dc00542,dddc811c,6feb46a4,4,0,4,0,
Hampshire,73,112,5,0dc00542,dddc811c,6feb46a4,1,0,1,0,
Hampshire,74,113,5,6feb46a4,dddc811c,0dc00542,1,0,1,0,
Hampshire,75,113,5,6feb46a4,05c2ca46,0dc00542,0,0,0,0,
Hampshire,76,114,5,6feb46a4,05c2ca46,0dc00542,1,0,1,0,
Hampshire,77,115,5,0dc00542,05c2ca46,6feb46a4,1,0,1,0,
Hampshire,78,117,5,6feb46a4,05c2ca46,0dc00542,2,0,2,0,
Hampshire,79,123,5,6feb46a4,05c2ca46,0dc00542,6,0,6,0,
Hampshire,80,129,5,6feb46a4,05c2ca46,0dc00542,6,0,6,0,
Hampshire,81,129,6,0dc00542,d74d1090,6feb46a4,0,0,0,1,bowled
Hampshire,82,130,6,42151725,d74d1090,6feb46a4,1,0,1,0,
Hampshire,83,131,6,6feb46a4,d74d1090,42151725,1,0,1,0,
Hampshire,84,132,6,42151725,d74d1090,6feb46a4,1,0,1,0,
Hampshire,85,133,6,6feb46a4,d74d1090,42151725,1,0,1,0,
Hampshire,86,134,6,42151725,d74d1090,6feb46a4,1,0,1,0,
Hampshire,87,135,6,42151725,e9987a94,6feb46a4,1,0,1,0,
Hampshire,88,137,6,6feb46a4,e9987a94,42151725,2,0,2,0,
Hampshire,89,138,6,6feb46a4,e9987a94,42151725,1,0,1,0,
Hampshire,90,139,6,42151725,e9987a94,6feb46a4,1,0,1,0,
Hampshire,91,145,6,6feb46a4,e9987a94,42151725,6,0,6,0,
Hampshire,92,146,6,6feb46a4,e9987a94,42151725,1,0,1,0,
Hampshire,93,148,6,6feb46a4,d74d1090,42151725,2,0,2,0,
Hampshire,94,149,6,6feb46a4,d74d1090,42151725,1,0,1,0,
Hampshire,95,151,6,42151725,d74d1090,6feb46a4,2,0,2,0,
Hampshire,96,152,6,42151725,d74d1090,6feb46a4,1,0,1,0,
Hampshire,97,152,7,6feb46a4,d74d1090,42151725,0,0,0,1,caught
Hampshire,98,152,7,42151725,d74d1090,a9da7784,0,0,0,0,
Hampshire,99,153,7,a9da7784,dddc811c,42151725,1,0,1,0,
Hampshire,100,154,7,42151725,dddc811c,a9da7784,1,0,1,0,
Hampshire,101,156,7,a9da7784,dddc811c,42151725,2,0,2,0,
Hampshire,102,162,7,a9da7784,dddc811c,42151725,6,0,6,0,
Hampshire,103,163,7,a9da7784,dddc811c,42151725,0,1,1,0,
Hampshire,104,163,8,a9da7784,dddc811c,42151725,0,0,0,1,caught
Hampshire,105,163,8,8db7f47f,dddc811c,42151725,0,0,0,0,
Hampshire,106,163,8,42151725,05c2ca46,8db7f47f,0,0,0,0,
Hampshire,107,164,8,42151725,05c2ca46,8db7f47f,1,0,1,0,
Hampshire,108,164,9,8db7f47f,05c2ca46,42151725,0,0,0,1,bowled
Hampshire,109,165,9,3f61a062,05c2ca46,42151725,1,0,1,0,
Hampshire,110,166,9,42151725,05c2ca46,3f61a062,1,0,1,0,
Hampshire,111,169,9,3f61a062,05c2ca46,42151725,1,2,3,0,
Hampshire,112,170,9,42151725,05c2ca46,3f61a062,1,0,1,0,
Hampshire,113,176,9,42151725,e9987a94,3f61a062,6,0,6,0,
Hampshire,114,178,9,42151725,e9987a94,3f61a062,2,0,2,0,
Hampshire,115,179,9,42151725,e9987a94,3f61a062,1,0,1,0,
Hampshire,116,180,9,3f61a062,e9987a94,42151725,0,1,1,0,
Hampshire,117,182,9,42151725,e9987a94,3f61a062,2,0,2,0,
Hampshire,118,183,9,42151725,e9987a94,3f61a062,1,0,1,0,
Hampshire,119,185,9,42151725,06c2de82,3f61a062,2,0,2,0,
Hampshire,120,189,9,42151725,06c2de82,3f61a062,4,0,4,0,
Hampshire,121,190,10,42151725,06c2de82,3f61a062,1,0,1,1,run out
