batting_team,ball_number,total_team_runs,total_team_wickets,striker_ID,bowler_ID,nonstriker_ID,batter_runs,extras_runs,total_delivery_runs,wicket,wicket_type
Australia,1,0,0,321644de,15f609ed,52d1dbc8,0,0,0,0,
Australia,2,0,0,321644de,15f609ed,52d1dbc8,0,0,0,0,
Australia,3,1,0,321644de,15f609ed,52d1dbc8,1,0,1,0,
Australia,4,1,1,52d1dbc8,15f609ed,321644de,0,0,0,1,lbw
Australia,5,1,1,bc969efb,15f609ed,321644de,0,0,0,0,
Australia,6,5,1,bc969efb,15f609ed,321644de,4,0,4,0,
Australia,7,5,1,321644de,cdb82f1c,bc969efb,0,0,0,0,
Australia,8,5,1,321644de,cdb82f1c,bc969efb,0,0,0,0,
Australia,9,5,1,321644de,cdb82f1c,bc969efb,0,0,0,0,
Australia,10,9,1,321644de,cdb82f1c,bc969efb,4,0,4,0,
Australia,11,10,1,321644de,cdb82f1c,bc969efb,1,0,1,0,
Australia,12,10,1,bc969efb,cdb82f1c,321644de,0,0,0,0,
Australia,13,16,1,321644de,15f609ed,bc969efb,6,0,6,0,
Australia,14,16,1,321644de,15f609ed,bc969efb,0,0,0,0,
Australia,15,18,1,321644de,15f609ed,bc969efb,2,0,2,0,
Australia,16,22,1,321644de,15f609ed,bc969efb,4,0,4,0,
Australia,17,22,1,321644de,15f609ed,bc969efb,0,0,0,0,
Australia,18,22,1,321644de,15f609ed,bc969efb,0,0,0,0,
Australia,19,22,1,bc969efb,cdb82f1c,321644de,0,0,0,0,
Australia,20,28,1,bc969efb,cdb82f1c,321644de,6,0,6,0,
Australia,21,28,1,bc969efb,cdb82f1c,321644de,0,0,0,0,
Australia,22,34,1,bc969efb,cdb82f1c,321644de,6,0,6,0,
Australia,23,34,1,bc969efb,cdb82f1c,321644de,0,0,0,0,
Australia,24,34,1,bc969efb,cdb82f1c,321644de,0,0,0,0,
Australia,25,35,1,321644de,f3a18a0c,bc969efb,1,0,1,0,
Australia,26,35,1,bc969efb,f3a18a0c,321644de,0,0,0,0,
Australia,27,39,1,bc969efb,f3a18a0c,321644de,4,0,4,0,
Australia,28,43,1,bc969efb,f3a18a0c,321644de,4,0,4,0,
Australia,29,43,1,bc969efb,f3a18a0c,321644de,0,0,0,0,
Australia,30,43,1,bc969efb,f3a18a0c,321644de,0,0,0,0,
Australia,31,43,1,321644de,ea8b65ab,bc969efb,0,0,0,0,
Australia,32,43,1,321644de,ea8b65ab,bc969efb,0,0,0,0,
Australia,33,47,1,321644de,ea8b65ab,bc969efb,4,0,4,0,
Australia,34,51,1,321644de,ea8b65ab,bc969efb,4,0,4,0,
Australia,35,52,1,321644de,ea8b65ab,bc969efb,1,0,1,0,
Australia,36,52,1,bc969efb,ea8b65ab,321644de,0,0,0,0,
Australia,37,52,1,321644de,f3a18a0c,bc969efb,0,0,0,0,
Australia,38,53,1,321644de,f3a18a0c,bc969efb,1,0,1,0,
Australia,39,59,1,bc969efb,f3a18a0c,321644de,6,0,6,0,
Australia,40,61,1,bc969efb,f3a18a0c,321644de,2,0,2,0,
Australia,41,61,1,bc969efb,f3a18a0c,321644de,0,0,0,0,
Australia,42,62,1,bc969efb,f3a18a0c,321644de,1,0,1,0,
Australia,43,62,2,bc969efb,907c51ab,321644de,0,0,0,1,caught
Australia,44,66,2,321644de,907c51ab,27e003ce,4,0,4,0,
Australia,45,66,3,321644de,907c51ab,27e003ce,0,0,0,1,bowled
Australia,46,67,3,cde96d97,907c51ab,27e003ce,1,0,1,0,
Australia,47,67,3,27e003ce,907c51ab,cde96d97,0,0,0,0,
Australia,48,71,3,27e003ce,907c51ab,cde96d97,4,0,4,0,
Australia,49,72,3,cde96d97,ea8b65ab,27e003ce,1,0,1,0,
Australia,50,72,3,27e003ce,ea8b65ab,cde96d97,0,0,0,0,
Australia,51,73,3,27e003ce,ea8b65ab,cde96d97,1,0,1,0,
Australia,52,73,3,cde96d97,ea8b65ab,27e003ce,0,0,0,0,
Australia,53,74,3,cde96d97,ea8b65ab,27e003ce,1,0,1,0,
Australia,54,75,3,27e003ce,ea8b65ab,cde96d97,1,0,1,0,
Australia,55,75,3,27e003ce,907c51ab,cde96d97,0,0,0,0,
Australia,56,76,3,27e003ce,907c51ab,cde96d97,1,0,1,0,
Australia,57,77,3,cde96d97,907c51ab,27e003ce,1,0,1,0,
Australia,58,78,3,27e003ce,907c51ab,cde96d97,0,1,1,0,
Australia,59,79,3,27e003ce,907c51ab,cde96d97,0,1,1,0,
Australia,60,80,3,27e003ce,907c51ab,cde96d97,1,0,1,0,
Australia,61,80,3,cde96d97,907c51ab,27e003ce,0,0,0,0,
Australia,62,80,3,cde96d97,907c51ab,27e003ce,0,0,0,0,
Australia,63,84,3,27e003ce,cdb82f1c,cde96d97,4,0,4,0,
Australia,64,85,3,27e003ce,cdb82f1c,cde96d97,1,0,1,0,
Australia,65,85,3,cde96d97,cdb82f1c,27e003ce,0,0,0,0,
Australia,66,85,3,cde96d97,cdb82f1c,27e003ce,0,0,0,0,
Australia,67,87,3,cde96d97,cdb82f1c,27e003ce,2,0,2,0,
Australia,68,91,3,cde96d97,cdb82f1c,27e003ce,4,0,4,0,
Australia,69,95,3,27e003ce,35828bdd,cde96d97,4,0,4,0,
Australia,70,99,3,27e003ce,35828bdd,cde96d97,4,0,4,0,
Australia,71,103,3,27e003ce,35828bdd,cde96d97,4,0,4,0,
Australia,72,103,3,27e003ce,35828bdd,cde96d97,0,0,0,0,
Australia,73,107,3,27e003ce,35828bdd,cde96d97,4,0,4,0,
Australia,74,108,3,27e003ce,35828bdd,cde96d97,1,0,1,0,
Australia,75,108,3,27e003ce,15f609ed,cde96d97,0,0,0,0,
Australia,76,108,3,27e003ce,15f609ed,cde96d97,0,0,0,0,
Australia,77,112,3,27e003ce,15f609ed,cde96d97,4,0,4,0,
Australia,78,112,3,27e003ce,15f609ed,cde96d97,0,0,0,0,
Australia,79,116,3,27e003ce,15f609ed,cde96d97,4,0,4,0,
Australia,80,120,3,27e003ce,15f609ed,cde96d97,4,0,4,0,
Australia,81,120,3,cde96d97,ea8b65ab,27e003ce,0,0,0,0,
Australia,82,124,3,cde96d97,ea8b65ab,27e003ce,4,0,4,0,
Australia,83,128,3,cde96d97,ea8b65ab,27e003ce,4,0,4,0,
Australia,84,132,3,cde96d97,ea8b65ab,27e003ce,4,0,4,0,
Australia,85,133,3,cde96d97,ea8b65ab,27e003ce,1,0,1,0,
Australia,86,137,3,27e003ce,ea8b65ab,cde96d97,4,0,4,0,
Australia,87,141,3,cde96d97,f3a18a0c,27e003ce,4,0,4,0,
Australia,88,145,3,cde96d97,f3a18a0c,27e003ce,4,0,4,0,
Australia,89,146,3,cde96d97,f3a18a0c,27e003ce,1,0,1,0,
Australia,90,147,3,27e003ce,f3a18a0c,cde96d97,1,0,1,0,
Australia,91,148,3,cde96d97,f3a18a0c,27e003ce,1,0,1,0,
Australia,92,149,3,27e003ce,f3a18a0c,cde96d97,1,0,1,0,
Australia,93,149,3,27e003ce,cdb82f1c,cde96d97,0,0,0,0,
Australia,94,153,3,27e003ce,cdb82f1c,cde96d97,4,0,4,0,
Australia,95,153,3,27e003ce,cdb82f1c,cde96d97,0,0,0,0,
Australia,96,157,3,27e003ce,cdb82f1c,cde96d97,4,0,4,0,
Australia,97,161,3,27e003ce,cdb82f1c,cde96d97,4,0,4,0,
Australia,98,162,3,27e003ce,cdb82f1c,cde96d97,1,0,1,0,
Australia,99,163,3,27e003ce,f3a18a0c,cde96d97,1,0,1,0,
Australia,100,164,3,cde96d97,f3a18a0c,27e003ce,1,0,1,0,
Australia,101,165,3,27e003ce,f3a18a0c,cde96d97,1,0,1,0,
Australia,102,166,3,cde96d97,f3a18a0c,27e003ce,1,0,1,0,
Australia,103,166,3,27e003ce,f3a18a0c,cde96d97,0,0,0,0,
Australia,104,170,3,27e003ce,f3a18a0c,cde96d97,4,0,4,0,
Australia,105,174,3,cde96d97,907c51ab,27e003ce,4,0,4,0,
Australia,106,176,3,cde96d97,907c51ab,27e003ce,2,0,2,0,
Australia,107,177,3,cde96d97,907c51ab,27e003ce,1,0,1,0,
Australia,108,181,3,27e003ce,907c51ab,cde96d97,4,0,4,0,
Australia,109,182,3,27e003ce,907c51ab,cde96d97,1,0,1,0,
Australia,110,184,3,cde96d97,907c51ab,27e003ce,2,0,2,0,
Australia,111,185,3,27e003ce,15f609ed,cde96d97,1,0,1,0,
Australia,112,189,3,cde96d97,15f609ed,27e003ce,4,0,4,0,
Australia,113,191,3,cde96d97,15f609ed,27e003ce,2,0,2,0,
Australia,114,192,3,cde96d97,15f609ed,27e003ce,1,0,1,0,
Australia,115,198,3,27e003ce,15f609ed,cde96d97,6,0,6,0,
Australia,116,199,3,27e003ce,15f609ed,cde96d97,1,0,1,0,
Australia,117,203,3,27e003ce,907c51ab,cde96d97,4,0,4,0,
Australia,118,204,3,27e003ce,907c51ab,cde96d97,0,1,1,0,
Australia,119,205,3,27e003ce,907c51ab,cde96d97,1,0,1,0,
Australia,120,205,4,cde96d97,907c51ab,27e003ce,0,0,0,1,run out
Australia,121,206,4,27e003ce,907c51ab,d7c6b0fb,1,0,1,0,
Australia,122,207,4,d7c6b0fb,907c51ab,27e003ce,1,0,1,0,
Australia,123,209,4,27e003ce,907c51ab,d7c6b0fb,2,0,2,0,
England,1,4,0,a139c379,0475a86b,c64b7c5b,4,0,4,0,
England,2,4,1,a139c379,0475a86b,c64b7c5b,0,0,0,1,run out
England,3,4,1,a139c379,0475a86b,b2664905,0,0,0,0,
England,4,6,1,a139c379,0475a86b,b2664905,2,0,2,0,
England,5,10,1,a139c379,0475a86b,b2664905,4,0,4,0,
England,6,14,1,a139c379,0475a86b,b2664905,4,0,4,0,
England,7,14,2,b2664905,be150fc8,a139c379,0,0,0,1,caught
England,8,14,2,f3a18a0c,be150fc8,a139c379,0,0,0,0,
England,9,15,2,f3a18a0c,be150fc8,a139c379,1,0,1,0,
England,10,16,2,a139c379,be150fc8,f3a18a0c,1,0,1,0,
England,11,16,2,f3a18a0c,be150fc8,a139c379,0,0,0,0,
England,12,16,2,f3a18a0c,be150fc8,a139c379,0,0,0,0,
England,13,17,2,a139c379,17608a6f,f3a18a0c,1,0,1,0,
England,14,17,2,f3a18a0c,17608a6f,a139c379,0,0,0,0,
England,15,18,2,f3a18a0c,17608a6f,a139c379,1,0,1,0,
England,16,18,2,a139c379,17608a6f,f3a18a0c,0,0,0,0,
England,17,18,2,a139c379,17608a6f,f3a18a0c,0,0,0,0,
England,18,19,2,a139c379,17608a6f,f3a18a0c,1,0,1,0,
England,19,20,2,a139c379,be150fc8,f3a18a0c,1,0,1,0,
England,20,24,2,f3a18a0c,be150fc8,a139c379,4,0,4,0,
England,21,24,2,f3a18a0c,be150fc8,a139c379,0,0,0,0,
England,22,24,2,f3a18a0c,be150fc8,a139c379,0,0,0,0,
England,23,25,2,f3a18a0c,be150fc8,a139c379,1,0,1,0,
England,24,30,2,a139c379,be150fc8,f3a18a0c,4,1,5,0,
England,25,34,2,a139c379,be150fc8,f3a18a0c,4,0,4,0,
England,26,34,2,f3a18a0c,d693012d,a139c379,0,0,0,0,
England,27,38,2,f3a18a0c,d693012d,a139c379,4,0,4,0,
England,28,39,2,f3a18a0c,d693012d,a139c379,1,0,1,0,
England,29,43,2,a139c379,d693012d,f3a18a0c,4,0,4,0,
England,30,47,2,a139c379,d693012d,f3a18a0c,4,0,4,0,
England,31,47,3,a139c379,d693012d,f3a18a0c,0,0,0,1,caught
England,32,48,3,f3a18a0c,17608a6f,b05e45e4,1,0,1,0,
England,33,48,3,b05e45e4,17608a6f,f3a18a0c,0,0,0,0,
England,34,48,3,b05e45e4,17608a6f,f3a18a0c,0,0,0,0,
England,35,48,3,b05e45e4,17608a6f,f3a18a0c,0,0,0,0,
England,36,48,3,b05e45e4,17608a6f,f3a18a0c,0,0,0,0,
England,37,49,3,b05e45e4,17608a6f,f3a18a0c,1,0,1,0,
England,38,49,3,b05e45e4,9b3bcca4,f3a18a0c,0,0,0,0,
England,39,50,3,b05e45e4,9b3bcca4,f3a18a0c,1,0,1,0,
England,40,54,3,f3a18a0c,9b3bcca4,b05e45e4,4,0,4,0,
England,41,54,3,f3a18a0c,9b3bcca4,b05e45e4,0,0,0,0,
England,42,54,3,f3a18a0c,9b3bcca4,b05e45e4,0,0,0,0,
England,43,54,3,f3a18a0c,9b3bcca4,b05e45e4,0,0,0,0,
England,44,55,3,b05e45e4,bc969efb,f3a18a0c,1,0,1,0,
England,45,56,3,f3a18a0c,bc969efb,b05e45e4,1,0,1,0,
England,46,57,3,b05e45e4,bc969efb,f3a18a0c,1,0,1,0,
England,47,58,3,f3a18a0c,bc969efb,b05e45e4,1,0,1,0,
England,48,60,3,b05e45e4,bc969efb,f3a18a0c,2,0,2,0,
England,49,61,3,b05e45e4,bc969efb,f3a18a0c,1,0,1,0,
England,50,63,3,b05e45e4,0475a86b,f3a18a0c,2,0,2,0,
England,51,63,3,b05e45e4,0475a86b,f3a18a0c,0,0,0,0,
England,52,64,3,b05e45e4,0475a86b,f3a18a0c,1,0,1,0,
England,53,66,3,f3a18a0c,0475a86b,b05e45e4,2,0,2,0,
England,54,67,3,f3a18a0c,0475a86b,b05e45e4,1,0,1,0,
England,55,68,3,b05e45e4,0475a86b,f3a18a0c,1,0,1,0,
England,56,70,3,b05e45e4,d693012d,f3a18a0c,2,0,2,0,
England,57,71,3,b05e45e4,d693012d,f3a18a0c,1,0,1,0,
England,58,73,3,f3a18a0c,d693012d,b05e45e4,2,0,2,0,
England,59,74,3,f3a18a0c,d693012d,b05e45e4,1,0,1,0,
England,60,74,3,b05e45e4,d693012d,f3a18a0c,0,0,0,0,
England,61,75,3,b05e45e4,d693012d,f3a18a0c,1,0,1,0,
England,62,79,3,b05e45e4,be150fc8,f3a18a0c,4,0,4,0,
England,63,80,3,b05e45e4,be150fc8,f3a18a0c,1,0,1,0,
England,64,81,3,f3a18a0c,be150fc8,b05e45e4,0,1,1,0,
England,65,82,3,f3a18a0c,be150fc8,b05e45e4,1,0,1,0,
England,66,86,3,b05e45e4,be150fc8,f3a18a0c,4,0,4,0,
England,67,86,3,b05e45e4,be150fc8,f3a18a0c,0,0,0,0,
England,68,87,3,b05e45e4,be150fc8,f3a18a0c,1,0,1,0,
England,69,89,3,b05e45e4,0475a86b,f3a18a0c,2,0,2,0,
England,70,91,3,b05e45e4,0475a86b,f3a18a0c,2,0,2,0,
England,71,92,3,b05e45e4,0475a86b,f3a18a0c,1,0,1,0,
England,72,94,3,f3a18a0c,0475a86b,b05e45e4,2,0,2,0,
England,73,96,3,f3a18a0c,0475a86b,b05e45e4,2,0,2,0,
England,74,98,3,f3a18a0c,0475a86b,b05e45e4,2,0,2,0,
England,75,98,4,b05e45e4,bc969efb,f3a18a0c,0,0,0,1,caught
England,76,99,4,f3a18a0c,bc969efb,a28132bd,1,0,1,0,
England,77,100,4,a28132bd,bc969efb,f3a18a0c,1,0,1,0,
England,78,101,4,f3a18a0c,bc969efb,a28132bd,1,0,1,0,
England,79,102,4,a28132bd,bc969efb,f3a18a0c,1,0,1,0,
England,80,106,4,f3a18a0c,bc969efb,a28132bd,4,0,4,0,
England,81,107,4,a28132bd,d693012d,f3a18a0c,1,0,1,0,
England,82,109,4,f3a18a0c,d693012d,a28132bd,2,0,2,0,
England,83,112,4,f3a18a0c,d693012d,a28132bd,0,3,3,0,
England,84,113,4,f3a18a0c,d693012d,a28132bd,1,0,1,0,
England,85,114,4,a28132bd,d693012d,f3a18a0c,0,1,1,0,
England,86,118,4,a28132bd,d693012d,f3a18a0c,4,0,4,0,
England,87,118,4,a28132bd,d693012d,f3a18a0c,0,0,0,0,
England,88,119,4,a28132bd,d693012d,f3a18a0c,0,1,1,0,
England,89,120,4,a28132bd,0475a86b,f3a18a0c,1,0,1,0,
England,90,121,4,f3a18a0c,0475a86b,a28132bd,1,0,1,0,
England,91,122,4,a28132bd,0475a86b,f3a18a0c,1,0,1,0,
England,92,123,4,f3a18a0c,0475a86b,a28132bd,1,0,1,0,
England,93,124,4,a28132bd,0475a86b,f3a18a0c,1,0,1,0,
England,94,125,4,f3a18a0c,0475a86b,a28132bd,1,0,1,0,
England,95,125,4,f3a18a0c,be150fc8,a28132bd,0,0,0,0,
England,96,126,4,f3a18a0c,be150fc8,a28132bd,1,0,1,0,
England,97,126,4,a28132bd,be150fc8,f3a18a0c,0,0,0,0,
England,98,127,4,a28132bd,be150fc8,f3a18a0c,1,0,1,0,
England,99,131,4,f3a18a0c,be150fc8,a28132bd,4,0,4,0,
England,100,135,4,f3a18a0c,be150fc8,a28132bd,0,4,4,0,
England,101,136,4,a28132bd,bc969efb,f3a18a0c,1,0,1,0,
England,102,137,4,f3a18a0c,bc969efb,a28132bd,1,0,1,0,
England,103,138,4,a28132bd,bc969efb,f3a18a0c,1,0,1,0,
England,104,138,5,f3a18a0c,bc969efb,a28132bd,0,0,0,1,caught and bowled
England,105,139,5,35828bdd,bc969efb,a28132bd,1,0,1,0,
England,106,140,5,a28132bd,bc969efb,35828bdd,1,0,1,0,
England,107,140,6,a28132bd,17608a6f,35828bdd,0,0,0,1,caught
England,108,140,6,35828bdd,17608a6f,907c51ab,0,0,0,0,
England,109,140,6,35828bdd,17608a6f,907c51ab,0,0,0,0,
England,110,140,7,35828bdd,17608a6f,907c51ab,0,0,0,1,bowled
England,111,141,7,cdb82f1c,17608a6f,907c51ab,1,0,1,0,
England,112,141,7,907c51ab,17608a6f,cdb82f1c,0,0,0,0,
England,113,142,7,cdb82f1c,d693012d,907c51ab,1,0,1,0,
England,114,143,7,907c51ab,d693012d,cdb82f1c,1,0,1,0,
England,115,143,8,cdb82f1c,d693012d,907c51ab,0,0,0,1,caught
England,116,143,8,ea8b65ab,d693012d,907c51ab,0,0,0,0,
England,117,144,8,ea8b65ab,d693012d,907c51ab,1,0,1,0,
England,118,144,8,907c51ab,d693012d,ea8b65ab,0,0,0,0,
England,119,146,8,ea8b65ab,17608a6f,907c51ab,2,0,2,0,
England,120,147,8,ea8b65ab,17608a6f,907c51ab,1,0,1,0,
England,121,149,8,907c51ab,17608a6f,ea8b65ab,2,0,2,0,
England,122,151,8,907c51ab,17608a6f,ea8b65ab,2,0,2,0,
England,123,151,9,907c51ab,17608a6f,ea8b65ab,0,0,0,1,bowled
England,124,152,9,15f609ed,17608a6f,ea8b65ab,1,0,1,0,
