batting_team,ball_number,total_team_runs,total_team_wickets,striker_ID,bowler_ID,nonstriker_ID,batter_runs,extras_runs,total_delivery_runs,wicket,wicket_type
Gloucestershire,1,0,0,c88bc84a,ccdd8308,b970a03f,0,0,0,0,
Gloucestershire,2,0,0,c88bc84a,ccdd8308,b970a03f,0,0,0,0,
Gloucestershire,3,0,0,c88bc84a,ccdd8308,b970a03f,0,0,0,0,
Gloucestershire,4,1,0,c88bc84a,ccdd8308,b970a03f,1,0,1,0,
Gloucestershire,5,3,0,b970a03f,ccdd8308,c88bc84a,2,0,2,0,
Gloucestershire,6,3,0,b970a03f,ccdd8308,c88bc84a,0,0,0,0,
Gloucestershire,7,7,0,c88bc84a,7cdecc31,b970a03f,4,0,4,0,
Gloucestershire,8,7,1,c88bc84a,7cdecc31,b970a03f,0,0,0,1,caught
Gloucestershire,9,7,1,542fd5a6,7cdecc31,b970a03f,0,0,0,0,
Gloucestershire,10,7,1,542fd5a6,7cdecc31,b970a03f,0,0,0,0,
Gloucestershire,11,9,1,542fd5a6,7cdecc31,b970a03f,0,2,2,0,
Gloucestershire,12,9,1,542fd5a6,7cdecc31,b970a03f,0,0,0,0,
Gloucestershire,13,9,1,542fd5a6,7cdecc31,b970a03f,0,0,0,0,
Gloucestershire,14,10,1,b970a03f,ccdd8308,542fd5a6,1,0,1,0,
Gloucestershire,15,11,1,542fd5a6,ccdd8308,b970a03f,1,0,1,0,
Gloucestershire,16,12,1,b970a03f,ccdd8308,542fd5a6,1,0,1,0,
Gloucestershire,17,12,1,542fd5a6,ccdd8308,b970a03f,0,0,0,0,
Gloucestershire,18,12,1,542fd5a6,ccdd8308,b970a03f,0,0,0,0,
Gloucestershire,19,18,1,542fd5a6,ccdd8308,b970a03f,6,0,6,0,
Gloucestershire,20,22,1,b970a03f,7cdecc31,542fd5a6,4,0,4,0,
Gloucestershire,21,23,1,b970a03f,7cdecc31,542fd5a6,0,1,1,0,
Gloucestershire,22,27,1,542fd5a6,7cdecc31,b970a03f,4,0,4,0,
Gloucestershire,23,28,1,542fd5a6,7cdecc31,b970a03f,1,0,1,0,
Gloucestershire,24,29,1,b970a03f,7cdecc31,542fd5a6,0,1,1,0,
Gloucestershire,25,30,1,b970a03f,7cdecc31,542fd5a6,1,0,1,0,
Gloucestershire,26,34,1,542fd5a6,7cdecc31,b970a03f,4,0,4,0,
Gloucestershire,27,38,1,b970a03f,dda5aae5,542fd5a6,4,0,4,0,
Gloucestershire,28,38,1,b970a03f,dda5aae5,542fd5a6,0,0,0,0,
Gloucestershire,29,38,1,b970a03f,dda5aae5,542fd5a6,0,0,0,0,
Gloucestershire,30,42,1,b970a03f,dda5aae5,542fd5a6,4,0,4,0,
Gloucestershire,31,46,1,b970a03f,dda5aae5,542fd5a6,4,0,4,0,
Gloucestershire,32,47,1,b970a03f,dda5aae5,542fd5a6,1,0,1,0,
Gloucestershire,33,47,1,b970a03f,cf494ffe,542fd5a6,0,0,0,0,
Gloucestershire,34,48,1,b970a03f,cf494ffe,542fd5a6,1,0,1,0,
Gloucestershire,35,49,1,542fd5a6,cf494ffe,b970a03f,1,0,1,0,
Gloucestershire,36,50,1,b970a03f,cf494ffe,542fd5a6,1,0,1,0,
Gloucestershire,37,54,1,542fd5a6,cf494ffe,b970a03f,4,0,4,0,
Gloucestershire,38,58,1,542fd5a6,cf494ffe,b970a03f,4,0,4,0,
Gloucestershire,39,58,1,b970a03f,dda5aae5,542fd5a6,0,0,0,0,
Gloucestershire,40,59,1,b970a03f,dda5aae5,542fd5a6,1,0,1,0,
Gloucestershire,41,60,1,542fd5a6,dda5aae5,b970a03f,1,0,1,0,
Gloucestershire,42,64,1,b970a03f,dda5aae5,542fd5a6,4,0,4,0,
Gloucestershire,43,65,1,b970a03f,dda5aae5,542fd5a6,1,0,1,0,
Gloucestershire,44,69,1,542fd5a6,dda5aae5,b970a03f,4,0,4,0,
Gloucestershire,45,71,1,b970a03f,025a092b,542fd5a6,2,0,2,0,
Gloucestershire,46,72,1,b970a03f,025a092b,542fd5a6,1,0,1,0,
Gloucestershire,47,76,1,542fd5a6,025a092b,b970a03f,4,0,4,0,
Gloucestershire,48,76,1,542fd5a6,025a092b,b970a03f,0,0,0,0,
Gloucestershire,49,77,1,542fd5a6,025a092b,b970a03f,1,0,1,0,
Gloucestershire,50,77,1,b970a03f,025a092b,542fd5a6,0,0,0,0,
Gloucestershire,51,78,1,542fd5a6,cf73ad76,b970a03f,1,0,1,0,
Gloucestershire,52,79,1,b970a03f,cf73ad76,542fd5a6,1,0,1,0,
Gloucestershire,53,83,1,542fd5a6,cf73ad76,b970a03f,4,0,4,0,
Gloucestershire,54,84,1,542fd5a6,cf73ad76,b970a03f,1,0,1,0,
Gloucestershire,55,84,1,b970a03f,cf73ad76,542fd5a6,0,0,0,0,
Gloucestershire,56,86,1,b970a03f,cf73ad76,542fd5a6,2,0,2,0,
Gloucestershire,57,87,1,542fd5a6,025a092b,b970a03f,1,0,1,0,
Gloucestershire,58,88,1,b970a03f,025a092b,542fd5a6,1,0,1,0,
Gloucestershire,59,89,1,542fd5a6,025a092b,b970a03f,1,0,1,0,
Gloucestershire,60,90,1,b970a03f,025a092b,542fd5a6,1,0,1,0,
Gloucestershire,61,91,1,542fd5a6,025a092b,b970a03f,1,0,1,0,
Gloucestershire,62,92,1,b970a03f,025a092b,542fd5a6,1,0,1,0,
Gloucestershire,63,96,1,b970a03f,cf73ad76,542fd5a6,4,0,4,0,
Gloucestershire,64,97,1,b970a03f,cf73ad76,542fd5a6,0,1,1,0,
Gloucestershire,65,98,1,b970a03f,cf73ad76,542fd5a6,1,0,1,0,
Gloucestershire,66,98,1,542fd5a6,cf73ad76,b970a03f,0,0,0,0,
Gloucestershire,67,98,1,542fd5a6,cf73ad76,b970a03f,0,0,0,0,
Gloucestershire,68,104,1,542fd5a6,cf73ad76,b970a03f,6,0,6,0,
Gloucestershire,69,105,1,542fd5a6,cf73ad76,b970a03f,1,0,1,0,
Gloucestershire,70,106,1,542fd5a6,025a092b,b970a03f,1,0,1,0,
Gloucestershire,71,106,2,b970a03f,025a092b,542fd5a6,0,0,0,1,caught
Gloucestershire,72,107,2,542fd5a6,025a092b,1ad0b441,1,0,1,0,
Gloucestershire,73,108,2,1ad0b441,025a092b,542fd5a6,1,0,1,0,
Gloucestershire,74,109,2,542fd5a6,025a092b,1ad0b441,1,0,1,0,
Gloucestershire,75,109,2,1ad0b441,025a092b,542fd5a6,0,0,0,0,
Gloucestershire,76,110,2,542fd5a6,7cdecc31,1ad0b441,1,0,1,0,
Gloucestershire,77,110,2,1ad0b441,7cdecc31,542fd5a6,0,0,0,0,
Gloucestershire,78,116,2,1ad0b441,7cdecc31,542fd5a6,6,0,6,0,
Gloucestershire,79,122,2,1ad0b441,7cdecc31,542fd5a6,6,0,6,0,
Gloucestershire,80,123,2,1ad0b441,7cdecc31,542fd5a6,0,1,1,0,
Gloucestershire,81,124,2,1ad0b441,7cdecc31,542fd5a6,1,0,1,0,
Gloucestershire,82,127,2,542fd5a6,7cdecc31,1ad0b441,1,2,3,0,
Gloucestershire,83,133,2,1ad0b441,7cdecc31,542fd5a6,6,0,6,0,
Gloucestershire,84,134,2,542fd5a6,cf494ffe,1ad0b441,1,0,1,0,
Gloucestershire,85,140,2,1ad0b441,cf494ffe,542fd5a6,6,0,6,0,
Gloucestershire,86,140,2,1ad0b441,cf494ffe,542fd5a6,0,0,0,0,
Gloucestershire,87,141,2,1ad0b441,cf494ffe,542fd5a6,1,0,1,0,
Gloucestershire,88,142,2,542fd5a6,cf494ffe,1ad0b441,1,0,1,0,
Gloucestershire,89,146,2,1ad0b441,cf494ffe,542fd5a6,4,0,4,0,
Gloucestershire,90,148,2,542fd5a6,dda5aae5,1ad0b441,2,0,2,0,
Gloucestershire,91,148,2,542fd5a6,dda5aae5,1ad0b441,0,0,0,0,
Gloucestershire,92,154,2,542fd5a6,dda5aae5,1ad0b441,6,0,6,0,
Gloucestershire,93,154,2,542fd5a6,dda5aae5,1ad0b441,0,0,0,0,
Gloucestershire,94,160,2,542fd5a6,dda5aae5,1ad0b441,6,0,6,0,
Gloucestershire,95,160,2,542fd5a6,dda5aae5,1ad0b441,0,0,0,0,
Gloucestershire,96,160,3,1ad0b441,ccdd8308,542fd5a6,0,0,0,1,caught
Gloucestershire,97,161,3,542fd5a6,ccdd8308,aed5be04,0,1,1,0,
Gloucestershire,98,162,3,542fd5a6,ccdd8308,aed5be04,0,1,1,0,
Gloucestershire,99,163,3,542fd5a6,ccdd8308,aed5be04,1,0,1,0,
Gloucestershire,100,167,3,aed5be04,ccdd8308,542fd5a6,4,0,4,0,
Gloucestershire,101,171,3,aed5be04,ccdd8308,542fd5a6,4,0,4,0,
Gloucestershire,102,172,3,aed5be04,ccdd8308,542fd5a6,1,0,1,0,
Gloucestershire,103,173,3,542fd5a6,ccdd8308,aed5be04,0,1,1,0,
Gloucestershire,104,179,3,542fd5a6,dda5aae5,aed5be04,6,0,6,0,
Gloucestershire,105,183,3,542fd5a6,dda5aae5,aed5be04,4,0,4,0,
Gloucestershire,106,184,3,542fd5a6,dda5aae5,aed5be04,1,0,1,0,
Gloucestershire,107,188,3,aed5be04,dda5aae5,542fd5a6,4,0,4,0,
Gloucestershire,108,192,3,aed5be04,dda5aae5,542fd5a6,4,0,4,0,
Gloucestershire,109,193,3,aed5be04,dda5aae5,542fd5a6,1,0,1,0,
Gloucestershire,110,199,3,aed5be04,cf73ad76,542fd5a6,6,0,6,0,
Gloucestershire,111,200,3,aed5be04,cf73ad76,542fd5a6,1,0,1,0,
Gloucestershire,112,204,3,542fd5a6,cf73ad76,aed5be04,4,0,4,0,
Gloucestershire,113,205,3,542fd5a6,cf73ad76,aed5be04,1,0,1,0,
Gloucestershire,114,206,3,aed5be04,cf73ad76,542fd5a6,1,0,1,0,
Gloucestershire,115,208,3,542fd5a6,cf73ad76,aed5be04,2,0,2,0,
Gloucestershire,116,209,3,aed5be04,7cdecc31,542fd5a6,0,1,1,0,
Gloucestershire,117,215,3,542fd5a6,7cdecc31,aed5be04,6,0,6,0,
Gloucestershire,118,219,3,542fd5a6,7cdecc31,aed5be04,4,0,4,0,
Gloucestershire,119,219,3,542fd5a6,7cdecc31,aed5be04,0,0,0,0,
Gloucestershire,120,225,3,542fd5a6,7cdecc31,aed5be04,6,0,6,0,
Gloucestershire,121,226,3,542fd5a6,7cdecc31,aed5be04,1,0,1,0,
Gloucestershire,122,227,3,542fd5a6,cf73ad76,aed5be04,1,0,1,0,
Gloucestershire,123,228,3,aed5be04,cf73ad76,542fd5a6,1,0,1,0,
Gloucestershire,124,232,3,542fd5a6,cf73ad76,aed5be04,4,0,4,0,
Gloucestershire,125,238,3,542fd5a6,cf73ad76,aed5be04,6,0,6,0,
Gloucestershire,126,242,3,542fd5a6,cf73ad76,aed5be04,4,0,4,0,
Gloucestershire,127,242,4,542fd5a6,cf73ad76,aed5be04,0,0,0,1,caught
Middlesex,1,0,0,cf494ffe,6c79c098,ad9c32a2,0,0,0,0,
Middlesex,2,1,0,cf494ffe,6c79c098,ad9c32a2,0,1,1,0,
Middlesex,3,2,0,cf494ffe,6c79c098,ad9c32a2,1,0,1,0,
Middlesex,4,6,0,ad9c32a2,6c79c098,cf494ffe,4,0,4,0,
Middlesex,5,7,0,ad9c32a2,6c79c098,cf494ffe,1,0,1,0,
Middlesex,6,7,0,cf494ffe,6c79c098,ad9c32a2,0,0,0,0,
Middlesex,7,7,0,cf494ffe,6c79c098,ad9c32a2,0,0,0,0,
Middlesex,8,8,0,ad9c32a2,ad212f96,cf494ffe,1,0,1,0,
Middlesex,9,10,0,cf494ffe,ad212f96,ad9c32a2,2,0,2,0,
Middlesex,10,10,0,cf494ffe,ad212f96,ad9c32a2,0,0,0,0,
Middlesex,11,14,0,cf494ffe,ad212f96,ad9c32a2,4,0,4,0,
Middlesex,12,18,0,cf494ffe,ad212f96,ad9c32a2,4,0,4,0,
Middlesex,13,22,0,cf494ffe,ad212f96,ad9c32a2,4,0,4,0,
Middlesex,14,23,0,ad9c32a2,6c79c098,cf494ffe,1,0,1,0,
Middlesex,15,29,0,cf494ffe,6c79c098,ad9c32a2,6,0,6,0,
Middlesex,16,29,1,cf494ffe,6c79c098,ad9c32a2,0,0,0,1,caught
Middlesex,17,30,1,ad9c32a2,6c79c098,dda5aae5,1,0,1,0,
Middlesex,18,30,1,dda5aae5,6c79c098,ad9c32a2,0,0,0,0,
Middlesex,19,31,1,dda5aae5,6c79c098,ad9c32a2,1,0,1,0,
Middlesex,20,31,1,dda5aae5,ad212f96,ad9c32a2,0,0,0,0,
Middlesex,21,35,1,dda5aae5,ad212f96,ad9c32a2,4,0,4,0,
Middlesex,22,36,1,dda5aae5,ad212f96,ad9c32a2,0,1,1,0,
Middlesex,23,37,1,dda5aae5,ad212f96,ad9c32a2,1,0,1,0,
Middlesex,24,43,1,ad9c32a2,ad212f96,dda5aae5,6,0,6,0,
Middlesex,25,44,1,ad9c32a2,ad212f96,dda5aae5,1,0,1,0,
Middlesex,26,45,1,dda5aae5,ad212f96,ad9c32a2,1,0,1,0,
Middlesex,27,45,1,dda5aae5,7c7d63a2,ad9c32a2,0,0,0,0,
Middlesex,28,49,1,dda5aae5,7c7d63a2,ad9c32a2,4,0,4,0,
Middlesex,29,55,1,dda5aae5,7c7d63a2,ad9c32a2,6,0,6,0,
Middlesex,30,59,1,dda5aae5,7c7d63a2,ad9c32a2,4,0,4,0,
Middlesex,31,60,1,dda5aae5,7c7d63a2,ad9c32a2,1,0,1,0,
Middlesex,32,60,2,ad9c32a2,7c7d63a2,dda5aae5,0,0,0,1,caught
Middlesex,33,61,2,d2a6c0e6,1ad0b441,dda5aae5,1,0,1,0,
Middlesex,34,61,2,dda5aae5,1ad0b441,d2a6c0e6,0,0,0,0,
Middlesex,35,61,3,dda5aae5,1ad0b441,d2a6c0e6,0,0,0,1,caught
Middlesex,36,61,3,d2a6c0e6,1ad0b441,75cbed9b,0,0,0,0,
Middlesex,37,61,3,d2a6c0e6,1ad0b441,75cbed9b,0,0,0,0,
Middlesex,38,61,3,d2a6c0e6,1ad0b441,75cbed9b,0,0,0,0,
Middlesex,39,61,3,75cbed9b,0bec3a6c,d2a6c0e6,0,0,0,0,
Middlesex,40,62,3,75cbed9b,0bec3a6c,d2a6c0e6,1,0,1,0,
Middlesex,41,62,3,d2a6c0e6,0bec3a6c,75cbed9b,0,0,0,0,
Middlesex,42,68,3,d2a6c0e6,0bec3a6c,75cbed9b,6,0,6,0,
Middlesex,43,69,3,d2a6c0e6,0bec3a6c,75cbed9b,1,0,1,0,
Middlesex,44,69,3,75cbed9b,0bec3a6c,d2a6c0e6,0,0,0,0,
Middlesex,45,70,3,d2a6c0e6,1ad0b441,75cbed9b,1,0,1,0,
Middlesex,46,71,3,75cbed9b,1ad0b441,d2a6c0e6,1,0,1,0,
Middlesex,47,72,3,d2a6c0e6,1ad0b441,75cbed9b,1,0,1,0,
Middlesex,48,73,3,75cbed9b,1ad0b441,d2a6c0e6,1,0,1,0,
Middlesex,49,74,3,d2a6c0e6,1ad0b441,75cbed9b,1,0,1,0,
Middlesex,50,75,3,75cbed9b,1ad0b441,d2a6c0e6,1,0,1,0,
Middlesex,51,76,3,75cbed9b,0bec3a6c,d2a6c0e6,1,0,1,0,
Middlesex,52,77,3,d2a6c0e6,0bec3a6c,75cbed9b,1,0,1,0,
Middlesex,53,83,3,75cbed9b,0bec3a6c,d2a6c0e6,6,0,6,0,
Middlesex,54,84,3,75cbed9b,0bec3a6c,d2a6c0e6,1,0,1,0,
Middlesex,55,84,3,d2a6c0e6,0bec3a6c,75cbed9b,0,0,0,0,
Middlesex,56,85,3,d2a6c0e6,0bec3a6c,75cbed9b,1,0,1,0,
Middlesex,57,86,3,d2a6c0e6,1ad0b441,75cbed9b,1,0,1,0,
Middlesex,58,87,3,75cbed9b,1ad0b441,d2a6c0e6,1,0,1,0,
Middlesex,59,88,3,d2a6c0e6,1ad0b441,75cbed9b,1,0,1,0,
Middlesex,60,90,3,75cbed9b,1ad0b441,d2a6c0e6,2,0,2,0,
Middlesex,61,91,3,75cbed9b,1ad0b441,d2a6c0e6,1,0,1,0,
Middlesex,62,92,3,d2a6c0e6,1ad0b441,75cbed9b,1,0,1,0,
Middlesex,63,98,3,d2a6c0e6,0bec3a6c,75cbed9b,6,0,6,0,
Middlesex,64,99,3,d2a6c0e6,0bec3a6c,75cbed9b,1,0,1,0,
Middlesex,65,100,3,75cbed9b,0bec3a6c,d2a6c0e6,1,0,1,0,
Middlesex,66,101,3,d2a6c0e6,0bec3a6c,75cbed9b,1,0,1,0,
Middlesex,67,105,3,75cbed9b,0bec3a6c,d2a6c0e6,4,0,4,0,
Middlesex,68,107,3,75cbed9b,0bec3a6c,d2a6c0e6,2,0,2,0,
Middlesex,69,108,3,d2a6c0e6,7c7d63a2,75cbed9b,1,0,1,0,
Middlesex,70,109,3,75cbed9b,7c7d63a2,d2a6c0e6,1,0,1,0,
Middlesex,71,109,3,d2a6c0e6,7c7d63a2,75cbed9b,0,0,0,0,
Middlesex,72,110,3,d2a6c0e6,7c7d63a2,75cbed9b,1,0,1,0,
Middlesex,73,111,3,75cbed9b,7c7d63a2,d2a6c0e6,1,0,1,0,
Middlesex,74,111,3,d2a6c0e6,7c7d63a2,75cbed9b,0,0,0,0,
Middlesex,75,117,3,75cbed9b,6c79c098,d2a6c0e6,6,0,6,0,
Middlesex,76,118,3,75cbed9b,6c79c098,d2a6c0e6,1,0,1,0,
Middlesex,77,119,3,d2a6c0e6,6c79c098,75cbed9b,1,0,1,0,
Middlesex,78,120,3,75cbed9b,6c79c098,d2a6c0e6,1,0,1,0,
Middlesex,79,120,3,d2a6c0e6,6c79c098,75cbed9b,0,0,0,0,
Middlesex,80,122,3,d2a6c0e6,6c79c098,75cbed9b,2,0,2,0,
Middlesex,81,126,3,75cbed9b,ad212f96,d2a6c0e6,4,0,4,0,
Middlesex,82,128,3,75cbed9b,ad212f96,d2a6c0e6,2,0,2,0,
Middlesex,83,130,3,75cbed9b,ad212f96,d2a6c0e6,2,0,2,0,
Middlesex,84,132,3,75cbed9b,ad212f96,d2a6c0e6,2,0,2,0,
Middlesex,85,133,3,75cbed9b,ad212f96,d2a6c0e6,1,0,1,0,
Middlesex,86,139,3,d2a6c0e6,ad212f96,75cbed9b,6,0,6,0,
Middlesex,87,139,3,75cbed9b,0bec3a6c,d2a6c0e6,0,0,0,0,
Middlesex,88,143,3,75cbed9b,0bec3a6c,d2a6c0e6,4,0,4,0,
Middlesex,89,144,3,75cbed9b,0bec3a6c,d2a6c0e6,1,0,1,0,
Middlesex,90,144,3,d2a6c0e6,0bec3a6c,75cbed9b,0,0,0,0,
Middlesex,91,145,3,d2a6c0e6,0bec3a6c,75cbed9b,1,0,1,0,
Middlesex,92,146,3,75cbed9b,0bec3a6c,d2a6c0e6,1,0,1,0,
Middlesex,93,147,3,75cbed9b,1ad0b441,d2a6c0e6,1,0,1,0,
Middlesex,94,147,4,d2a6c0e6,1ad0b441,75cbed9b,0,0,0,1,caught
Middlesex,95,147,5,75cbed9b,1ad0b441,cf73ad76,0,0,0,1,bowled
Middlesex,96,148,5,c2b6764d,1ad0b441,cf73ad76,1,0,1,0,
Middlesex,97,149,5,cf73ad76,1ad0b441,c2b6764d,1,0,1,0,
Middlesex,98,150,5,c2b6764d,1ad0b441,cf73ad76,1,0,1,0,
Middlesex,99,150,5,c2b6764d,7c7d63a2,cf73ad76,0,0,0,0,
Middlesex,100,151,5,c2b6764d,7c7d63a2,cf73ad76,1,0,1,0,
Middlesex,101,151,5,cf73ad76,7c7d63a2,c2b6764d,0,0,0,0,
Middlesex,102,153,5,cf73ad76,7c7d63a2,c2b6764d,2,0,2,0,
Middlesex,103,154,5,cf73ad76,7c7d63a2,c2b6764d,1,0,1,0,
Middlesex,104,154,5,c2b6764d,7c7d63a2,cf73ad76,0,0,0,0,
Middlesex,105,155,5,cf73ad76,ad212f96,c2b6764d,1,0,1,0,
Middlesex,106,155,5,c2b6764d,ad212f96,cf73ad76,0,0,0,0,
Middlesex,107,155,6,c2b6764d,ad212f96,cf73ad76,0,0,0,1,caught
Middlesex,108,156,6,cf73ad76,ad212f96,47f7b2cf,1,0,1,0,
Middlesex,109,157,6,47f7b2cf,ad212f96,cf73ad76,1,0,1,0,
Middlesex,110,159,6,cf73ad76,ad212f96,47f7b2cf,2,0,2,0,
Middlesex,111,163,6,47f7b2cf,6c79c098,cf73ad76,4,0,4,0,
Middlesex,112,163,6,47f7b2cf,6c79c098,cf73ad76,0,0,0,0,
Middlesex,113,163,6,47f7b2cf,6c79c098,cf73ad76,0,0,0,0,
Middlesex,114,164,6,47f7b2cf,6c79c098,cf73ad76,1,0,1,0,
Middlesex,115,164,6,cf73ad76,6c79c098,47f7b2cf,0,0,0,0,
Middlesex,116,165,6,cf73ad76,6c79c098,47f7b2cf,0,1,1,0,
Middlesex,117,166,6,cf73ad76,7c7d63a2,47f7b2cf,1,0,1,0,
Middlesex,118,168,6,47f7b2cf,7c7d63a2,cf73ad76,2,0,2,0,
Middlesex,119,170,6,47f7b2cf,7c7d63a2,cf73ad76,2,0,2,0,
Middlesex,120,170,6,47f7b2cf,7c7d63a2,cf73ad76,0,0,0,0,
Middlesex,121,171,6,47f7b2cf,7c7d63a2,cf73ad76,1,0,1,0,
Middlesex,122,172,6,cf73ad76,7c7d63a2,47f7b2cf,1,0,1,0,
