batting_team,ball_number,total_team_runs,total_team_wickets,striker_ID,bowler_ID,nonstriker_ID,batter_runs,extras_runs,total_delivery_runs,wicket,wicket_type
Bangladesh,1,1,0,724645f5,d3b4b8ed,2f899a44,0,1,1,0,
Bangladesh,2,1,0,724645f5,d3b4b8ed,2f899a44,0,0,0,0,
Bangladesh,3,5,0,724645f5,d3b4b8ed,2f899a44,4,0,4,0,
Bangladesh,4,5,0,724645f5,d3b4b8ed,2f899a44,0,0,0,0,
Bangladesh,5,5,0,724645f5,d3b4b8ed,2f899a44,0,0,0,0,
Bangladesh,6,5,0,724645f5,d3b4b8ed,2f899a44,0,0,0,0,
Bangladesh,7,5,0,724645f5,d3b4b8ed,2f899a44,0,0,0,0,
Bangladesh,8,6,0,2f899a44,50ee0500,724645f5,1,0,1,0,
Bangladesh,9,8,0,724645f5,50ee0500,2f899a44,2,0,2,0,
Bangladesh,10,12,0,724645f5,50ee0500,2f899a44,4,0,4,0,
Bangladesh,11,13,0,724645f5,50ee0500,2f899a44,1,0,1,0,
Bangladesh,12,13,0,2f899a44,50ee0500,724645f5,0,0,0,0,
Bangladesh,13,14,0,2f899a44,50ee0500,724645f5,1,0,1,0,
Bangladesh,14,14,0,2f899a44,d58fdb42,724645f5,0,0,0,0,
Bangladesh,15,14,0,2f899a44,d58fdb42,724645f5,0,0,0,0,
Bangladesh,16,15,0,2f899a44,d58fdb42,724645f5,0,1,1,0,
Bangladesh,17,15,0,2f899a44,d58fdb42,724645f5,0,0,0,0,
Bangladesh,18,19,0,2f899a44,d58fdb42,724645f5,4,0,4,0,
Bangladesh,19,20,0,2f899a44,d58fdb42,724645f5,1,0,1,0,
Bangladesh,20,21,0,724645f5,d58fdb42,2f899a44,1,0,1,0,
Bangladesh,21,22,0,724645f5,69a9bb78,2f899a44,0,1,1,0,
Bangladesh,22,22,0,724645f5,69a9bb78,2f899a44,0,0,0,0,
Bangladesh,23,22,0,724645f5,69a9bb78,2f899a44,0,0,0,0,
Bangladesh,24,22,0,724645f5,69a9bb78,2f899a44,0,0,0,0,
Bangladesh,25,22,0,724645f5,69a9bb78,2f899a44,0,0,0,0,
Bangladesh,26,23,0,724645f5,69a9bb78,2f899a44,0,1,1,0,
Bangladesh,27,27,0,724645f5,69a9bb78,2f899a44,4,0,4,0,
Bangladesh,28,28,0,724645f5,69a9bb78,2f899a44,0,1,1,0,
Bangladesh,29,28,1,724645f5,69a9bb78,2f899a44,0,0,0,1,caught
Bangladesh,30,28,1,2f899a44,0b69a844,6e96c956,0,0,0,0,
Bangladesh,31,28,1,2f899a44,0b69a844,6e96c956,0,0,0,0,
Bangladesh,32,28,1,2f899a44,0b69a844,6e96c956,0,0,0,0,
Bangladesh,33,28,1,2f899a44,0b69a844,6e96c956,0,0,0,0,
Bangladesh,34,29,1,2f899a44,0b69a844,6e96c956,1,0,1,0,
Bangladesh,35,29,1,6e96c956,0b69a844,2f899a44,0,0,0,0,
Bangladesh,36,30,1,2f899a44,d58fdb42,6e96c956,1,0,1,0,
Bangladesh,37,31,1,6e96c956,d58fdb42,2f899a44,1,0,1,0,
Bangladesh,38,31,1,2f899a44,d58fdb42,6e96c956,0,0,0,0,
Bangladesh,39,35,1,2f899a44,d58fdb42,6e96c956,4,0,4,0,
Bangladesh,40,35,1,2f899a44,d58fdb42,6e96c956,0,0,0,0,
Bangladesh,41,36,1,2f899a44,d58fdb42,6e96c956,1,0,1,0,
Bangladesh,42,40,1,2f899a44,0b69a844,6e96c956,4,0,4,0,
Bangladesh,43,40,1,2f899a44,0b69a844,6e96c956,0,0,0,0,
Bangladesh,44,42,1,2f899a44,0b69a844,6e96c956,2,0,2,0,
Bangladesh,45,42,1,2f899a44,0b69a844,6e96c956,0,0,0,0,
Bangladesh,46,42,1,2f899a44,0b69a844,6e96c956,0,0,0,0,
Bangladesh,47,42,1,2f899a44,0b69a844,6e96c956,0,0,0,0,
Bangladesh,48,43,1,6e96c956,b4f73b44,2f899a44,1,0,1,0,
Bangladesh,49,43,1,2f899a44,b4f73b44,6e96c956,0,0,0,0,
Bangladesh,50,43,1,2f899a44,b4f73b44,6e96c956,0,0,0,0,
Bangladesh,51,49,1,2f899a44,b4f73b44,6e96c956,6,0,6,0,
Bangladesh,52,49,1,2f899a44,b4f73b44,6e96c956,0,0,0,0,
Bangladesh,53,49,1,2f899a44,b4f73b44,6e96c956,0,0,0,0,
Bangladesh,54,50,1,6e96c956,d3b4b8ed,2f899a44,1,0,1,0,
Bangladesh,55,51,1,2f899a44,d3b4b8ed,6e96c956,1,0,1,0,
Bangladesh,56,52,1,6e96c956,d3b4b8ed,2f899a44,1,0,1,0,
Bangladesh,57,53,1,2f899a44,d3b4b8ed,6e96c956,1,0,1,0,
Bangladesh,58,54,1,6e96c956,d3b4b8ed,2f899a44,1,0,1,0,
Bangladesh,59,60,1,2f899a44,d3b4b8ed,6e96c956,6,0,6,0,
Bangladesh,60,60,1,6e96c956,b4f73b44,2f899a44,0,0,0,0,
Bangladesh,61,61,1,6e96c956,b4f73b44,2f899a44,1,0,1,0,
Bangladesh,62,61,1,2f899a44,b4f73b44,6e96c956,0,0,0,0,
Bangladesh,63,62,1,2f899a44,b4f73b44,6e96c956,1,0,1,0,
Bangladesh,64,63,1,6e96c956,b4f73b44,2f899a44,1,0,1,0,
Bangladesh,65,64,1,2f899a44,b4f73b44,6e96c956,0,1,1,0,
Bangladesh,66,64,1,2f899a44,b4f73b44,6e96c956,0,0,0,0,
Bangladesh,67,66,1,6e96c956,50ee0500,2f899a44,2,0,2,0,
Bangladesh,68,68,1,6e96c956,50ee0500,2f899a44,2,0,2,0,
Bangladesh,69,69,1,6e96c956,50ee0500,2f899a44,1,0,1,0,
Bangladesh,70,70,1,2f899a44,50ee0500,6e96c956,1,0,1,0,
Bangladesh,71,71,1,6e96c956,50ee0500,2f899a44,1,0,1,0,
Bangladesh,72,71,1,2f899a44,50ee0500,6e96c956,0,0,0,0,
Bangladesh,73,72,1,6e96c956,69a9bb78,2f899a44,0,1,1,0,
Bangladesh,74,73,1,6e96c956,69a9bb78,2f899a44,1,0,1,0,
Bangladesh,75,74,1,2f899a44,69a9bb78,6e96c956,1,0,1,0,
Bangladesh,76,76,1,6e96c956,69a9bb78,2f899a44,2,0,2,0,
Bangladesh,77,77,1,6e96c956,69a9bb78,2f899a44,0,1,1,0,
Bangladesh,78,78,1,6e96c956,69a9bb78,2f899a44,1,0,1,0,
Bangladesh,79,79,1,2f899a44,69a9bb78,6e96c956,0,1,1,0,
Bangladesh,80,80,1,2f899a44,69a9bb78,6e96c956,1,0,1,0,
Bangladesh,81,80,2,6e96c956,69a9bb78,2f899a44,0,0,0,1,bowled
Bangladesh,82,84,2,2f899a44,d58fdb42,3827f6a2,4,0,4,0,
Bangladesh,83,88,2,2f899a44,d58fdb42,3827f6a2,4,0,4,0,
Bangladesh,84,88,3,2f899a44,d58fdb42,3827f6a2,0,0,0,1,bowled
Bangladesh,85,88,3,12755a62,d58fdb42,3827f6a2,0,0,0,0,
Bangladesh,86,88,4,12755a62,d58fdb42,3827f6a2,0,0,0,1,run out
Bangladesh,87,88,4,a92763ea,d58fdb42,3827f6a2,0,0,0,0,
Bangladesh,88,89,4,3827f6a2,0b69a844,a92763ea,1,0,1,0,
Bangladesh,89,89,4,a92763ea,0b69a844,3827f6a2,0,0,0,0,
Bangladesh,90,89,4,a92763ea,0b69a844,3827f6a2,0,0,0,0,
Bangladesh,91,90,4,a92763ea,0b69a844,3827f6a2,1,0,1,0,
Bangladesh,92,90,4,3827f6a2,0b69a844,a92763ea,0,0,0,0,
Bangladesh,93,91,4,3827f6a2,0b69a844,a92763ea,1,0,1,0,
Bangladesh,94,91,4,3827f6a2,d58fdb42,a92763ea,0,0,0,0,
Bangladesh,95,92,4,3827f6a2,d58fdb42,a92763ea,1,0,1,0,
Bangladesh,96,92,4,a92763ea,d58fdb42,3827f6a2,0,0,0,0,
Bangladesh,97,92,5,a92763ea,d58fdb42,3827f6a2,0,0,0,1,stumped
Bangladesh,98,93,5,558cdd64,d58fdb42,3827f6a2,1,0,1,0,
Bangladesh,99,93,5,3827f6a2,d58fdb42,558cdd64,0,0,0,0,
Bangladesh,100,93,5,558cdd64,b4f73b44,3827f6a2,0,0,0,0,
Bangladesh,101,93,5,558cdd64,b4f73b44,3827f6a2,0,0,0,0,
Bangladesh,102,94,5,558cdd64,b4f73b44,3827f6a2,0,1,1,0,
Bangladesh,103,95,5,3827f6a2,b4f73b44,558cdd64,0,1,1,0,
Bangladesh,104,97,5,3827f6a2,b4f73b44,558cdd64,2,0,2,0,
Bangladesh,105,97,5,3827f6a2,b4f73b44,558cdd64,0,0,0,0,
Bangladesh,106,97,6,3827f6a2,b4f73b44,558cdd64,0,0,0,1,caught
Bangladesh,107,98,6,752183c1,0b69a844,558cdd64,1,0,1,0,
Bangladesh,108,99,6,558cdd64,0b69a844,752183c1,0,1,1,0,
Bangladesh,109,101,6,558cdd64,0b69a844,752183c1,2,0,2,0,
Bangladesh,110,102,6,558cdd64,0b69a844,752183c1,1,0,1,0,
Bangladesh,111,103,6,752183c1,0b69a844,558cdd64,1,0,1,0,
Bangladesh,112,104,6,558cdd64,0b69a844,752183c1,1,0,1,0,
Bangladesh,113,105,6,752183c1,0b69a844,558cdd64,1,0,1,0,
Bangladesh,114,106,6,752183c1,69a9bb78,558cdd64,1,0,1,0,
Bangladesh,115,106,6,558cdd64,69a9bb78,752183c1,0,0,0,0,
Bangladesh,116,106,7,558cdd64,69a9bb78,752183c1,0,0,0,1,bowled
Bangladesh,117,106,7,037f2b86,69a9bb78,752183c1,0,0,0,0,
Bangladesh,118,107,7,037f2b86,69a9bb78,752183c1,1,0,1,0,
Bangladesh,119,110,7,752183c1,69a9bb78,037f2b86,3,0,3,0,
Bangladesh,120,110,7,752183c1,b4f73b44,037f2b86,0,0,0,0,
Bangladesh,121,111,7,752183c1,b4f73b44,037f2b86,1,0,1,0,
Bangladesh,122,112,7,037f2b86,b4f73b44,752183c1,1,0,1,0,
Bangladesh,123,113,7,752183c1,b4f73b44,037f2b86,1,0,1,0,
Bangladesh,124,114,7,037f2b86,b4f73b44,752183c1,1,0,1,0,
Bangladesh,125,115,7,752183c1,b4f73b44,037f2b86,1,0,1,0,
Bangladesh,126,116,7,752183c1,69a9bb78,037f2b86,1,0,1,0,
Bangladesh,127,120,7,037f2b86,69a9bb78,752183c1,4,0,4,0,
Bangladesh,128,120,8,037f2b86,69a9bb78,752183c1,0,0,0,1,run out
Bangladesh,129,120,9,005f0561,69a9bb78,752183c1,0,0,0,1,bowled
Bangladesh,130,121,9,66078174,69a9bb78,752183c1,1,0,1,0,
Bangladesh,131,122,9,752183c1,69a9bb78,66078174,1,0,1,0,
Ireland,1,0,0,60e11a00,752183c1,56418eae,0,0,0,0,
Ireland,2,0,0,60e11a00,752183c1,56418eae,0,0,0,0,
Ireland,3,1,0,60e11a00,752183c1,56418eae,0,1,1,0,
Ireland,4,2,0,56418eae,752183c1,60e11a00,0,1,1,0,
Ireland,5,2,0,56418eae,752183c1,60e11a00,0,0,0,0,
Ireland,6,2,0,56418eae,752183c1,60e11a00,0,0,0,0,
Ireland,7,2,0,56418eae,752183c1,60e11a00,0,0,0,0,
Ireland,8,3,0,60e11a00,037f2b86,56418eae,1,0,1,0,
Ireland,9,4,0,56418eae,037f2b86,60e11a00,1,0,1,0,
Ireland,10,6,0,60e11a00,037f2b86,56418eae,2,0,2,0,
Ireland,11,6,0,60e11a00,037f2b86,56418eae,0,0,0,0,
Ireland,12,6,0,60e11a00,037f2b86,56418eae,0,0,0,0,
Ireland,13,7,0,60e11a00,037f2b86,56418eae,1,0,1,0,
Ireland,14,8,0,60e11a00,752183c1,56418eae,1,0,1,0,
Ireland,15,8,1,56418eae,752183c1,60e11a00,0,0,0,1,caught
Ireland,16,8,1,1b9d1579,752183c1,60e11a00,0,0,0,0,
Ireland,17,8,1,1b9d1579,752183c1,60e11a00,0,0,0,0,
Ireland,18,8,1,1b9d1579,752183c1,60e11a00,0,0,0,0,
Ireland,19,9,1,1b9d1579,752183c1,60e11a00,0,1,1,0,
Ireland,20,9,1,1b9d1579,752183c1,60e11a00,0,0,0,0,
Ireland,21,10,1,60e11a00,037f2b86,1b9d1579,0,1,1,0,
Ireland,22,14,1,1b9d1579,037f2b86,60e11a00,4,0,4,0,
Ireland,23,14,1,1b9d1579,037f2b86,60e11a00,0,0,0,0,
Ireland,24,14,1,1b9d1579,037f2b86,60e11a00,0,0,0,0,
Ireland,25,18,1,1b9d1579,037f2b86,60e11a00,4,0,4,0,
Ireland,26,18,1,1b9d1579,037f2b86,60e11a00,0,0,0,0,
Ireland,27,22,1,60e11a00,752183c1,1b9d1579,4,0,4,0,
Ireland,28,26,1,60e11a00,752183c1,1b9d1579,4,0,4,0,
Ireland,29,26,1,60e11a00,752183c1,1b9d1579,0,0,0,0,
Ireland,30,27,1,60e11a00,752183c1,1b9d1579,1,0,1,0,
Ireland,31,27,1,1b9d1579,752183c1,60e11a00,0,0,0,0,
Ireland,32,27,1,1b9d1579,752183c1,60e11a00,0,0,0,0,
Ireland,33,27,2,60e11a00,005f0561,1b9d1579,0,0,0,1,bowled
Ireland,34,27,2,b4f73b44,005f0561,1b9d1579,0,0,0,0,
Ireland,35,27,2,b4f73b44,005f0561,1b9d1579,0,0,0,0,
Ireland,36,27,3,b4f73b44,005f0561,1b9d1579,0,0,0,1,bowled
Ireland,37,27,3,d3b4b8ed,005f0561,1b9d1579,0,0,0,0,
Ireland,38,27,3,d3b4b8ed,005f0561,1b9d1579,0,0,0,0,
Ireland,39,28,3,1b9d1579,66078174,d3b4b8ed,1,0,1,0,
Ireland,40,28,3,d3b4b8ed,66078174,1b9d1579,0,0,0,0,
Ireland,41,32,3,d3b4b8ed,66078174,1b9d1579,4,0,4,0,
Ireland,42,33,3,d3b4b8ed,66078174,1b9d1579,1,0,1,0,
Ireland,43,33,3,1b9d1579,66078174,d3b4b8ed,0,0,0,0,
Ireland,44,34,3,1b9d1579,66078174,d3b4b8ed,1,0,1,0,
Ireland,45,34,3,1b9d1579,005f0561,d3b4b8ed,0,0,0,0,
Ireland,46,34,3,1b9d1579,005f0561,d3b4b8ed,0,0,0,0,
Ireland,47,38,3,1b9d1579,005f0561,d3b4b8ed,4,0,4,0,
Ireland,48,42,3,1b9d1579,005f0561,d3b4b8ed,4,0,4,0,
Ireland,49,43,3,1b9d1579,005f0561,d3b4b8ed,1,0,1,0,
Ireland,50,43,3,d3b4b8ed,005f0561,1b9d1579,0,0,0,0,
Ireland,51,45,3,1b9d1579,66078174,d3b4b8ed,2,0,2,0,
Ireland,52,45,3,1b9d1579,66078174,d3b4b8ed,0,0,0,0,
Ireland,53,45,3,1b9d1579,66078174,d3b4b8ed,0,0,0,0,
Ireland,54,45,3,1b9d1579,66078174,d3b4b8ed,0,0,0,0,
Ireland,55,46,3,1b9d1579,66078174,d3b4b8ed,1,0,1,0,
Ireland,56,46,3,d3b4b8ed,66078174,1b9d1579,0,0,0,0,
Ireland,57,46,3,1b9d1579,a92763ea,d3b4b8ed,0,0,0,0,
Ireland,58,47,3,1b9d1579,a92763ea,d3b4b8ed,1,0,1,0,
Ireland,59,47,3,d3b4b8ed,a92763ea,1b9d1579,0,0,0,0,
Ireland,60,49,3,d3b4b8ed,a92763ea,1b9d1579,2,0,2,0,
Ireland,61,50,3,d3b4b8ed,a92763ea,1b9d1579,1,0,1,0,
Ireland,62,51,3,1b9d1579,a92763ea,d3b4b8ed,1,0,1,0,
Ireland,63,52,3,1b9d1579,66078174,d3b4b8ed,1,0,1,0,
Ireland,64,52,4,d3b4b8ed,66078174,1b9d1579,0,0,0,1,bowled
Ireland,65,52,4,50ee0500,66078174,1b9d1579,0,0,0,0,
Ireland,66,52,4,50ee0500,66078174,1b9d1579,0,0,0,0,
Ireland,67,53,4,50ee0500,66078174,1b9d1579,1,0,1,0,
Ireland,68,54,4,1b9d1579,66078174,50ee0500,1,0,1,0,
Ireland,69,54,5,1b9d1579,a92763ea,50ee0500,0,0,0,1,stumped
Ireland,70,54,5,0b69a844,a92763ea,50ee0500,0,0,0,0,
Ireland,71,54,5,0b69a844,a92763ea,50ee0500,0,0,0,0,
Ireland,72,54,5,0b69a844,a92763ea,50ee0500,0,0,0,0,
Ireland,73,54,6,0b69a844,a92763ea,50ee0500,0,0,0,1,lbw
Ireland,74,54,6,7e9b3b60,a92763ea,50ee0500,0,0,0,0,
Ireland,75,55,6,50ee0500,558cdd64,7e9b3b60,0,1,1,0,
Ireland,76,59,6,50ee0500,558cdd64,7e9b3b60,4,0,4,0,
Ireland,77,63,6,50ee0500,558cdd64,7e9b3b60,4,0,4,0,
Ireland,78,64,6,50ee0500,558cdd64,7e9b3b60,0,1,1,0,
Ireland,79,65,6,50ee0500,558cdd64,7e9b3b60,1,0,1,0,
Ireland,80,66,6,7e9b3b60,558cdd64,50ee0500,1,0,1,0,
Ireland,81,67,6,50ee0500,558cdd64,7e9b3b60,1,0,1,0,
Ireland,82,67,6,7e9b3b60,558cdd64,50ee0500,0,0,0,0,
Ireland,83,68,6,50ee0500,a92763ea,7e9b3b60,1,0,1,0,
Ireland,84,69,6,7e9b3b60,a92763ea,50ee0500,1,0,1,0,
Ireland,85,73,6,50ee0500,a92763ea,7e9b3b60,4,0,4,0,
Ireland,86,74,6,50ee0500,a92763ea,7e9b3b60,1,0,1,0,
Ireland,87,76,6,7e9b3b60,a92763ea,50ee0500,2,0,2,0,
Ireland,88,76,6,7e9b3b60,a92763ea,50ee0500,0,0,0,0,
Ireland,89,78,6,50ee0500,037f2b86,7e9b3b60,2,0,2,0,
Ireland,90,80,6,50ee0500,037f2b86,7e9b3b60,2,0,2,0,
Ireland,91,80,6,50ee0500,037f2b86,7e9b3b60,0,0,0,0,
Ireland,92,80,6,50ee0500,037f2b86,7e9b3b60,0,0,0,0,
Ireland,93,81,6,50ee0500,037f2b86,7e9b3b60,1,0,1,0,
Ireland,94,81,6,7e9b3b60,037f2b86,50ee0500,0,0,0,0,
Ireland,95,81,6,50ee0500,005f0561,7e9b3b60,0,0,0,0,
Ireland,96,82,6,50ee0500,005f0561,7e9b3b60,1,0,1,0,
Ireland,97,83,6,7e9b3b60,005f0561,50ee0500,0,1,1,0,
Ireland,98,83,7,50ee0500,005f0561,7e9b3b60,0,0,0,1,caught
Ireland,99,83,7,7e9b3b60,005f0561,2e4f11e9,0,0,0,0,
Ireland,100,83,8,7e9b3b60,005f0561,2e4f11e9,0,0,0,1,caught
Ireland,101,84,8,69a9bb78,037f2b86,2e4f11e9,1,0,1,0,
Ireland,102,85,8,2e4f11e9,037f2b86,69a9bb78,1,0,1,0,
Ireland,103,85,8,69a9bb78,037f2b86,2e4f11e9,0,0,0,0,
Ireland,104,86,8,69a9bb78,037f2b86,2e4f11e9,1,0,1,0,
Ireland,105,88,8,2e4f11e9,037f2b86,69a9bb78,2,0,2,0,
Ireland,106,89,8,2e4f11e9,037f2b86,69a9bb78,1,0,1,0,
Ireland,107,93,8,2e4f11e9,005f0561,69a9bb78,4,0,4,0,
Ireland,108,94,8,2e4f11e9,005f0561,69a9bb78,1,0,1,0,
Ireland,109,95,8,69a9bb78,005f0561,2e4f11e9,1,0,1,0,
Ireland,110,95,9,2e4f11e9,005f0561,69a9bb78,0,0,0,1,bowled
Ireland,111,95,9,d58fdb42,005f0561,69a9bb78,0,0,0,0,
Ireland,112,95,9,d58fdb42,005f0561,69a9bb78,0,0,0,0,
Ireland,113,97,9,69a9bb78,66078174,d58fdb42,2,0,2,0,
Ireland,114,97,9,69a9bb78,66078174,d58fdb42,0,0,0,0,
Ireland,115,97,9,69a9bb78,66078174,d58fdb42,0,0,0,0,
Ireland,116,97,10,69a9bb78,66078174,d58fdb42,0,0,0,1,bowled
