batting_team,ball_number,total_team_runs,total_team_wickets,striker_ID,bowler_ID,nonstriker_ID,batter_runs,extras_runs,total_delivery_runs,wicket,wicket_type
Yorkshire Diamonds,1,0,0,5230a33d,907c51ab,52d1dbc8,0,0,0,0,
Yorkshire Diamonds,2,0,0,5230a33d,907c51ab,52d1dbc8,0,0,0,0,
Yorkshire Diamonds,3,1,0,5230a33d,907c51ab,52d1dbc8,1,0,1,0,
Yorkshire Diamonds,4,1,0,52d1dbc8,907c51ab,5230a33d,0,0,0,0,
Yorkshire Diamonds,5,5,0,52d1dbc8,907c51ab,5230a33d,4,0,4,0,
Yorkshire Diamonds,6,5,0,52d1dbc8,907c51ab,5230a33d,0,0,0,0,
Yorkshire Diamonds,7,5,0,5230a33d,de69af96,52d1dbc8,0,0,0,0,
Yorkshire Diamonds,8,6,0,5230a33d,de69af96,52d1dbc8,1,0,1,0,
Yorkshire Diamonds,9,7,0,52d1dbc8,de69af96,5230a33d,0,1,1,0,
Yorkshire Diamonds,10,11,0,52d1dbc8,de69af96,5230a33d,4,0,4,0,
Yorkshire Diamonds,11,11,0,52d1dbc8,de69af96,5230a33d,0,0,0,0,
Yorkshire Diamonds,12,12,0,52d1dbc8,de69af96,5230a33d,1,0,1,0,
Yorkshire Diamonds,13,13,0,5230a33d,de69af96,52d1dbc8,1,0,1,0,
Yorkshire Diamonds,14,14,0,5230a33d,340202b0,52d1dbc8,1,0,1,0,
Yorkshire Diamonds,15,15,0,52d1dbc8,340202b0,5230a33d,1,0,1,0,
Yorkshire Diamonds,16,15,0,5230a33d,340202b0,52d1dbc8,0,0,0,0,
Yorkshire Diamonds,17,19,0,5230a33d,340202b0,52d1dbc8,4,0,4,0,
Yorkshire Diamonds,18,19,1,5230a33d,340202b0,52d1dbc8,0,0,0,1,bowled
Yorkshire Diamonds,19,19,1,3b5a9438,340202b0,52d1dbc8,0,0,0,0,
Yorkshire Diamonds,20,23,1,52d1dbc8,287ed3a0,3b5a9438,4,0,4,0,
Yorkshire Diamonds,21,24,1,52d1dbc8,287ed3a0,3b5a9438,1,0,1,0,
Yorkshire Diamonds,22,24,1,3b5a9438,287ed3a0,52d1dbc8,0,0,0,0,
Yorkshire Diamonds,23,24,1,3b5a9438,287ed3a0,52d1dbc8,0,0,0,0,
Yorkshire Diamonds,24,25,1,3b5a9438,287ed3a0,52d1dbc8,1,0,1,0,
Yorkshire Diamonds,25,25,1,52d1dbc8,287ed3a0,3b5a9438,0,0,0,0,
Yorkshire Diamonds,26,25,1,3b5a9438,340202b0,52d1dbc8,0,0,0,0,
Yorkshire Diamonds,27,25,1,3b5a9438,340202b0,52d1dbc8,0,0,0,0,
Yorkshire Diamonds,28,29,1,3b5a9438,340202b0,52d1dbc8,4,0,4,0,
Yorkshire Diamonds,29,29,1,3b5a9438,340202b0,52d1dbc8,0,0,0,0,
Yorkshire Diamonds,30,29,1,3b5a9438,340202b0,52d1dbc8,0,0,0,0,
Yorkshire Diamonds,31,29,1,3b5a9438,340202b0,52d1dbc8,0,0,0,0,
Yorkshire Diamonds,32,30,1,52d1dbc8,287ed3a0,3b5a9438,1,0,1,0,
Yorkshire Diamonds,33,30,1,3b5a9438,287ed3a0,52d1dbc8,0,0,0,0,
Yorkshire Diamonds,34,32,1,3b5a9438,287ed3a0,52d1dbc8,2,0,2,0,
Yorkshire Diamonds,35,33,1,3b5a9438,287ed3a0,52d1dbc8,1,0,1,0,
Yorkshire Diamonds,36,34,1,52d1dbc8,287ed3a0,3b5a9438,0,1,1,0,
Yorkshire Diamonds,37,34,1,3b5a9438,287ed3a0,52d1dbc8,0,0,0,0,
Yorkshire Diamonds,38,36,1,52d1dbc8,00823a96,3b5a9438,2,0,2,0,
Yorkshire Diamonds,39,37,1,52d1dbc8,00823a96,3b5a9438,1,0,1,0,
Yorkshire Diamonds,40,38,1,3b5a9438,00823a96,52d1dbc8,1,0,1,0,
Yorkshire Diamonds,41,39,1,52d1dbc8,00823a96,3b5a9438,1,0,1,0,
Yorkshire Diamonds,42,39,1,3b5a9438,00823a96,52d1dbc8,0,0,0,0,
Yorkshire Diamonds,43,39,1,3b5a9438,00823a96,52d1dbc8,0,0,0,0,
Yorkshire Diamonds,44,40,1,52d1dbc8,907c51ab,3b5a9438,1,0,1,0,
Yorkshire Diamonds,45,41,1,3b5a9438,907c51ab,52d1dbc8,1,0,1,0,
Yorkshire Diamonds,46,42,1,52d1dbc8,907c51ab,3b5a9438,1,0,1,0,
Yorkshire Diamonds,47,43,1,3b5a9438,907c51ab,52d1dbc8,1,0,1,0,
Yorkshire Diamonds,48,43,1,52d1dbc8,907c51ab,3b5a9438,0,0,0,0,
Yorkshire Diamonds,49,44,1,52d1dbc8,907c51ab,3b5a9438,1,0,1,0,
Yorkshire Diamonds,50,44,1,52d1dbc8,fbd79b9b,3b5a9438,0,0,0,0,
Yorkshire Diamonds,51,48,1,52d1dbc8,fbd79b9b,3b5a9438,4,0,4,0,
Yorkshire Diamonds,52,52,1,52d1dbc8,fbd79b9b,3b5a9438,4,0,4,0,
Yorkshire Diamonds,53,54,1,52d1dbc8,fbd79b9b,3b5a9438,2,0,2,0,
Yorkshire Diamonds,54,55,1,52d1dbc8,fbd79b9b,3b5a9438,1,0,1,0,
Yorkshire Diamonds,55,56,1,3b5a9438,fbd79b9b,52d1dbc8,1,0,1,0,
Yorkshire Diamonds,56,57,1,3b5a9438,00823a96,52d1dbc8,1,0,1,0,
Yorkshire Diamonds,57,59,1,52d1dbc8,00823a96,3b5a9438,2,0,2,0,
Yorkshire Diamonds,58,60,1,52d1dbc8,00823a96,3b5a9438,1,0,1,0,
Yorkshire Diamonds,59,61,1,3b5a9438,00823a96,52d1dbc8,1,0,1,0,
Yorkshire Diamonds,60,62,1,52d1dbc8,00823a96,3b5a9438,1,0,1,0,
Yorkshire Diamonds,61,63,1,3b5a9438,00823a96,52d1dbc8,1,0,1,0,
Yorkshire Diamonds,62,64,1,3b5a9438,de69af96,52d1dbc8,0,1,1,0,
Yorkshire Diamonds,63,65,1,52d1dbc8,de69af96,3b5a9438,1,0,1,0,
Yorkshire Diamonds,64,67,1,3b5a9438,de69af96,52d1dbc8,2,0,2,0,
Yorkshire Diamonds,65,68,1,3b5a9438,de69af96,52d1dbc8,1,0,1,0,
Yorkshire Diamonds,66,69,1,52d1dbc8,de69af96,3b5a9438,1,0,1,0,
Yorkshire Diamonds,67,70,1,3b5a9438,de69af96,52d1dbc8,0,1,1,0,
Yorkshire Diamonds,68,74,1,3b5a9438,de69af96,52d1dbc8,4,0,4,0,
Yorkshire Diamonds,69,75,1,52d1dbc8,340202b0,3b5a9438,1,0,1,0,
Yorkshire Diamonds,70,76,1,3b5a9438,340202b0,52d1dbc8,1,0,1,0,
Yorkshire Diamonds,71,76,1,52d1dbc8,340202b0,3b5a9438,0,0,0,0,
Yorkshire Diamonds,72,77,1,52d1dbc8,340202b0,3b5a9438,1,0,1,0,
Yorkshire Diamonds,73,78,1,3b5a9438,340202b0,52d1dbc8,1,0,1,0,
Yorkshire Diamonds,74,79,1,52d1dbc8,340202b0,3b5a9438,1,0,1,0,
Yorkshire Diamonds,75,83,1,52d1dbc8,907c51ab,3b5a9438,4,0,4,0,
Yorkshire Diamonds,76,84,1,52d1dbc8,907c51ab,3b5a9438,1,0,1,0,
Yorkshire Diamonds,77,84,2,3b5a9438,907c51ab,52d1dbc8,0,0,0,1,caught
Yorkshire Diamonds,78,85,2,52d1dbc8,907c51ab,45135344,1,0,1,0,
Yorkshire Diamonds,79,86,2,45135344,907c51ab,52d1dbc8,0,1,1,0,
Yorkshire Diamonds,80,87,2,45135344,907c51ab,52d1dbc8,1,0,1,0,
Yorkshire Diamonds,81,88,2,52d1dbc8,907c51ab,45135344,1,0,1,0,
Yorkshire Diamonds,82,90,2,52d1dbc8,00823a96,45135344,2,0,2,0,
Yorkshire Diamonds,83,94,2,52d1dbc8,00823a96,45135344,4,0,4,0,
Yorkshire Diamonds,84,96,2,52d1dbc8,00823a96,45135344,2,0,2,0,
Yorkshire Diamonds,85,97,2,52d1dbc8,00823a96,45135344,1,0,1,0,
Yorkshire Diamonds,86,97,3,45135344,00823a96,52d1dbc8,0,0,0,1,stumped
Yorkshire Diamonds,87,97,3,d693012d,00823a96,52d1dbc8,0,0,0,0,
Yorkshire Diamonds,88,98,3,52d1dbc8,287ed3a0,d693012d,1,0,1,0,
Yorkshire Diamonds,89,99,3,d693012d,287ed3a0,52d1dbc8,1,0,1,0,
Yorkshire Diamonds,90,103,3,52d1dbc8,287ed3a0,d693012d,4,0,4,0,
Yorkshire Diamonds,91,107,3,52d1dbc8,287ed3a0,d693012d,4,0,4,0,
Yorkshire Diamonds,92,108,3,52d1dbc8,287ed3a0,d693012d,1,0,1,0,
Yorkshire Diamonds,93,108,3,d693012d,287ed3a0,52d1dbc8,0,0,0,0,
Yorkshire Diamonds,94,109,3,52d1dbc8,340202b0,d693012d,1,0,1,0,
Yorkshire Diamonds,95,109,3,d693012d,340202b0,52d1dbc8,0,0,0,0,
Yorkshire Diamonds,96,110,3,d693012d,340202b0,52d1dbc8,1,0,1,0,
Yorkshire Diamonds,97,111,3,52d1dbc8,340202b0,d693012d,1,0,1,0,
Yorkshire Diamonds,98,111,3,d693012d,340202b0,52d1dbc8,0,0,0,0,
Yorkshire Diamonds,99,111,4,d693012d,340202b0,52d1dbc8,0,0,0,1,bowled
Yorkshire Diamonds,100,112,4,52d1dbc8,00823a96,35828bdd,1,0,1,0,
Yorkshire Diamonds,101,114,4,35828bdd,00823a96,52d1dbc8,2,0,2,0,
Yorkshire Diamonds,102,115,4,35828bdd,00823a96,52d1dbc8,1,0,1,0,
Yorkshire Diamonds,103,119,4,52d1dbc8,00823a96,35828bdd,4,0,4,0,
Yorkshire Diamonds,104,119,5,52d1dbc8,00823a96,35828bdd,0,0,0,1,caught
Yorkshire Diamonds,105,119,5,fb192f98,00823a96,35828bdd,0,0,0,0,
Yorkshire Diamonds,106,120,5,35828bdd,287ed3a0,fb192f98,1,0,1,0,
Yorkshire Diamonds,107,124,5,fb192f98,287ed3a0,35828bdd,4,0,4,0,
Yorkshire Diamonds,108,124,5,fb192f98,287ed3a0,35828bdd,0,0,0,0,
Yorkshire Diamonds,109,125,5,fb192f98,287ed3a0,35828bdd,1,0,1,0,
Yorkshire Diamonds,110,126,5,35828bdd,287ed3a0,fb192f98,1,0,1,0,
Yorkshire Diamonds,111,127,5,fb192f98,287ed3a0,35828bdd,1,0,1,0,
Yorkshire Diamonds,112,132,5,fb192f98,907c51ab,35828bdd,0,5,5,0,
Yorkshire Diamonds,113,132,5,fb192f98,907c51ab,35828bdd,0,0,0,0,
Yorkshire Diamonds,114,133,5,fb192f98,907c51ab,35828bdd,1,0,1,0,
Yorkshire Diamonds,115,134,5,35828bdd,907c51ab,fb192f98,1,0,1,0,
Yorkshire Diamonds,116,134,5,fb192f98,907c51ab,35828bdd,0,0,0,0,
Yorkshire Diamonds,117,138,5,fb192f98,907c51ab,35828bdd,4,0,4,0,
Yorkshire Diamonds,118,140,5,fb192f98,907c51ab,35828bdd,2,0,2,0,
Yorkshire Diamonds,119,144,5,35828bdd,de69af96,fb192f98,4,0,4,0,
Yorkshire Diamonds,120,145,5,35828bdd,de69af96,fb192f98,1,0,1,0,
Yorkshire Diamonds,121,146,5,fb192f98,de69af96,35828bdd,1,0,1,0,
Yorkshire Diamonds,122,146,6,35828bdd,de69af96,fb192f98,0,0,0,1,stumped
Yorkshire Diamonds,123,147,6,0c694738,de69af96,fb192f98,0,1,1,0,
Yorkshire Diamonds,124,148,6,fb192f98,de69af96,0c694738,1,0,1,0,
Loughborough Lightning,1,0,0,d7c6b0fb,e381ae69,de69af96,0,0,0,0,
Loughborough Lightning,2,1,0,d7c6b0fb,e381ae69,de69af96,1,0,1,0,
Loughborough Lightning,3,2,0,de69af96,e381ae69,d7c6b0fb,1,0,1,0,
Loughborough Lightning,4,3,0,d7c6b0fb,e381ae69,de69af96,1,0,1,0,
Loughborough Lightning,5,3,0,de69af96,e381ae69,d7c6b0fb,0,0,0,0,
Loughborough Lightning,6,9,0,de69af96,e381ae69,d7c6b0fb,6,0,6,0,
Loughborough Lightning,7,10,0,d7c6b0fb,fb192f98,de69af96,1,0,1,0,
Loughborough Lightning,8,10,0,de69af96,fb192f98,d7c6b0fb,0,0,0,0,
Loughborough Lightning,9,11,0,de69af96,fb192f98,d7c6b0fb,1,0,1,0,
Loughborough Lightning,10,12,0,d7c6b0fb,fb192f98,de69af96,0,1,1,0,
Loughborough Lightning,11,12,0,d7c6b0fb,fb192f98,de69af96,0,0,0,0,
Loughborough Lightning,12,13,0,d7c6b0fb,fb192f98,de69af96,1,0,1,0,
Loughborough Lightning,13,13,0,de69af96,fb192f98,d7c6b0fb,0,0,0,0,
Loughborough Lightning,14,14,0,d7c6b0fb,e381ae69,de69af96,1,0,1,0,
Loughborough Lightning,15,15,0,de69af96,e381ae69,d7c6b0fb,1,0,1,0,
Loughborough Lightning,16,16,0,d7c6b0fb,e381ae69,de69af96,1,0,1,0,
Loughborough Lightning,17,16,0,de69af96,e381ae69,d7c6b0fb,0,0,0,0,
Loughborough Lightning,18,16,0,de69af96,e381ae69,d7c6b0fb,0,0,0,0,
Loughborough Lightning,19,16,0,de69af96,e381ae69,d7c6b0fb,0,0,0,0,
Loughborough Lightning,20,17,0,d7c6b0fb,fb192f98,de69af96,1,0,1,0,
Loughborough Lightning,21,23,0,de69af96,fb192f98,d7c6b0fb,6,0,6,0,
Loughborough Lightning,22,23,0,de69af96,fb192f98,d7c6b0fb,0,0,0,0,
Loughborough Lightning,23,23,0,de69af96,fb192f98,d7c6b0fb,0,0,0,0,
Loughborough Lightning,24,29,0,de69af96,fb192f98,d7c6b0fb,6,0,6,0,
Loughborough Lightning,25,30,0,de69af96,fb192f98,d7c6b0fb,1,0,1,0,
Loughborough Lightning,26,30,1,de69af96,45135344,d7c6b0fb,0,0,0,1,caught
Loughborough Lightning,27,30,1,d7c6b0fb,45135344,b05e45e4,0,0,0,0,
Loughborough Lightning,28,34,1,d7c6b0fb,45135344,b05e45e4,4,0,4,0,
Loughborough Lightning,29,34,1,d7c6b0fb,45135344,b05e45e4,0,0,0,0,
Loughborough Lightning,30,35,1,d7c6b0fb,45135344,b05e45e4,1,0,1,0,
Loughborough Lightning,31,36,1,b05e45e4,45135344,d7c6b0fb,1,0,1,0,
Loughborough Lightning,32,36,1,b05e45e4,8f30d191,d7c6b0fb,0,0,0,0,
Loughborough Lightning,33,36,1,b05e45e4,8f30d191,d7c6b0fb,0,0,0,0,
Loughborough Lightning,34,36,1,b05e45e4,8f30d191,d7c6b0fb,0,0,0,0,
Loughborough Lightning,35,40,1,b05e45e4,8f30d191,d7c6b0fb,4,0,4,0,
Loughborough Lightning,36,41,1,b05e45e4,8f30d191,d7c6b0fb,1,0,1,0,
Loughborough Lightning,37,45,1,d7c6b0fb,8f30d191,b05e45e4,4,0,4,0,
Loughborough Lightning,38,49,1,b05e45e4,d693012d,d7c6b0fb,4,0,4,0,
Loughborough Lightning,39,50,1,b05e45e4,d693012d,d7c6b0fb,1,0,1,0,
Loughborough Lightning,40,50,1,d7c6b0fb,d693012d,b05e45e4,0,0,0,0,
Loughborough Lightning,41,54,1,d7c6b0fb,d693012d,b05e45e4,4,0,4,0,
Loughborough Lightning,42,55,1,d7c6b0fb,d693012d,b05e45e4,0,1,1,0,
Loughborough Lightning,43,55,1,d7c6b0fb,d693012d,b05e45e4,0,0,0,0,
Loughborough Lightning,44,59,1,d7c6b0fb,d693012d,b05e45e4,4,0,4,0,
Loughborough Lightning,45,60,1,b05e45e4,8f30d191,d7c6b0fb,1,0,1,0,
Loughborough Lightning,46,64,1,d7c6b0fb,8f30d191,b05e45e4,4,0,4,0,
Loughborough Lightning,47,64,1,d7c6b0fb,8f30d191,b05e45e4,0,0,0,0,
Loughborough Lightning,48,65,1,d7c6b0fb,8f30d191,b05e45e4,1,0,1,0,
Loughborough Lightning,49,66,1,b05e45e4,8f30d191,d7c6b0fb,0,1,1,0,
Loughborough Lightning,50,67,1,d7c6b0fb,8f30d191,b05e45e4,1,0,1,0,
Loughborough Lightning,51,67,1,d7c6b0fb,45135344,b05e45e4,0,0,0,0,
Loughborough Lightning,52,67,1,d7c6b0fb,45135344,b05e45e4,0,0,0,0,
Loughborough Lightning,53,67,1,d7c6b0fb,45135344,b05e45e4,0,0,0,0,
Loughborough Lightning,54,67,1,d7c6b0fb,45135344,b05e45e4,0,0,0,0,
Loughborough Lightning,55,71,1,d7c6b0fb,45135344,b05e45e4,4,0,4,0,
Loughborough Lightning,56,72,1,d7c6b0fb,45135344,b05e45e4,1,0,1,0,
Loughborough Lightning,57,73,1,d7c6b0fb,fb192f98,b05e45e4,0,1,1,0,
Loughborough Lightning,58,73,1,d7c6b0fb,fb192f98,b05e45e4,0,0,0,0,
Loughborough Lightning,59,74,1,d7c6b0fb,fb192f98,b05e45e4,1,0,1,0,
Loughborough Lightning,60,75,1,b05e45e4,fb192f98,d7c6b0fb,1,0,1,0,
Loughborough Lightning,61,79,1,d7c6b0fb,fb192f98,b05e45e4,4,0,4,0,
Loughborough Lightning,62,79,1,d7c6b0fb,fb192f98,b05e45e4,0,0,0,0,
Loughborough Lightning,63,83,1,d7c6b0fb,fb192f98,b05e45e4,4,0,4,0,
Loughborough Lightning,64,83,2,b05e45e4,e381ae69,d7c6b0fb,0,0,0,1,caught
Loughborough Lightning,65,83,2,cde96d97,e381ae69,d7c6b0fb,0,0,0,0,
Loughborough Lightning,66,84,2,cde96d97,e381ae69,d7c6b0fb,1,0,1,0,
Loughborough Lightning,67,85,2,d7c6b0fb,e381ae69,cde96d97,1,0,1,0,
Loughborough Lightning,68,85,2,cde96d97,e381ae69,d7c6b0fb,0,0,0,0,
Loughborough Lightning,69,86,2,cde96d97,e381ae69,d7c6b0fb,1,0,1,0,
Loughborough Lightning,70,86,2,cde96d97,8f30d191,d7c6b0fb,0,0,0,0,
Loughborough Lightning,71,90,2,cde96d97,8f30d191,d7c6b0fb,4,0,4,0,
Loughborough Lightning,72,90,2,cde96d97,8f30d191,d7c6b0fb,0,0,0,0,
Loughborough Lightning,73,91,2,cde96d97,8f30d191,d7c6b0fb,1,0,1,0,
Loughborough Lightning,74,91,2,d7c6b0fb,8f30d191,cde96d97,0,0,0,0,
Loughborough Lightning,75,92,2,d7c6b0fb,8f30d191,cde96d97,1,0,1,0,
Loughborough Lightning,76,93,2,d7c6b0fb,35828bdd,cde96d97,1,0,1,0,
Loughborough Lightning,77,94,2,cde96d97,35828bdd,d7c6b0fb,0,1,1,0,
Loughborough Lightning,78,94,2,cde96d97,35828bdd,d7c6b0fb,0,0,0,0,
Loughborough Lightning,79,94,2,cde96d97,35828bdd,d7c6b0fb,0,0,0,0,
Loughborough Lightning,80,95,2,cde96d97,35828bdd,d7c6b0fb,1,0,1,0,
Loughborough Lightning,81,95,3,d7c6b0fb,35828bdd,cde96d97,0,0,0,1,caught
Loughborough Lightning,82,95,3,287ed3a0,35828bdd,cde96d97,0,0,0,0,
Loughborough Lightning,83,99,3,cde96d97,45135344,287ed3a0,4,0,4,0,
Loughborough Lightning,84,100,3,cde96d97,45135344,287ed3a0,1,0,1,0,
Loughborough Lightning,85,100,3,287ed3a0,45135344,cde96d97,0,0,0,0,
Loughborough Lightning,86,101,3,287ed3a0,45135344,cde96d97,1,0,1,0,
Loughborough Lightning,87,102,3,cde96d97,45135344,287ed3a0,1,0,1,0,
Loughborough Lightning,88,102,3,287ed3a0,45135344,cde96d97,0,0,0,0,
Loughborough Lightning,89,103,3,cde96d97,35828bdd,287ed3a0,1,0,1,0,
Loughborough Lightning,90,104,3,287ed3a0,35828bdd,cde96d97,0,1,1,0,
Loughborough Lightning,91,105,3,287ed3a0,35828bdd,cde96d97,1,0,1,0,
Loughborough Lightning,92,110,3,cde96d97,35828bdd,287ed3a0,0,5,5,0,
Loughborough Lightning,93,110,3,cde96d97,35828bdd,287ed3a0,0,0,0,0,
Loughborough Lightning,94,110,3,cde96d97,35828bdd,287ed3a0,0,0,0,0,
Loughborough Lightning,95,111,3,cde96d97,35828bdd,287ed3a0,1,0,1,0,
Loughborough Lightning,96,111,3,287ed3a0,35828bdd,cde96d97,0,0,0,0,
Loughborough Lightning,97,115,3,cde96d97,8f30d191,287ed3a0,4,0,4,0,
Loughborough Lightning,98,116,3,cde96d97,8f30d191,287ed3a0,1,0,1,0,
Loughborough Lightning,99,117,3,287ed3a0,8f30d191,cde96d97,1,0,1,0,
Loughborough Lightning,100,121,3,cde96d97,8f30d191,287ed3a0,4,0,4,0,
Loughborough Lightning,101,122,3,cde96d97,8f30d191,287ed3a0,1,0,1,0,
Loughborough Lightning,102,122,3,287ed3a0,8f30d191,cde96d97,0,0,0,0,
Loughborough Lightning,103,122,4,cde96d97,e381ae69,287ed3a0,0,0,0,1,stumped
Loughborough Lightning,104,122,4,7b1f2542,e381ae69,287ed3a0,0,0,0,0,
Loughborough Lightning,105,123,4,7b1f2542,e381ae69,287ed3a0,1,0,1,0,
Loughborough Lightning,106,124,4,287ed3a0,e381ae69,7b1f2542,1,0,1,0,
Loughborough Lightning,107,125,4,7b1f2542,e381ae69,287ed3a0,1,0,1,0,
Loughborough Lightning,108,125,4,287ed3a0,e381ae69,7b1f2542,0,0,0,0,
Loughborough Lightning,109,126,4,7b1f2542,45135344,287ed3a0,1,0,1,0,
Loughborough Lightning,110,128,4,287ed3a0,45135344,7b1f2542,2,0,2,0,
Loughborough Lightning,111,128,4,287ed3a0,45135344,7b1f2542,0,0,0,0,
Loughborough Lightning,112,128,5,287ed3a0,45135344,7b1f2542,0,0,0,1,caught
Loughborough Lightning,113,129,5,7b1f2542,45135344,907c51ab,1,0,1,0,
Loughborough Lightning,114,130,5,907c51ab,45135344,7b1f2542,1,0,1,0,
Loughborough Lightning,115,130,5,907c51ab,35828bdd,7b1f2542,0,0,0,0,
Loughborough Lightning,116,131,5,907c51ab,35828bdd,7b1f2542,1,0,1,0,
Loughborough Lightning,117,132,5,7b1f2542,35828bdd,907c51ab,1,0,1,0,
Loughborough Lightning,118,134,5,907c51ab,35828bdd,7b1f2542,2,0,2,0,
Loughborough Lightning,119,134,6,907c51ab,35828bdd,7b1f2542,0,0,0,1,caught
Loughborough Lightning,120,135,6,fbd79b9b,35828bdd,7b1f2542,1,0,1,0,
Loughborough Lightning,121,137,6,fbd79b9b,d693012d,7b1f2542,2,0,2,0,
Loughborough Lightning,122,138,6,fbd79b9b,d693012d,7b1f2542,1,0,1,0,
Loughborough Lightning,123,139,6,7b1f2542,d693012d,fbd79b9b,1,0,1,0,
Loughborough Lightning,124,140,6,fbd79b9b,d693012d,7b1f2542,1,0,1,0,
Loughborough Lightning,125,141,6,7b1f2542,d693012d,fbd79b9b,1,0,1,0,
Loughborough Lightning,126,145,6,fbd79b9b,d693012d,7b1f2542,4,0,4,0,
