batting_team,ball_number,total_team_runs,total_team_wickets,striker_ID,bowler_ID,nonstriker_ID,batter_runs,extras_runs,total_delivery_runs,wicket,wicket_type
Guyana Amazon Warriors,1,1,0,bbff906c,68ddabdb,0fa5042b,1,0,1,0,
Guyana Amazon Warriors,2,1,0,0fa5042b,68ddabdb,bbff906c,0,0,0,0,
Guyana Amazon Warriors,3,4,0,0fa5042b,68ddabdb,bbff906c,3,0,3,0,
Guyana Amazon Warriors,4,8,0,bbff906c,68ddabdb,0fa5042b,4,0,4,0,
Guyana Amazon Warriors,5,8,0,bbff906c,68ddabdb,0fa5042b,0,0,0,0,
Guyana Amazon Warriors,6,9,0,bbff906c,68ddabdb,0fa5042b,0,1,1,0,
Guyana Amazon Warriors,7,9,0,bbff906c,68ddabdb,0fa5042b,0,0,0,0,
Guyana Amazon Warriors,8,9,0,0fa5042b,49dc9cb4,bbff906c,0,0,0,0,
Guyana Amazon Warriors,9,10,0,0fa5042b,49dc9cb4,bbff906c,1,0,1,0,
Guyana Amazon Warriors,10,10,0,bbff906c,49dc9cb4,0fa5042b,0,0,0,0,
Guyana Amazon Warriors,11,11,0,bbff906c,49dc9cb4,0fa5042b,1,0,1,0,
Guyana Amazon Warriors,12,13,0,0fa5042b,49dc9cb4,bbff906c,2,0,2,0,
Guyana Amazon Warriors,13,13,0,0fa5042b,49dc9cb4,bbff906c,0,0,0,0,
Guyana Amazon Warriors,14,17,0,bbff906c,51a3c5ef,0fa5042b,4,0,4,0,
Guyana Amazon Warriors,15,21,0,bbff906c,51a3c5ef,0fa5042b,4,0,4,0,
Guyana Amazon Warriors,16,21,0,bbff906c,51a3c5ef,0fa5042b,0,0,0,0,
Guyana Amazon Warriors,17,23,0,bbff906c,51a3c5ef,0fa5042b,2,0,2,0,
Guyana Amazon Warriors,18,24,0,bbff906c,51a3c5ef,0fa5042b,1,0,1,0,
Guyana Amazon Warriors,19,28,0,0fa5042b,51a3c5ef,bbff906c,4,0,4,0,
Guyana Amazon Warriors,20,29,0,bbff906c,49dc9cb4,0fa5042b,1,0,1,0,
Guyana Amazon Warriors,21,30,0,0fa5042b,49dc9cb4,bbff906c,1,0,1,0,
Guyana Amazon Warriors,22,31,0,bbff906c,49dc9cb4,0fa5042b,1,0,1,0,
Guyana Amazon Warriors,23,32,0,0fa5042b,49dc9cb4,bbff906c,1,0,1,0,
Guyana Amazon Warriors,24,32,0,bbff906c,49dc9cb4,0fa5042b,0,0,0,0,
Guyana Amazon Warriors,25,33,0,bbff906c,49dc9cb4,0fa5042b,1,0,1,0,
Guyana Amazon Warriors,26,39,0,bbff906c,68ddabdb,0fa5042b,6,0,6,0,
Guyana Amazon Warriors,27,39,0,bbff906c,68ddabdb,0fa5042b,0,0,0,0,
Guyana Amazon Warriors,28,40,0,bbff906c,68ddabdb,0fa5042b,0,1,1,0,
Guyana Amazon Warriors,29,41,0,0fa5042b,68ddabdb,bbff906c,1,0,1,0,
Guyana Amazon Warriors,30,41,0,bbff906c,68ddabdb,0fa5042b,0,0,0,0,
Guyana Amazon Warriors,31,45,0,bbff906c,68ddabdb,0fa5042b,4,0,4,0,
Guyana Amazon Warriors,32,49,0,0fa5042b,49dc9cb4,bbff906c,4,0,4,0,
Guyana Amazon Warriors,33,49,0,0fa5042b,49dc9cb4,bbff906c,0,0,0,0,
Guyana Amazon Warriors,34,49,0,0fa5042b,49dc9cb4,bbff906c,0,0,0,0,
Guyana Amazon Warriors,35,50,0,0fa5042b,49dc9cb4,bbff906c,1,0,1,0,
Guyana Amazon Warriors,36,50,0,bbff906c,49dc9cb4,0fa5042b,0,0,0,0,
Guyana Amazon Warriors,37,50,0,bbff906c,49dc9cb4,0fa5042b,0,0,0,0,
Guyana Amazon Warriors,38,52,0,0fa5042b,a757b0d8,bbff906c,2,0,2,0,
Guyana Amazon Warriors,39,52,0,0fa5042b,a757b0d8,bbff906c,0,0,0,0,
Guyana Amazon Warriors,40,53,0,0fa5042b,a757b0d8,bbff906c,1,0,1,0,
Guyana Amazon Warriors,41,54,0,bbff906c,a757b0d8,0fa5042b,1,0,1,0,
Guyana Amazon Warriors,42,54,0,0fa5042b,a757b0d8,bbff906c,0,0,0,0,
Guyana Amazon Warriors,43,54,0,0fa5042b,a757b0d8,bbff906c,0,0,0,0,
Guyana Amazon Warriors,44,54,1,bbff906c,8d5d991e,0fa5042b,0,0,0,1,stumped
Guyana Amazon Warriors,45,54,1,48a1d7b7,8d5d991e,0fa5042b,0,0,0,0,
Guyana Amazon Warriors,46,55,1,48a1d7b7,8d5d991e,0fa5042b,1,0,1,0,
Guyana Amazon Warriors,47,56,1,0fa5042b,8d5d991e,48a1d7b7,1,0,1,0,
Guyana Amazon Warriors,48,60,1,48a1d7b7,8d5d991e,0fa5042b,4,0,4,0,
Guyana Amazon Warriors,49,61,1,48a1d7b7,8d5d991e,0fa5042b,1,0,1,0,
Guyana Amazon Warriors,50,61,1,48a1d7b7,a757b0d8,0fa5042b,0,0,0,0,
Guyana Amazon Warriors,51,65,1,48a1d7b7,a757b0d8,0fa5042b,4,0,4,0,
Guyana Amazon Warriors,52,69,1,48a1d7b7,a757b0d8,0fa5042b,4,0,4,0,
Guyana Amazon Warriors,53,69,1,48a1d7b7,a757b0d8,0fa5042b,0,0,0,0,
Guyana Amazon Warriors,54,70,1,48a1d7b7,a757b0d8,0fa5042b,1,0,1,0,
Guyana Amazon Warriors,55,71,1,0fa5042b,a757b0d8,48a1d7b7,1,0,1,0,
Guyana Amazon Warriors,56,71,1,0fa5042b,8d5d991e,48a1d7b7,0,0,0,0,
Guyana Amazon Warriors,57,71,1,0fa5042b,8d5d991e,48a1d7b7,0,0,0,0,
Guyana Amazon Warriors,58,72,1,0fa5042b,8d5d991e,48a1d7b7,1,0,1,0,
Guyana Amazon Warriors,59,72,1,48a1d7b7,8d5d991e,0fa5042b,0,0,0,0,
Guyana Amazon Warriors,60,73,1,48a1d7b7,8d5d991e,0fa5042b,1,0,1,0,
Guyana Amazon Warriors,61,73,1,0fa5042b,8d5d991e,48a1d7b7,0,0,0,0,
Guyana Amazon Warriors,62,74,1,48a1d7b7,78cb83f3,0fa5042b,1,0,1,0,
Guyana Amazon Warriors,63,75,1,0fa5042b,78cb83f3,48a1d7b7,1,0,1,0,
Guyana Amazon Warriors,64,76,1,48a1d7b7,78cb83f3,0fa5042b,1,0,1,0,
Guyana Amazon Warriors,65,77,1,0fa5042b,78cb83f3,48a1d7b7,1,0,1,0,
Guyana Amazon Warriors,66,78,1,48a1d7b7,78cb83f3,0fa5042b,1,0,1,0,
Guyana Amazon Warriors,67,84,1,0fa5042b,78cb83f3,48a1d7b7,6,0,6,0,
Guyana Amazon Warriors,68,84,1,48a1d7b7,8d5d991e,0fa5042b,0,0,0,0,
Guyana Amazon Warriors,69,84,1,48a1d7b7,8d5d991e,0fa5042b,0,0,0,0,
Guyana Amazon Warriors,70,86,1,48a1d7b7,8d5d991e,0fa5042b,2,0,2,0,
Guyana Amazon Warriors,71,86,1,48a1d7b7,8d5d991e,0fa5042b,0,0,0,0,
Guyana Amazon Warriors,72,86,2,48a1d7b7,8d5d991e,0fa5042b,0,0,0,1,caught
Guyana Amazon Warriors,73,87,2,64c34cd0,8d5d991e,0fa5042b,1,0,1,0,
Guyana Amazon Warriors,74,87,2,64c34cd0,49dc9cb4,0fa5042b,0,0,0,0,
Guyana Amazon Warriors,75,93,2,64c34cd0,49dc9cb4,0fa5042b,6,0,6,0,
Guyana Amazon Warriors,76,94,2,64c34cd0,49dc9cb4,0fa5042b,1,0,1,0,
Guyana Amazon Warriors,77,94,2,0fa5042b,49dc9cb4,64c34cd0,0,0,0,0,
Guyana Amazon Warriors,78,94,2,0fa5042b,49dc9cb4,64c34cd0,0,0,0,0,
Guyana Amazon Warriors,79,97,2,0fa5042b,49dc9cb4,64c34cd0,3,0,3,0,
Guyana Amazon Warriors,80,98,2,0fa5042b,8d5d991e,64c34cd0,1,0,1,0,
Guyana Amazon Warriors,81,98,2,64c34cd0,8d5d991e,0fa5042b,0,0,0,0,
Guyana Amazon Warriors,82,98,3,64c34cd0,8d5d991e,0fa5042b,0,0,0,1,bowled
Guyana Amazon Warriors,83,99,3,773cec26,8d5d991e,0fa5042b,1,0,1,0,
Guyana Amazon Warriors,84,99,3,0fa5042b,8d5d991e,773cec26,0,0,0,0,
Guyana Amazon Warriors,85,100,3,0fa5042b,8d5d991e,773cec26,1,0,1,0,
Guyana Amazon Warriors,86,100,3,0fa5042b,c4d9634c,773cec26,0,0,0,0,
Guyana Amazon Warriors,87,101,3,0fa5042b,c4d9634c,773cec26,1,0,1,0,
Guyana Amazon Warriors,88,102,3,773cec26,c4d9634c,0fa5042b,1,0,1,0,
Guyana Amazon Warriors,89,103,3,0fa5042b,c4d9634c,773cec26,1,0,1,0,
Guyana Amazon Warriors,90,104,3,773cec26,c4d9634c,0fa5042b,1,0,1,0,
Guyana Amazon Warriors,91,105,3,0fa5042b,c4d9634c,773cec26,1,0,1,0,
Guyana Amazon Warriors,92,106,3,0fa5042b,7fa12533,773cec26,1,0,1,0,
Guyana Amazon Warriors,93,110,3,773cec26,7fa12533,0fa5042b,4,0,4,0,
Guyana Amazon Warriors,94,111,3,773cec26,7fa12533,0fa5042b,1,0,1,0,
Guyana Amazon Warriors,95,112,3,0fa5042b,7fa12533,773cec26,1,0,1,0,
Guyana Amazon Warriors,96,113,3,773cec26,7fa12533,0fa5042b,1,0,1,0,
Guyana Amazon Warriors,97,113,4,0fa5042b,7fa12533,773cec26,0,0,0,1,lbw
Guyana Amazon Warriors,98,114,4,773cec26,c4d9634c,d014d5ac,0,1,1,0,
Guyana Amazon Warriors,99,114,4,773cec26,c4d9634c,d014d5ac,0,0,0,0,
Guyana Amazon Warriors,100,115,4,773cec26,c4d9634c,d014d5ac,1,0,1,0,
Guyana Amazon Warriors,101,115,4,d014d5ac,c4d9634c,773cec26,0,0,0,0,
Guyana Amazon Warriors,102,116,4,d014d5ac,c4d9634c,773cec26,1,0,1,0,
Guyana Amazon Warriors,103,116,4,773cec26,c4d9634c,d014d5ac,0,0,0,0,
Guyana Amazon Warriors,104,116,4,773cec26,c4d9634c,d014d5ac,0,0,0,0,
Guyana Amazon Warriors,105,117,4,d014d5ac,78cb83f3,773cec26,1,0,1,0,
Guyana Amazon Warriors,106,118,4,773cec26,78cb83f3,d014d5ac,1,0,1,0,
Guyana Amazon Warriors,107,120,4,d014d5ac,78cb83f3,773cec26,2,0,2,0,
Guyana Amazon Warriors,108,122,4,d014d5ac,78cb83f3,773cec26,2,0,2,0,
Guyana Amazon Warriors,109,122,4,d014d5ac,78cb83f3,773cec26,0,0,0,0,
Guyana Amazon Warriors,110,123,4,d014d5ac,78cb83f3,773cec26,1,0,1,0,
Guyana Amazon Warriors,111,123,4,d014d5ac,c4d9634c,773cec26,0,0,0,0,
Guyana Amazon Warriors,112,123,4,d014d5ac,c4d9634c,773cec26,0,0,0,0,
Guyana Amazon Warriors,113,124,4,d014d5ac,c4d9634c,773cec26,1,0,1,0,
Guyana Amazon Warriors,114,125,4,773cec26,c4d9634c,d014d5ac,1,0,1,0,
Guyana Amazon Warriors,115,131,4,d014d5ac,c4d9634c,773cec26,6,0,6,0,
Guyana Amazon Warriors,116,131,4,d014d5ac,c4d9634c,773cec26,0,0,0,0,
Guyana Amazon Warriors,117,137,4,773cec26,78cb83f3,d014d5ac,6,0,6,0,
Guyana Amazon Warriors,118,138,4,773cec26,78cb83f3,d014d5ac,1,0,1,0,
Guyana Amazon Warriors,119,138,4,d014d5ac,78cb83f3,773cec26,0,0,0,0,
Guyana Amazon Warriors,120,139,4,d014d5ac,78cb83f3,773cec26,1,0,1,0,
Guyana Amazon Warriors,121,140,4,773cec26,78cb83f3,d014d5ac,1,0,1,0,
Guyana Amazon Warriors,122,141,4,d014d5ac,78cb83f3,773cec26,1,0,1,0,
St Lucia Stars,1,1,0,1bae756b,64d43928,dcce6f09,1,0,1,0,
St Lucia Stars,2,1,0,dcce6f09,64d43928,1bae756b,0,0,0,0,
St Lucia Stars,3,2,0,dcce6f09,64d43928,1bae756b,1,0,1,0,
St Lucia Stars,4,2,0,1bae756b,64d43928,dcce6f09,0,0,0,0,
St Lucia Stars,5,2,0,1bae756b,64d43928,dcce6f09,0,0,0,0,
St Lucia Stars,6,2,0,1bae756b,64d43928,dcce6f09,0,0,0,0,
St Lucia Stars,7,4,0,dcce6f09,19b9f399,1bae756b,0,2,2,0,
St Lucia Stars,8,8,0,1bae756b,19b9f399,dcce6f09,4,0,4,0,
St Lucia Stars,9,8,0,1bae756b,19b9f399,dcce6f09,0,0,0,0,
St Lucia Stars,10,10,0,1bae756b,19b9f399,dcce6f09,0,2,2,0,
St Lucia Stars,11,10,0,dcce6f09,19b9f399,1bae756b,0,0,0,0,
St Lucia Stars,12,11,0,dcce6f09,19b9f399,1bae756b,1,0,1,0,
St Lucia Stars,13,11,0,1bae756b,19b9f399,dcce6f09,0,0,0,0,
St Lucia Stars,14,11,0,1bae756b,19b9f399,dcce6f09,0,0,0,0,
St Lucia Stars,15,11,0,dcce6f09,64d43928,1bae756b,0,0,0,0,
St Lucia Stars,16,12,0,dcce6f09,64d43928,1bae756b,1,0,1,0,
St Lucia Stars,17,13,0,1bae756b,64d43928,dcce6f09,1,0,1,0,
St Lucia Stars,18,13,0,dcce6f09,64d43928,1bae756b,0,0,0,0,
St Lucia Stars,19,13,0,dcce6f09,64d43928,1bae756b,0,0,0,0,
St Lucia Stars,20,13,0,dcce6f09,64d43928,1bae756b,0,0,0,0,
St Lucia Stars,21,17,0,1bae756b,19b9f399,dcce6f09,4,0,4,0,
St Lucia Stars,22,17,0,1bae756b,19b9f399,dcce6f09,0,0,0,0,
St Lucia Stars,23,18,0,1bae756b,19b9f399,dcce6f09,1,0,1,0,
St Lucia Stars,24,18,0,dcce6f09,19b9f399,1bae756b,0,0,0,0,
St Lucia Stars,25,19,0,dcce6f09,19b9f399,1bae756b,1,0,1,0,
St Lucia Stars,26,19,0,1bae756b,19b9f399,dcce6f09,0,0,0,0,
St Lucia Stars,27,21,0,dcce6f09,64d43928,1bae756b,2,0,2,0,
St Lucia Stars,28,21,0,dcce6f09,64d43928,1bae756b,0,0,0,0,
St Lucia Stars,29,21,0,dcce6f09,64d43928,1bae756b,0,0,0,0,
St Lucia Stars,30,21,0,dcce6f09,64d43928,1bae756b,0,0,0,0,
St Lucia Stars,31,21,0,dcce6f09,64d43928,1bae756b,0,0,0,0,
St Lucia Stars,32,25,0,dcce6f09,64d43928,1bae756b,4,0,4,0,
St Lucia Stars,33,25,0,1bae756b,e7de4f6b,dcce6f09,0,0,0,0,
St Lucia Stars,34,26,0,1bae756b,e7de4f6b,dcce6f09,1,0,1,0,
St Lucia Stars,35,27,0,dcce6f09,e7de4f6b,1bae756b,1,0,1,0,
St Lucia Stars,36,28,0,1bae756b,e7de4f6b,dcce6f09,1,0,1,0,
St Lucia Stars,37,28,0,dcce6f09,e7de4f6b,1bae756b,0,0,0,0,
St Lucia Stars,38,28,0,dcce6f09,e7de4f6b,1bae756b,0,0,0,0,
St Lucia Stars,39,29,0,1bae756b,acee4cc4,dcce6f09,1,0,1,0,
St Lucia Stars,40,29,1,dcce6f09,acee4cc4,1bae756b,0,0,0,1,lbw
St Lucia Stars,41,30,1,89f64c19,acee4cc4,1bae756b,1,0,1,0,
St Lucia Stars,42,30,1,1bae756b,acee4cc4,89f64c19,0,0,0,0,
St Lucia Stars,43,30,2,1bae756b,acee4cc4,89f64c19,0,0,0,1,lbw
St Lucia Stars,44,31,2,a757b0d8,acee4cc4,89f64c19,1,0,1,0,
St Lucia Stars,45,32,2,a757b0d8,75224f22,89f64c19,0,1,1,0,
St Lucia Stars,46,33,2,a757b0d8,75224f22,89f64c19,0,1,1,0,
St Lucia Stars,47,34,2,a757b0d8,75224f22,89f64c19,1,0,1,0,
St Lucia Stars,48,35,2,89f64c19,75224f22,a757b0d8,1,0,1,0,
St Lucia Stars,49,37,2,a757b0d8,75224f22,89f64c19,2,0,2,0,
St Lucia Stars,50,38,2,a757b0d8,75224f22,89f64c19,1,0,1,0,
St Lucia Stars,51,39,2,89f64c19,75224f22,a757b0d8,0,1,1,0,
St Lucia Stars,52,40,2,89f64c19,75224f22,a757b0d8,1,0,1,0,
St Lucia Stars,53,40,2,a757b0d8,75224f22,89f64c19,0,0,0,0,
St Lucia Stars,54,40,2,89f64c19,acee4cc4,a757b0d8,0,0,0,0,
St Lucia Stars,55,40,2,89f64c19,acee4cc4,a757b0d8,0,0,0,0,
St Lucia Stars,56,40,2,89f64c19,acee4cc4,a757b0d8,0,0,0,0,
St Lucia Stars,57,40,2,89f64c19,acee4cc4,a757b0d8,0,0,0,0,
St Lucia Stars,58,41,2,89f64c19,acee4cc4,a757b0d8,1,0,1,0,
St Lucia Stars,59,41,2,a757b0d8,acee4cc4,89f64c19,0,0,0,0,
St Lucia Stars,60,42,2,89f64c19,75224f22,a757b0d8,1,0,1,0,
St Lucia Stars,61,43,2,a757b0d8,75224f22,89f64c19,1,0,1,0,
St Lucia Stars,62,44,2,89f64c19,75224f22,a757b0d8,1,0,1,0,
St Lucia Stars,63,48,2,a757b0d8,75224f22,89f64c19,4,0,4,0,
St Lucia Stars,64,50,2,a757b0d8,75224f22,89f64c19,2,0,2,0,
St Lucia Stars,65,50,2,a757b0d8,75224f22,89f64c19,0,0,0,0,
St Lucia Stars,66,51,2,89f64c19,acee4cc4,a757b0d8,1,0,1,0,
St Lucia Stars,67,53,2,a757b0d8,acee4cc4,89f64c19,0,2,2,0,
St Lucia Stars,68,53,2,89f64c19,acee4cc4,a757b0d8,0,0,0,0,
St Lucia Stars,69,53,2,89f64c19,acee4cc4,a757b0d8,0,0,0,0,
St Lucia Stars,70,53,2,89f64c19,acee4cc4,a757b0d8,0,0,0,0,
St Lucia Stars,71,53,2,89f64c19,acee4cc4,a757b0d8,0,0,0,0,
St Lucia Stars,72,53,2,89f64c19,acee4cc4,a757b0d8,0,0,0,0,
St Lucia Stars,73,59,2,a757b0d8,e7de4f6b,89f64c19,6,0,6,0,
St Lucia Stars,74,59,2,a757b0d8,e7de4f6b,89f64c19,0,0,0,0,
St Lucia Stars,75,60,2,a757b0d8,e7de4f6b,89f64c19,1,0,1,0,
St Lucia Stars,76,60,2,89f64c19,e7de4f6b,a757b0d8,0,0,0,0,
St Lucia Stars,77,60,2,89f64c19,e7de4f6b,a757b0d8,0,0,0,0,
St Lucia Stars,78,61,2,89f64c19,e7de4f6b,a757b0d8,1,0,1,0,
St Lucia Stars,79,67,2,89f64c19,acee4cc4,a757b0d8,6,0,6,0,
St Lucia Stars,80,67,2,89f64c19,acee4cc4,a757b0d8,0,0,0,0,
St Lucia Stars,81,67,2,89f64c19,acee4cc4,a757b0d8,0,0,0,0,
St Lucia Stars,82,73,2,89f64c19,acee4cc4,a757b0d8,6,0,6,0,
St Lucia Stars,83,73,2,89f64c19,acee4cc4,a757b0d8,0,0,0,0,
St Lucia Stars,84,76,2,89f64c19,acee4cc4,a757b0d8,0,3,3,0,
St Lucia Stars,85,77,2,89f64c19,acee4cc4,a757b0d8,1,0,1,0,
St Lucia Stars,86,83,2,89f64c19,75224f22,a757b0d8,6,0,6,0,
St Lucia Stars,87,83,2,89f64c19,75224f22,a757b0d8,0,0,0,0,
St Lucia Stars,88,85,2,89f64c19,75224f22,a757b0d8,1,1,2,0,
St Lucia Stars,89,86,2,a757b0d8,75224f22,89f64c19,1,0,1,0,
St Lucia Stars,90,87,2,89f64c19,75224f22,a757b0d8,1,0,1,0,
St Lucia Stars,91,88,2,a757b0d8,75224f22,89f64c19,1,0,1,0,
St Lucia Stars,92,89,2,89f64c19,75224f22,a757b0d8,1,0,1,0,
St Lucia Stars,93,90,2,89f64c19,19b9f399,a757b0d8,1,0,1,0,
St Lucia Stars,94,91,2,a757b0d8,19b9f399,89f64c19,1,0,1,0,
St Lucia Stars,95,91,2,89f64c19,19b9f399,a757b0d8,0,0,0,0,
St Lucia Stars,96,97,2,89f64c19,19b9f399,a757b0d8,6,0,6,0,
St Lucia Stars,97,98,2,89f64c19,19b9f399,a757b0d8,1,0,1,0,
St Lucia Stars,98,99,2,a757b0d8,19b9f399,89f64c19,1,0,1,0,
St Lucia Stars,99,100,2,a757b0d8,64d43928,89f64c19,1,0,1,0,
St Lucia Stars,100,100,2,89f64c19,64d43928,a757b0d8,0,0,0,0,
St Lucia Stars,101,100,2,89f64c19,64d43928,a757b0d8,0,0,0,0,
St Lucia Stars,102,101,2,89f64c19,64d43928,a757b0d8,1,0,1,0,
St Lucia Stars,103,102,2,a757b0d8,64d43928,89f64c19,1,0,1,0,
St Lucia Stars,104,108,2,89f64c19,64d43928,a757b0d8,6,0,6,0,
St Lucia Stars,105,112,2,a757b0d8,e7de4f6b,89f64c19,4,0,4,0,
St Lucia Stars,106,113,2,a757b0d8,e7de4f6b,89f64c19,1,0,1,0,
St Lucia Stars,107,113,3,89f64c19,e7de4f6b,a757b0d8,0,0,0,1,caught
St Lucia Stars,108,114,3,7fa12533,e7de4f6b,a757b0d8,1,0,1,0,
St Lucia Stars,109,115,3,a757b0d8,e7de4f6b,7fa12533,1,0,1,0,
St Lucia Stars,110,116,3,7fa12533,e7de4f6b,a757b0d8,1,0,1,0,
St Lucia Stars,111,116,4,7fa12533,19b9f399,a757b0d8,0,0,0,1,stumped
St Lucia Stars,112,116,4,c4d9634c,19b9f399,a757b0d8,0,0,0,0,
St Lucia Stars,113,116,4,c4d9634c,19b9f399,a757b0d8,0,0,0,0,
St Lucia Stars,114,117,4,c4d9634c,19b9f399,a757b0d8,1,0,1,0,
St Lucia Stars,115,118,4,a757b0d8,19b9f399,c4d9634c,1,0,1,0,
St Lucia Stars,116,119,4,c4d9634c,19b9f399,a757b0d8,1,0,1,0,
St Lucia Stars,117,120,4,c4d9634c,e7de4f6b,a757b0d8,1,0,1,0,
St Lucia Stars,118,120,4,a757b0d8,e7de4f6b,c4d9634c,0,0,0,0,
St Lucia Stars,119,120,5,a757b0d8,e7de4f6b,c4d9634c,0,0,0,1,caught
St Lucia Stars,120,120,6,c4d9634c,e7de4f6b,49dc9cb4,0,0,0,1,bowled
St Lucia Stars,121,120,6,8d5d991e,e7de4f6b,49dc9cb4,0,0,0,0,
St Lucia Stars,122,126,6,8d5d991e,e7de4f6b,49dc9cb4,6,0,6,0,
St Lucia Stars,123,126,7,49dc9cb4,75224f22,8d5d991e,0,0,0,1,bowled
St Lucia Stars,124,132,7,51a3c5ef,75224f22,8d5d991e,6,0,6,0,
St Lucia Stars,125,134,7,51a3c5ef,75224f22,8d5d991e,2,0,2,0,
St Lucia Stars,126,135,7,51a3c5ef,75224f22,8d5d991e,1,0,1,0,
St Lucia Stars,127,137,7,8d5d991e,75224f22,51a3c5ef,2,0,2,0,
St Lucia Stars,128,138,7,8d5d991e,75224f22,51a3c5ef,1,0,1,0,
