batting_team,ball_number,total_team_runs,total_team_wickets,striker_ID,bowler_ID,nonstriker_ID,batter_runs,extras_runs,total_delivery_runs,wicket,wicket_type
South Africa,1,2,0,372455c4,4933f499,b8cc58c9,2,0,2,0,
South Africa,2,2,0,372455c4,4933f499,b8cc58c9,0,0,0,0,
South Africa,3,8,0,372455c4,4933f499,b8cc58c9,6,0,6,0,
South Africa,4,11,0,372455c4,4933f499,b8cc58c9,3,0,3,0,
South Africa,5,15,0,b8cc58c9,4933f499,372455c4,4,0,4,0,
South Africa,6,15,0,b8cc58c9,4933f499,372455c4,0,0,0,0,
South Africa,7,16,0,372455c4,6834d1f2,b8cc58c9,1,0,1,0,
South Africa,8,17,0,b8cc58c9,6834d1f2,372455c4,0,1,1,0,
South Africa,9,18,0,b8cc58c9,6834d1f2,372455c4,1,0,1,0,
South Africa,10,18,0,372455c4,6834d1f2,b8cc58c9,0,0,0,0,
South Africa,11,18,0,372455c4,6834d1f2,b8cc58c9,0,0,0,0,
South Africa,12,18,0,372455c4,6834d1f2,b8cc58c9,0,0,0,0,
South Africa,13,24,0,372455c4,6834d1f2,b8cc58c9,6,0,6,0,
South Africa,14,28,0,b8cc58c9,56ab442f,372455c4,0,4,4,0,
South Africa,15,32,0,b8cc58c9,56ab442f,372455c4,4,0,4,0,
South Africa,16,38,0,b8cc58c9,56ab442f,372455c4,6,0,6,0,
South Africa,17,42,0,b8cc58c9,56ab442f,372455c4,4,0,4,0,
South Africa,18,42,1,b8cc58c9,56ab442f,372455c4,0,0,0,1,caught
South Africa,19,42,1,372455c4,56ab442f,3355b542,0,0,0,0,
South Africa,20,43,1,3355b542,b681e71e,372455c4,1,0,1,0,
South Africa,21,44,1,372455c4,b681e71e,3355b542,1,0,1,0,
South Africa,22,46,1,3355b542,b681e71e,372455c4,2,0,2,0,
South Africa,23,47,1,3355b542,b681e71e,372455c4,1,0,1,0,
South Africa,24,47,1,372455c4,b681e71e,3355b542,0,0,0,0,
South Africa,25,48,1,372455c4,b681e71e,3355b542,0,1,1,0,
South Africa,26,51,1,372455c4,1a156c88,3355b542,3,0,3,0,
South Africa,27,52,1,3355b542,1a156c88,372455c4,1,0,1,0,
South Africa,28,53,1,372455c4,1a156c88,3355b542,0,1,1,0,
South Africa,29,55,1,3355b542,1a156c88,372455c4,2,0,2,0,
South Africa,30,59,1,3355b542,1a156c88,372455c4,4,0,4,0,
South Africa,31,61,1,3355b542,1a156c88,372455c4,2,0,2,0,
South Africa,32,61,2,372455c4,b681e71e,3355b542,0,0,0,1,stumped
South Africa,33,62,2,235c2bb6,b681e71e,3355b542,1,0,1,0,
South Africa,34,66,2,3355b542,b681e71e,235c2bb6,4,0,4,0,
South Africa,35,66,2,3355b542,b681e71e,235c2bb6,0,0,0,0,
South Africa,36,66,2,3355b542,b681e71e,235c2bb6,0,0,0,0,
South Africa,37,70,2,3355b542,b681e71e,235c2bb6,4,0,4,0,
South Africa,38,72,2,235c2bb6,6834d1f2,3355b542,2,0,2,0,
South Africa,39,76,2,235c2bb6,6834d1f2,3355b542,4,0,4,0,
South Africa,40,78,2,235c2bb6,6834d1f2,3355b542,0,2,2,0,
South Africa,41,78,2,3355b542,6834d1f2,235c2bb6,0,0,0,0,
South Africa,42,80,2,3355b542,6834d1f2,235c2bb6,2,0,2,0,
South Africa,43,84,2,3355b542,6834d1f2,235c2bb6,4,0,4,0,
South Africa,44,84,3,3355b542,6834d1f2,235c2bb6,0,0,0,1,caught
South Africa,45,85,3,d67d5f00,7c7d63a2,235c2bb6,0,1,1,0,
South Africa,46,86,3,d67d5f00,7c7d63a2,235c2bb6,1,0,1,0,
South Africa,47,87,3,235c2bb6,7c7d63a2,d67d5f00,1,0,1,0,
South Africa,48,89,3,d67d5f00,7c7d63a2,235c2bb6,2,0,2,0,
South Africa,49,93,3,d67d5f00,7c7d63a2,235c2bb6,4,0,4,0,
South Africa,50,94,3,d67d5f00,7c7d63a2,235c2bb6,1,0,1,0,
South Africa,51,98,3,235c2bb6,7c7d63a2,d67d5f00,4,0,4,0,
South Africa,52,99,3,d67d5f00,56ab442f,235c2bb6,1,0,1,0,
South Africa,53,99,4,235c2bb6,56ab442f,d67d5f00,0,0,0,1,caught
South Africa,54,101,4,d67d5f00,56ab442f,dce2019b,2,0,2,0,
South Africa,55,101,4,d67d5f00,56ab442f,dce2019b,0,0,0,0,
South Africa,56,102,4,d67d5f00,56ab442f,dce2019b,0,1,1,0,
South Africa,57,104,4,dce2019b,56ab442f,d67d5f00,2,0,2,0,
South Africa,58,104,5,d67d5f00,7c7d63a2,dce2019b,0,0,0,1,caught
South Africa,59,105,5,dce2019b,7c7d63a2,fb66ce1f,1,0,1,0,
South Africa,60,106,5,fb66ce1f,7c7d63a2,dce2019b,0,1,1,0,
South Africa,61,106,6,fb66ce1f,7c7d63a2,dce2019b,0,0,0,1,caught
South Africa,62,108,6,ab6b1c45,7c7d63a2,dce2019b,2,0,2,0,
South Africa,63,108,6,ab6b1c45,7c7d63a2,dce2019b,0,0,0,0,
South Africa,64,108,6,ab6b1c45,7c7d63a2,dce2019b,0,0,0,0,
Australia,1,1,0,b8d490fd,e62dd25d,45eda7c8,1,0,1,0,
Australia,2,5,0,45eda7c8,e62dd25d,b8d490fd,0,4,4,0,
Australia,3,5,0,45eda7c8,e62dd25d,b8d490fd,0,0,0,0,
Australia,4,9,0,45eda7c8,e62dd25d,b8d490fd,4,0,4,0,
Australia,5,13,0,45eda7c8,e62dd25d,b8d490fd,4,0,4,0,
Australia,6,13,0,45eda7c8,e62dd25d,b8d490fd,0,0,0,0,
Australia,7,17,0,b8d490fd,f834dcfc,45eda7c8,4,0,4,0,
Australia,8,18,0,b8d490fd,f834dcfc,45eda7c8,0,1,1,0,
Australia,9,19,0,45eda7c8,f834dcfc,b8d490fd,1,0,1,0,
Australia,10,21,0,b8d490fd,f834dcfc,45eda7c8,2,0,2,0,
Australia,11,21,0,b8d490fd,f834dcfc,45eda7c8,0,0,0,0,
Australia,12,21,1,b8d490fd,f834dcfc,45eda7c8,0,0,0,1,bowled
Australia,13,21,1,45eda7c8,fb66ce1f,1a156c88,0,0,0,0,
Australia,14,25,1,45eda7c8,fb66ce1f,1a156c88,4,0,4,0,
Australia,15,26,1,45eda7c8,fb66ce1f,1a156c88,1,0,1,0,
Australia,16,26,2,1a156c88,fb66ce1f,45eda7c8,0,0,0,1,caught
Australia,17,27,2,b681e71e,fb66ce1f,45eda7c8,1,0,1,0,
Australia,18,27,3,45eda7c8,fb66ce1f,b681e71e,0,0,0,1,bowled
Australia,19,30,3,b681e71e,ab6b1c45,d9273ee7,3,0,3,0,
Australia,20,31,3,d9273ee7,ab6b1c45,b681e71e,0,1,1,0,
Australia,21,32,3,d9273ee7,ab6b1c45,b681e71e,1,0,1,0,
Australia,22,33,3,b681e71e,ab6b1c45,d9273ee7,1,0,1,0,
Australia,23,37,3,d9273ee7,ab6b1c45,b681e71e,4,0,4,0,
Australia,24,37,4,d9273ee7,ab6b1c45,b681e71e,0,0,0,1,caught
Australia,25,38,4,c41043e6,ab6b1c45,b681e71e,1,0,1,0,
Australia,26,39,4,c41043e6,a03bba42,b681e71e,1,0,1,0,
Australia,27,39,4,b681e71e,a03bba42,c41043e6,0,0,0,0,
Australia,28,40,4,b681e71e,a03bba42,c41043e6,1,0,1,0,
Australia,29,42,4,c41043e6,a03bba42,b681e71e,2,0,2,0,
Australia,30,42,4,c41043e6,a03bba42,b681e71e,0,0,0,0,
Australia,31,42,4,c41043e6,a03bba42,b681e71e,0,0,0,0,
Australia,32,43,4,b681e71e,ab6b1c45,c41043e6,1,0,1,0,
Australia,33,43,5,c41043e6,ab6b1c45,b681e71e,0,0,0,1,caught
Australia,34,43,5,69d03465,ab6b1c45,b681e71e,0,0,0,0,
Australia,35,44,5,69d03465,ab6b1c45,b681e71e,1,0,1,0,
Australia,36,46,5,b681e71e,ab6b1c45,69d03465,2,0,2,0,
Australia,37,52,5,b681e71e,ab6b1c45,69d03465,6,0,6,0,
Australia,38,54,5,69d03465,a03bba42,b681e71e,2,0,2,0,
Australia,39,56,5,69d03465,a03bba42,b681e71e,2,0,2,0,
Australia,40,58,5,69d03465,a03bba42,b681e71e,2,0,2,0,
Australia,41,59,5,69d03465,a03bba42,b681e71e,1,0,1,0,
Australia,42,60,5,b681e71e,a03bba42,69d03465,1,0,1,0,
Australia,43,60,6,69d03465,a03bba42,b681e71e,0,0,0,1,caught
Australia,44,62,6,b681e71e,fb66ce1f,56ab442f,2,0,2,0,
Australia,45,64,6,b681e71e,fb66ce1f,56ab442f,2,0,2,0,
Australia,46,64,6,b681e71e,fb66ce1f,56ab442f,0,0,0,0,
Australia,47,64,6,b681e71e,fb66ce1f,56ab442f,0,0,0,0,
Australia,48,64,6,b681e71e,fb66ce1f,56ab442f,0,0,0,0,
Australia,49,65,6,b681e71e,fb66ce1f,56ab442f,0,1,1,0,
Australia,50,66,6,b681e71e,fb66ce1f,56ab442f,1,0,1,0,
Australia,51,67,6,b681e71e,e62dd25d,56ab442f,1,0,1,0,
Australia,52,68,6,56ab442f,e62dd25d,b681e71e,1,0,1,0,
Australia,53,68,6,b681e71e,e62dd25d,56ab442f,0,0,0,0,
Australia,54,69,6,b681e71e,e62dd25d,56ab442f,0,1,1,0,
Australia,55,73,6,b681e71e,e62dd25d,56ab442f,4,0,4,0,
Australia,56,77,6,b681e71e,e62dd25d,56ab442f,4,0,4,0,
Australia,57,78,6,b681e71e,e62dd25d,56ab442f,1,0,1,0,
Australia,58,84,6,b681e71e,f834dcfc,56ab442f,6,0,6,0,
Australia,59,85,6,b681e71e,f834dcfc,56ab442f,1,0,1,0,
Australia,60,86,6,56ab442f,f834dcfc,b681e71e,0,1,1,0,
Australia,61,86,6,56ab442f,f834dcfc,b681e71e,0,0,0,0,
Australia,62,86,6,56ab442f,f834dcfc,b681e71e,0,0,0,0,
Australia,63,87,6,56ab442f,f834dcfc,b681e71e,1,0,1,0,
Australia,64,87,7,b681e71e,f834dcfc,56ab442f,0,0,0,1,caught
