batting_team,ball_number,total_team_runs,total_team_wickets,striker_ID,bowler_ID,nonstriker_ID,batter_runs,extras_runs,total_delivery_runs,wicket,wicket_type
Nottinghamshire,1,4,0,90f47cf2,7f048519,92aeac25,4,0,4,0,
Nottinghamshire,2,5,0,90f47cf2,7f048519,92aeac25,1,0,1,0,
Nottinghamshire,3,5,0,92aeac25,7f048519,90f47cf2,0,0,0,0,
Nottinghamshire,4,9,0,92aeac25,7f048519,90f47cf2,4,0,4,0,
Nottinghamshire,5,9,0,92aeac25,7f048519,90f47cf2,0,0,0,0,
Nottinghamshire,6,9,0,92aeac25,7f048519,90f47cf2,0,0,0,0,
Nottinghamshire,7,9,0,90f47cf2,8bf61e65,92aeac25,0,0,0,0,
Nottinghamshire,8,10,0,90f47cf2,8bf61e65,92aeac25,0,1,1,0,
Nottinghamshire,9,10,0,90f47cf2,8bf61e65,92aeac25,0,0,0,0,
Nottinghamshire,10,11,0,90f47cf2,8bf61e65,92aeac25,1,0,1,0,
Nottinghamshire,11,13,0,92aeac25,8bf61e65,90f47cf2,2,0,2,0,
Nottinghamshire,12,17,0,92aeac25,8bf61e65,90f47cf2,4,0,4,0,
Nottinghamshire,13,21,0,92aeac25,8bf61e65,90f47cf2,4,0,4,0,
Nottinghamshire,14,25,0,90f47cf2,8f2dfebf,92aeac25,4,0,4,0,
Nottinghamshire,15,25,0,90f47cf2,8f2dfebf,92aeac25,0,0,0,0,
Nottinghamshire,16,31,0,90f47cf2,8f2dfebf,92aeac25,6,0,6,0,
Nottinghamshire,17,31,1,90f47cf2,8f2dfebf,92aeac25,0,0,0,1,caught
Nottinghamshire,18,33,1,0d61d8f0,8f2dfebf,92aeac25,2,0,2,0,
Nottinghamshire,19,34,1,0d61d8f0,8f2dfebf,92aeac25,1,0,1,0,
Nottinghamshire,20,35,1,0d61d8f0,8bf61e65,92aeac25,1,0,1,0,
Nottinghamshire,21,35,1,92aeac25,8bf61e65,0d61d8f0,0,0,0,0,
Nottinghamshire,22,35,1,92aeac25,8bf61e65,0d61d8f0,0,0,0,0,
Nottinghamshire,23,35,1,92aeac25,8bf61e65,0d61d8f0,0,0,0,0,
Nottinghamshire,24,35,1,92aeac25,8bf61e65,0d61d8f0,0,0,0,0,
Nottinghamshire,25,35,1,92aeac25,8bf61e65,0d61d8f0,0,0,0,0,
Nottinghamshire,26,39,1,0d61d8f0,8f2dfebf,92aeac25,4,0,4,0,
Nottinghamshire,27,40,1,0d61d8f0,8f2dfebf,92aeac25,1,0,1,0,
Nottinghamshire,28,40,1,92aeac25,8f2dfebf,0d61d8f0,0,0,0,0,
Nottinghamshire,29,40,1,92aeac25,8f2dfebf,0d61d8f0,0,0,0,0,
Nottinghamshire,30,40,1,92aeac25,8f2dfebf,0d61d8f0,0,0,0,0,
Nottinghamshire,31,41,1,92aeac25,8f2dfebf,0d61d8f0,1,0,1,0,
Nottinghamshire,32,43,1,92aeac25,8bf61e65,0d61d8f0,2,0,2,0,
Nottinghamshire,33,43,2,92aeac25,8bf61e65,0d61d8f0,0,0,0,1,caught
Nottinghamshire,34,44,2,85dcb721,8bf61e65,0d61d8f0,1,0,1,0,
Nottinghamshire,35,45,2,0d61d8f0,8bf61e65,85dcb721,1,0,1,0,
Nottinghamshire,36,45,2,85dcb721,8bf61e65,0d61d8f0,0,0,0,0,
Nottinghamshire,37,45,2,85dcb721,8bf61e65,0d61d8f0,0,0,0,0,
Nottinghamshire,38,46,2,0d61d8f0,1d2f290a,85dcb721,1,0,1,0,
Nottinghamshire,39,46,2,85dcb721,1d2f290a,0d61d8f0,0,0,0,0,
Nottinghamshire,40,47,2,85dcb721,1d2f290a,0d61d8f0,1,0,1,0,
Nottinghamshire,41,48,2,0d61d8f0,1d2f290a,85dcb721,1,0,1,0,
Nottinghamshire,42,52,2,85dcb721,1d2f290a,0d61d8f0,4,0,4,0,
Nottinghamshire,43,53,2,85dcb721,1d2f290a,0d61d8f0,1,0,1,0,
Nottinghamshire,44,57,2,85dcb721,4ae1755b,0d61d8f0,4,0,4,0,
Nottinghamshire,45,58,2,85dcb721,4ae1755b,0d61d8f0,1,0,1,0,
Nottinghamshire,46,59,2,0d61d8f0,4ae1755b,85dcb721,1,0,1,0,
Nottinghamshire,47,59,2,85dcb721,4ae1755b,0d61d8f0,0,0,0,0,
Nottinghamshire,48,60,2,85dcb721,4ae1755b,0d61d8f0,1,0,1,0,
Nottinghamshire,49,66,2,0d61d8f0,4ae1755b,85dcb721,6,0,6,0,
Nottinghamshire,50,67,2,85dcb721,7f048519,0d61d8f0,1,0,1,0,
Nottinghamshire,51,68,2,0d61d8f0,7f048519,85dcb721,1,0,1,0,
Nottinghamshire,52,69,2,85dcb721,7f048519,0d61d8f0,0,1,1,0,
Nottinghamshire,53,70,2,85dcb721,7f048519,0d61d8f0,1,0,1,0,
Nottinghamshire,54,71,2,0d61d8f0,7f048519,85dcb721,1,0,1,0,
Nottinghamshire,55,72,2,85dcb721,7f048519,0d61d8f0,1,0,1,0,
Nottinghamshire,56,73,2,0d61d8f0,7f048519,85dcb721,1,0,1,0,
Nottinghamshire,57,75,2,0d61d8f0,5fcb6fb1,85dcb721,2,0,2,0,
Nottinghamshire,58,79,2,0d61d8f0,5fcb6fb1,85dcb721,4,0,4,0,
Nottinghamshire,59,80,2,0d61d8f0,5fcb6fb1,85dcb721,1,0,1,0,
Nottinghamshire,60,81,2,85dcb721,5fcb6fb1,0d61d8f0,1,0,1,0,
Nottinghamshire,61,82,2,0d61d8f0,5fcb6fb1,85dcb721,1,0,1,0,
Nottinghamshire,62,85,2,85dcb721,5fcb6fb1,0d61d8f0,3,0,3,0,
Nottinghamshire,63,86,2,85dcb721,1d2f290a,0d61d8f0,1,0,1,0,
Nottinghamshire,64,87,2,0d61d8f0,1d2f290a,85dcb721,1,0,1,0,
Nottinghamshire,65,88,2,85dcb721,1d2f290a,0d61d8f0,1,0,1,0,
Nottinghamshire,66,89,2,0d61d8f0,1d2f290a,85dcb721,1,0,1,0,
Nottinghamshire,67,90,2,85dcb721,1d2f290a,0d61d8f0,0,1,1,0,
Nottinghamshire,68,91,2,85dcb721,1d2f290a,0d61d8f0,1,0,1,0,
Nottinghamshire,69,97,2,0d61d8f0,1d2f290a,85dcb721,6,0,6,0,
Nottinghamshire,70,101,2,85dcb721,5fcb6fb1,0d61d8f0,4,0,4,0,
Nottinghamshire,71,102,2,85dcb721,5fcb6fb1,0d61d8f0,1,0,1,0,
Nottinghamshire,72,106,2,0d61d8f0,5fcb6fb1,85dcb721,4,0,4,0,
Nottinghamshire,73,110,2,0d61d8f0,5fcb6fb1,85dcb721,4,0,4,0,
Nottinghamshire,74,111,2,0d61d8f0,5fcb6fb1,85dcb721,1,0,1,0,
Nottinghamshire,75,112,2,85dcb721,5fcb6fb1,0d61d8f0,1,0,1,0,
Nottinghamshire,76,116,2,85dcb721,8bf61e65,0d61d8f0,4,0,4,0,
Nottinghamshire,77,116,2,85dcb721,8bf61e65,0d61d8f0,0,0,0,0,
Nottinghamshire,78,116,2,85dcb721,8bf61e65,0d61d8f0,0,0,0,0,
Nottinghamshire,79,116,2,85dcb721,8bf61e65,0d61d8f0,0,0,0,0,
Nottinghamshire,80,117,2,85dcb721,8bf61e65,0d61d8f0,1,0,1,0,
Nottinghamshire,81,117,2,0d61d8f0,8bf61e65,85dcb721,0,0,0,0,
Nottinghamshire,82,123,2,85dcb721,8f2dfebf,0d61d8f0,6,0,6,0,
Nottinghamshire,83,124,2,85dcb721,8f2dfebf,0d61d8f0,1,0,1,0,
Nottinghamshire,84,128,2,0d61d8f0,8f2dfebf,85dcb721,4,0,4,0,
Nottinghamshire,85,129,2,0d61d8f0,8f2dfebf,85dcb721,1,0,1,0,
Nottinghamshire,86,131,2,85dcb721,8f2dfebf,0d61d8f0,2,0,2,0,
Nottinghamshire,87,132,2,85dcb721,8f2dfebf,0d61d8f0,1,0,1,0,
Nottinghamshire,88,133,2,85dcb721,7f048519,0d61d8f0,1,0,1,0,
Nottinghamshire,89,134,2,0d61d8f0,7f048519,85dcb721,1,0,1,0,
Nottinghamshire,90,136,2,85dcb721,7f048519,0d61d8f0,2,0,2,0,
Nottinghamshire,91,138,2,85dcb721,7f048519,0d61d8f0,2,0,2,0,
Nottinghamshire,92,139,2,85dcb721,7f048519,0d61d8f0,1,0,1,0,
Nottinghamshire,93,140,2,0d61d8f0,7f048519,85dcb721,1,0,1,0,
Nottinghamshire,94,141,2,0d61d8f0,70b8fd28,85dcb721,1,0,1,0,
Nottinghamshire,95,142,2,85dcb721,70b8fd28,0d61d8f0,1,0,1,0,
Nottinghamshire,96,143,2,0d61d8f0,70b8fd28,85dcb721,1,0,1,0,
Nottinghamshire,97,146,2,85dcb721,70b8fd28,0d61d8f0,1,2,3,0,
Nottinghamshire,98,151,2,0d61d8f0,70b8fd28,85dcb721,0,5,5,0,
Nottinghamshire,99,152,2,0d61d8f0,70b8fd28,85dcb721,1,0,1,0,
Nottinghamshire,100,153,2,85dcb721,70b8fd28,0d61d8f0,1,0,1,0,
Nottinghamshire,101,154,2,0d61d8f0,70b8fd28,85dcb721,1,0,1,0,
Nottinghamshire,102,155,2,0d61d8f0,1d2f290a,85dcb721,0,1,1,0,
Nottinghamshire,103,155,3,0d61d8f0,1d2f290a,85dcb721,0,0,0,1,bowled
Nottinghamshire,104,156,3,2a2e6343,1d2f290a,85dcb721,0,1,1,0,
Nottinghamshire,105,157,3,2a2e6343,1d2f290a,85dcb721,1,0,1,0,
Nottinghamshire,106,163,3,85dcb721,1d2f290a,2a2e6343,6,0,6,0,
Nottinghamshire,107,164,3,85dcb721,1d2f290a,2a2e6343,1,0,1,0,
Nottinghamshire,108,165,3,2a2e6343,1d2f290a,85dcb721,1,0,1,0,
Nottinghamshire,109,167,3,85dcb721,1d2f290a,2a2e6343,2,0,2,0,
Nottinghamshire,110,171,3,2a2e6343,8f2dfebf,85dcb721,4,0,4,0,
Nottinghamshire,111,175,3,2a2e6343,8f2dfebf,85dcb721,4,0,4,0,
Nottinghamshire,112,179,3,2a2e6343,8f2dfebf,85dcb721,4,0,4,0,
Nottinghamshire,113,185,3,2a2e6343,8f2dfebf,85dcb721,6,0,6,0,
Nottinghamshire,114,185,4,2a2e6343,8f2dfebf,85dcb721,0,0,0,1,bowled
Nottinghamshire,115,185,4,0e0d43b4,8f2dfebf,85dcb721,0,0,0,0,
Nottinghamshire,116,186,4,85dcb721,1d2f290a,0e0d43b4,1,0,1,0,
Nottinghamshire,117,187,4,0e0d43b4,1d2f290a,85dcb721,1,0,1,0,
Nottinghamshire,118,187,5,85dcb721,1d2f290a,0e0d43b4,0,0,0,1,run out
Nottinghamshire,119,193,5,85dcb721,1d2f290a,18fac429,6,0,6,0,
Nottinghamshire,120,194,5,85dcb721,1d2f290a,18fac429,1,0,1,0,
Nottinghamshire,121,198,5,18fac429,1d2f290a,85dcb721,4,0,4,0,
Nottinghamshire,122,199,5,85dcb721,7f048519,18fac429,1,0,1,0,
Nottinghamshire,123,201,5,18fac429,7f048519,85dcb721,2,0,2,0,
Nottinghamshire,124,202,5,18fac429,7f048519,85dcb721,1,0,1,0,
Nottinghamshire,125,206,5,85dcb721,7f048519,18fac429,4,0,4,0,
Nottinghamshire,126,210,5,85dcb721,7f048519,18fac429,4,0,4,0,
Nottinghamshire,127,211,5,85dcb721,7f048519,18fac429,0,1,1,0,
Nottinghamshire,128,212,5,85dcb721,7f048519,18fac429,1,0,1,0,
Yorkshire,1,6,0,70b8fd28,18fac429,f836b33d,6,0,6,0,
Yorkshire,2,7,0,70b8fd28,18fac429,f836b33d,1,0,1,0,
Yorkshire,3,7,0,f836b33d,18fac429,70b8fd28,0,0,0,0,
Yorkshire,4,8,0,f836b33d,18fac429,70b8fd28,1,0,1,0,
Yorkshire,5,8,0,70b8fd28,18fac429,f836b33d,0,0,0,0,
Yorkshire,6,9,0,70b8fd28,18fac429,f836b33d,1,0,1,0,
Yorkshire,7,10,0,70b8fd28,e412cb64,f836b33d,1,0,1,0,
Yorkshire,8,14,0,f836b33d,e412cb64,70b8fd28,4,0,4,0,
Yorkshire,9,14,0,f836b33d,e412cb64,70b8fd28,0,0,0,0,
Yorkshire,10,15,0,f836b33d,e412cb64,70b8fd28,1,0,1,0,
Yorkshire,11,15,0,70b8fd28,e412cb64,f836b33d,0,0,0,0,
Yorkshire,12,19,0,70b8fd28,e412cb64,f836b33d,4,0,4,0,
Yorkshire,13,19,0,f836b33d,e423d162,70b8fd28,0,0,0,0,
Yorkshire,14,25,0,f836b33d,e423d162,70b8fd28,6,0,6,0,
Yorkshire,15,26,0,f836b33d,e423d162,70b8fd28,1,0,1,0,
Yorkshire,16,26,0,70b8fd28,e423d162,f836b33d,0,0,0,0,
Yorkshire,17,27,0,70b8fd28,e423d162,f836b33d,1,0,1,0,
Yorkshire,18,27,0,f836b33d,e423d162,70b8fd28,0,0,0,0,
Yorkshire,19,27,0,70b8fd28,2a2e6343,f836b33d,0,0,0,0,
Yorkshire,20,27,1,70b8fd28,2a2e6343,f836b33d,0,0,0,1,caught
Yorkshire,21,29,1,f836b33d,2a2e6343,7f048519,2,0,2,0,
Yorkshire,22,30,1,f836b33d,2a2e6343,7f048519,1,0,1,0,
Yorkshire,23,31,1,7f048519,2a2e6343,f836b33d,1,0,1,0,
Yorkshire,24,32,1,f836b33d,2a2e6343,7f048519,1,0,1,0,
Yorkshire,25,32,1,f836b33d,e412cb64,7f048519,0,0,0,0,
Yorkshire,26,36,1,f836b33d,e412cb64,7f048519,4,0,4,0,
Yorkshire,27,36,1,f836b33d,e412cb64,7f048519,0,0,0,0,
Yorkshire,28,36,1,f836b33d,e412cb64,7f048519,0,0,0,0,
Yorkshire,29,36,1,f836b33d,e412cb64,7f048519,0,0,0,0,
Yorkshire,30,40,1,f836b33d,e412cb64,7f048519,4,0,4,0,
Yorkshire,31,40,1,7f048519,e423d162,f836b33d,0,0,0,0,
Yorkshire,32,41,1,7f048519,e423d162,f836b33d,1,0,1,0,
Yorkshire,33,42,1,f836b33d,e423d162,7f048519,1,0,1,0,
Yorkshire,34,43,1,7f048519,e423d162,f836b33d,1,0,1,0,
Yorkshire,35,47,1,f836b33d,e423d162,7f048519,4,0,4,0,
Yorkshire,36,47,1,f836b33d,e423d162,7f048519,0,0,0,0,
Yorkshire,37,48,1,7f048519,641ac5ff,f836b33d,1,0,1,0,
Yorkshire,38,49,1,f836b33d,641ac5ff,7f048519,0,1,1,0,
Yorkshire,39,50,1,f836b33d,641ac5ff,7f048519,1,0,1,0,
Yorkshire,40,51,1,7f048519,641ac5ff,f836b33d,1,0,1,0,
Yorkshire,41,52,1,f836b33d,641ac5ff,7f048519,1,0,1,0,
Yorkshire,42,53,1,7f048519,641ac5ff,f836b33d,1,0,1,0,
Yorkshire,43,54,1,f836b33d,641ac5ff,7f048519,1,0,1,0,
Yorkshire,44,55,1,f836b33d,0e0d43b4,7f048519,1,0,1,0,
Yorkshire,45,56,1,7f048519,0e0d43b4,f836b33d,1,0,1,0,
Yorkshire,46,56,1,f836b33d,0e0d43b4,7f048519,0,0,0,0,
Yorkshire,47,57,1,f836b33d,0e0d43b4,7f048519,1,0,1,0,
Yorkshire,48,63,1,7f048519,0e0d43b4,f836b33d,6,0,6,0,
Yorkshire,49,67,1,7f048519,0e0d43b4,f836b33d,4,0,4,0,
Yorkshire,50,68,1,f836b33d,641ac5ff,7f048519,1,0,1,0,
Yorkshire,51,69,1,7f048519,641ac5ff,f836b33d,1,0,1,0,
Yorkshire,52,70,1,f836b33d,641ac5ff,7f048519,1,0,1,0,
Yorkshire,53,71,1,7f048519,641ac5ff,f836b33d,1,0,1,0,
Yorkshire,54,71,1,f836b33d,641ac5ff,7f048519,0,0,0,0,
Yorkshire,55,71,1,f836b33d,641ac5ff,7f048519,0,0,0,0,
Yorkshire,56,72,1,7f048519,2a2e6343,f836b33d,1,0,1,0,
Yorkshire,57,76,1,f836b33d,2a2e6343,7f048519,4,0,4,0,
Yorkshire,58,77,1,f836b33d,2a2e6343,7f048519,1,0,1,0,
Yorkshire,59,78,1,7f048519,2a2e6343,f836b33d,1,0,1,0,
Yorkshire,60,82,1,f836b33d,2a2e6343,7f048519,4,0,4,0,
Yorkshire,61,86,1,f836b33d,2a2e6343,7f048519,4,0,4,0,
Yorkshire,62,88,1,7f048519,641ac5ff,f836b33d,2,0,2,0,
Yorkshire,63,88,1,7f048519,641ac5ff,f836b33d,0,0,0,0,
Yorkshire,64,89,1,7f048519,641ac5ff,f836b33d,1,0,1,0,
Yorkshire,65,89,1,f836b33d,641ac5ff,7f048519,0,0,0,0,
Yorkshire,66,90,1,f836b33d,641ac5ff,7f048519,0,1,1,0,
Yorkshire,67,90,1,f836b33d,641ac5ff,7f048519,0,0,0,0,
Yorkshire,68,91,1,f836b33d,641ac5ff,7f048519,1,0,1,0,
Yorkshire,69,92,1,f836b33d,0e0d43b4,7f048519,1,0,1,0,
Yorkshire,70,92,1,7f048519,0e0d43b4,f836b33d,0,0,0,0,
Yorkshire,71,93,1,7f048519,0e0d43b4,f836b33d,1,0,1,0,
Yorkshire,72,94,1,f836b33d,0e0d43b4,7f048519,1,0,1,0,
Yorkshire,73,95,1,7f048519,0e0d43b4,f836b33d,1,0,1,0,
Yorkshire,74,97,1,f836b33d,0e0d43b4,7f048519,2,0,2,0,
Yorkshire,75,99,1,7f048519,18fac429,f836b33d,2,0,2,0,
Yorkshire,76,101,1,7f048519,18fac429,f836b33d,2,0,2,0,
Yorkshire,77,101,2,7f048519,18fac429,f836b33d,0,0,0,1,caught
Yorkshire,78,102,2,f836b33d,18fac429,755a77c6,1,0,1,0,
Yorkshire,79,103,2,755a77c6,18fac429,f836b33d,1,0,1,0,
Yorkshire,80,104,2,f836b33d,18fac429,755a77c6,1,0,1,0,
Yorkshire,81,105,2,f836b33d,0e0d43b4,755a77c6,1,0,1,0,
Yorkshire,82,106,2,755a77c6,0e0d43b4,f836b33d,1,0,1,0,
Yorkshire,83,107,2,f836b33d,0e0d43b4,755a77c6,1,0,1,0,
Yorkshire,84,108,2,755a77c6,0e0d43b4,f836b33d,1,0,1,0,
Yorkshire,85,109,2,f836b33d,0e0d43b4,755a77c6,1,0,1,0,
Yorkshire,86,115,2,755a77c6,0e0d43b4,f836b33d,6,0,6,0,
Yorkshire,87,115,2,f836b33d,641ac5ff,755a77c6,0,0,0,0,
Yorkshire,88,121,2,f836b33d,641ac5ff,755a77c6,6,0,6,0,
Yorkshire,89,127,2,f836b33d,641ac5ff,755a77c6,6,0,6,0,
Yorkshire,90,127,3,f836b33d,641ac5ff,755a77c6,0,0,0,1,caught
Yorkshire,91,129,3,d027ba9f,641ac5ff,755a77c6,2,0,2,0,
Yorkshire,92,129,3,d027ba9f,641ac5ff,755a77c6,0,0,0,0,
Yorkshire,93,130,3,755a77c6,e423d162,d027ba9f,1,0,1,0,
Yorkshire,94,132,3,d027ba9f,e423d162,755a77c6,2,0,2,0,
Yorkshire,95,134,3,d027ba9f,e423d162,755a77c6,2,0,2,0,
Yorkshire,96,134,3,d027ba9f,e423d162,755a77c6,0,0,0,0,
Yorkshire,97,135,3,d027ba9f,e423d162,755a77c6,1,0,1,0,
Yorkshire,98,135,3,755a77c6,e423d162,d027ba9f,0,0,0,0,
Yorkshire,99,137,3,d027ba9f,e412cb64,755a77c6,2,0,2,0,
Yorkshire,100,138,3,d027ba9f,e412cb64,755a77c6,1,0,1,0,
Yorkshire,101,138,4,755a77c6,e412cb64,d027ba9f,0,0,0,1,bowled
Yorkshire,102,138,4,4ae1755b,e412cb64,d027ba9f,0,0,0,0,
Yorkshire,103,139,4,4ae1755b,e412cb64,d027ba9f,1,0,1,0,
Yorkshire,104,139,4,d027ba9f,e412cb64,4ae1755b,0,0,0,0,
Yorkshire,105,140,4,4ae1755b,e423d162,d027ba9f,1,0,1,0,
Yorkshire,106,140,4,d027ba9f,e423d162,4ae1755b,0,0,0,0,
Yorkshire,107,141,4,d027ba9f,e423d162,4ae1755b,1,0,1,0,
Yorkshire,108,141,5,4ae1755b,e423d162,d027ba9f,0,0,0,1,lbw
Yorkshire,109,141,5,8f2dfebf,e423d162,d027ba9f,0,0,0,0,
Yorkshire,110,141,5,8f2dfebf,e423d162,d027ba9f,0,0,0,0,
Yorkshire,111,141,6,d027ba9f,e412cb64,8f2dfebf,0,0,0,1,caught
Yorkshire,112,141,6,8f2dfebf,e412cb64,1d2f290a,0,0,0,0,
Yorkshire,113,142,6,8f2dfebf,e412cb64,1d2f290a,1,0,1,0,
Yorkshire,114,143,6,1d2f290a,e412cb64,8f2dfebf,1,0,1,0,
Yorkshire,115,143,6,8f2dfebf,e412cb64,1d2f290a,0,0,0,0,
Yorkshire,116,143,7,8f2dfebf,e412cb64,1d2f290a,0,0,0,1,bowled
Yorkshire,117,143,7,1d2f290a,2a2e6343,793977d8,0,0,0,0,
Yorkshire,118,143,7,1d2f290a,2a2e6343,793977d8,0,0,0,0,
Yorkshire,119,143,7,1d2f290a,2a2e6343,793977d8,0,0,0,0,
Yorkshire,120,144,7,1d2f290a,2a2e6343,793977d8,1,0,1,0,
Yorkshire,121,145,7,793977d8,2a2e6343,1d2f290a,1,0,1,0,
Yorkshire,122,149,7,1d2f290a,2a2e6343,793977d8,4,0,4,0,
