batting_team,ball_number,total_team_runs,total_team_wickets,striker_ID,bowler_ID,nonstriker_ID,batter_runs,extras_runs,total_delivery_runs,wicket,wicket_type
Madhya Pradesh,1,0,0,c740ea83,1d8388eb,890946a0,0,0,0,0,
Madhya Pradesh,2,0,1,c740ea83,1d8388eb,890946a0,0,0,0,1,bowled
Madhya Pradesh,3,1,1,28c78fb3,1d8388eb,890946a0,1,0,1,0,
Madhya Pradesh,4,1,1,890946a0,1d8388eb,28c78fb3,0,0,0,0,
Madhya Pradesh,5,1,1,890946a0,1d8388eb,28c78fb3,0,0,0,0,
Madhya Pradesh,6,1,1,890946a0,1d8388eb,28c78fb3,0,0,0,0,
Madhya Pradesh,7,1,1,28c78fb3,69be866a,890946a0,0,0,0,0,
Madhya Pradesh,8,1,1,28c78fb3,69be866a,890946a0,0,0,0,0,
Madhya Pradesh,9,1,1,28c78fb3,69be866a,890946a0,0,0,0,0,
Madhya Pradesh,10,1,1,28c78fb3,69be866a,890946a0,0,0,0,0,
Madhya Pradesh,11,1,1,28c78fb3,69be866a,890946a0,0,0,0,0,
Madhya Pradesh,12,2,1,28c78fb3,69be866a,890946a0,1,0,1,0,
Madhya Pradesh,13,4,1,28c78fb3,1d8388eb,890946a0,2,0,2,0,
Madhya Pradesh,14,5,1,28c78fb3,1d8388eb,890946a0,0,1,1,0,
Madhya Pradesh,15,5,1,890946a0,1d8388eb,28c78fb3,0,0,0,0,
Madhya Pradesh,16,5,1,890946a0,1d8388eb,28c78fb3,0,0,0,0,
Madhya Pradesh,17,6,1,890946a0,1d8388eb,28c78fb3,1,0,1,0,
Madhya Pradesh,18,7,1,28c78fb3,1d8388eb,890946a0,1,0,1,0,
Madhya Pradesh,19,8,1,28c78fb3,69be866a,890946a0,1,0,1,0,
Madhya Pradesh,20,9,1,890946a0,69be866a,28c78fb3,1,0,1,0,
Madhya Pradesh,21,11,1,28c78fb3,69be866a,890946a0,2,0,2,0,
Madhya Pradesh,22,12,1,28c78fb3,69be866a,890946a0,1,0,1,0,
Madhya Pradesh,23,15,1,890946a0,69be866a,28c78fb3,3,0,3,0,
Madhya Pradesh,24,16,1,28c78fb3,69be866a,890946a0,1,0,1,0,
Madhya Pradesh,25,16,1,28c78fb3,8050f0f0,890946a0,0,0,0,0,
Madhya Pradesh,26,17,1,28c78fb3,8050f0f0,890946a0,1,0,1,0,
Madhya Pradesh,27,19,1,890946a0,8050f0f0,28c78fb3,2,0,2,0,
Madhya Pradesh,28,19,1,890946a0,8050f0f0,28c78fb3,0,0,0,0,
Madhya Pradesh,29,25,1,890946a0,8050f0f0,28c78fb3,6,0,6,0,
Madhya Pradesh,30,29,1,890946a0,8050f0f0,28c78fb3,4,0,4,0,
Madhya Pradesh,31,31,1,28c78fb3,f29185a1,890946a0,2,0,2,0,
Madhya Pradesh,32,35,1,28c78fb3,f29185a1,890946a0,4,0,4,0,
Madhya Pradesh,33,39,1,28c78fb3,f29185a1,890946a0,4,0,4,0,
Madhya Pradesh,34,39,1,28c78fb3,f29185a1,890946a0,0,0,0,0,
Madhya Pradesh,35,43,1,28c78fb3,f29185a1,890946a0,4,0,4,0,
Madhya Pradesh,36,44,1,28c78fb3,f29185a1,890946a0,1,0,1,0,
Madhya Pradesh,37,45,1,28c78fb3,8050f0f0,890946a0,1,0,1,0,
Madhya Pradesh,38,45,1,890946a0,8050f0f0,28c78fb3,0,0,0,0,
Madhya Pradesh,39,46,1,890946a0,8050f0f0,28c78fb3,1,0,1,0,
Madhya Pradesh,40,46,1,28c78fb3,8050f0f0,890946a0,0,0,0,0,
Madhya Pradesh,41,47,1,28c78fb3,8050f0f0,890946a0,1,0,1,0,
Madhya Pradesh,42,48,1,890946a0,8050f0f0,28c78fb3,1,0,1,0,
Madhya Pradesh,43,48,1,890946a0,4d4e6658,28c78fb3,0,0,0,0,
Madhya Pradesh,44,48,1,890946a0,4d4e6658,28c78fb3,0,0,0,0,
Madhya Pradesh,45,48,2,890946a0,4d4e6658,28c78fb3,0,0,0,1,bowled
Madhya Pradesh,46,48,2,65ff7036,4d4e6658,28c78fb3,0,0,0,0,
Madhya Pradesh,47,49,2,65ff7036,4d4e6658,28c78fb3,0,1,1,0,
Madhya Pradesh,48,49,2,28c78fb3,4d4e6658,65ff7036,0,0,0,0,
Madhya Pradesh,49,50,2,65ff7036,f0c86c2d,28c78fb3,1,0,1,0,
Madhya Pradesh,50,52,2,28c78fb3,f0c86c2d,65ff7036,2,0,2,0,
Madhya Pradesh,51,53,2,28c78fb3,f0c86c2d,65ff7036,1,0,1,0,
Madhya Pradesh,52,54,2,65ff7036,f0c86c2d,28c78fb3,1,0,1,0,
Madhya Pradesh,53,55,2,28c78fb3,f0c86c2d,65ff7036,1,0,1,0,
Madhya Pradesh,54,56,2,65ff7036,f0c86c2d,28c78fb3,1,0,1,0,
Madhya Pradesh,55,58,2,65ff7036,4d4e6658,28c78fb3,2,0,2,0,
Madhya Pradesh,56,59,2,65ff7036,4d4e6658,28c78fb3,1,0,1,0,
Madhya Pradesh,57,61,2,28c78fb3,4d4e6658,65ff7036,2,0,2,0,
Madhya Pradesh,58,61,2,28c78fb3,4d4e6658,65ff7036,0,0,0,0,
Madhya Pradesh,59,62,2,28c78fb3,4d4e6658,65ff7036,1,0,1,0,
Madhya Pradesh,60,63,2,65ff7036,4d4e6658,28c78fb3,1,0,1,0,
Madhya Pradesh,61,64,2,65ff7036,69be866a,28c78fb3,1,0,1,0,
Madhya Pradesh,62,64,2,28c78fb3,69be866a,65ff7036,0,0,0,0,
Madhya Pradesh,63,65,2,28c78fb3,69be866a,65ff7036,1,0,1,0,
Madhya Pradesh,64,66,2,65ff7036,69be866a,28c78fb3,1,0,1,0,
Madhya Pradesh,65,67,2,28c78fb3,69be866a,65ff7036,1,0,1,0,
Madhya Pradesh,66,68,2,65ff7036,69be866a,28c78fb3,1,0,1,0,
Madhya Pradesh,67,69,2,65ff7036,4d4e6658,28c78fb3,1,0,1,0,
Madhya Pradesh,68,70,2,28c78fb3,4d4e6658,65ff7036,1,0,1,0,
Madhya Pradesh,69,71,2,65ff7036,4d4e6658,28c78fb3,1,0,1,0,
Madhya Pradesh,70,72,2,28c78fb3,4d4e6658,65ff7036,1,0,1,0,
Madhya Pradesh,71,73,2,65ff7036,4d4e6658,28c78fb3,1,0,1,0,
Madhya Pradesh,72,73,3,28c78fb3,4d4e6658,65ff7036,0,0,0,1,run out
Madhya Pradesh,73,73,3,564714f5,f0c86c2d,28c78fb3,0,0,0,0,
Madhya Pradesh,74,75,3,564714f5,f0c86c2d,28c78fb3,2,0,2,0,
Madhya Pradesh,75,79,3,564714f5,f0c86c2d,28c78fb3,4,0,4,0,
Madhya Pradesh,76,79,3,564714f5,f0c86c2d,28c78fb3,0,0,0,0,
Madhya Pradesh,77,80,3,564714f5,f0c86c2d,28c78fb3,1,0,1,0,
Madhya Pradesh,78,81,3,28c78fb3,f0c86c2d,564714f5,1,0,1,0,
Madhya Pradesh,79,82,3,28c78fb3,4d4e6658,564714f5,0,1,1,0,
Madhya Pradesh,80,83,3,28c78fb3,4d4e6658,564714f5,1,0,1,0,
Madhya Pradesh,81,84,3,564714f5,4d4e6658,28c78fb3,1,0,1,0,
Madhya Pradesh,82,86,3,28c78fb3,4d4e6658,564714f5,1,1,2,0,
Madhya Pradesh,83,92,3,564714f5,4d4e6658,28c78fb3,6,0,6,0,
Madhya Pradesh,84,93,3,564714f5,4d4e6658,28c78fb3,1,0,1,0,
Madhya Pradesh,85,97,3,28c78fb3,4d4e6658,564714f5,4,0,4,0,
Madhya Pradesh,86,97,3,28c78fb3,4d4e6658,564714f5,0,0,0,0,
Madhya Pradesh,87,98,3,564714f5,8050f0f0,28c78fb3,1,0,1,0,
Madhya Pradesh,88,99,3,28c78fb3,8050f0f0,564714f5,1,0,1,0,
Madhya Pradesh,89,100,3,564714f5,8050f0f0,28c78fb3,1,0,1,0,
Madhya Pradesh,90,102,3,28c78fb3,8050f0f0,564714f5,2,0,2,0,
Madhya Pradesh,91,103,3,28c78fb3,8050f0f0,564714f5,1,0,1,0,
Madhya Pradesh,92,104,3,564714f5,8050f0f0,28c78fb3,1,0,1,0,
Madhya Pradesh,93,105,3,564714f5,69be866a,28c78fb3,1,0,1,0,
Madhya Pradesh,94,105,4,28c78fb3,69be866a,564714f5,0,0,0,1,caught
Madhya Pradesh,95,105,4,239f7526,69be866a,564714f5,0,0,0,0,
Madhya Pradesh,96,105,4,239f7526,69be866a,564714f5,0,0,0,0,
Madhya Pradesh,97,107,4,239f7526,69be866a,564714f5,2,0,2,0,
Madhya Pradesh,98,107,5,239f7526,69be866a,564714f5,0,0,0,1,bowled
Madhya Pradesh,99,111,5,564714f5,f0c86c2d,24d94623,4,0,4,0,
Madhya Pradesh,100,112,5,564714f5,f0c86c2d,24d94623,1,0,1,0,
Madhya Pradesh,101,113,5,24d94623,f0c86c2d,564714f5,1,0,1,0,
Madhya Pradesh,102,114,5,564714f5,f0c86c2d,24d94623,1,0,1,0,
Madhya Pradesh,103,115,5,24d94623,f0c86c2d,564714f5,1,0,1,0,
Madhya Pradesh,104,116,5,564714f5,f0c86c2d,24d94623,1,0,1,0,
Madhya Pradesh,105,117,5,564714f5,1d8388eb,24d94623,1,0,1,0,
Madhya Pradesh,106,118,5,24d94623,1d8388eb,564714f5,1,0,1,0,
Madhya Pradesh,107,122,5,564714f5,1d8388eb,24d94623,4,0,4,0,
Madhya Pradesh,108,122,5,564714f5,1d8388eb,24d94623,0,0,0,0,
Madhya Pradesh,109,122,6,564714f5,1d8388eb,24d94623,0,0,0,1,bowled
Madhya Pradesh,110,126,6,d27dafe2,1d8388eb,24d94623,4,0,4,0,
Madhya Pradesh,111,127,6,24d94623,8050f0f0,d27dafe2,1,0,1,0,
Madhya Pradesh,112,129,6,d27dafe2,8050f0f0,24d94623,2,0,2,0,
Madhya Pradesh,113,129,6,d27dafe2,8050f0f0,24d94623,0,0,0,0,
Madhya Pradesh,114,131,6,d27dafe2,8050f0f0,24d94623,2,0,2,0,
Madhya Pradesh,115,132,6,d27dafe2,8050f0f0,24d94623,1,0,1,0,
Madhya Pradesh,116,133,6,24d94623,8050f0f0,d27dafe2,1,0,1,0,
Madhya Pradesh,117,133,7,24d94623,1d8388eb,d27dafe2,0,0,0,1,caught
Madhya Pradesh,118,133,7,e0407c01,1d8388eb,d27dafe2,0,0,0,0,
Madhya Pradesh,119,134,7,e0407c01,1d8388eb,d27dafe2,1,0,1,0,
Madhya Pradesh,120,134,7,d27dafe2,1d8388eb,e0407c01,0,0,0,0,
Madhya Pradesh,121,135,7,d27dafe2,1d8388eb,e0407c01,1,0,1,0,
Madhya Pradesh,122,135,7,e0407c01,1d8388eb,d27dafe2,0,0,0,0,
Railways,1,0,0,24f5e41a,e0407c01,4d4e6658,0,0,0,0,
Railways,2,0,0,24f5e41a,e0407c01,4d4e6658,0,0,0,0,
Railways,3,0,0,24f5e41a,e0407c01,4d4e6658,0,0,0,0,
Railways,4,0,0,24f5e41a,e0407c01,4d4e6658,0,0,0,0,
Railways,5,0,0,24f5e41a,e0407c01,4d4e6658,0,0,0,0,
Railways,6,0,0,24f5e41a,e0407c01,4d4e6658,0,0,0,0,
Railways,7,0,0,4d4e6658,eef2536f,24f5e41a,0,0,0,0,
Railways,8,0,0,4d4e6658,eef2536f,24f5e41a,0,0,0,0,
Railways,9,0,0,4d4e6658,eef2536f,24f5e41a,0,0,0,0,
Railways,10,1,0,4d4e6658,eef2536f,24f5e41a,1,0,1,0,
Railways,11,1,0,24f5e41a,eef2536f,4d4e6658,0,0,0,0,
Railways,12,1,1,24f5e41a,eef2536f,4d4e6658,0,0,0,1,caught and bowled
Railways,13,2,1,4d4e6658,e0407c01,1bd8d47d,1,0,1,0,
Railways,14,2,1,1bd8d47d,e0407c01,4d4e6658,0,0,0,0,
Railways,15,2,1,1bd8d47d,e0407c01,4d4e6658,0,0,0,0,
Railways,16,2,1,1bd8d47d,e0407c01,4d4e6658,0,0,0,0,
Railways,17,2,1,1bd8d47d,e0407c01,4d4e6658,0,0,0,0,
Railways,18,6,1,1bd8d47d,e0407c01,4d4e6658,4,0,4,0,
Railways,19,6,1,4d4e6658,eef2536f,1bd8d47d,0,0,0,0,
Railways,20,6,1,4d4e6658,eef2536f,1bd8d47d,0,0,0,0,
Railways,21,6,1,4d4e6658,eef2536f,1bd8d47d,0,0,0,0,
Railways,22,7,1,4d4e6658,eef2536f,1bd8d47d,1,0,1,0,
Railways,23,8,1,1bd8d47d,eef2536f,4d4e6658,0,1,1,0,
Railways,24,9,1,1bd8d47d,eef2536f,4d4e6658,0,1,1,0,
Railways,25,9,1,1bd8d47d,eef2536f,4d4e6658,0,0,0,0,
Railways,26,10,1,1bd8d47d,eef2536f,4d4e6658,1,0,1,0,
Railways,27,10,1,1bd8d47d,e0407c01,4d4e6658,0,0,0,0,
Railways,28,10,1,1bd8d47d,e0407c01,4d4e6658,0,0,0,0,
Railways,29,10,2,1bd8d47d,e0407c01,4d4e6658,0,0,0,1,caught
Railways,30,10,2,7023d182,e0407c01,4d4e6658,0,0,0,0,
Railways,31,14,2,7023d182,e0407c01,4d4e6658,4,0,4,0,
Railways,32,15,2,7023d182,e0407c01,4d4e6658,1,0,1,0,
Railways,33,15,2,7023d182,d27dafe2,4d4e6658,0,0,0,0,
Railways,34,16,2,7023d182,d27dafe2,4d4e6658,0,1,1,0,
Railways,35,16,2,7023d182,d27dafe2,4d4e6658,0,0,0,0,
Railways,36,16,2,7023d182,d27dafe2,4d4e6658,0,0,0,0,
Railways,37,17,2,7023d182,d27dafe2,4d4e6658,1,0,1,0,
Railways,38,17,2,4d4e6658,d27dafe2,7023d182,0,0,0,0,
Railways,39,18,2,4d4e6658,d27dafe2,7023d182,1,0,1,0,
Railways,40,19,2,4d4e6658,49bacd0f,7023d182,1,0,1,0,
Railways,41,20,2,7023d182,49bacd0f,4d4e6658,1,0,1,0,
Railways,42,21,2,4d4e6658,49bacd0f,7023d182,1,0,1,0,
Railways,43,22,2,7023d182,49bacd0f,4d4e6658,1,0,1,0,
Railways,44,24,2,4d4e6658,49bacd0f,7023d182,2,0,2,0,
Railways,45,25,2,4d4e6658,49bacd0f,7023d182,1,0,1,0,
Railways,46,25,2,4d4e6658,d27dafe2,7023d182,0,0,0,0,
Railways,47,26,2,4d4e6658,d27dafe2,7023d182,1,0,1,0,
Railways,48,28,2,7023d182,d27dafe2,4d4e6658,0,2,2,0,
Railways,49,29,2,4d4e6658,d27dafe2,7023d182,1,0,1,0,
Railways,50,29,2,7023d182,d27dafe2,4d4e6658,0,0,0,0,
Railways,51,29,3,7023d182,d27dafe2,4d4e6658,0,0,0,1,run out
Railways,52,30,3,de8d3876,d27dafe2,7023d182,0,1,1,0,
Railways,53,31,3,de8d3876,d27dafe2,7023d182,0,1,1,0,
Railways,54,32,3,de8d3876,d27dafe2,7023d182,1,0,1,0,
Railways,55,33,3,de8d3876,49bacd0f,7023d182,1,0,1,0,
Railways,56,34,3,7023d182,49bacd0f,de8d3876,1,0,1,0,
Railways,57,35,3,de8d3876,49bacd0f,7023d182,1,0,1,0,
Railways,58,36,3,7023d182,49bacd0f,de8d3876,1,0,1,0,
Railways,59,38,3,de8d3876,49bacd0f,7023d182,2,0,2,0,
Railways,60,39,3,de8d3876,49bacd0f,7023d182,1,0,1,0,
Railways,61,39,3,de8d3876,d27dafe2,7023d182,0,0,0,0,
Railways,62,40,3,de8d3876,d27dafe2,7023d182,1,0,1,0,
Railways,63,42,3,7023d182,d27dafe2,de8d3876,2,0,2,0,
Railways,64,42,3,7023d182,d27dafe2,de8d3876,0,0,0,0,
Railways,65,46,3,7023d182,d27dafe2,de8d3876,4,0,4,0,
Railways,66,47,3,7023d182,d27dafe2,de8d3876,1,0,1,0,
Railways,67,47,3,7023d182,24d94623,de8d3876,0,0,0,0,
Railways,68,47,3,7023d182,24d94623,de8d3876,0,0,0,0,
Railways,69,48,3,7023d182,24d94623,de8d3876,1,0,1,0,
Railways,70,50,3,de8d3876,24d94623,7023d182,2,0,2,0,
Railways,71,54,3,de8d3876,24d94623,7023d182,4,0,4,0,
Railways,72,55,3,de8d3876,24d94623,7023d182,1,0,1,0,
Railways,73,56,3,de8d3876,49bacd0f,7023d182,1,0,1,0,
Railways,74,56,3,7023d182,49bacd0f,de8d3876,0,0,0,0,
Railways,75,57,3,7023d182,49bacd0f,de8d3876,1,0,1,0,
Railways,76,58,3,de8d3876,49bacd0f,7023d182,1,0,1,0,
Railways,77,58,3,7023d182,49bacd0f,de8d3876,0,0,0,0,
Railways,78,59,3,7023d182,49bacd0f,de8d3876,1,0,1,0,
Railways,79,63,3,7023d182,24d94623,de8d3876,4,0,4,0,
Railways,80,64,3,7023d182,24d94623,de8d3876,1,0,1,0,
Railways,81,64,3,de8d3876,24d94623,7023d182,0,0,0,0,
Railways,82,66,3,de8d3876,24d94623,7023d182,2,0,2,0,
Railways,83,68,3,de8d3876,24d94623,7023d182,2,0,2,0,
Railways,84,69,3,de8d3876,24d94623,7023d182,1,0,1,0,
Railways,85,70,3,de8d3876,49bacd0f,7023d182,1,0,1,0,
Railways,86,70,3,7023d182,49bacd0f,de8d3876,0,0,0,0,
Railways,87,71,3,7023d182,49bacd0f,de8d3876,1,0,1,0,
Railways,88,73,3,de8d3876,49bacd0f,7023d182,2,0,2,0,
Railways,89,74,3,de8d3876,49bacd0f,7023d182,1,0,1,0,
Railways,90,74,4,7023d182,49bacd0f,de8d3876,0,0,0,1,run out
Railways,91,75,4,254c7802,24d94623,de8d3876,1,0,1,0,
Railways,92,76,4,de8d3876,24d94623,254c7802,1,0,1,0,
Railways,93,77,4,254c7802,24d94623,de8d3876,1,0,1,0,
Railways,94,78,4,de8d3876,24d94623,254c7802,1,0,1,0,
Railways,95,79,4,254c7802,24d94623,de8d3876,1,0,1,0,
Railways,96,80,4,de8d3876,24d94623,254c7802,1,0,1,0,
Railways,97,80,4,de8d3876,d27dafe2,254c7802,0,0,0,0,
Railways,98,81,4,de8d3876,d27dafe2,254c7802,1,0,1,0,
Railways,99,82,4,254c7802,d27dafe2,de8d3876,0,1,1,0,
Railways,100,84,4,de8d3876,d27dafe2,254c7802,2,0,2,0,
Railways,101,84,4,de8d3876,d27dafe2,254c7802,0,0,0,0,
Railways,102,90,4,de8d3876,d27dafe2,254c7802,6,0,6,0,
Railways,103,90,4,254c7802,eef2536f,de8d3876,0,0,0,0,
Railways,104,92,4,254c7802,eef2536f,de8d3876,2,0,2,0,
Railways,105,95,4,254c7802,eef2536f,de8d3876,3,0,3,0,
Railways,106,95,4,de8d3876,eef2536f,254c7802,0,0,0,0,
Railways,107,96,4,de8d3876,eef2536f,254c7802,0,1,1,0,
Railways,108,97,4,254c7802,eef2536f,de8d3876,1,0,1,0,
Railways,109,97,4,254c7802,24d94623,de8d3876,0,0,0,0,
Railways,110,98,4,254c7802,24d94623,de8d3876,1,0,1,0,
Railways,111,99,4,de8d3876,24d94623,254c7802,1,0,1,0,
Railways,112,100,4,254c7802,24d94623,de8d3876,1,0,1,0,
Railways,113,100,5,de8d3876,24d94623,254c7802,0,0,0,1,stumped
Railways,114,101,5,69be866a,24d94623,254c7802,1,0,1,0,
Railways,115,101,5,69be866a,e0407c01,254c7802,0,0,0,0,
Railways,116,102,5,69be866a,e0407c01,254c7802,1,0,1,0,
Railways,117,102,5,254c7802,e0407c01,69be866a,0,0,0,0,
Railways,118,103,5,254c7802,e0407c01,69be866a,0,1,1,0,
Railways,119,104,5,254c7802,e0407c01,69be866a,1,0,1,0,
Railways,120,104,5,69be866a,e0407c01,254c7802,0,0,0,0,
Railways,121,106,5,69be866a,e0407c01,254c7802,2,0,2,0,
Railways,122,107,5,254c7802,eef2536f,69be866a,0,1,1,0,
Railways,123,107,5,254c7802,eef2536f,69be866a,0,0,0,0,
Railways,124,108,5,254c7802,eef2536f,69be866a,1,0,1,0,
Railways,125,109,5,69be866a,eef2536f,254c7802,1,0,1,0,
Railways,126,110,5,254c7802,eef2536f,69be866a,1,0,1,0,
Railways,127,111,5,69be866a,eef2536f,254c7802,1,0,1,0,
Railways,128,111,6,254c7802,eef2536f,69be866a,0,0,0,1,caught
