batting_team,ball_number,total_team_runs,total_team_wickets,striker_ID,bowler_ID,nonstriker_ID,batter_runs,extras_runs,total_delivery_runs,wicket,wicket_type
Durham,1,1,0,e824e6ee,58c481c6,4fd09cfc,1,0,1,0,
Durham,2,1,0,4fd09cfc,58c481c6,e824e6ee,0,0,0,0,
Durham,3,1,0,4fd09cfc,58c481c6,e824e6ee,0,0,0,0,
Durham,4,2,0,4fd09cfc,58c481c6,e824e6ee,1,0,1,0,
Durham,5,4,0,e824e6ee,58c481c6,4fd09cfc,2,0,2,0,
Durham,6,7,0,e824e6ee,58c481c6,4fd09cfc,0,3,3,0,
Durham,7,7,0,e824e6ee,58c481c6,4fd09cfc,0,0,0,0,
Durham,8,11,0,4fd09cfc,402f8494,e824e6ee,4,0,4,0,
Durham,9,13,0,4fd09cfc,402f8494,e824e6ee,2,0,2,0,
Durham,10,13,0,4fd09cfc,402f8494,e824e6ee,0,0,0,0,
Durham,11,13,0,4fd09cfc,402f8494,e824e6ee,0,0,0,0,
Durham,12,15,0,4fd09cfc,402f8494,e824e6ee,0,2,2,0,
Durham,13,15,0,4fd09cfc,402f8494,e824e6ee,0,0,0,0,
Durham,14,16,0,4fd09cfc,402f8494,e824e6ee,0,1,1,0,
Durham,15,16,0,4fd09cfc,5239d782,e824e6ee,0,0,0,0,
Durham,16,16,0,4fd09cfc,5239d782,e824e6ee,0,0,0,0,
Durham,17,17,0,4fd09cfc,5239d782,e824e6ee,1,0,1,0,
Durham,18,17,0,e824e6ee,5239d782,4fd09cfc,0,0,0,0,
Durham,19,18,0,e824e6ee,5239d782,4fd09cfc,1,0,1,0,
Durham,20,19,0,4fd09cfc,5239d782,e824e6ee,0,1,1,0,
Durham,21,20,0,4fd09cfc,5239d782,e824e6ee,1,0,1,0,
Durham,22,20,0,4fd09cfc,402f8494,e824e6ee,0,0,0,0,
Durham,23,20,0,4fd09cfc,402f8494,e824e6ee,0,0,0,0,
Durham,24,21,0,4fd09cfc,402f8494,e824e6ee,1,0,1,0,
Durham,25,21,0,e824e6ee,402f8494,4fd09cfc,0,0,0,0,
Durham,26,21,0,e824e6ee,402f8494,4fd09cfc,0,0,0,0,
Durham,27,21,0,e824e6ee,402f8494,4fd09cfc,0,0,0,0,
Durham,28,22,0,4fd09cfc,5239d782,e824e6ee,1,0,1,0,
Durham,29,22,0,e824e6ee,5239d782,4fd09cfc,0,0,0,0,
Durham,30,22,0,e824e6ee,5239d782,4fd09cfc,0,0,0,0,
Durham,31,23,0,e824e6ee,5239d782,4fd09cfc,1,0,1,0,
Durham,32,24,0,4fd09cfc,5239d782,e824e6ee,1,0,1,0,
Durham,33,25,0,e824e6ee,5239d782,4fd09cfc,1,0,1,0,
Durham,34,26,0,e824e6ee,f78e7113,4fd09cfc,1,0,1,0,
Durham,35,27,0,4fd09cfc,f78e7113,e824e6ee,1,0,1,0,
Durham,36,31,0,e824e6ee,f78e7113,4fd09cfc,4,0,4,0,
Durham,37,35,0,e824e6ee,f78e7113,4fd09cfc,4,0,4,0,
Durham,38,36,0,e824e6ee,f78e7113,4fd09cfc,1,0,1,0,
Durham,39,40,0,4fd09cfc,f78e7113,e824e6ee,4,0,4,0,
Durham,40,40,1,e824e6ee,07c8a2f4,4fd09cfc,0,0,0,1,caught
Durham,41,42,1,4fd09cfc,07c8a2f4,a386e91b,2,0,2,0,
Durham,42,43,1,4fd09cfc,07c8a2f4,a386e91b,1,0,1,0,
Durham,43,44,1,a386e91b,07c8a2f4,4fd09cfc,1,0,1,0,
Durham,44,48,1,4fd09cfc,07c8a2f4,a386e91b,4,0,4,0,
Durham,45,51,1,4fd09cfc,07c8a2f4,a386e91b,1,2,3,0,
Durham,46,52,1,a386e91b,07c8a2f4,4fd09cfc,1,0,1,0,
Durham,47,52,1,a386e91b,f78e7113,4fd09cfc,0,0,0,0,
Durham,48,52,1,a386e91b,f78e7113,4fd09cfc,0,0,0,0,
Durham,49,54,1,a386e91b,f78e7113,4fd09cfc,2,0,2,0,
Durham,50,55,1,a386e91b,f78e7113,4fd09cfc,1,0,1,0,
Durham,51,57,1,4fd09cfc,f78e7113,a386e91b,2,0,2,0,
Durham,52,57,1,4fd09cfc,f78e7113,a386e91b,0,0,0,0,
Durham,53,58,1,a386e91b,0f21680d,4fd09cfc,0,1,1,0,
Durham,54,59,1,4fd09cfc,0f21680d,a386e91b,0,1,1,0,
Durham,55,60,1,4fd09cfc,0f21680d,a386e91b,1,0,1,0,
Durham,56,62,1,a386e91b,0f21680d,4fd09cfc,2,0,2,0,
Durham,57,63,1,a386e91b,0f21680d,4fd09cfc,1,0,1,0,
Durham,58,64,1,4fd09cfc,0f21680d,a386e91b,1,0,1,0,
Durham,59,65,1,a386e91b,0f21680d,4fd09cfc,1,0,1,0,
Durham,60,66,1,a386e91b,f78e7113,4fd09cfc,1,0,1,0,
Durham,61,66,2,4fd09cfc,f78e7113,a386e91b,0,0,0,1,bowled
Durham,62,67,2,b5781ac3,f78e7113,a386e91b,1,0,1,0,
Durham,63,68,2,a386e91b,f78e7113,b5781ac3,1,0,1,0,
Durham,64,68,2,b5781ac3,f78e7113,a386e91b,0,0,0,0,
Durham,65,72,2,b5781ac3,f78e7113,a386e91b,4,0,4,0,
Durham,66,72,2,a386e91b,0f21680d,b5781ac3,0,0,0,0,
Durham,67,73,2,a386e91b,0f21680d,b5781ac3,1,0,1,0,
Durham,68,74,2,b5781ac3,0f21680d,a386e91b,1,0,1,0,
Durham,69,74,2,a386e91b,0f21680d,b5781ac3,0,0,0,0,
Durham,70,75,2,a386e91b,0f21680d,b5781ac3,1,0,1,0,
Durham,71,75,2,b5781ac3,0f21680d,a386e91b,0,0,0,0,
Durham,72,77,2,a386e91b,58c481c6,b5781ac3,2,0,2,0,
Durham,73,77,2,a386e91b,58c481c6,b5781ac3,0,0,0,0,
Durham,74,78,2,a386e91b,58c481c6,b5781ac3,1,0,1,0,
Durham,75,84,2,b5781ac3,58c481c6,a386e91b,6,0,6,0,
Durham,76,85,2,b5781ac3,58c481c6,a386e91b,1,0,1,0,
Durham,77,87,2,a386e91b,58c481c6,b5781ac3,2,0,2,0,
Durham,78,90,2,b5781ac3,0f21680d,a386e91b,3,0,3,0,
Durham,79,91,2,a386e91b,0f21680d,b5781ac3,1,0,1,0,
Durham,80,92,2,b5781ac3,0f21680d,a386e91b,0,1,1,0,
Durham,81,98,2,b5781ac3,0f21680d,a386e91b,6,0,6,0,
Durham,82,99,2,b5781ac3,0f21680d,a386e91b,1,0,1,0,
Durham,83,100,2,a386e91b,0f21680d,b5781ac3,1,0,1,0,
Durham,84,102,2,b5781ac3,0f21680d,a386e91b,2,0,2,0,
Durham,85,102,2,a386e91b,07c8a2f4,b5781ac3,0,0,0,0,
Durham,86,102,2,a386e91b,07c8a2f4,b5781ac3,0,0,0,0,
Durham,87,103,2,a386e91b,07c8a2f4,b5781ac3,1,0,1,0,
Durham,88,104,2,b5781ac3,07c8a2f4,a386e91b,1,0,1,0,
Durham,89,105,2,a386e91b,07c8a2f4,b5781ac3,1,0,1,0,
Durham,90,105,2,b5781ac3,07c8a2f4,a386e91b,0,0,0,0,
Durham,91,109,2,a386e91b,402f8494,b5781ac3,4,0,4,0,
Durham,92,109,2,a386e91b,402f8494,b5781ac3,0,0,0,0,
Durham,93,113,2,a386e91b,402f8494,b5781ac3,4,0,4,0,
Durham,94,114,2,a386e91b,402f8494,b5781ac3,1,0,1,0,
Durham,95,114,3,b5781ac3,402f8494,a386e91b,0,0,0,1,caught
Durham,96,116,3,a386e91b,402f8494,f939ffa9,2,0,2,0,
Durham,97,116,3,f939ffa9,f78e7113,a386e91b,0,0,0,0,
Durham,98,117,3,f939ffa9,f78e7113,a386e91b,1,0,1,0,
Durham,99,118,3,a386e91b,f78e7113,f939ffa9,1,0,1,0,
Durham,100,122,3,f939ffa9,f78e7113,a386e91b,4,0,4,0,
Durham,101,124,3,f939ffa9,f78e7113,a386e91b,0,2,2,0,
Durham,102,128,3,a386e91b,f78e7113,f939ffa9,4,0,4,0,
Durham,103,130,3,a386e91b,f78e7113,f939ffa9,2,0,2,0,
Durham,104,132,3,f939ffa9,5239d782,a386e91b,2,0,2,0,
Durham,105,132,4,f939ffa9,5239d782,a386e91b,0,0,0,1,caught
Durham,106,132,4,a386e91b,5239d782,10f68de1,0,0,0,0,
Durham,107,133,4,a386e91b,5239d782,10f68de1,1,0,1,0,
Durham,108,137,4,10f68de1,5239d782,a386e91b,0,4,4,0,
Durham,109,137,4,10f68de1,5239d782,a386e91b,0,0,0,0,
Durham,110,138,4,a386e91b,07c8a2f4,10f68de1,1,0,1,0,
Durham,111,139,4,10f68de1,07c8a2f4,a386e91b,0,1,1,0,
Durham,112,140,4,a386e91b,07c8a2f4,10f68de1,1,0,1,0,
Durham,113,144,4,10f68de1,07c8a2f4,a386e91b,4,0,4,0,
Durham,114,144,4,10f68de1,07c8a2f4,a386e91b,0,0,0,0,
Durham,115,145,4,10f68de1,07c8a2f4,a386e91b,1,0,1,0,
Durham,116,147,4,10f68de1,5239d782,a386e91b,2,0,2,0,
Durham,117,147,4,10f68de1,5239d782,a386e91b,0,0,0,0,
Durham,118,148,4,10f68de1,5239d782,a386e91b,1,0,1,0,
Durham,119,149,4,a386e91b,5239d782,10f68de1,1,0,1,0,
Durham,120,149,4,10f68de1,5239d782,a386e91b,0,0,0,0,
Durham,121,155,4,10f68de1,5239d782,a386e91b,6,0,6,0,
Durham,122,156,4,a386e91b,402f8494,10f68de1,1,0,1,0,
Durham,123,158,4,10f68de1,402f8494,a386e91b,2,0,2,0,
Durham,124,162,4,10f68de1,402f8494,a386e91b,4,0,4,0,
Durham,125,165,4,10f68de1,402f8494,a386e91b,0,3,3,0,
Durham,126,167,4,a386e91b,402f8494,10f68de1,2,0,2,0,
Durham,127,170,4,a386e91b,402f8494,10f68de1,3,0,3,0,
Northamptonshire,1,0,0,18c78b11,e737a5fe,5f26f677,0,0,0,0,
Northamptonshire,2,0,0,18c78b11,e737a5fe,5f26f677,0,0,0,0,
Northamptonshire,3,1,0,18c78b11,e737a5fe,5f26f677,1,0,1,0,
Northamptonshire,4,1,0,5f26f677,e737a5fe,18c78b11,0,0,0,0,
Northamptonshire,5,1,0,5f26f677,e737a5fe,18c78b11,0,0,0,0,
Northamptonshire,6,1,0,5f26f677,e737a5fe,18c78b11,0,0,0,0,
Northamptonshire,7,2,0,18c78b11,10f68de1,5f26f677,0,1,1,0,
Northamptonshire,8,2,0,18c78b11,10f68de1,5f26f677,0,0,0,0,
Northamptonshire,9,3,0,18c78b11,10f68de1,5f26f677,1,0,1,0,
Northamptonshire,10,3,0,5f26f677,10f68de1,18c78b11,0,0,0,0,
Northamptonshire,11,4,0,5f26f677,10f68de1,18c78b11,0,1,1,0,
Northamptonshire,12,4,0,5f26f677,10f68de1,18c78b11,0,0,0,0,
Northamptonshire,13,6,0,5f26f677,10f68de1,18c78b11,2,0,2,0,
Northamptonshire,14,7,0,5f26f677,10f68de1,18c78b11,1,0,1,0,
Northamptonshire,15,11,0,5f26f677,e737a5fe,18c78b11,4,0,4,0,
Northamptonshire,16,11,0,5f26f677,e737a5fe,18c78b11,0,0,0,0,
Northamptonshire,17,13,0,5f26f677,e737a5fe,18c78b11,2,0,2,0,
Northamptonshire,18,17,0,5f26f677,e737a5fe,18c78b11,4,0,4,0,
Northamptonshire,19,17,0,5f26f677,e737a5fe,18c78b11,0,0,0,0,
Northamptonshire,20,17,0,5f26f677,e737a5fe,18c78b11,0,0,0,0,
Northamptonshire,21,17,0,18c78b11,6042bf26,5f26f677,0,0,0,0,
Northamptonshire,22,17,0,18c78b11,6042bf26,5f26f677,0,0,0,0,
Northamptonshire,23,17,0,18c78b11,6042bf26,5f26f677,0,0,0,0,
Northamptonshire,24,17,0,18c78b11,6042bf26,5f26f677,0,0,0,0,
Northamptonshire,25,17,1,18c78b11,6042bf26,5f26f677,0,0,0,1,caught
Northamptonshire,26,17,1,5f26f677,6042bf26,58c481c6,0,0,0,0,
Northamptonshire,27,18,1,58c481c6,10f68de1,5f26f677,1,0,1,0,
Northamptonshire,28,18,1,5f26f677,10f68de1,58c481c6,0,0,0,0,
Northamptonshire,29,18,2,5f26f677,10f68de1,58c481c6,0,0,0,1,caught
Northamptonshire,30,18,2,58c481c6,10f68de1,730d120f,0,0,0,0,
Northamptonshire,31,18,3,58c481c6,10f68de1,730d120f,0,0,0,1,caught
Northamptonshire,32,18,3,efe3fcc5,10f68de1,730d120f,0,0,0,0,
Northamptonshire,33,18,3,730d120f,e737a5fe,efe3fcc5,0,0,0,0,
Northamptonshire,34,19,3,730d120f,e737a5fe,efe3fcc5,1,0,1,0,
Northamptonshire,35,20,3,efe3fcc5,e737a5fe,730d120f,1,0,1,0,
Northamptonshire,36,24,3,730d120f,e737a5fe,efe3fcc5,4,0,4,0,
Northamptonshire,37,24,3,730d120f,e737a5fe,efe3fcc5,0,0,0,0,
Northamptonshire,38,24,3,730d120f,e737a5fe,efe3fcc5,0,0,0,0,
Northamptonshire,39,25,3,efe3fcc5,a386e91b,730d120f,1,0,1,0,
Northamptonshire,40,26,3,730d120f,a386e91b,efe3fcc5,1,0,1,0,
Northamptonshire,41,28,3,efe3fcc5,a386e91b,730d120f,2,0,2,0,
Northamptonshire,42,28,3,efe3fcc5,a386e91b,730d120f,0,0,0,0,
Northamptonshire,43,28,3,efe3fcc5,a386e91b,730d120f,0,0,0,0,
Northamptonshire,44,29,3,efe3fcc5,a386e91b,730d120f,1,0,1,0,
Northamptonshire,45,30,3,efe3fcc5,acee4cc4,730d120f,1,0,1,0,
Northamptonshire,46,31,3,730d120f,acee4cc4,efe3fcc5,1,0,1,0,
Northamptonshire,47,31,3,efe3fcc5,acee4cc4,730d120f,0,0,0,0,
Northamptonshire,48,31,3,efe3fcc5,acee4cc4,730d120f,0,0,0,0,
Northamptonshire,49,31,4,efe3fcc5,acee4cc4,730d120f,0,0,0,1,lbw
Northamptonshire,50,31,4,c4450a69,acee4cc4,730d120f,0,0,0,0,
Northamptonshire,51,32,4,730d120f,a386e91b,c4450a69,1,0,1,0,
Northamptonshire,52,32,4,c4450a69,a386e91b,730d120f,0,0,0,0,
Northamptonshire,53,33,4,c4450a69,a386e91b,730d120f,1,0,1,0,
Northamptonshire,54,33,4,730d120f,a386e91b,c4450a69,0,0,0,0,
Northamptonshire,55,34,4,730d120f,a386e91b,c4450a69,1,0,1,0,
Northamptonshire,56,35,4,c4450a69,a386e91b,730d120f,1,0,1,0,
Northamptonshire,57,37,4,c4450a69,757502b5,730d120f,2,0,2,0,
Northamptonshire,58,39,4,c4450a69,757502b5,730d120f,2,0,2,0,
Northamptonshire,59,41,4,c4450a69,757502b5,730d120f,2,0,2,0,
Northamptonshire,60,43,4,c4450a69,757502b5,730d120f,2,0,2,0,
Northamptonshire,61,47,4,c4450a69,757502b5,730d120f,4,0,4,0,
Northamptonshire,62,48,4,c4450a69,757502b5,730d120f,1,0,1,0,
Northamptonshire,63,48,4,c4450a69,6042bf26,730d120f,0,0,0,0,
Northamptonshire,64,49,4,c4450a69,6042bf26,730d120f,1,0,1,0,
Northamptonshire,65,50,4,730d120f,6042bf26,c4450a69,1,0,1,0,
Northamptonshire,66,52,4,c4450a69,6042bf26,730d120f,2,0,2,0,
Northamptonshire,67,54,4,c4450a69,6042bf26,730d120f,0,2,2,0,
Northamptonshire,68,56,4,c4450a69,6042bf26,730d120f,2,0,2,0,
Northamptonshire,69,57,4,c4450a69,6042bf26,730d120f,1,0,1,0,
Northamptonshire,70,57,5,c4450a69,acee4cc4,730d120f,0,0,0,1,bowled
Northamptonshire,71,57,5,f78e7113,acee4cc4,730d120f,0,0,0,0,
Northamptonshire,72,58,5,f78e7113,acee4cc4,730d120f,1,0,1,0,
Northamptonshire,73,59,5,730d120f,acee4cc4,f78e7113,1,0,1,0,
Northamptonshire,74,60,5,f78e7113,acee4cc4,730d120f,1,0,1,0,
Northamptonshire,75,62,5,730d120f,acee4cc4,f78e7113,2,0,2,0,
Northamptonshire,76,63,5,f78e7113,e737a5fe,730d120f,1,0,1,0,
Northamptonshire,77,63,5,730d120f,e737a5fe,f78e7113,0,0,0,0,
Northamptonshire,78,64,5,730d120f,e737a5fe,f78e7113,1,0,1,0,
Northamptonshire,79,65,5,f78e7113,e737a5fe,730d120f,1,0,1,0,
Northamptonshire,80,65,6,730d120f,e737a5fe,f78e7113,0,0,0,1,caught
Northamptonshire,81,65,6,f78e7113,e737a5fe,07c8a2f4,0,0,0,0,
Northamptonshire,82,66,6,07c8a2f4,757502b5,f78e7113,1,0,1,0,
Northamptonshire,83,66,6,f78e7113,757502b5,07c8a2f4,0,0,0,0,
Northamptonshire,84,67,6,f78e7113,757502b5,07c8a2f4,1,0,1,0,
Northamptonshire,85,67,7,07c8a2f4,757502b5,f78e7113,0,0,0,1,caught and bowled
Northamptonshire,86,69,7,0f21680d,757502b5,f78e7113,2,0,2,0,
Northamptonshire,87,75,7,0f21680d,757502b5,f78e7113,6,0,6,0,
Northamptonshire,88,76,7,f78e7113,acee4cc4,0f21680d,1,0,1,0,
Northamptonshire,89,77,7,0f21680d,acee4cc4,f78e7113,1,0,1,0,
Northamptonshire,90,78,7,f78e7113,acee4cc4,0f21680d,1,0,1,0,
Northamptonshire,91,78,7,0f21680d,acee4cc4,f78e7113,0,0,0,0,
Northamptonshire,92,79,7,0f21680d,acee4cc4,f78e7113,1,0,1,0,
Northamptonshire,93,81,7,f78e7113,acee4cc4,0f21680d,2,0,2,0,
Northamptonshire,94,81,7,0f21680d,6042bf26,f78e7113,0,0,0,0,
Northamptonshire,95,81,8,0f21680d,6042bf26,f78e7113,0,0,0,1,caught
Northamptonshire,96,81,8,f78e7113,6042bf26,5239d782,0,0,0,0,
Northamptonshire,97,87,8,f78e7113,6042bf26,5239d782,6,0,6,0,
Northamptonshire,98,91,8,f78e7113,6042bf26,5239d782,4,0,4,0,
Northamptonshire,99,92,8,f78e7113,6042bf26,5239d782,1,0,1,0,
Northamptonshire,100,94,8,f78e7113,acee4cc4,5239d782,2,0,2,0,
Northamptonshire,101,94,9,f78e7113,acee4cc4,5239d782,0,0,0,1,caught
Northamptonshire,102,94,9,402f8494,acee4cc4,5239d782,0,0,0,0,
Northamptonshire,103,94,9,402f8494,acee4cc4,5239d782,0,0,0,0,
Northamptonshire,104,95,9,402f8494,acee4cc4,5239d782,1,0,1,0,
Northamptonshire,105,95,10,5239d782,acee4cc4,402f8494,0,0,0,1,lbw
