batting_team,ball_number,total_team_runs,total_team_wickets,striker_ID,bowler_ID,nonstriker_ID,batter_runs,extras_runs,total_delivery_runs,wicket,wicket_type
Lancashire,1,3,0,99b75528,7f048519,50c6bc2b,3,0,3,0,
Lancashire,2,3,0,50c6bc2b,7f048519,99b75528,0,0,0,0,
Lancashire,3,3,0,50c6bc2b,7f048519,99b75528,0,0,0,0,
Lancashire,4,7,0,50c6bc2b,7f048519,99b75528,4,0,4,0,
Lancashire,5,8,0,50c6bc2b,7f048519,99b75528,1,0,1,0,
Lancashire,6,10,0,99b75528,7f048519,50c6bc2b,2,0,2,0,
Lancashire,7,10,0,50c6bc2b,58043739,99b75528,0,0,0,0,
Lancashire,8,16,0,50c6bc2b,58043739,99b75528,6,0,6,0,
Lancashire,9,22,0,50c6bc2b,58043739,99b75528,6,0,6,0,
Lancashire,10,22,0,50c6bc2b,58043739,99b75528,0,0,0,0,
Lancashire,11,22,0,50c6bc2b,58043739,99b75528,0,0,0,0,
Lancashire,12,26,0,50c6bc2b,58043739,99b75528,4,0,4,0,
Lancashire,13,26,0,99b75528,7f048519,50c6bc2b,0,0,0,0,
Lancashire,14,28,0,99b75528,7f048519,50c6bc2b,2,0,2,0,
Lancashire,15,29,0,99b75528,7f048519,50c6bc2b,1,0,1,0,
Lancashire,16,31,0,50c6bc2b,7f048519,99b75528,0,2,2,0,
Lancashire,17,34,0,50c6bc2b,7f048519,99b75528,3,0,3,0,
Lancashire,18,34,0,99b75528,7f048519,50c6bc2b,0,0,0,0,
Lancashire,19,40,0,99b75528,7f048519,50c6bc2b,6,0,6,0,
Lancashire,20,40,0,50c6bc2b,b21ed464,99b75528,0,0,0,0,
Lancashire,21,41,0,50c6bc2b,b21ed464,99b75528,0,1,1,0,
Lancashire,22,42,0,50c6bc2b,b21ed464,99b75528,1,0,1,0,
Lancashire,23,43,0,99b75528,b21ed464,50c6bc2b,1,0,1,0,
Lancashire,24,47,0,50c6bc2b,b21ed464,99b75528,4,0,4,0,
Lancashire,25,48,0,50c6bc2b,b21ed464,99b75528,1,0,1,0,
Lancashire,26,48,0,99b75528,b21ed464,50c6bc2b,0,0,0,0,
Lancashire,27,52,0,50c6bc2b,9a963804,99b75528,4,0,4,0,
Lancashire,28,53,0,50c6bc2b,9a963804,99b75528,1,0,1,0,
Lancashire,29,54,0,99b75528,9a963804,50c6bc2b,1,0,1,0,
Lancashire,30,55,0,50c6bc2b,9a963804,99b75528,1,0,1,0,
Lancashire,31,55,1,99b75528,9a963804,50c6bc2b,0,0,0,1,run out
Lancashire,32,56,1,50c6bc2b,9a963804,88a004e9,1,0,1,0,
Lancashire,33,57,1,50c6bc2b,249d60c9,88a004e9,1,0,1,0,
Lancashire,34,58,1,88a004e9,249d60c9,50c6bc2b,1,0,1,0,
Lancashire,35,64,1,50c6bc2b,249d60c9,88a004e9,6,0,6,0,
Lancashire,36,65,1,50c6bc2b,249d60c9,88a004e9,1,0,1,0,
Lancashire,37,68,1,88a004e9,249d60c9,50c6bc2b,3,0,3,0,
Lancashire,38,68,1,50c6bc2b,249d60c9,88a004e9,0,0,0,0,
Lancashire,39,68,1,88a004e9,9a963804,50c6bc2b,0,0,0,0,
Lancashire,40,68,1,88a004e9,9a963804,50c6bc2b,0,0,0,0,
Lancashire,41,72,1,88a004e9,9a963804,50c6bc2b,4,0,4,0,
Lancashire,42,76,1,88a004e9,9a963804,50c6bc2b,4,0,4,0,
Lancashire,43,76,1,88a004e9,9a963804,50c6bc2b,0,0,0,0,
Lancashire,44,82,1,88a004e9,9a963804,50c6bc2b,6,0,6,0,
Lancashire,45,83,1,50c6bc2b,249d60c9,88a004e9,1,0,1,0,
Lancashire,46,84,1,88a004e9,249d60c9,50c6bc2b,1,0,1,0,
Lancashire,47,90,1,50c6bc2b,249d60c9,88a004e9,6,0,6,0,
Lancashire,48,94,1,50c6bc2b,249d60c9,88a004e9,4,0,4,0,
Lancashire,49,94,1,50c6bc2b,249d60c9,88a004e9,0,0,0,0,
Lancashire,50,95,1,50c6bc2b,249d60c9,88a004e9,1,0,1,0,
Lancashire,51,95,1,50c6bc2b,5fcb6fb1,88a004e9,0,0,0,0,
Lancashire,52,101,1,50c6bc2b,5fcb6fb1,88a004e9,6,0,6,0,
Lancashire,53,107,1,50c6bc2b,5fcb6fb1,88a004e9,6,0,6,0,
Lancashire,54,108,1,50c6bc2b,5fcb6fb1,88a004e9,1,0,1,0,
Lancashire,55,111,1,88a004e9,5fcb6fb1,50c6bc2b,3,0,3,0,
Lancashire,56,112,1,50c6bc2b,5fcb6fb1,88a004e9,1,0,1,0,
Lancashire,57,116,1,50c6bc2b,b21ed464,88a004e9,4,0,4,0,
Lancashire,58,120,1,50c6bc2b,b21ed464,88a004e9,4,0,4,0,
Lancashire,59,120,2,50c6bc2b,b21ed464,88a004e9,0,0,0,1,caught
Lancashire,60,122,2,c672e80e,b21ed464,88a004e9,2,0,2,0,
Lancashire,61,123,2,c672e80e,b21ed464,88a004e9,1,0,1,0,
Lancashire,62,123,2,88a004e9,b21ed464,c672e80e,0,0,0,0,
Lancashire,63,123,2,c672e80e,249d60c9,88a004e9,0,0,0,0,
Lancashire,64,129,2,c672e80e,249d60c9,88a004e9,6,0,6,0,
Lancashire,65,130,2,c672e80e,249d60c9,88a004e9,1,0,1,0,
Lancashire,66,132,2,88a004e9,249d60c9,c672e80e,2,0,2,0,
Lancashire,67,138,2,88a004e9,249d60c9,c672e80e,6,0,6,0,
Lancashire,68,142,2,88a004e9,249d60c9,c672e80e,4,0,4,0,
Lancashire,69,146,2,c672e80e,b21ed464,88a004e9,4,0,4,0,
Lancashire,70,147,2,c672e80e,b21ed464,88a004e9,1,0,1,0,
Lancashire,71,148,2,88a004e9,b21ed464,c672e80e,1,0,1,0,
Lancashire,72,149,2,c672e80e,b21ed464,88a004e9,1,0,1,0,
Lancashire,73,150,2,88a004e9,b21ed464,c672e80e,1,0,1,0,
Lancashire,74,151,2,c672e80e,b21ed464,88a004e9,1,0,1,0,
Lancashire,75,152,2,c672e80e,58043739,88a004e9,1,0,1,0,
Lancashire,76,154,2,88a004e9,58043739,c672e80e,2,0,2,0,
Lancashire,77,156,2,88a004e9,58043739,c672e80e,2,0,2,0,
Lancashire,78,157,2,88a004e9,58043739,c672e80e,1,0,1,0,
Lancashire,79,157,2,c672e80e,58043739,88a004e9,0,0,0,0,
Lancashire,80,159,2,c672e80e,58043739,88a004e9,2,0,2,0,
Lancashire,81,160,2,88a004e9,7f048519,c672e80e,1,0,1,0,
Lancashire,82,162,2,c672e80e,7f048519,88a004e9,2,0,2,0,
Lancashire,83,164,2,c672e80e,7f048519,88a004e9,2,0,2,0,
Lancashire,84,168,2,c672e80e,7f048519,88a004e9,4,0,4,0,
Lancashire,85,174,2,c672e80e,7f048519,88a004e9,6,0,6,0,
Lancashire,86,176,2,c672e80e,7f048519,88a004e9,2,0,2,0,
Yorkshire,1,0,0,70b8fd28,50c6bc2b,7f048519,0,0,0,0,
Yorkshire,2,2,0,70b8fd28,50c6bc2b,7f048519,2,0,2,0,
Yorkshire,3,6,0,70b8fd28,50c6bc2b,7f048519,4,0,4,0,
Yorkshire,4,6,0,70b8fd28,50c6bc2b,7f048519,0,0,0,0,
Yorkshire,5,6,0,70b8fd28,50c6bc2b,7f048519,0,0,0,0,
Yorkshire,6,6,0,70b8fd28,50c6bc2b,7f048519,0,0,0,0,
Yorkshire,7,7,0,7f048519,d83a3bdc,70b8fd28,1,0,1,0,
Yorkshire,8,7,0,70b8fd28,d83a3bdc,7f048519,0,0,0,0,
Yorkshire,9,13,0,70b8fd28,d83a3bdc,7f048519,6,0,6,0,
Yorkshire,10,15,0,70b8fd28,d83a3bdc,7f048519,2,0,2,0,
Yorkshire,11,16,0,70b8fd28,d83a3bdc,7f048519,1,0,1,0,
Yorkshire,12,16,0,7f048519,d83a3bdc,70b8fd28,0,0,0,0,
Yorkshire,13,17,0,70b8fd28,808f425a,7f048519,1,0,1,0,
Yorkshire,14,17,0,7f048519,808f425a,70b8fd28,0,0,0,0,
Yorkshire,15,19,0,7f048519,808f425a,70b8fd28,2,0,2,0,
Yorkshire,16,21,0,7f048519,808f425a,70b8fd28,2,0,2,0,
Yorkshire,17,22,0,7f048519,808f425a,70b8fd28,1,0,1,0,
Yorkshire,18,22,0,70b8fd28,808f425a,7f048519,0,0,0,0,
Yorkshire,19,22,0,7f048519,d83a3bdc,70b8fd28,0,0,0,0,
Yorkshire,20,23,0,7f048519,d83a3bdc,70b8fd28,1,0,1,0,
Yorkshire,21,29,0,70b8fd28,d83a3bdc,7f048519,6,0,6,0,
Yorkshire,22,33,0,70b8fd28,d83a3bdc,7f048519,4,0,4,0,
Yorkshire,23,39,0,70b8fd28,d83a3bdc,7f048519,6,0,6,0,
Yorkshire,24,45,0,70b8fd28,d83a3bdc,7f048519,6,0,6,0,
Yorkshire,25,46,0,7f048519,50c6bc2b,70b8fd28,1,0,1,0,
Yorkshire,26,48,0,70b8fd28,50c6bc2b,7f048519,2,0,2,0,
Yorkshire,27,54,0,70b8fd28,50c6bc2b,7f048519,6,0,6,0,
Yorkshire,28,56,0,70b8fd28,50c6bc2b,7f048519,2,0,2,0,
Yorkshire,29,58,0,70b8fd28,50c6bc2b,7f048519,2,0,2,0,
Yorkshire,30,59,0,70b8fd28,50c6bc2b,7f048519,1,0,1,0,
Yorkshire,31,60,0,70b8fd28,808f425a,7f048519,1,0,1,0,
Yorkshire,32,64,0,7f048519,808f425a,70b8fd28,4,0,4,0,
Yorkshire,33,66,0,7f048519,808f425a,70b8fd28,2,0,2,0,
Yorkshire,34,68,0,7f048519,808f425a,70b8fd28,2,0,2,0,
Yorkshire,35,68,0,7f048519,808f425a,70b8fd28,0,0,0,0,
Yorkshire,36,69,0,7f048519,808f425a,70b8fd28,1,0,1,0,
Yorkshire,37,70,0,7f048519,19708692,70b8fd28,1,0,1,0,
Yorkshire,38,72,0,70b8fd28,19708692,7f048519,2,0,2,0,
Yorkshire,39,78,0,70b8fd28,19708692,7f048519,6,0,6,0,
Yorkshire,40,79,0,70b8fd28,19708692,7f048519,0,1,1,0,
Yorkshire,41,80,0,7f048519,19708692,70b8fd28,1,0,1,0,
Yorkshire,42,80,1,70b8fd28,19708692,7f048519,0,0,0,1,caught
Yorkshire,43,81,1,a343262c,c672e80e,7f048519,1,0,1,0,
Yorkshire,44,81,1,7f048519,c672e80e,a343262c,0,0,0,0,
Yorkshire,45,82,1,7f048519,c672e80e,a343262c,1,0,1,0,
Yorkshire,46,84,1,a343262c,c672e80e,7f048519,2,0,2,0,
Yorkshire,47,88,1,a343262c,c672e80e,7f048519,4,0,4,0,
Yorkshire,48,90,1,a343262c,c672e80e,7f048519,2,0,2,0,
Yorkshire,49,90,2,7f048519,19708692,a343262c,0,0,0,1,stumped
Yorkshire,50,91,2,9a963804,19708692,a343262c,1,0,1,0,
Yorkshire,51,93,2,a343262c,19708692,9a963804,2,0,2,0,
Yorkshire,52,93,2,a343262c,19708692,9a963804,0,0,0,0,
Yorkshire,53,95,2,a343262c,19708692,9a963804,2,0,2,0,
Yorkshire,54,101,2,a343262c,19708692,9a963804,6,0,6,0,
Yorkshire,55,103,2,9a963804,fdb8ed0d,a343262c,2,0,2,0,
Yorkshire,56,109,2,9a963804,fdb8ed0d,a343262c,6,0,6,0,
Yorkshire,57,110,2,9a963804,fdb8ed0d,a343262c,1,0,1,0,
Yorkshire,58,112,2,a343262c,fdb8ed0d,9a963804,2,0,2,0,
Yorkshire,59,113,2,a343262c,fdb8ed0d,9a963804,1,0,1,0,
Yorkshire,60,114,2,9a963804,fdb8ed0d,a343262c,1,0,1,0,
Yorkshire,61,115,2,9a963804,19708692,a343262c,1,0,1,0,
Yorkshire,62,116,2,a343262c,19708692,9a963804,1,0,1,0,
Yorkshire,63,122,2,9a963804,19708692,a343262c,6,0,6,0,
Yorkshire,64,123,2,9a963804,19708692,a343262c,1,0,1,0,
Yorkshire,65,125,2,a343262c,19708692,9a963804,2,0,2,0,
Yorkshire,66,131,2,a343262c,19708692,9a963804,6,0,6,0,
Yorkshire,67,131,3,9a963804,c672e80e,a343262c,0,0,0,1,bowled
Yorkshire,68,133,3,58043739,c672e80e,a343262c,2,0,2,0,
Yorkshire,69,135,3,58043739,c672e80e,a343262c,2,0,2,0,
Yorkshire,70,136,3,58043739,c672e80e,a343262c,0,1,1,0,
Yorkshire,71,137,3,58043739,c672e80e,a343262c,1,0,1,0,
Yorkshire,72,138,3,a343262c,c672e80e,58043739,1,0,1,0,
Yorkshire,73,144,3,58043739,c672e80e,a343262c,6,0,6,0,
Yorkshire,74,145,3,a343262c,808f425a,58043739,1,0,1,0,
Yorkshire,75,151,3,58043739,808f425a,a343262c,6,0,6,0,
Yorkshire,76,151,4,58043739,808f425a,a343262c,0,0,0,1,caught
Yorkshire,77,155,4,a343262c,808f425a,d027ba9f,4,0,4,0,
Yorkshire,78,156,4,a343262c,808f425a,d027ba9f,1,0,1,0,
Yorkshire,79,160,4,d027ba9f,808f425a,a343262c,4,0,4,0,
Yorkshire,80,164,4,a343262c,d83a3bdc,d027ba9f,4,0,4,0,
Yorkshire,81,164,4,a343262c,d83a3bdc,d027ba9f,0,0,0,0,
Yorkshire,82,168,4,a343262c,d83a3bdc,d027ba9f,4,0,4,0,
Yorkshire,83,172,4,a343262c,d83a3bdc,d027ba9f,4,0,4,0,
Yorkshire,84,173,4,a343262c,d83a3bdc,d027ba9f,1,0,1,0,
Yorkshire,85,175,4,d027ba9f,d83a3bdc,a343262c,2,0,2,0,
