batting_team,ball_number,total_team_runs,total_team_wickets,striker_ID,bowler_ID,nonstriker_ID,batter_runs,extras_runs,total_delivery_runs,wicket,wicket_type
Adelaide Strikers,1,0,0,69d03465,2318ba22,edc7ddb6,0,0,0,0,
Adelaide Strikers,2,1,0,69d03465,2318ba22,edc7ddb6,1,0,1,0,
Adelaide Strikers,3,2,0,edc7ddb6,2318ba22,69d03465,1,0,1,0,
Adelaide Strikers,4,5,0,69d03465,2318ba22,edc7ddb6,3,0,3,0,
Adelaide Strikers,5,5,0,edc7ddb6,2318ba22,69d03465,0,0,0,0,
Adelaide Strikers,6,5,0,edc7ddb6,2318ba22,69d03465,0,0,0,0,
Adelaide Strikers,7,7,0,69d03465,dfc4d8b5,edc7ddb6,2,0,2,0,
Adelaide Strikers,8,8,0,69d03465,dfc4d8b5,edc7ddb6,1,0,1,0,
Adelaide Strikers,9,8,0,edc7ddb6,dfc4d8b5,69d03465,0,0,0,0,
Adelaide Strikers,10,9,0,edc7ddb6,dfc4d8b5,69d03465,1,0,1,0,
Adelaide Strikers,11,9,0,69d03465,dfc4d8b5,edc7ddb6,0,0,0,0,
Adelaide Strikers,12,9,0,69d03465,dfc4d8b5,edc7ddb6,0,0,0,0,
Adelaide Strikers,13,9,0,edc7ddb6,96824e68,69d03465,0,0,0,0,
Adelaide Strikers,14,10,0,edc7ddb6,96824e68,69d03465,1,0,1,0,
Adelaide Strikers,15,11,0,69d03465,96824e68,edc7ddb6,1,0,1,0,
Adelaide Strikers,16,11,0,edc7ddb6,96824e68,69d03465,0,0,0,0,
Adelaide Strikers,17,11,1,edc7ddb6,96824e68,69d03465,0,0,0,1,bowled
Adelaide Strikers,18,12,1,12b610c2,96824e68,69d03465,1,0,1,0,
Adelaide Strikers,19,12,1,12b610c2,dfc4d8b5,69d03465,0,0,0,0,
Adelaide Strikers,20,13,1,12b610c2,dfc4d8b5,69d03465,1,0,1,0,
Adelaide Strikers,21,13,1,69d03465,dfc4d8b5,12b610c2,0,0,0,0,
Adelaide Strikers,22,17,1,69d03465,dfc4d8b5,12b610c2,4,0,4,0,
Adelaide Strikers,23,21,1,69d03465,dfc4d8b5,12b610c2,4,0,4,0,
Adelaide Strikers,24,22,1,69d03465,dfc4d8b5,12b610c2,1,0,1,0,
Adelaide Strikers,25,23,1,69d03465,96824e68,12b610c2,1,0,1,0,
Adelaide Strikers,26,23,1,12b610c2,96824e68,69d03465,0,0,0,0,
Adelaide Strikers,27,24,1,12b610c2,96824e68,69d03465,1,0,1,0,
Adelaide Strikers,28,25,1,69d03465,96824e68,12b610c2,1,0,1,0,
Adelaide Strikers,29,29,1,12b610c2,96824e68,69d03465,4,0,4,0,
Adelaide Strikers,30,29,1,12b610c2,96824e68,69d03465,0,0,0,0,
Adelaide Strikers,31,30,1,69d03465,87e562a9,12b610c2,1,0,1,0,
Adelaide Strikers,32,30,1,12b610c2,87e562a9,69d03465,0,0,0,0,
Adelaide Strikers,33,30,1,12b610c2,87e562a9,69d03465,0,0,0,0,
Adelaide Strikers,34,31,1,12b610c2,87e562a9,69d03465,1,0,1,0,
Adelaide Strikers,35,31,1,69d03465,87e562a9,12b610c2,0,0,0,0,
Adelaide Strikers,36,33,1,69d03465,87e562a9,12b610c2,2,0,2,0,
Adelaide Strikers,37,33,1,12b610c2,2318ba22,69d03465,0,0,0,0,
Adelaide Strikers,38,34,1,12b610c2,2318ba22,69d03465,1,0,1,0,
Adelaide Strikers,39,35,1,69d03465,2318ba22,12b610c2,1,0,1,0,
Adelaide Strikers,40,35,1,12b610c2,2318ba22,69d03465,0,0,0,0,
Adelaide Strikers,41,35,1,12b610c2,2318ba22,69d03465,0,0,0,0,
Adelaide Strikers,42,36,1,12b610c2,2318ba22,69d03465,1,0,1,0,
Adelaide Strikers,43,36,1,12b610c2,96824e68,69d03465,0,0,0,0,
Adelaide Strikers,44,42,1,12b610c2,96824e68,69d03465,6,0,6,0,
Adelaide Strikers,45,42,1,12b610c2,96824e68,69d03465,0,0,0,0,
Adelaide Strikers,46,46,1,12b610c2,96824e68,69d03465,4,0,4,0,
Adelaide Strikers,47,47,1,12b610c2,96824e68,69d03465,1,0,1,0,
Adelaide Strikers,48,47,1,69d03465,96824e68,12b610c2,0,0,0,0,
Adelaide Strikers,49,48,1,12b610c2,f708a0bc,69d03465,1,0,1,0,
Adelaide Strikers,50,52,1,69d03465,f708a0bc,12b610c2,4,0,4,0,
Adelaide Strikers,51,53,1,69d03465,f708a0bc,12b610c2,1,0,1,0,
Adelaide Strikers,52,53,1,12b610c2,f708a0bc,69d03465,0,0,0,0,
Adelaide Strikers,53,53,1,12b610c2,f708a0bc,69d03465,0,0,0,0,
Adelaide Strikers,54,55,1,12b610c2,f708a0bc,69d03465,2,0,2,0,
Adelaide Strikers,55,55,1,69d03465,f1c61793,12b610c2,0,0,0,0,
Adelaide Strikers,56,59,1,69d03465,f1c61793,12b610c2,4,0,4,0,
Adelaide Strikers,57,59,2,69d03465,f1c61793,12b610c2,0,0,0,1,caught
Adelaide Strikers,58,60,2,c995d726,f1c61793,12b610c2,1,0,1,0,
Adelaide Strikers,59,61,2,12b610c2,f1c61793,c995d726,1,0,1,0,
Adelaide Strikers,60,62,2,c995d726,f1c61793,12b610c2,1,0,1,0,
Adelaide Strikers,61,63,2,c995d726,f708a0bc,12b610c2,1,0,1,0,
Adelaide Strikers,62,63,2,12b610c2,f708a0bc,c995d726,0,0,0,0,
Adelaide Strikers,63,64,2,12b610c2,f708a0bc,c995d726,1,0,1,0,
Adelaide Strikers,64,66,2,c995d726,f708a0bc,12b610c2,2,0,2,0,
Adelaide Strikers,65,66,2,c995d726,f708a0bc,12b610c2,0,0,0,0,
Adelaide Strikers,66,66,2,c995d726,f708a0bc,12b610c2,0,0,0,0,
Adelaide Strikers,67,67,2,12b610c2,87e562a9,c995d726,1,0,1,0,
Adelaide Strikers,68,68,2,c995d726,87e562a9,12b610c2,1,0,1,0,
Adelaide Strikers,69,69,2,12b610c2,87e562a9,c995d726,1,0,1,0,
Adelaide Strikers,70,69,2,c995d726,87e562a9,12b610c2,0,0,0,0,
Adelaide Strikers,71,73,2,c995d726,87e562a9,12b610c2,4,0,4,0,
Adelaide Strikers,72,73,2,c995d726,87e562a9,12b610c2,0,0,0,0,
Adelaide Strikers,73,74,2,12b610c2,f708a0bc,c995d726,1,0,1,0,
Adelaide Strikers,74,78,2,c995d726,f708a0bc,12b610c2,4,0,4,0,
Adelaide Strikers,75,82,2,c995d726,f708a0bc,12b610c2,4,0,4,0,
Adelaide Strikers,76,83,2,c995d726,f708a0bc,12b610c2,1,0,1,0,
Adelaide Strikers,77,89,2,12b610c2,f708a0bc,c995d726,6,0,6,0,
Adelaide Strikers,78,91,2,12b610c2,f708a0bc,c995d726,2,0,2,0,
Adelaide Strikers,79,92,2,c995d726,f1c61793,12b610c2,0,1,1,0,
Adelaide Strikers,80,92,2,c995d726,f1c61793,12b610c2,0,0,0,0,
Adelaide Strikers,81,94,2,c995d726,f1c61793,12b610c2,2,0,2,0,
Adelaide Strikers,82,95,2,c995d726,f1c61793,12b610c2,1,0,1,0,
Adelaide Strikers,83,96,2,12b610c2,f1c61793,c995d726,0,1,1,0,
Adelaide Strikers,84,100,2,12b610c2,f1c61793,c995d726,4,0,4,0,
Adelaide Strikers,85,101,2,12b610c2,f1c61793,c995d726,1,0,1,0,
Adelaide Strikers,86,101,2,c995d726,f1c61793,12b610c2,0,0,0,0,
Adelaide Strikers,87,102,2,12b610c2,a757b0d8,c995d726,1,0,1,0,
Adelaide Strikers,88,103,2,c995d726,a757b0d8,12b610c2,0,1,1,0,
Adelaide Strikers,89,103,2,c995d726,a757b0d8,12b610c2,0,0,0,0,
Adelaide Strikers,90,104,2,c995d726,a757b0d8,12b610c2,1,0,1,0,
Adelaide Strikers,91,105,2,12b610c2,a757b0d8,c995d726,1,0,1,0,
Adelaide Strikers,92,106,2,c995d726,a757b0d8,12b610c2,1,0,1,0,
Adelaide Strikers,93,107,2,12b610c2,a757b0d8,c995d726,1,0,1,0,
Adelaide Strikers,94,111,2,12b610c2,f1c61793,c995d726,4,0,4,0,
Adelaide Strikers,95,112,2,12b610c2,f1c61793,c995d726,0,1,1,0,
Adelaide Strikers,96,113,2,12b610c2,f1c61793,c995d726,1,0,1,0,
Adelaide Strikers,97,115,2,c995d726,f1c61793,12b610c2,2,0,2,0,
Adelaide Strikers,98,116,2,c995d726,f1c61793,12b610c2,1,0,1,0,
Adelaide Strikers,99,117,2,12b610c2,f1c61793,c995d726,1,0,1,0,
Adelaide Strikers,100,119,2,c995d726,f1c61793,12b610c2,2,0,2,0,
Adelaide Strikers,101,120,2,12b610c2,87e562a9,c995d726,1,0,1,0,
Adelaide Strikers,102,121,2,c995d726,87e562a9,12b610c2,1,0,1,0,
Adelaide Strikers,103,123,2,12b610c2,87e562a9,c995d726,2,0,2,0,
Adelaide Strikers,104,125,2,12b610c2,87e562a9,c995d726,2,0,2,0,
Adelaide Strikers,105,126,2,12b610c2,87e562a9,c995d726,1,0,1,0,
Adelaide Strikers,106,127,2,c995d726,87e562a9,12b610c2,1,0,1,0,
Adelaide Strikers,107,129,2,c995d726,dfc4d8b5,12b610c2,2,0,2,0,
Adelaide Strikers,108,135,2,c995d726,dfc4d8b5,12b610c2,6,0,6,0,
Adelaide Strikers,109,139,2,c995d726,dfc4d8b5,12b610c2,4,0,4,0,
Adelaide Strikers,110,145,2,c995d726,dfc4d8b5,12b610c2,6,0,6,0,
Adelaide Strikers,111,146,2,c995d726,dfc4d8b5,12b610c2,1,0,1,0,
Adelaide Strikers,112,147,2,12b610c2,dfc4d8b5,c995d726,1,0,1,0,
Adelaide Strikers,113,147,2,12b610c2,a757b0d8,c995d726,0,0,0,0,
Adelaide Strikers,114,147,3,12b610c2,a757b0d8,c995d726,0,0,0,1,bowled
Adelaide Strikers,115,148,3,8bdac857,a757b0d8,c995d726,1,0,1,0,
Adelaide Strikers,116,148,3,c995d726,a757b0d8,8bdac857,0,0,0,0,
Adelaide Strikers,117,149,3,c995d726,a757b0d8,8bdac857,0,1,1,0,
Adelaide Strikers,118,155,3,c995d726,a757b0d8,8bdac857,6,0,6,0,
Adelaide Strikers,119,161,3,c995d726,a757b0d8,8bdac857,6,0,6,0,
Adelaide Strikers,120,163,3,8bdac857,87e562a9,c995d726,2,0,2,0,
Adelaide Strikers,121,165,3,8bdac857,87e562a9,c995d726,2,0,2,0,
Adelaide Strikers,122,166,3,8bdac857,87e562a9,c995d726,0,1,1,0,
Adelaide Strikers,123,167,3,c995d726,87e562a9,8bdac857,0,1,1,0,
Adelaide Strikers,124,173,3,c995d726,87e562a9,8bdac857,6,0,6,0,
Adelaide Strikers,125,173,4,c995d726,87e562a9,8bdac857,0,0,0,1,caught
Adelaide Strikers,126,173,5,c96a215f,87e562a9,8bdac857,0,0,0,1,caught
Melbourne Renegades,1,2,0,9e85455c,0164b064,c3f7898b,2,0,2,0,
Melbourne Renegades,2,2,0,9e85455c,0164b064,c3f7898b,0,0,0,0,
Melbourne Renegades,3,3,0,9e85455c,0164b064,c3f7898b,1,0,1,0,
Melbourne Renegades,4,7,0,c3f7898b,0164b064,9e85455c,4,0,4,0,
Melbourne Renegades,5,8,0,c3f7898b,0164b064,9e85455c,1,0,1,0,
Melbourne Renegades,6,9,0,9e85455c,0164b064,c3f7898b,1,0,1,0,
Melbourne Renegades,7,9,0,9e85455c,6834d1f2,c3f7898b,0,0,0,0,
Melbourne Renegades,8,9,0,9e85455c,6834d1f2,c3f7898b,0,0,0,0,
Melbourne Renegades,9,10,0,9e85455c,6834d1f2,c3f7898b,1,0,1,0,
Melbourne Renegades,10,11,0,c3f7898b,6834d1f2,9e85455c,0,1,1,0,
Melbourne Renegades,11,12,0,9e85455c,6834d1f2,c3f7898b,1,0,1,0,
Melbourne Renegades,12,13,0,c3f7898b,6834d1f2,9e85455c,1,0,1,0,
Melbourne Renegades,13,17,0,c3f7898b,0164b064,9e85455c,4,0,4,0,
Melbourne Renegades,14,19,0,c3f7898b,0164b064,9e85455c,2,0,2,0,
Melbourne Renegades,15,20,0,c3f7898b,0164b064,9e85455c,1,0,1,0,
Melbourne Renegades,16,21,0,9e85455c,0164b064,c3f7898b,1,0,1,0,
Melbourne Renegades,17,22,0,c3f7898b,0164b064,9e85455c,1,0,1,0,
Melbourne Renegades,18,23,0,9e85455c,0164b064,c3f7898b,0,1,1,0,
Melbourne Renegades,19,27,0,9e85455c,6834d1f2,c3f7898b,4,0,4,0,
Melbourne Renegades,20,27,0,9e85455c,6834d1f2,c3f7898b,0,0,0,0,
Melbourne Renegades,21,27,0,9e85455c,6834d1f2,c3f7898b,0,0,0,0,
Melbourne Renegades,22,29,0,9e85455c,6834d1f2,c3f7898b,2,0,2,0,
Melbourne Renegades,23,29,0,9e85455c,6834d1f2,c3f7898b,0,0,0,0,
Melbourne Renegades,24,33,0,9e85455c,6834d1f2,c3f7898b,4,0,4,0,
Melbourne Renegades,25,33,0,c3f7898b,bd93fea4,9e85455c,0,0,0,0,
Melbourne Renegades,26,33,0,c3f7898b,bd93fea4,9e85455c,0,0,0,0,
Melbourne Renegades,27,33,1,c3f7898b,bd93fea4,9e85455c,0,0,0,1,caught
Melbourne Renegades,28,34,1,d0513f63,bd93fea4,9e85455c,1,0,1,0,
Melbourne Renegades,29,34,1,9e85455c,bd93fea4,d0513f63,0,0,0,0,
Melbourne Renegades,30,35,1,9e85455c,bd93fea4,d0513f63,1,0,1,0,
Melbourne Renegades,31,35,1,9e85455c,b2a79f17,d0513f63,0,0,0,0,
Melbourne Renegades,32,35,1,9e85455c,b2a79f17,d0513f63,0,0,0,0,
Melbourne Renegades,33,36,1,9e85455c,b2a79f17,d0513f63,1,0,1,0,
Melbourne Renegades,34,36,1,d0513f63,b2a79f17,9e85455c,0,0,0,0,
Melbourne Renegades,35,36,1,d0513f63,b2a79f17,9e85455c,0,0,0,0,
Melbourne Renegades,36,37,1,d0513f63,b2a79f17,9e85455c,1,0,1,0,
Melbourne Renegades,37,39,1,d0513f63,5f547c8b,9e85455c,2,0,2,0,
Melbourne Renegades,38,39,1,d0513f63,5f547c8b,9e85455c,0,0,0,0,
Melbourne Renegades,39,40,1,d0513f63,5f547c8b,9e85455c,1,0,1,0,
Melbourne Renegades,40,40,1,9e85455c,5f547c8b,d0513f63,0,0,0,0,
Melbourne Renegades,41,41,1,9e85455c,5f547c8b,d0513f63,1,0,1,0,
Melbourne Renegades,42,42,1,d0513f63,5f547c8b,9e85455c,1,0,1,0,
Melbourne Renegades,43,43,1,d0513f63,bd93fea4,9e85455c,1,0,1,0,
Melbourne Renegades,44,43,1,9e85455c,bd93fea4,d0513f63,0,0,0,0,
Melbourne Renegades,45,44,1,9e85455c,bd93fea4,d0513f63,1,0,1,0,
Melbourne Renegades,46,45,1,d0513f63,bd93fea4,9e85455c,1,0,1,0,
Melbourne Renegades,47,45,1,9e85455c,bd93fea4,d0513f63,0,0,0,0,
Melbourne Renegades,48,46,1,9e85455c,bd93fea4,d0513f63,1,0,1,0,
Melbourne Renegades,49,47,1,9e85455c,5f547c8b,d0513f63,1,0,1,0,
Melbourne Renegades,50,48,1,d0513f63,5f547c8b,9e85455c,1,0,1,0,
Melbourne Renegades,51,49,1,9e85455c,5f547c8b,d0513f63,1,0,1,0,
Melbourne Renegades,52,50,1,d0513f63,5f547c8b,9e85455c,1,0,1,0,
Melbourne Renegades,53,51,1,9e85455c,5f547c8b,d0513f63,1,0,1,0,
Melbourne Renegades,54,51,1,d0513f63,5f547c8b,9e85455c,0,0,0,0,
Melbourne Renegades,55,51,2,9e85455c,6834d1f2,d0513f63,0,0,0,1,caught
Melbourne Renegades,56,51,2,d0513f63,6834d1f2,2318ba22,0,0,0,0,
Melbourne Renegades,57,52,2,d0513f63,6834d1f2,2318ba22,1,0,1,0,
Melbourne Renegades,58,52,2,2318ba22,6834d1f2,d0513f63,0,0,0,0,
Melbourne Renegades,59,52,2,2318ba22,6834d1f2,d0513f63,0,0,0,0,
Melbourne Renegades,60,53,2,2318ba22,6834d1f2,d0513f63,1,0,1,0,
Melbourne Renegades,61,54,2,2318ba22,b2a79f17,d0513f63,1,0,1,0,
Melbourne Renegades,62,54,2,d0513f63,b2a79f17,2318ba22,0,0,0,0,
Melbourne Renegades,63,56,2,d0513f63,b2a79f17,2318ba22,2,0,2,0,
Melbourne Renegades,64,57,2,d0513f63,b2a79f17,2318ba22,1,0,1,0,
Melbourne Renegades,65,58,2,2318ba22,b2a79f17,d0513f63,1,0,1,0,
Melbourne Renegades,66,59,2,d0513f63,b2a79f17,2318ba22,1,0,1,0,
Melbourne Renegades,67,59,2,d0513f63,0164b064,2318ba22,0,0,0,0,
Melbourne Renegades,68,60,2,d0513f63,0164b064,2318ba22,1,0,1,0,
Melbourne Renegades,69,61,2,2318ba22,0164b064,d0513f63,1,0,1,0,
Melbourne Renegades,70,62,2,d0513f63,0164b064,2318ba22,1,0,1,0,
Melbourne Renegades,71,66,2,2318ba22,0164b064,d0513f63,4,0,4,0,
Melbourne Renegades,72,70,2,2318ba22,0164b064,d0513f63,4,0,4,0,
Melbourne Renegades,73,70,3,d0513f63,5f547c8b,2318ba22,0,0,0,1,bowled
Melbourne Renegades,74,70,3,a757b0d8,5f547c8b,2318ba22,0,0,0,0,
Melbourne Renegades,75,72,3,a757b0d8,5f547c8b,2318ba22,2,0,2,0,
Melbourne Renegades,76,73,3,a757b0d8,5f547c8b,2318ba22,1,0,1,0,
Melbourne Renegades,77,73,3,2318ba22,5f547c8b,a757b0d8,0,0,0,0,
Melbourne Renegades,78,74,3,2318ba22,5f547c8b,a757b0d8,1,0,1,0,
Melbourne Renegades,79,80,3,2318ba22,bd93fea4,a757b0d8,6,0,6,0,
Melbourne Renegades,80,82,3,2318ba22,bd93fea4,a757b0d8,2,0,2,0,
Melbourne Renegades,81,82,3,2318ba22,bd93fea4,a757b0d8,0,0,0,0,
Melbourne Renegades,82,84,3,2318ba22,bd93fea4,a757b0d8,2,0,2,0,
Melbourne Renegades,83,85,3,2318ba22,bd93fea4,a757b0d8,1,0,1,0,
Melbourne Renegades,84,90,3,a757b0d8,bd93fea4,2318ba22,0,5,5,0,
Melbourne Renegades,85,92,3,a757b0d8,bd93fea4,2318ba22,2,0,2,0,
Melbourne Renegades,86,92,4,2318ba22,6834d1f2,a757b0d8,0,0,0,1,caught
Melbourne Renegades,87,92,4,a757b0d8,6834d1f2,87e562a9,0,0,0,0,
Melbourne Renegades,88,94,4,a757b0d8,6834d1f2,87e562a9,2,0,2,0,
Melbourne Renegades,89,95,4,a757b0d8,6834d1f2,87e562a9,1,0,1,0,
Melbourne Renegades,90,99,4,87e562a9,6834d1f2,a757b0d8,4,0,4,0,
Melbourne Renegades,91,99,4,87e562a9,6834d1f2,a757b0d8,0,0,0,0,
Melbourne Renegades,92,100,4,a757b0d8,5f547c8b,87e562a9,1,0,1,0,
Melbourne Renegades,93,100,5,87e562a9,5f547c8b,a757b0d8,0,0,0,1,caught
Melbourne Renegades,94,104,5,a757b0d8,5f547c8b,b57f8a9a,4,0,4,0,
Melbourne Renegades,95,105,5,a757b0d8,5f547c8b,b57f8a9a,1,0,1,0,
Melbourne Renegades,96,105,5,b57f8a9a,5f547c8b,a757b0d8,0,0,0,0,
Melbourne Renegades,97,111,5,b57f8a9a,5f547c8b,a757b0d8,6,0,6,0,
Melbourne Renegades,98,111,6,a757b0d8,b2a79f17,b57f8a9a,0,0,0,1,caught
Melbourne Renegades,99,113,6,b57f8a9a,b2a79f17,f1c61793,2,0,2,0,
Melbourne Renegades,100,114,6,b57f8a9a,b2a79f17,f1c61793,0,1,1,0,
Melbourne Renegades,101,115,6,b57f8a9a,b2a79f17,f1c61793,1,0,1,0,
Melbourne Renegades,102,115,6,f1c61793,b2a79f17,b57f8a9a,0,0,0,0,
Melbourne Renegades,103,116,6,f1c61793,b2a79f17,b57f8a9a,1,0,1,0,
Melbourne Renegades,104,117,6,b57f8a9a,b2a79f17,f1c61793,1,0,1,0,
Melbourne Renegades,105,117,6,b57f8a9a,bd93fea4,f1c61793,0,0,0,0,
Melbourne Renegades,106,118,6,b57f8a9a,bd93fea4,f1c61793,1,0,1,0,
Melbourne Renegades,107,119,6,f1c61793,bd93fea4,b57f8a9a,1,0,1,0,
Melbourne Renegades,108,119,6,b57f8a9a,bd93fea4,f1c61793,0,0,0,0,
Melbourne Renegades,109,120,6,b57f8a9a,bd93fea4,f1c61793,1,0,1,0,
Melbourne Renegades,110,121,6,f1c61793,bd93fea4,b57f8a9a,1,0,1,0,
Melbourne Renegades,111,121,7,f1c61793,b2a79f17,b57f8a9a,0,0,0,1,caught
Melbourne Renegades,112,121,7,b57f8a9a,b2a79f17,96824e68,0,0,0,0,
Melbourne Renegades,113,122,7,b57f8a9a,b2a79f17,96824e68,1,0,1,0,
Melbourne Renegades,114,123,7,96824e68,b2a79f17,b57f8a9a,1,0,1,0,
Melbourne Renegades,115,124,7,b57f8a9a,b2a79f17,96824e68,1,0,1,0,
Melbourne Renegades,116,126,7,96824e68,b2a79f17,b57f8a9a,0,2,2,0,
Melbourne Renegades,117,130,7,b57f8a9a,b2a79f17,96824e68,0,4,4,0,
Melbourne Renegades,118,131,7,96824e68,0164b064,b57f8a9a,1,0,1,0,
Melbourne Renegades,119,131,7,b57f8a9a,0164b064,96824e68,0,0,0,0,
Melbourne Renegades,120,137,7,b57f8a9a,0164b064,96824e68,6,0,6,0,
Melbourne Renegades,121,137,7,b57f8a9a,0164b064,96824e68,0,0,0,0,
Melbourne Renegades,122,141,7,b57f8a9a,0164b064,96824e68,4,0,4,0,
Melbourne Renegades,123,147,7,b57f8a9a,0164b064,96824e68,6,0,6,0,
