batting_team,ball_number,total_team_runs,total_team_wickets,striker_ID,bowler_ID,nonstriker_ID,batter_runs,extras_runs,total_delivery_runs,wicket,wicket_type
Kent,1,0,0,8f938a32,6c79c098,922e1b19,0,0,0,0,
Kent,2,0,0,8f938a32,6c79c098,922e1b19,0,0,0,0,
Kent,3,4,0,8f938a32,6c79c098,922e1b19,4,0,4,0,
Kent,4,5,0,8f938a32,6c79c098,922e1b19,1,0,1,0,
Kent,5,5,1,922e1b19,6c79c098,8f938a32,0,0,0,1,caught
Kent,6,5,1,8f938a32,6c79c098,60f4c586,0,0,0,0,
Kent,7,9,1,60f4c586,7c7d63a2,8f938a32,4,0,4,0,
Kent,8,9,1,60f4c586,7c7d63a2,8f938a32,0,0,0,0,
Kent,9,9,1,60f4c586,7c7d63a2,8f938a32,0,0,0,0,
Kent,10,10,1,60f4c586,7c7d63a2,8f938a32,1,0,1,0,
Kent,11,11,1,8f938a32,7c7d63a2,60f4c586,1,0,1,0,
Kent,12,12,1,60f4c586,7c7d63a2,8f938a32,0,1,1,0,
Kent,13,12,1,60f4c586,6c79c098,8f938a32,0,0,0,0,
Kent,14,13,1,60f4c586,6c79c098,8f938a32,1,0,1,0,
Kent,15,14,1,8f938a32,6c79c098,60f4c586,1,0,1,0,
Kent,16,14,1,60f4c586,6c79c098,8f938a32,0,0,0,0,
Kent,17,15,1,60f4c586,6c79c098,8f938a32,1,0,1,0,
Kent,18,15,1,8f938a32,6c79c098,60f4c586,0,0,0,0,
Kent,19,15,1,60f4c586,5b3acc53,8f938a32,0,0,0,0,
Kent,20,16,1,60f4c586,5b3acc53,8f938a32,0,1,1,0,
Kent,21,20,1,60f4c586,5b3acc53,8f938a32,4,0,4,0,
Kent,22,20,2,60f4c586,5b3acc53,8f938a32,0,0,0,1,caught
Kent,23,21,2,8f938a32,5b3acc53,ede05b97,1,0,1,0,
Kent,24,21,2,ede05b97,5b3acc53,8f938a32,0,0,0,0,
Kent,25,22,2,ede05b97,5b3acc53,8f938a32,1,0,1,0,
Kent,26,22,2,ede05b97,6c79c098,8f938a32,0,0,0,0,
Kent,27,23,2,ede05b97,6c79c098,8f938a32,1,0,1,0,
Kent,28,24,2,8f938a32,6c79c098,ede05b97,1,0,1,0,
Kent,29,24,2,ede05b97,6c79c098,8f938a32,0,0,0,0,
Kent,30,28,2,ede05b97,6c79c098,8f938a32,4,0,4,0,
Kent,31,29,2,ede05b97,6c79c098,8f938a32,1,0,1,0,
Kent,32,30,2,ede05b97,7c7d63a2,8f938a32,1,0,1,0,
Kent,33,31,2,8f938a32,7c7d63a2,ede05b97,1,0,1,0,
Kent,34,31,2,ede05b97,7c7d63a2,8f938a32,0,0,0,0,
Kent,35,31,2,ede05b97,7c7d63a2,8f938a32,0,0,0,0,
Kent,36,33,2,ede05b97,7c7d63a2,8f938a32,2,0,2,0,
Kent,37,33,2,ede05b97,7c7d63a2,8f938a32,0,0,0,0,
Kent,38,37,2,8f938a32,5b3acc53,ede05b97,4,0,4,0,
Kent,39,37,2,8f938a32,5b3acc53,ede05b97,0,0,0,0,
Kent,40,37,2,8f938a32,5b3acc53,ede05b97,0,0,0,0,
Kent,41,38,2,8f938a32,5b3acc53,ede05b97,1,0,1,0,
Kent,42,39,2,ede05b97,5b3acc53,8f938a32,1,0,1,0,
Kent,43,40,2,8f938a32,5b3acc53,ede05b97,1,0,1,0,
Kent,44,40,2,8f938a32,0bec3a6c,ede05b97,0,0,0,0,
Kent,45,41,2,8f938a32,0bec3a6c,ede05b97,1,0,1,0,
Kent,46,42,2,ede05b97,0bec3a6c,8f938a32,1,0,1,0,
Kent,47,43,2,8f938a32,0bec3a6c,ede05b97,1,0,1,0,
Kent,48,44,2,ede05b97,0bec3a6c,8f938a32,0,1,1,0,
Kent,49,44,2,8f938a32,0bec3a6c,ede05b97,0,0,0,0,
Kent,50,45,2,ede05b97,0a12e736,8f938a32,1,0,1,0,
Kent,51,45,2,8f938a32,0a12e736,ede05b97,0,0,0,0,
Kent,52,46,2,8f938a32,0a12e736,ede05b97,1,0,1,0,
Kent,53,46,2,ede05b97,0a12e736,8f938a32,0,0,0,0,
Kent,54,47,2,ede05b97,0a12e736,8f938a32,1,0,1,0,
Kent,55,48,2,8f938a32,0a12e736,ede05b97,1,0,1,0,
Kent,56,48,2,8f938a32,0bec3a6c,ede05b97,0,0,0,0,
Kent,57,48,2,8f938a32,0bec3a6c,ede05b97,0,0,0,0,
Kent,58,49,2,8f938a32,0bec3a6c,ede05b97,1,0,1,0,
Kent,59,49,2,ede05b97,0bec3a6c,8f938a32,0,0,0,0,
Kent,60,50,2,ede05b97,0bec3a6c,8f938a32,1,0,1,0,
Kent,61,51,2,8f938a32,0bec3a6c,ede05b97,1,0,1,0,
Kent,62,52,2,8f938a32,0a12e736,ede05b97,1,0,1,0,
Kent,63,53,2,ede05b97,0a12e736,8f938a32,1,0,1,0,
Kent,64,54,2,8f938a32,0a12e736,ede05b97,1,0,1,0,
Kent,65,60,2,ede05b97,0a12e736,8f938a32,6,0,6,0,
Kent,66,61,2,ede05b97,0a12e736,8f938a32,1,0,1,0,
Kent,67,62,2,8f938a32,0a12e736,ede05b97,1,0,1,0,
Kent,68,66,2,8f938a32,0bec3a6c,ede05b97,4,0,4,0,
Kent,69,66,2,8f938a32,0bec3a6c,ede05b97,0,0,0,0,
Kent,70,68,2,8f938a32,0bec3a6c,ede05b97,2,0,2,0,
Kent,71,70,2,8f938a32,0bec3a6c,ede05b97,2,0,2,0,
Kent,72,72,2,8f938a32,0bec3a6c,ede05b97,0,2,2,0,
Kent,73,72,3,ede05b97,0bec3a6c,8f938a32,0,0,0,1,caught
Kent,74,73,3,8f938a32,0bec3a6c,62af8546,1,0,1,0,
Kent,75,74,3,8f938a32,0a12e736,62af8546,1,0,1,0,
Kent,76,75,3,62af8546,0a12e736,8f938a32,1,0,1,0,
Kent,77,76,3,8f938a32,0a12e736,62af8546,1,0,1,0,
Kent,78,76,3,62af8546,0a12e736,8f938a32,0,0,0,0,
Kent,79,77,3,62af8546,0a12e736,8f938a32,1,0,1,0,
Kent,80,80,3,8f938a32,0a12e736,62af8546,3,0,3,0,
Kent,81,80,3,8f938a32,5b3acc53,62af8546,0,0,0,0,
Kent,82,81,3,8f938a32,5b3acc53,62af8546,1,0,1,0,
Kent,83,82,3,62af8546,5b3acc53,8f938a32,0,1,1,0,
Kent,84,83,3,62af8546,5b3acc53,8f938a32,1,0,1,0,
Kent,85,84,3,8f938a32,5b3acc53,62af8546,1,0,1,0,
Kent,86,84,4,62af8546,5b3acc53,8f938a32,0,0,0,1,caught
Kent,87,85,4,8f938a32,5b3acc53,ea27a674,0,1,1,0,
Kent,88,86,4,8f938a32,0a12e736,ea27a674,1,0,1,0,
Kent,89,86,4,ea27a674,0a12e736,8f938a32,0,0,0,0,
Kent,90,87,4,ea27a674,0a12e736,8f938a32,1,0,1,0,
Kent,91,91,4,8f938a32,0a12e736,ea27a674,4,0,4,0,
Kent,92,92,4,8f938a32,0a12e736,ea27a674,1,0,1,0,
Kent,93,93,5,ea27a674,0a12e736,8f938a32,1,0,1,1,run out
Kent,94,94,5,8f938a32,0bec3a6c,ff154ecd,1,0,1,0,
Kent,95,94,5,ff154ecd,0bec3a6c,8f938a32,0,0,0,0,
Kent,96,94,5,ff154ecd,0bec3a6c,8f938a32,0,0,0,0,
Kent,97,95,5,ff154ecd,0bec3a6c,8f938a32,1,0,1,0,
Kent,98,96,5,8f938a32,0bec3a6c,ff154ecd,1,0,1,0,
Kent,99,96,5,ff154ecd,0bec3a6c,8f938a32,0,0,0,0,
Kent,100,97,5,8f938a32,5b3acc53,ff154ecd,0,1,1,0,
Kent,101,98,5,8f938a32,5b3acc53,ff154ecd,1,0,1,0,
Kent,102,98,5,ff154ecd,5b3acc53,8f938a32,0,0,0,0,
Kent,103,99,5,ff154ecd,5b3acc53,8f938a32,1,0,1,0,
Kent,104,100,5,8f938a32,5b3acc53,ff154ecd,1,0,1,0,
Kent,105,100,5,ff154ecd,5b3acc53,8f938a32,0,0,0,0,
Kent,106,101,5,ff154ecd,5b3acc53,8f938a32,1,0,1,0,
Kent,107,101,5,ff154ecd,7c7d63a2,8f938a32,0,0,0,0,
Kent,108,105,5,ff154ecd,7c7d63a2,8f938a32,4,0,4,0,
Kent,109,105,6,ff154ecd,7c7d63a2,8f938a32,0,0,0,1,caught
Kent,110,107,6,350bb1b1,7c7d63a2,8f938a32,2,0,2,0,
Kent,111,108,6,350bb1b1,7c7d63a2,8f938a32,1,0,1,0,
Kent,112,109,6,8f938a32,7c7d63a2,350bb1b1,1,0,1,0,
Kent,113,110,6,8f938a32,6c79c098,350bb1b1,1,0,1,0,
Kent,114,110,7,350bb1b1,6c79c098,8f938a32,0,0,0,1,caught
Kent,115,114,7,8f938a32,6c79c098,a316d663,4,0,4,0,
Kent,116,118,7,8f938a32,6c79c098,a316d663,4,0,4,0,
Kent,117,118,7,8f938a32,6c79c098,a316d663,0,0,0,0,
Kent,118,119,7,8f938a32,6c79c098,a316d663,1,0,1,0,
Kent,119,119,8,8f938a32,7c7d63a2,a316d663,0,0,0,1,caught
Kent,120,120,8,c042b412,7c7d63a2,a316d663,1,0,1,0,
Kent,121,122,8,a316d663,7c7d63a2,c042b412,2,0,2,0,
Kent,122,122,8,a316d663,7c7d63a2,c042b412,0,0,0,0,
Kent,123,123,8,a316d663,7c7d63a2,c042b412,1,0,1,0,
Kent,124,125,8,c042b412,7c7d63a2,a316d663,2,0,2,0,
Gloucestershire,1,0,0,c88bc84a,350bb1b1,b970a03f,0,0,0,0,
Gloucestershire,2,0,0,c88bc84a,350bb1b1,b970a03f,0,0,0,0,
Gloucestershire,3,4,0,c88bc84a,350bb1b1,b970a03f,4,0,4,0,
Gloucestershire,4,8,0,c88bc84a,350bb1b1,b970a03f,4,0,4,0,
Gloucestershire,5,8,0,c88bc84a,350bb1b1,b970a03f,0,0,0,0,
Gloucestershire,6,8,0,c88bc84a,350bb1b1,b970a03f,0,0,0,0,
Gloucestershire,7,8,0,b970a03f,a316d663,c88bc84a,0,0,0,0,
Gloucestershire,8,9,0,b970a03f,a316d663,c88bc84a,0,1,1,0,
Gloucestershire,9,10,0,b970a03f,a316d663,c88bc84a,1,0,1,0,
Gloucestershire,10,10,0,c88bc84a,a316d663,b970a03f,0,0,0,0,
Gloucestershire,11,10,0,c88bc84a,a316d663,b970a03f,0,0,0,0,
Gloucestershire,12,11,0,c88bc84a,a316d663,b970a03f,1,0,1,0,
Gloucestershire,13,11,0,b970a03f,a316d663,c88bc84a,0,0,0,0,
Gloucestershire,14,11,0,c88bc84a,350bb1b1,b970a03f,0,0,0,0,
Gloucestershire,15,11,0,c88bc84a,350bb1b1,b970a03f,0,0,0,0,
Gloucestershire,16,11,0,c88bc84a,350bb1b1,b970a03f,0,0,0,0,
Gloucestershire,17,15,0,c88bc84a,350bb1b1,b970a03f,4,0,4,0,
Gloucestershire,18,17,0,c88bc84a,350bb1b1,b970a03f,2,0,2,0,
Gloucestershire,19,18,0,c88bc84a,350bb1b1,b970a03f,0,1,1,0,
Gloucestershire,20,19,0,c88bc84a,350bb1b1,b970a03f,1,0,1,0,
Gloucestershire,21,20,0,c88bc84a,c042b412,b970a03f,0,1,1,0,
Gloucestershire,22,20,0,c88bc84a,c042b412,b970a03f,0,0,0,0,
Gloucestershire,23,21,0,c88bc84a,c042b412,b970a03f,1,0,1,0,
Gloucestershire,24,21,0,b970a03f,c042b412,c88bc84a,0,0,0,0,
Gloucestershire,25,21,0,b970a03f,c042b412,c88bc84a,0,0,0,0,
Gloucestershire,26,21,0,b970a03f,c042b412,c88bc84a,0,0,0,0,
Gloucestershire,27,21,0,b970a03f,c042b412,c88bc84a,0,0,0,0,
Gloucestershire,28,23,0,c88bc84a,a316d663,b970a03f,2,0,2,0,
Gloucestershire,29,23,1,c88bc84a,a316d663,b970a03f,0,0,0,1,caught
Gloucestershire,30,23,1,5bfdc77a,a316d663,b970a03f,0,0,0,0,
Gloucestershire,31,27,1,5bfdc77a,a316d663,b970a03f,4,0,4,0,
Gloucestershire,32,31,1,5bfdc77a,a316d663,b970a03f,4,0,4,0,
Gloucestershire,33,32,1,5bfdc77a,a316d663,b970a03f,1,0,1,0,
Gloucestershire,34,33,1,5bfdc77a,c042b412,b970a03f,0,1,1,0,
Gloucestershire,35,34,1,5bfdc77a,c042b412,b970a03f,1,0,1,0,
Gloucestershire,36,34,1,b970a03f,c042b412,5bfdc77a,0,0,0,0,
Gloucestershire,37,38,1,b970a03f,c042b412,5bfdc77a,4,0,4,0,
Gloucestershire,38,38,2,b970a03f,c042b412,5bfdc77a,0,0,0,1,caught
Gloucestershire,39,40,2,542fd5a6,c042b412,5bfdc77a,0,2,2,0,
Gloucestershire,40,41,2,542fd5a6,c042b412,5bfdc77a,1,0,1,0,
Gloucestershire,41,42,2,5bfdc77a,c042b412,542fd5a6,1,0,1,0,
Gloucestershire,42,44,2,5bfdc77a,62af8546,542fd5a6,2,0,2,0,
Gloucestershire,43,45,2,5bfdc77a,62af8546,542fd5a6,1,0,1,0,
Gloucestershire,44,46,2,542fd5a6,62af8546,5bfdc77a,1,0,1,0,
Gloucestershire,45,47,2,5bfdc77a,62af8546,542fd5a6,1,0,1,0,
Gloucestershire,46,48,2,542fd5a6,62af8546,5bfdc77a,1,0,1,0,
Gloucestershire,47,49,2,5bfdc77a,62af8546,542fd5a6,1,0,1,0,
Gloucestershire,48,50,2,5bfdc77a,15101f12,542fd5a6,1,0,1,0,
Gloucestershire,49,51,2,542fd5a6,15101f12,5bfdc77a,1,0,1,0,
Gloucestershire,50,53,2,5bfdc77a,15101f12,542fd5a6,2,0,2,0,
Gloucestershire,51,55,2,5bfdc77a,15101f12,542fd5a6,2,0,2,0,
Gloucestershire,52,56,2,5bfdc77a,15101f12,542fd5a6,1,0,1,0,
Gloucestershire,53,57,2,542fd5a6,15101f12,5bfdc77a,1,0,1,0,
Gloucestershire,54,57,2,542fd5a6,62af8546,5bfdc77a,0,0,0,0,
Gloucestershire,55,58,2,542fd5a6,62af8546,5bfdc77a,1,0,1,0,
Gloucestershire,56,58,3,5bfdc77a,62af8546,542fd5a6,0,0,0,1,caught
Gloucestershire,57,59,3,542fd5a6,62af8546,ad212f96,1,0,1,0,
Gloucestershire,58,59,3,ad212f96,62af8546,542fd5a6,0,0,0,0,
Gloucestershire,59,60,3,ad212f96,62af8546,542fd5a6,1,0,1,0,
Gloucestershire,60,60,3,ad212f96,15101f12,542fd5a6,0,0,0,0,
Gloucestershire,61,60,3,ad212f96,15101f12,542fd5a6,0,0,0,0,
Gloucestershire,62,61,3,ad212f96,15101f12,542fd5a6,1,0,1,0,
Gloucestershire,63,61,3,542fd5a6,15101f12,ad212f96,0,0,0,0,
Gloucestershire,64,62,3,542fd5a6,15101f12,ad212f96,1,0,1,0,
Gloucestershire,65,62,3,ad212f96,15101f12,542fd5a6,0,0,0,0,
Gloucestershire,66,62,3,542fd5a6,62af8546,ad212f96,0,0,0,0,
Gloucestershire,67,63,3,542fd5a6,62af8546,ad212f96,1,0,1,0,
Gloucestershire,68,64,3,ad212f96,62af8546,542fd5a6,1,0,1,0,
Gloucestershire,69,65,3,542fd5a6,62af8546,ad212f96,1,0,1,0,
Gloucestershire,70,66,3,ad212f96,62af8546,542fd5a6,1,0,1,0,
Gloucestershire,71,70,3,542fd5a6,62af8546,ad212f96,4,0,4,0,
Gloucestershire,72,71,3,ad212f96,c042b412,542fd5a6,1,0,1,0,
Gloucestershire,73,72,3,542fd5a6,c042b412,ad212f96,1,0,1,0,
Gloucestershire,74,73,3,ad212f96,c042b412,542fd5a6,1,0,1,0,
Gloucestershire,75,73,4,542fd5a6,c042b412,ad212f96,0,0,0,1,caught
Gloucestershire,76,73,4,aed5be04,c042b412,ad212f96,0,0,0,0,
Gloucestershire,77,73,4,aed5be04,c042b412,ad212f96,0,0,0,0,
Gloucestershire,78,73,4,ad212f96,a316d663,aed5be04,0,0,0,0,
Gloucestershire,79,79,4,ad212f96,a316d663,aed5be04,6,0,6,0,
Gloucestershire,80,80,4,ad212f96,a316d663,aed5be04,1,0,1,0,
Gloucestershire,81,82,4,aed5be04,a316d663,ad212f96,2,0,2,0,
Gloucestershire,82,83,4,aed5be04,a316d663,ad212f96,1,0,1,0,
Gloucestershire,83,84,4,ad212f96,a316d663,aed5be04,1,0,1,0,
Gloucestershire,84,85,4,ad212f96,15101f12,aed5be04,1,0,1,0,
Gloucestershire,85,85,4,aed5be04,15101f12,ad212f96,0,0,0,0,
Gloucestershire,86,86,4,aed5be04,15101f12,ad212f96,1,0,1,0,
Gloucestershire,87,86,4,ad212f96,15101f12,aed5be04,0,0,0,0,
Gloucestershire,88,87,4,ad212f96,15101f12,aed5be04,1,0,1,0,
Gloucestershire,89,88,4,aed5be04,15101f12,ad212f96,1,0,1,0,
Gloucestershire,90,88,4,aed5be04,62af8546,ad212f96,0,0,0,0,
Gloucestershire,91,88,4,aed5be04,62af8546,ad212f96,0,0,0,0,
Gloucestershire,92,88,4,aed5be04,62af8546,ad212f96,0,0,0,0,
Gloucestershire,93,89,4,aed5be04,62af8546,ad212f96,1,0,1,0,
Gloucestershire,94,90,4,ad212f96,62af8546,aed5be04,1,0,1,0,
Gloucestershire,95,96,4,aed5be04,62af8546,ad212f96,6,0,6,0,
Gloucestershire,96,96,5,ad212f96,a316d663,aed5be04,0,0,0,1,caught
Gloucestershire,97,97,5,0bec3a6c,a316d663,aed5be04,1,0,1,0,
Gloucestershire,98,98,5,aed5be04,a316d663,0bec3a6c,1,0,1,0,
Gloucestershire,99,99,5,0bec3a6c,a316d663,aed5be04,1,0,1,0,
Gloucestershire,100,100,5,aed5be04,a316d663,0bec3a6c,1,0,1,0,
Gloucestershire,101,101,5,0bec3a6c,a316d663,aed5be04,1,0,1,0,
Gloucestershire,102,101,5,0bec3a6c,350bb1b1,aed5be04,0,0,0,0,
Gloucestershire,103,102,5,0bec3a6c,350bb1b1,aed5be04,1,0,1,0,
Gloucestershire,104,103,5,aed5be04,350bb1b1,0bec3a6c,1,0,1,0,
Gloucestershire,105,107,5,0bec3a6c,350bb1b1,aed5be04,4,0,4,0,
Gloucestershire,106,111,5,0bec3a6c,350bb1b1,aed5be04,4,0,4,0,
Gloucestershire,107,115,5,0bec3a6c,350bb1b1,aed5be04,4,0,4,0,
Gloucestershire,108,115,5,aed5be04,15101f12,0bec3a6c,0,0,0,0,
Gloucestershire,109,116,5,aed5be04,15101f12,0bec3a6c,1,0,1,0,
Gloucestershire,110,116,5,0bec3a6c,15101f12,aed5be04,0,0,0,0,
Gloucestershire,111,117,5,0bec3a6c,15101f12,aed5be04,1,0,1,0,
Gloucestershire,112,120,5,aed5be04,15101f12,0bec3a6c,1,2,3,0,
Gloucestershire,113,121,5,0bec3a6c,15101f12,aed5be04,1,0,1,0,
Gloucestershire,114,122,5,aed5be04,15101f12,0bec3a6c,0,1,1,0,
Gloucestershire,115,123,5,aed5be04,c042b412,0bec3a6c,1,0,1,0,
Gloucestershire,116,123,5,0bec3a6c,c042b412,aed5be04,0,0,0,0,
Gloucestershire,117,124,5,0bec3a6c,c042b412,aed5be04,1,0,1,0,
Gloucestershire,118,125,5,aed5be04,c042b412,0bec3a6c,1,0,1,0,
Gloucestershire,119,131,5,0bec3a6c,c042b412,aed5be04,6,0,6,0,
