batting_team,ball_number,total_team_runs,total_team_wickets,striker_ID,bowler_ID,nonstriker_ID,batter_runs,extras_runs,total_delivery_runs,wicket,wicket_type
Yorkshire,1,0,0,f836b33d,19b9f399,70b8fd28,0,0,0,0,
Yorkshire,2,4,0,f836b33d,19b9f399,70b8fd28,4,0,4,0,
Yorkshire,3,4,0,f836b33d,19b9f399,70b8fd28,0,0,0,0,
Yorkshire,4,4,0,f836b33d,19b9f399,70b8fd28,0,0,0,0,
Yorkshire,5,5,0,f836b33d,19b9f399,70b8fd28,1,0,1,0,
Yorkshire,6,7,0,70b8fd28,19b9f399,f836b33d,2,0,2,0,
Yorkshire,7,7,0,f836b33d,11ec0b58,70b8fd28,0,0,0,0,
Yorkshire,8,11,0,f836b33d,11ec0b58,70b8fd28,4,0,4,0,
Yorkshire,9,17,0,f836b33d,11ec0b58,70b8fd28,6,0,6,0,
Yorkshire,10,18,0,f836b33d,11ec0b58,70b8fd28,1,0,1,0,
Yorkshire,11,18,0,70b8fd28,11ec0b58,f836b33d,0,0,0,0,
Yorkshire,12,22,0,70b8fd28,11ec0b58,f836b33d,4,0,4,0,
Yorkshire,13,26,0,f836b33d,19b9f399,70b8fd28,4,0,4,0,
Yorkshire,14,27,0,f836b33d,19b9f399,70b8fd28,1,0,1,0,
Yorkshire,15,27,0,70b8fd28,19b9f399,f836b33d,0,0,0,0,
Yorkshire,16,28,0,70b8fd28,19b9f399,f836b33d,0,1,1,0,
Yorkshire,17,29,0,f836b33d,19b9f399,70b8fd28,1,0,1,0,
Yorkshire,18,33,0,70b8fd28,19b9f399,f836b33d,4,0,4,0,
Yorkshire,19,33,0,f836b33d,ad286dcc,70b8fd28,0,0,0,0,
Yorkshire,20,33,0,f836b33d,ad286dcc,70b8fd28,0,0,0,0,
Yorkshire,21,37,0,f836b33d,ad286dcc,70b8fd28,4,0,4,0,
Yorkshire,22,38,0,f836b33d,ad286dcc,70b8fd28,1,0,1,0,
Yorkshire,23,39,0,70b8fd28,ad286dcc,f836b33d,1,0,1,0,
Yorkshire,24,40,0,f836b33d,ad286dcc,70b8fd28,1,0,1,0,
Yorkshire,25,41,0,f836b33d,f5821615,70b8fd28,1,0,1,0,
Yorkshire,26,41,0,70b8fd28,f5821615,f836b33d,0,0,0,0,
Yorkshire,27,42,0,70b8fd28,f5821615,f836b33d,1,0,1,0,
Yorkshire,28,42,0,f836b33d,f5821615,70b8fd28,0,0,0,0,
Yorkshire,29,43,0,f836b33d,f5821615,70b8fd28,1,0,1,0,
Yorkshire,30,47,0,70b8fd28,f5821615,f836b33d,4,0,4,0,
Yorkshire,31,48,0,f836b33d,19b9f399,70b8fd28,1,0,1,0,
Yorkshire,32,52,0,70b8fd28,19b9f399,f836b33d,4,0,4,0,
Yorkshire,33,53,0,70b8fd28,19b9f399,f836b33d,0,1,1,0,
Yorkshire,34,54,0,f836b33d,19b9f399,70b8fd28,1,0,1,0,
Yorkshire,35,54,0,70b8fd28,19b9f399,f836b33d,0,0,0,0,
Yorkshire,36,58,0,70b8fd28,19b9f399,f836b33d,4,0,4,0,
Yorkshire,37,62,0,f836b33d,ad286dcc,70b8fd28,4,0,4,0,
Yorkshire,38,62,0,f836b33d,ad286dcc,70b8fd28,0,0,0,0,
Yorkshire,39,62,0,f836b33d,ad286dcc,70b8fd28,0,0,0,0,
Yorkshire,40,63,0,f836b33d,ad286dcc,70b8fd28,1,0,1,0,
Yorkshire,41,64,0,70b8fd28,ad286dcc,f836b33d,1,0,1,0,
Yorkshire,42,65,0,f836b33d,ad286dcc,70b8fd28,1,0,1,0,
Yorkshire,43,65,0,f836b33d,f5821615,70b8fd28,0,0,0,0,
Yorkshire,44,66,0,f836b33d,f5821615,70b8fd28,1,0,1,0,
Yorkshire,45,66,0,70b8fd28,f5821615,f836b33d,0,0,0,0,
Yorkshire,46,67,0,70b8fd28,f5821615,f836b33d,0,1,1,0,
Yorkshire,47,67,0,70b8fd28,f5821615,f836b33d,0,0,0,0,
Yorkshire,48,68,0,70b8fd28,f5821615,f836b33d,1,0,1,0,
Yorkshire,49,72,0,f836b33d,f5821615,70b8fd28,4,0,4,0,
Yorkshire,50,73,0,70b8fd28,ad286dcc,f836b33d,1,0,1,0,
Yorkshire,51,74,0,f836b33d,ad286dcc,70b8fd28,0,1,1,0,
Yorkshire,52,75,0,f836b33d,ad286dcc,70b8fd28,1,0,1,0,
Yorkshire,53,76,0,70b8fd28,ad286dcc,f836b33d,1,0,1,0,
Yorkshire,54,76,0,f836b33d,ad286dcc,70b8fd28,0,0,0,0,
Yorkshire,55,77,0,f836b33d,ad286dcc,70b8fd28,1,0,1,0,
Yorkshire,56,81,0,70b8fd28,ad286dcc,f836b33d,4,0,4,0,
Yorkshire,57,82,0,f836b33d,f54dbda7,70b8fd28,1,0,1,0,
Yorkshire,58,83,0,70b8fd28,f54dbda7,f836b33d,1,0,1,0,
Yorkshire,59,87,0,f836b33d,f54dbda7,70b8fd28,4,0,4,0,
Yorkshire,60,88,0,f836b33d,f54dbda7,70b8fd28,1,0,1,0,
Yorkshire,61,90,0,70b8fd28,f54dbda7,f836b33d,2,0,2,0,
Yorkshire,62,92,0,70b8fd28,f54dbda7,f836b33d,2,0,2,0,
Yorkshire,63,93,0,f836b33d,f5821615,70b8fd28,1,0,1,0,
Yorkshire,64,94,0,70b8fd28,f5821615,f836b33d,1,0,1,0,
Yorkshire,65,95,0,f836b33d,f5821615,70b8fd28,1,0,1,0,
Yorkshire,66,97,0,70b8fd28,f5821615,f836b33d,2,0,2,0,
Yorkshire,67,97,0,70b8fd28,f5821615,f836b33d,0,0,0,0,
Yorkshire,68,98,0,70b8fd28,f5821615,f836b33d,1,0,1,0,
Yorkshire,69,99,0,70b8fd28,b8701e6d,f836b33d,1,0,1,0,
Yorkshire,70,100,0,f836b33d,b8701e6d,70b8fd28,1,0,1,0,
Yorkshire,71,101,0,70b8fd28,b8701e6d,f836b33d,0,1,1,0,
Yorkshire,72,102,0,f836b33d,b8701e6d,70b8fd28,1,0,1,0,
Yorkshire,73,102,1,70b8fd28,b8701e6d,f836b33d,0,0,0,1,caught
Yorkshire,74,104,1,f836b33d,b8701e6d,7f048519,2,0,2,0,
Yorkshire,75,110,1,7f048519,ad286dcc,f836b33d,6,0,6,0,
Yorkshire,76,111,1,7f048519,ad286dcc,f836b33d,1,0,1,0,
Yorkshire,77,113,1,f836b33d,ad286dcc,7f048519,2,0,2,0,
Yorkshire,78,114,1,f836b33d,ad286dcc,7f048519,1,0,1,0,
Yorkshire,79,120,1,7f048519,ad286dcc,f836b33d,6,0,6,0,
Yorkshire,80,120,1,7f048519,ad286dcc,f836b33d,0,0,0,0,
Yorkshire,81,121,1,f836b33d,b8701e6d,7f048519,1,0,1,0,
Yorkshire,82,122,1,7f048519,b8701e6d,f836b33d,1,0,1,0,
Yorkshire,83,123,1,f836b33d,b8701e6d,7f048519,1,0,1,0,
Yorkshire,84,123,1,7f048519,b8701e6d,f836b33d,0,0,0,0,
Yorkshire,85,124,1,7f048519,b8701e6d,f836b33d,0,1,1,0,
Yorkshire,86,125,1,7f048519,b8701e6d,f836b33d,1,0,1,0,
Yorkshire,87,127,1,f836b33d,b8701e6d,7f048519,2,0,2,0,
Yorkshire,88,131,1,7f048519,19b9f399,f836b33d,4,0,4,0,
Yorkshire,89,137,1,7f048519,19b9f399,f836b33d,6,0,6,0,
Yorkshire,90,137,2,7f048519,19b9f399,f836b33d,0,0,0,1,caught
Yorkshire,91,137,2,f836b33d,19b9f399,4ae1755b,0,0,0,0,
Yorkshire,92,137,2,f836b33d,19b9f399,4ae1755b,0,0,0,0,
Yorkshire,93,137,2,f836b33d,19b9f399,4ae1755b,0,0,0,0,
Yorkshire,94,138,2,4ae1755b,f54dbda7,f836b33d,0,1,1,0,
Yorkshire,95,139,2,4ae1755b,f54dbda7,f836b33d,1,0,1,0,
Yorkshire,96,143,2,f836b33d,f54dbda7,4ae1755b,4,0,4,0,
Yorkshire,97,144,2,f836b33d,f54dbda7,4ae1755b,1,0,1,0,
Yorkshire,98,145,2,4ae1755b,f54dbda7,f836b33d,1,0,1,0,
Yorkshire,99,146,2,f836b33d,f54dbda7,4ae1755b,1,0,1,0,
Yorkshire,100,147,2,4ae1755b,f54dbda7,f836b33d,1,0,1,0,
Yorkshire,101,148,2,4ae1755b,11ec0b58,f836b33d,0,1,1,0,
Yorkshire,102,154,2,4ae1755b,11ec0b58,f836b33d,6,0,6,0,
Yorkshire,103,158,2,4ae1755b,11ec0b58,f836b33d,4,0,4,0,
Yorkshire,104,159,2,4ae1755b,11ec0b58,f836b33d,1,0,1,0,
Yorkshire,105,163,2,f836b33d,11ec0b58,4ae1755b,4,0,4,0,
Yorkshire,106,169,2,f836b33d,11ec0b58,4ae1755b,6,0,6,0,
Yorkshire,107,171,2,f836b33d,11ec0b58,4ae1755b,2,0,2,0,
Yorkshire,108,176,2,4ae1755b,f5821615,f836b33d,0,5,5,0,
Yorkshire,109,177,2,4ae1755b,f5821615,f836b33d,1,0,1,0,
Yorkshire,110,179,2,f836b33d,f5821615,4ae1755b,2,0,2,0,
Yorkshire,111,181,2,f836b33d,f5821615,4ae1755b,2,0,2,0,
Yorkshire,112,182,2,f836b33d,f5821615,4ae1755b,1,0,1,0,
Yorkshire,113,183,2,4ae1755b,f5821615,f836b33d,1,0,1,0,
Yorkshire,114,185,2,f836b33d,f5821615,4ae1755b,2,0,2,0,
Yorkshire,115,185,2,4ae1755b,f54dbda7,f836b33d,0,0,0,0,
Yorkshire,116,189,2,4ae1755b,f54dbda7,f836b33d,4,0,4,0,
Yorkshire,117,190,2,4ae1755b,f54dbda7,f836b33d,1,0,1,0,
Yorkshire,118,191,2,f836b33d,f54dbda7,4ae1755b,1,0,1,0,
Yorkshire,119,193,2,4ae1755b,f54dbda7,f836b33d,2,0,2,0,
Yorkshire,120,193,3,4ae1755b,f54dbda7,f836b33d,0,0,0,1,bowled
Yorkshire,121,195,3,f836b33d,b8701e6d,58043739,2,0,2,0,
Yorkshire,122,196,3,f836b33d,b8701e6d,58043739,1,0,1,0,
Yorkshire,123,197,3,58043739,b8701e6d,f836b33d,1,0,1,0,
Yorkshire,124,198,3,f836b33d,b8701e6d,58043739,1,0,1,0,
Yorkshire,125,198,3,58043739,b8701e6d,f836b33d,0,0,0,0,
Yorkshire,126,200,3,58043739,b8701e6d,f836b33d,2,0,2,0,
Birmingham Bears,1,1,0,97e434a6,70b8fd28,d6663a9a,1,0,1,0,
Birmingham Bears,2,1,0,d6663a9a,70b8fd28,97e434a6,0,0,0,0,
Birmingham Bears,3,1,0,d6663a9a,70b8fd28,97e434a6,0,0,0,0,
Birmingham Bears,4,1,0,d6663a9a,70b8fd28,97e434a6,0,0,0,0,
Birmingham Bears,5,5,0,d6663a9a,70b8fd28,97e434a6,4,0,4,0,
Birmingham Bears,6,9,0,d6663a9a,70b8fd28,97e434a6,4,0,4,0,
Birmingham Bears,7,11,0,97e434a6,7f048519,d6663a9a,2,0,2,0,
Birmingham Bears,8,15,0,97e434a6,7f048519,d6663a9a,4,0,4,0,
Birmingham Bears,9,16,0,97e434a6,7f048519,d6663a9a,1,0,1,0,
Birmingham Bears,10,16,0,d6663a9a,7f048519,97e434a6,0,0,0,0,
Birmingham Bears,11,20,0,d6663a9a,7f048519,97e434a6,4,0,4,0,
Birmingham Bears,12,24,0,d6663a9a,7f048519,97e434a6,4,0,4,0,
Birmingham Bears,13,25,0,97e434a6,58043739,d6663a9a,1,0,1,0,
Birmingham Bears,14,25,0,d6663a9a,58043739,97e434a6,0,0,0,0,
Birmingham Bears,15,31,0,d6663a9a,58043739,97e434a6,6,0,6,0,
Birmingham Bears,16,31,1,d6663a9a,58043739,97e434a6,0,0,0,1,caught
Birmingham Bears,17,35,1,19b9f399,58043739,97e434a6,4,0,4,0,
Birmingham Bears,18,35,2,19b9f399,58043739,97e434a6,0,0,0,1,caught
Birmingham Bears,19,36,2,97e434a6,6a2fadd0,463ebce3,1,0,1,0,
Birmingham Bears,20,36,2,463ebce3,6a2fadd0,97e434a6,0,0,0,0,
Birmingham Bears,21,40,2,463ebce3,6a2fadd0,97e434a6,4,0,4,0,
Birmingham Bears,22,40,2,463ebce3,6a2fadd0,97e434a6,0,0,0,0,
Birmingham Bears,23,41,2,463ebce3,6a2fadd0,97e434a6,1,0,1,0,
Birmingham Bears,24,42,2,97e434a6,6a2fadd0,463ebce3,1,0,1,0,
Birmingham Bears,25,43,2,97e434a6,58043739,463ebce3,1,0,1,0,
Birmingham Bears,26,44,2,463ebce3,58043739,97e434a6,1,0,1,0,
Birmingham Bears,27,48,2,97e434a6,58043739,463ebce3,4,0,4,0,
Birmingham Bears,28,48,2,97e434a6,58043739,463ebce3,0,0,0,0,
Birmingham Bears,29,49,2,97e434a6,58043739,463ebce3,1,0,1,0,
Birmingham Bears,30,53,2,463ebce3,58043739,97e434a6,4,0,4,0,
Birmingham Bears,31,54,2,97e434a6,6a2fadd0,463ebce3,1,0,1,0,
Birmingham Bears,32,55,2,463ebce3,6a2fadd0,97e434a6,1,0,1,0,
Birmingham Bears,33,55,2,97e434a6,6a2fadd0,463ebce3,0,0,0,0,
Birmingham Bears,34,56,2,97e434a6,6a2fadd0,463ebce3,1,0,1,0,
Birmingham Bears,35,56,3,463ebce3,6a2fadd0,97e434a6,0,0,0,1,bowled
Birmingham Bears,36,56,3,67b9536c,6a2fadd0,97e434a6,0,0,0,0,
Birmingham Bears,37,57,3,97e434a6,0b60eb09,67b9536c,0,1,1,0,
Birmingham Bears,38,58,3,97e434a6,0b60eb09,67b9536c,1,0,1,0,
Birmingham Bears,39,58,3,67b9536c,0b60eb09,97e434a6,0,0,0,0,
Birmingham Bears,40,59,3,67b9536c,0b60eb09,97e434a6,1,0,1,0,
Birmingham Bears,41,65,3,97e434a6,0b60eb09,67b9536c,6,0,6,0,
Birmingham Bears,42,66,3,97e434a6,0b60eb09,67b9536c,1,0,1,0,
Birmingham Bears,43,67,3,67b9536c,0b60eb09,97e434a6,1,0,1,0,
Birmingham Bears,44,68,3,67b9536c,ec33b21a,97e434a6,1,0,1,0,
Birmingham Bears,45,69,3,97e434a6,ec33b21a,67b9536c,0,1,1,0,
Birmingham Bears,46,69,3,67b9536c,ec33b21a,97e434a6,0,0,0,0,
Birmingham Bears,47,70,3,67b9536c,ec33b21a,97e434a6,1,0,1,0,
Birmingham Bears,48,71,3,97e434a6,ec33b21a,67b9536c,1,0,1,0,
Birmingham Bears,49,75,3,67b9536c,ec33b21a,97e434a6,4,0,4,0,
Birmingham Bears,50,76,3,97e434a6,0b60eb09,67b9536c,1,0,1,0,
Birmingham Bears,51,76,3,67b9536c,0b60eb09,97e434a6,0,0,0,0,
Birmingham Bears,52,76,3,67b9536c,0b60eb09,97e434a6,0,0,0,0,
Birmingham Bears,53,77,3,67b9536c,0b60eb09,97e434a6,1,0,1,0,
Birmingham Bears,54,77,3,97e434a6,0b60eb09,67b9536c,0,0,0,0,
Birmingham Bears,55,77,3,97e434a6,0b60eb09,67b9536c,0,0,0,0,
Birmingham Bears,56,77,3,67b9536c,ec33b21a,97e434a6,0,0,0,0,
Birmingham Bears,57,77,3,67b9536c,ec33b21a,97e434a6,0,0,0,0,
Birmingham Bears,58,78,3,67b9536c,ec33b21a,97e434a6,0,1,1,0,
Birmingham Bears,59,82,3,97e434a6,ec33b21a,67b9536c,4,0,4,0,
Birmingham Bears,60,83,3,97e434a6,ec33b21a,67b9536c,1,0,1,0,
Birmingham Bears,61,84,3,67b9536c,ec33b21a,97e434a6,0,1,1,0,
Birmingham Bears,62,85,3,67b9536c,0b60eb09,97e434a6,1,0,1,0,
Birmingham Bears,63,86,3,97e434a6,0b60eb09,67b9536c,1,0,1,0,
Birmingham Bears,64,92,3,67b9536c,0b60eb09,97e434a6,6,0,6,0,
Birmingham Bears,65,93,3,67b9536c,0b60eb09,97e434a6,1,0,1,0,
Birmingham Bears,66,93,3,97e434a6,0b60eb09,67b9536c,0,0,0,0,
Birmingham Bears,67,94,3,97e434a6,0b60eb09,67b9536c,1,0,1,0,
Birmingham Bears,68,95,3,97e434a6,70b8fd28,67b9536c,1,0,1,0,
Birmingham Bears,69,99,3,67b9536c,70b8fd28,97e434a6,4,0,4,0,
Birmingham Bears,70,100,3,67b9536c,70b8fd28,97e434a6,1,0,1,0,
Birmingham Bears,71,100,4,97e434a6,70b8fd28,67b9536c,0,0,0,1,lbw
Birmingham Bears,72,100,4,f54dbda7,70b8fd28,67b9536c,0,0,0,0,
Birmingham Bears,73,106,4,f54dbda7,70b8fd28,67b9536c,6,0,6,0,
Birmingham Bears,74,112,4,67b9536c,ec33b21a,f54dbda7,6,0,6,0,
Birmingham Bears,75,114,4,67b9536c,ec33b21a,f54dbda7,2,0,2,0,
Birmingham Bears,76,115,4,67b9536c,ec33b21a,f54dbda7,1,0,1,0,
Birmingham Bears,77,116,4,f54dbda7,ec33b21a,67b9536c,1,0,1,0,
Birmingham Bears,78,117,4,67b9536c,ec33b21a,f54dbda7,1,0,1,0,
Birmingham Bears,79,117,4,f54dbda7,ec33b21a,67b9536c,0,0,0,0,
Birmingham Bears,80,121,4,67b9536c,70b8fd28,f54dbda7,4,0,4,0,
Birmingham Bears,81,123,4,67b9536c,70b8fd28,f54dbda7,2,0,2,0,
Birmingham Bears,82,124,4,67b9536c,70b8fd28,f54dbda7,1,0,1,0,
Birmingham Bears,83,125,4,f54dbda7,70b8fd28,67b9536c,1,0,1,0,
Birmingham Bears,84,126,4,67b9536c,70b8fd28,f54dbda7,1,0,1,0,
Birmingham Bears,85,127,4,f54dbda7,70b8fd28,67b9536c,1,0,1,0,
Birmingham Bears,86,127,5,f54dbda7,0b60eb09,67b9536c,0,0,0,1,bowled
Birmingham Bears,87,131,5,ad286dcc,0b60eb09,67b9536c,0,4,4,0,
Birmingham Bears,88,131,5,ad286dcc,0b60eb09,67b9536c,0,0,0,0,
Birmingham Bears,89,131,5,ad286dcc,0b60eb09,67b9536c,0,0,0,0,
Birmingham Bears,90,131,5,ad286dcc,0b60eb09,67b9536c,0,0,0,0,
Birmingham Bears,91,131,5,ad286dcc,0b60eb09,67b9536c,0,0,0,0,
Birmingham Bears,92,131,5,67b9536c,6a2fadd0,ad286dcc,0,0,0,0,
Birmingham Bears,93,132,5,67b9536c,6a2fadd0,ad286dcc,1,0,1,0,
Birmingham Bears,94,134,5,ad286dcc,6a2fadd0,67b9536c,0,2,2,0,
Birmingham Bears,95,136,5,ad286dcc,6a2fadd0,67b9536c,2,0,2,0,
Birmingham Bears,96,137,5,ad286dcc,6a2fadd0,67b9536c,0,1,1,0,
Birmingham Bears,97,138,5,67b9536c,6a2fadd0,ad286dcc,1,0,1,0,
Birmingham Bears,98,140,5,67b9536c,7f048519,ad286dcc,2,0,2,0,
Birmingham Bears,99,141,5,67b9536c,7f048519,ad286dcc,0,1,1,0,
Birmingham Bears,100,142,5,ad286dcc,7f048519,67b9536c,1,0,1,0,
Birmingham Bears,101,144,5,67b9536c,7f048519,ad286dcc,2,0,2,0,
Birmingham Bears,102,148,5,67b9536c,7f048519,ad286dcc,4,0,4,0,
Birmingham Bears,103,150,5,67b9536c,7f048519,ad286dcc,2,0,2,0,
Birmingham Bears,104,151,5,ad286dcc,58043739,67b9536c,1,0,1,0,
Birmingham Bears,105,153,5,67b9536c,58043739,ad286dcc,2,0,2,0,
Birmingham Bears,106,154,5,67b9536c,58043739,ad286dcc,0,1,1,0,
Birmingham Bears,107,158,5,ad286dcc,58043739,67b9536c,4,0,4,0,
Birmingham Bears,108,159,5,ad286dcc,58043739,67b9536c,0,1,1,0,
Birmingham Bears,109,160,5,67b9536c,58043739,ad286dcc,1,0,1,0,
Birmingham Bears,110,162,5,67b9536c,7f048519,ad286dcc,2,0,2,0,
Birmingham Bears,111,163,5,67b9536c,7f048519,ad286dcc,0,1,1,0,
Birmingham Bears,112,163,5,ad286dcc,7f048519,67b9536c,0,0,0,0,
Birmingham Bears,113,165,5,ad286dcc,7f048519,67b9536c,2,0,2,0,
Birmingham Bears,114,166,5,ad286dcc,7f048519,67b9536c,1,0,1,0,
Birmingham Bears,115,167,5,67b9536c,7f048519,ad286dcc,0,1,1,0,
Birmingham Bears,116,168,5,67b9536c,7f048519,ad286dcc,1,0,1,0,
Birmingham Bears,117,173,5,67b9536c,6a2fadd0,ad286dcc,0,5,5,0,
Birmingham Bears,118,173,5,67b9536c,6a2fadd0,ad286dcc,0,0,0,0,
Birmingham Bears,119,177,5,67b9536c,6a2fadd0,ad286dcc,4,0,4,0,
Birmingham Bears,120,178,5,67b9536c,6a2fadd0,ad286dcc,1,0,1,0,
Birmingham Bears,121,179,5,ad286dcc,6a2fadd0,67b9536c,0,1,1,0,
Birmingham Bears,122,180,5,67b9536c,6a2fadd0,ad286dcc,1,0,1,0,
Birmingham Bears,123,181,5,ad286dcc,6a2fadd0,67b9536c,0,1,1,0,
