batting_team,ball_number,total_team_runs,total_team_wickets,striker_ID,bowler_ID,nonstriker_ID,batter_runs,extras_runs,total_delivery_runs,wicket,wicket_type
Mumbai Indians,1,1,0,372455c4,23eeb873,740742ef,1,0,1,0,
Mumbai Indians,2,2,0,740742ef,23eeb873,372455c4,1,0,1,0,
Mumbai Indians,3,2,0,372455c4,23eeb873,740742ef,0,0,0,0,
Mumbai Indians,4,2,0,372455c4,23eeb873,740742ef,0,0,0,0,
Mumbai Indians,5,2,0,372455c4,23eeb873,740742ef,0,0,0,0,
Mumbai Indians,6,2,0,372455c4,23eeb873,740742ef,0,0,0,0,
Mumbai Indians,7,4,0,740742ef,1abb78f8,372455c4,2,0,2,0,
Mumbai Indians,8,4,0,740742ef,1abb78f8,372455c4,0,0,0,0,
Mumbai Indians,9,4,0,740742ef,1abb78f8,372455c4,0,0,0,0,
Mumbai Indians,10,4,0,740742ef,1abb78f8,372455c4,0,0,0,0,
Mumbai Indians,11,10,0,740742ef,1abb78f8,372455c4,6,0,6,0,
Mumbai Indians,12,10,0,740742ef,1abb78f8,372455c4,0,0,0,0,
Mumbai Indians,13,16,0,372455c4,23eeb873,740742ef,6,0,6,0,
Mumbai Indians,14,17,0,372455c4,23eeb873,740742ef,0,1,1,0,
Mumbai Indians,15,17,0,372455c4,23eeb873,740742ef,0,0,0,0,
Mumbai Indians,16,23,0,372455c4,23eeb873,740742ef,6,0,6,0,
Mumbai Indians,17,23,0,372455c4,23eeb873,740742ef,0,0,0,0,
Mumbai Indians,18,29,0,372455c4,23eeb873,740742ef,6,0,6,0,
Mumbai Indians,19,30,0,372455c4,23eeb873,740742ef,1,0,1,0,
Mumbai Indians,20,31,0,372455c4,8b5b6769,740742ef,1,0,1,0,
Mumbai Indians,21,32,0,740742ef,8b5b6769,372455c4,1,0,1,0,
Mumbai Indians,22,33,0,372455c4,8b5b6769,740742ef,1,0,1,0,
Mumbai Indians,23,33,0,740742ef,8b5b6769,372455c4,0,0,0,0,
Mumbai Indians,24,33,0,740742ef,8b5b6769,372455c4,0,0,0,0,
Mumbai Indians,25,37,0,740742ef,8b5b6769,372455c4,4,0,4,0,
Mumbai Indians,26,38,0,372455c4,1abb78f8,740742ef,1,0,1,0,
Mumbai Indians,27,39,0,740742ef,1abb78f8,372455c4,1,0,1,0,
Mumbai Indians,28,39,0,372455c4,1abb78f8,740742ef,0,0,0,0,
Mumbai Indians,29,45,0,372455c4,1abb78f8,740742ef,6,0,6,0,
Mumbai Indians,30,45,1,372455c4,1abb78f8,740742ef,0,0,0,1,caught
Mumbai Indians,31,45,1,271f83cd,1abb78f8,740742ef,0,0,0,0,
Mumbai Indians,32,45,1,740742ef,23eeb873,271f83cd,0,0,0,0,
Mumbai Indians,33,45,2,740742ef,23eeb873,271f83cd,0,0,0,1,caught
Mumbai Indians,34,45,2,752f7486,23eeb873,271f83cd,0,0,0,0,
Mumbai Indians,35,45,2,752f7486,23eeb873,271f83cd,0,0,0,0,
Mumbai Indians,36,45,2,752f7486,23eeb873,271f83cd,0,0,0,0,
Mumbai Indians,37,45,2,752f7486,23eeb873,271f83cd,0,0,0,0,
Mumbai Indians,38,46,2,271f83cd,8b5b6769,752f7486,1,0,1,0,
Mumbai Indians,39,47,2,752f7486,8b5b6769,271f83cd,1,0,1,0,
Mumbai Indians,40,48,2,271f83cd,8b5b6769,752f7486,1,0,1,0,
Mumbai Indians,41,49,2,752f7486,8b5b6769,271f83cd,1,0,1,0,
Mumbai Indians,42,49,2,271f83cd,8b5b6769,752f7486,0,0,0,0,
Mumbai Indians,43,50,2,271f83cd,8b5b6769,752f7486,1,0,1,0,
Mumbai Indians,44,50,2,271f83cd,87e562a9,752f7486,0,0,0,0,
Mumbai Indians,45,51,2,271f83cd,87e562a9,752f7486,1,0,1,0,
Mumbai Indians,46,52,2,752f7486,87e562a9,271f83cd,1,0,1,0,
Mumbai Indians,47,53,2,271f83cd,87e562a9,752f7486,1,0,1,0,
Mumbai Indians,48,53,2,752f7486,87e562a9,271f83cd,0,0,0,0,
Mumbai Indians,49,53,2,752f7486,87e562a9,271f83cd,0,0,0,0,
Mumbai Indians,50,54,2,271f83cd,8b5b6769,752f7486,1,0,1,0,
Mumbai Indians,51,55,2,752f7486,8b5b6769,271f83cd,0,1,1,0,
Mumbai Indians,52,55,2,752f7486,8b5b6769,271f83cd,0,0,0,0,
Mumbai Indians,53,56,2,752f7486,8b5b6769,271f83cd,1,0,1,0,
Mumbai Indians,54,57,2,271f83cd,8b5b6769,752f7486,1,0,1,0,
Mumbai Indians,55,57,2,752f7486,8b5b6769,271f83cd,0,0,0,0,
Mumbai Indians,56,58,2,752f7486,8b5b6769,271f83cd,1,0,1,0,
Mumbai Indians,57,62,2,752f7486,87e562a9,271f83cd,4,0,4,0,
Mumbai Indians,58,63,2,752f7486,87e562a9,271f83cd,0,1,1,0,
Mumbai Indians,59,64,2,752f7486,87e562a9,271f83cd,1,0,1,0,
Mumbai Indians,60,64,2,271f83cd,87e562a9,752f7486,0,0,0,0,
Mumbai Indians,61,65,2,271f83cd,87e562a9,752f7486,1,0,1,0,
Mumbai Indians,62,69,2,752f7486,87e562a9,271f83cd,4,0,4,0,
Mumbai Indians,63,70,2,752f7486,87e562a9,271f83cd,1,0,1,0,
Mumbai Indians,64,70,2,752f7486,8b5b6769,271f83cd,0,0,0,0,
Mumbai Indians,65,71,2,752f7486,8b5b6769,271f83cd,1,0,1,0,
Mumbai Indians,66,75,2,271f83cd,8b5b6769,752f7486,4,0,4,0,
Mumbai Indians,67,75,2,271f83cd,8b5b6769,752f7486,0,0,0,0,
Mumbai Indians,68,76,2,271f83cd,8b5b6769,752f7486,1,0,1,0,
Mumbai Indians,69,80,2,752f7486,8b5b6769,271f83cd,4,0,4,0,
Mumbai Indians,70,82,2,271f83cd,acee4cc4,752f7486,2,0,2,0,
Mumbai Indians,71,82,3,271f83cd,acee4cc4,752f7486,0,0,0,1,bowled
Mumbai Indians,72,82,3,5b8c830e,acee4cc4,752f7486,0,0,0,0,
Mumbai Indians,73,84,3,5b8c830e,acee4cc4,752f7486,2,0,2,0,
Mumbai Indians,74,84,3,5b8c830e,acee4cc4,752f7486,0,0,0,0,
Mumbai Indians,75,85,3,5b8c830e,acee4cc4,752f7486,1,0,1,0,
Mumbai Indians,76,87,3,5b8c830e,1abb78f8,752f7486,2,0,2,0,
Mumbai Indians,77,89,3,5b8c830e,1abb78f8,752f7486,2,0,2,0,
Mumbai Indians,78,89,4,5b8c830e,1abb78f8,752f7486,0,0,0,1,caught and bowled
Mumbai Indians,79,90,4,752f7486,1abb78f8,a757b0d8,1,0,1,0,
Mumbai Indians,80,90,4,a757b0d8,1abb78f8,752f7486,0,0,0,0,
Mumbai Indians,81,90,4,a757b0d8,1abb78f8,752f7486,0,0,0,0,
Mumbai Indians,82,90,4,752f7486,fe93fd9d,a757b0d8,0,0,0,0,
Mumbai Indians,83,90,4,752f7486,fe93fd9d,a757b0d8,0,0,0,0,
Mumbai Indians,84,91,4,752f7486,fe93fd9d,a757b0d8,1,0,1,0,
Mumbai Indians,85,92,4,a757b0d8,fe93fd9d,752f7486,1,0,1,0,
Mumbai Indians,86,93,4,752f7486,fe93fd9d,a757b0d8,1,0,1,0,
Mumbai Indians,87,94,4,a757b0d8,fe93fd9d,752f7486,1,0,1,0,
Mumbai Indians,88,100,4,a757b0d8,acee4cc4,752f7486,6,0,6,0,
Mumbai Indians,89,100,4,a757b0d8,acee4cc4,752f7486,0,0,0,0,
Mumbai Indians,90,101,4,a757b0d8,acee4cc4,752f7486,1,0,1,0,
Mumbai Indians,91,101,5,752f7486,acee4cc4,a757b0d8,0,0,0,1,caught
Mumbai Indians,92,101,5,a757b0d8,acee4cc4,dbe50b21,0,0,0,0,
Mumbai Indians,93,102,5,a757b0d8,acee4cc4,dbe50b21,1,0,1,0,
Mumbai Indians,94,103,5,a757b0d8,fe93fd9d,dbe50b21,1,0,1,0,
Mumbai Indians,95,103,5,dbe50b21,fe93fd9d,a757b0d8,0,0,0,0,
Mumbai Indians,96,104,5,dbe50b21,fe93fd9d,a757b0d8,1,0,1,0,
Mumbai Indians,97,108,5,a757b0d8,fe93fd9d,dbe50b21,4,0,4,0,
Mumbai Indians,98,109,5,a757b0d8,fe93fd9d,dbe50b21,1,0,1,0,
Mumbai Indians,99,110,5,dbe50b21,fe93fd9d,a757b0d8,1,0,1,0,
Mumbai Indians,100,111,5,dbe50b21,acee4cc4,a757b0d8,1,0,1,0,
Mumbai Indians,101,112,5,a757b0d8,acee4cc4,dbe50b21,1,0,1,0,
Mumbai Indians,102,113,5,dbe50b21,acee4cc4,a757b0d8,1,0,1,0,
Mumbai Indians,103,113,5,a757b0d8,acee4cc4,dbe50b21,0,0,0,0,
Mumbai Indians,104,119,5,a757b0d8,acee4cc4,dbe50b21,6,0,6,0,
Mumbai Indians,105,120,5,a757b0d8,acee4cc4,dbe50b21,1,0,1,0,
Mumbai Indians,106,121,5,a757b0d8,1abb78f8,dbe50b21,1,0,1,0,
Mumbai Indians,107,122,5,dbe50b21,1abb78f8,a757b0d8,1,0,1,0,
Mumbai Indians,108,128,5,a757b0d8,1abb78f8,dbe50b21,6,0,6,0,
Mumbai Indians,109,129,5,a757b0d8,1abb78f8,dbe50b21,1,0,1,0,
Mumbai Indians,110,135,5,dbe50b21,1abb78f8,a757b0d8,6,0,6,0,
Mumbai Indians,111,136,5,dbe50b21,1abb78f8,a757b0d8,1,0,1,0,
Mumbai Indians,112,140,5,dbe50b21,23eeb873,a757b0d8,4,0,4,0,
Mumbai Indians,113,140,6,dbe50b21,23eeb873,a757b0d8,0,0,0,1,lbw
Mumbai Indians,114,140,6,2ed569a0,23eeb873,a757b0d8,0,0,0,0,
Mumbai Indians,115,140,7,2ed569a0,23eeb873,a757b0d8,0,0,0,1,caught
Mumbai Indians,116,140,7,51a3c5ef,23eeb873,a757b0d8,0,0,0,0,
Mumbai Indians,117,140,7,51a3c5ef,23eeb873,a757b0d8,0,0,0,0,
Mumbai Indians,118,140,7,a757b0d8,87e562a9,51a3c5ef,0,0,0,0,
Mumbai Indians,119,140,7,a757b0d8,87e562a9,51a3c5ef,0,0,0,0,
Mumbai Indians,120,140,7,a757b0d8,87e562a9,51a3c5ef,0,0,0,0,
Mumbai Indians,121,141,8,a757b0d8,87e562a9,51a3c5ef,1,0,1,1,run out
Mumbai Indians,122,145,8,a757b0d8,87e562a9,462411b3,4,0,4,0,
Mumbai Indians,123,149,8,a757b0d8,87e562a9,462411b3,4,0,4,0,
Chennai Super Kings,1,0,0,3355b542,51a3c5ef,4329fbb5,0,0,0,0,
Chennai Super Kings,2,0,0,3355b542,51a3c5ef,4329fbb5,0,0,0,0,
Chennai Super Kings,3,4,0,3355b542,51a3c5ef,4329fbb5,4,0,4,0,
Chennai Super Kings,4,5,0,3355b542,51a3c5ef,4329fbb5,1,0,1,0,
Chennai Super Kings,5,5,0,4329fbb5,51a3c5ef,3355b542,0,0,0,0,
Chennai Super Kings,6,7,0,4329fbb5,51a3c5ef,3355b542,2,0,2,0,
Chennai Super Kings,7,8,0,3355b542,5b8c830e,4329fbb5,1,0,1,0,
Chennai Super Kings,8,8,0,4329fbb5,5b8c830e,3355b542,0,0,0,0,
Chennai Super Kings,9,8,0,4329fbb5,5b8c830e,3355b542,0,0,0,0,
Chennai Super Kings,10,12,0,4329fbb5,5b8c830e,3355b542,4,0,4,0,
Chennai Super Kings,11,12,0,4329fbb5,5b8c830e,3355b542,0,0,0,0,
Chennai Super Kings,12,12,0,4329fbb5,5b8c830e,3355b542,0,0,0,0,
Chennai Super Kings,13,13,0,3355b542,a12e1d51,4329fbb5,1,0,1,0,
Chennai Super Kings,14,13,0,4329fbb5,a12e1d51,3355b542,0,0,0,0,
Chennai Super Kings,15,13,0,4329fbb5,a12e1d51,3355b542,0,0,0,0,
Chennai Super Kings,16,13,0,4329fbb5,a12e1d51,3355b542,0,0,0,0,
Chennai Super Kings,17,14,0,4329fbb5,a12e1d51,3355b542,1,0,1,0,
Chennai Super Kings,18,19,0,3355b542,a12e1d51,4329fbb5,5,0,5,0,
Chennai Super Kings,19,19,0,3355b542,5b8c830e,4329fbb5,0,0,0,0,
Chennai Super Kings,20,23,0,3355b542,5b8c830e,4329fbb5,4,0,4,0,
Chennai Super Kings,21,29,0,3355b542,5b8c830e,4329fbb5,6,0,6,0,
Chennai Super Kings,22,33,0,3355b542,5b8c830e,4329fbb5,4,0,4,0,
Chennai Super Kings,23,33,0,3355b542,5b8c830e,4329fbb5,0,0,0,0,
Chennai Super Kings,24,33,1,3355b542,5b8c830e,4329fbb5,0,0,0,1,stumped
Chennai Super Kings,25,34,1,4329fbb5,462411b3,1dc12ab9,1,0,1,0,
Chennai Super Kings,26,34,1,1dc12ab9,462411b3,4329fbb5,0,0,0,0,
Chennai Super Kings,27,35,1,1dc12ab9,462411b3,4329fbb5,1,0,1,0,
Chennai Super Kings,28,36,1,4329fbb5,462411b3,1dc12ab9,1,0,1,0,
Chennai Super Kings,29,38,1,1dc12ab9,462411b3,4329fbb5,2,0,2,0,
Chennai Super Kings,30,38,1,1dc12ab9,462411b3,4329fbb5,0,0,0,0,
Chennai Super Kings,31,38,1,4329fbb5,a12e1d51,1dc12ab9,0,0,0,0,
Chennai Super Kings,32,42,1,4329fbb5,a12e1d51,1dc12ab9,4,0,4,0,
Chennai Super Kings,33,42,1,4329fbb5,a12e1d51,1dc12ab9,0,0,0,0,
Chennai Super Kings,34,48,1,4329fbb5,a12e1d51,1dc12ab9,6,0,6,0,
Chennai Super Kings,35,49,1,4329fbb5,a12e1d51,1dc12ab9,0,1,1,0,
Chennai Super Kings,36,53,1,4329fbb5,a12e1d51,1dc12ab9,4,0,4,0,
Chennai Super Kings,37,53,1,4329fbb5,a12e1d51,1dc12ab9,0,0,0,0,
Chennai Super Kings,38,54,1,1dc12ab9,51a3c5ef,4329fbb5,1,0,1,0,
Chennai Super Kings,39,55,1,4329fbb5,51a3c5ef,1dc12ab9,1,0,1,0,
Chennai Super Kings,40,56,1,1dc12ab9,51a3c5ef,4329fbb5,0,1,1,0,
Chennai Super Kings,41,56,1,1dc12ab9,51a3c5ef,4329fbb5,0,0,0,0,
Chennai Super Kings,42,57,1,1dc12ab9,51a3c5ef,4329fbb5,1,0,1,0,
Chennai Super Kings,43,57,1,4329fbb5,51a3c5ef,1dc12ab9,0,0,0,0,
Chennai Super Kings,44,57,1,4329fbb5,51a3c5ef,1dc12ab9,0,0,0,0,
Chennai Super Kings,45,58,1,1dc12ab9,2ed569a0,4329fbb5,1,0,1,0,
Chennai Super Kings,46,58,1,4329fbb5,2ed569a0,1dc12ab9,0,0,0,0,
Chennai Super Kings,47,59,1,4329fbb5,2ed569a0,1dc12ab9,1,0,1,0,
Chennai Super Kings,48,59,1,1dc12ab9,2ed569a0,4329fbb5,0,0,0,0,
Chennai Super Kings,49,59,1,1dc12ab9,2ed569a0,4329fbb5,0,0,0,0,
Chennai Super Kings,50,60,1,1dc12ab9,2ed569a0,4329fbb5,1,0,1,0,
Chennai Super Kings,51,61,1,1dc12ab9,51a3c5ef,4329fbb5,1,0,1,0,
Chennai Super Kings,52,65,1,4329fbb5,51a3c5ef,1dc12ab9,4,0,4,0,
Chennai Super Kings,53,66,1,4329fbb5,51a3c5ef,1dc12ab9,0,1,1,0,
Chennai Super Kings,54,68,1,4329fbb5,51a3c5ef,1dc12ab9,2,0,2,0,
Chennai Super Kings,55,70,1,4329fbb5,51a3c5ef,1dc12ab9,2,0,2,0,
Chennai Super Kings,56,70,1,4329fbb5,51a3c5ef,1dc12ab9,0,0,0,0,
Chennai Super Kings,57,70,1,4329fbb5,51a3c5ef,1dc12ab9,0,0,0,0,
Chennai Super Kings,58,70,1,1dc12ab9,2ed569a0,4329fbb5,0,0,0,0,
Chennai Super Kings,59,70,2,1dc12ab9,2ed569a0,4329fbb5,0,0,0,1,lbw
Chennai Super Kings,60,71,2,70d205c9,2ed569a0,4329fbb5,1,0,1,0,
Chennai Super Kings,61,72,2,4329fbb5,2ed569a0,70d205c9,1,0,1,0,
Chennai Super Kings,62,72,2,70d205c9,2ed569a0,4329fbb5,0,0,0,0,
Chennai Super Kings,63,72,2,70d205c9,2ed569a0,4329fbb5,0,0,0,0,
Chennai Super Kings,64,72,2,4329fbb5,462411b3,70d205c9,0,0,0,0,
Chennai Super Kings,65,73,2,4329fbb5,462411b3,70d205c9,1,0,1,0,
Chennai Super Kings,66,73,3,70d205c9,462411b3,4329fbb5,0,0,0,1,caught
Chennai Super Kings,67,73,3,4a8a2e3b,462411b3,4329fbb5,0,0,0,0,
Chennai Super Kings,68,73,3,4a8a2e3b,462411b3,4329fbb5,0,0,0,0,
Chennai Super Kings,69,73,3,4a8a2e3b,462411b3,4329fbb5,0,0,0,0,
Chennai Super Kings,70,74,3,4329fbb5,2ed569a0,4a8a2e3b,1,0,1,0,
Chennai Super Kings,71,74,3,4a8a2e3b,2ed569a0,4329fbb5,0,0,0,0,
Chennai Super Kings,72,74,3,4a8a2e3b,2ed569a0,4329fbb5,0,0,0,0,
Chennai Super Kings,73,74,3,4a8a2e3b,2ed569a0,4329fbb5,0,0,0,0,
Chennai Super Kings,74,75,3,4a8a2e3b,2ed569a0,4329fbb5,1,0,1,0,
Chennai Super Kings,75,79,3,4329fbb5,2ed569a0,4a8a2e3b,4,0,4,0,
Chennai Super Kings,76,80,3,4a8a2e3b,dbe50b21,4329fbb5,1,0,1,0,
Chennai Super Kings,77,80,3,4329fbb5,dbe50b21,4a8a2e3b,0,0,0,0,
Chennai Super Kings,78,81,3,4329fbb5,dbe50b21,4a8a2e3b,0,1,1,0,
Chennai Super Kings,79,81,3,4329fbb5,dbe50b21,4a8a2e3b,0,0,0,0,
Chennai Super Kings,80,82,4,4329fbb5,dbe50b21,4a8a2e3b,1,0,1,1,run out
Chennai Super Kings,81,82,4,4329fbb5,dbe50b21,87e562a9,0,0,0,0,
Chennai Super Kings,82,82,4,4329fbb5,dbe50b21,87e562a9,0,0,0,0,
Chennai Super Kings,83,82,4,87e562a9,2ed569a0,4329fbb5,0,0,0,0,
Chennai Super Kings,84,83,4,87e562a9,2ed569a0,4329fbb5,1,0,1,0,
Chennai Super Kings,85,84,4,4329fbb5,2ed569a0,87e562a9,1,0,1,0,
Chennai Super Kings,86,85,4,87e562a9,2ed569a0,4329fbb5,1,0,1,0,
Chennai Super Kings,87,85,4,4329fbb5,2ed569a0,87e562a9,0,0,0,0,
Chennai Super Kings,88,85,4,4329fbb5,2ed569a0,87e562a9,0,0,0,0,
Chennai Super Kings,89,85,4,87e562a9,51a3c5ef,4329fbb5,0,0,0,0,
Chennai Super Kings,90,85,4,87e562a9,51a3c5ef,4329fbb5,0,0,0,0,
Chennai Super Kings,91,85,4,87e562a9,51a3c5ef,4329fbb5,0,0,0,0,
Chennai Super Kings,92,87,4,87e562a9,51a3c5ef,4329fbb5,2,0,2,0,
Chennai Super Kings,93,87,4,87e562a9,51a3c5ef,4329fbb5,0,0,0,0,
Chennai Super Kings,94,88,4,87e562a9,51a3c5ef,4329fbb5,1,0,1,0,
Chennai Super Kings,95,94,4,87e562a9,a12e1d51,4329fbb5,6,0,6,0,
Chennai Super Kings,96,95,4,87e562a9,a12e1d51,4329fbb5,1,0,1,0,
Chennai Super Kings,97,99,4,4329fbb5,a12e1d51,87e562a9,4,0,4,0,
Chennai Super Kings,98,103,4,4329fbb5,a12e1d51,87e562a9,4,0,4,0,
Chennai Super Kings,99,107,4,4329fbb5,a12e1d51,87e562a9,4,0,4,0,
Chennai Super Kings,100,108,4,4329fbb5,a12e1d51,87e562a9,1,0,1,0,
Chennai Super Kings,101,109,4,4329fbb5,462411b3,87e562a9,1,0,1,0,
Chennai Super Kings,102,110,4,87e562a9,462411b3,4329fbb5,1,0,1,0,
Chennai Super Kings,103,110,4,4329fbb5,462411b3,87e562a9,0,0,0,0,
Chennai Super Kings,104,110,4,4329fbb5,462411b3,87e562a9,0,0,0,0,
Chennai Super Kings,105,111,4,4329fbb5,462411b3,87e562a9,0,1,1,0,
Chennai Super Kings,106,112,4,87e562a9,462411b3,4329fbb5,1,0,1,0,
Chennai Super Kings,107,113,4,87e562a9,5b8c830e,4329fbb5,1,0,1,0,
Chennai Super Kings,108,119,4,4329fbb5,5b8c830e,87e562a9,6,0,6,0,
Chennai Super Kings,109,125,4,4329fbb5,5b8c830e,87e562a9,6,0,6,0,
Chennai Super Kings,110,131,4,4329fbb5,5b8c830e,87e562a9,6,0,6,0,
Chennai Super Kings,111,131,4,4329fbb5,5b8c830e,87e562a9,0,0,0,0,
Chennai Super Kings,112,132,4,4329fbb5,5b8c830e,87e562a9,1,0,1,0,
Chennai Super Kings,113,133,4,4329fbb5,462411b3,87e562a9,1,0,1,0,
Chennai Super Kings,114,133,5,87e562a9,462411b3,4329fbb5,0,0,0,1,caught
Chennai Super Kings,115,135,5,fe93fd9d,462411b3,4329fbb5,2,0,2,0,
Chennai Super Kings,116,135,5,fe93fd9d,462411b3,4329fbb5,0,0,0,0,
Chennai Super Kings,117,137,5,fe93fd9d,462411b3,4329fbb5,2,0,2,0,
Chennai Super Kings,118,141,5,fe93fd9d,462411b3,4329fbb5,0,4,4,0,
Chennai Super Kings,119,142,5,4329fbb5,a12e1d51,fe93fd9d,1,0,1,0,
Chennai Super Kings,120,143,5,fe93fd9d,a12e1d51,4329fbb5,1,0,1,0,
Chennai Super Kings,121,145,5,4329fbb5,a12e1d51,fe93fd9d,2,0,2,0,
Chennai Super Kings,122,146,6,4329fbb5,a12e1d51,fe93fd9d,1,0,1,1,run out
Chennai Super Kings,123,148,6,1abb78f8,a12e1d51,fe93fd9d,2,0,2,0,
Chennai Super Kings,124,148,7,1abb78f8,a12e1d51,fe93fd9d,0,0,0,1,lbw
