batting_team,ball_number,total_team_runs,total_team_wickets,striker_ID,bowler_ID,nonstriker_ID,batter_runs,extras_runs,total_delivery_runs,wicket,wicket_type
Somerset,1,0,0,25f7b7d6,1cfac535,8a75e999,0,0,0,0,
Somerset,2,0,0,25f7b7d6,1cfac535,8a75e999,0,0,0,0,
Somerset,3,0,0,25f7b7d6,1cfac535,8a75e999,0,0,0,0,
Somerset,4,0,0,25f7b7d6,1cfac535,8a75e999,0,0,0,0,
Somerset,5,1,0,25f7b7d6,1cfac535,8a75e999,1,0,1,0,
Somerset,6,2,0,8a75e999,1cfac535,25f7b7d6,1,0,1,0,
Somerset,7,3,0,8a75e999,a9da7784,25f7b7d6,1,0,1,0,
Somerset,8,3,1,25f7b7d6,a9da7784,8a75e999,0,0,0,1,caught
Somerset,9,3,1,93e06301,a9da7784,8a75e999,0,0,0,0,
Somerset,10,3,1,93e06301,a9da7784,8a75e999,0,0,0,0,
Somerset,11,7,1,93e06301,a9da7784,8a75e999,4,0,4,0,
Somerset,12,8,1,93e06301,a9da7784,8a75e999,1,0,1,0,
Somerset,13,9,1,93e06301,1cfac535,8a75e999,1,0,1,0,
Somerset,14,9,1,8a75e999,1cfac535,93e06301,0,0,0,0,
Somerset,15,9,1,8a75e999,1cfac535,93e06301,0,0,0,0,
Somerset,16,10,1,8a75e999,1cfac535,93e06301,1,0,1,0,
Somerset,17,10,1,93e06301,1cfac535,8a75e999,0,0,0,0,
Somerset,18,10,1,93e06301,1cfac535,8a75e999,0,0,0,0,
Somerset,19,10,1,8a75e999,fb66ce1f,93e06301,0,0,0,0,
Somerset,20,11,1,8a75e999,fb66ce1f,93e06301,1,0,1,0,
Somerset,21,12,1,93e06301,fb66ce1f,8a75e999,1,0,1,0,
Somerset,22,15,1,8a75e999,fb66ce1f,93e06301,3,0,3,0,
Somerset,23,15,1,93e06301,fb66ce1f,8a75e999,0,0,0,0,
Somerset,24,15,1,93e06301,fb66ce1f,8a75e999,0,0,0,0,
Somerset,25,16,1,8a75e999,a9da7784,93e06301,1,0,1,0,
Somerset,26,18,1,93e06301,a9da7784,8a75e999,2,0,2,0,
Somerset,27,24,1,93e06301,a9da7784,8a75e999,6,0,6,0,
Somerset,28,24,1,93e06301,a9da7784,8a75e999,0,0,0,0,
Somerset,29,25,1,93e06301,a9da7784,8a75e999,1,0,1,0,
Somerset,30,27,1,8a75e999,a9da7784,93e06301,2,0,2,0,
Somerset,31,27,1,93e06301,fb66ce1f,8a75e999,0,0,0,0,
Somerset,32,27,1,93e06301,fb66ce1f,8a75e999,0,0,0,0,
Somerset,33,28,1,93e06301,fb66ce1f,8a75e999,1,0,1,0,
Somerset,34,28,1,8a75e999,fb66ce1f,93e06301,0,0,0,0,
Somerset,35,29,1,8a75e999,fb66ce1f,93e06301,1,0,1,0,
Somerset,36,30,1,93e06301,fb66ce1f,8a75e999,1,0,1,0,
Somerset,37,36,1,93e06301,4a461c24,8a75e999,6,0,6,0,
Somerset,38,40,1,93e06301,4a461c24,8a75e999,4,0,4,0,
Somerset,39,41,1,93e06301,4a461c24,8a75e999,1,0,1,0,
Somerset,40,42,1,8a75e999,4a461c24,93e06301,1,0,1,0,
Somerset,41,43,1,93e06301,4a461c24,8a75e999,1,0,1,0,
Somerset,42,43,1,8a75e999,4a461c24,93e06301,0,0,0,0,
Somerset,43,43,1,93e06301,f0a0204e,8a75e999,0,0,0,0,
Somerset,44,44,1,93e06301,f0a0204e,8a75e999,1,0,1,0,
Somerset,45,44,1,8a75e999,f0a0204e,93e06301,0,0,0,0,
Somerset,46,45,1,8a75e999,f0a0204e,93e06301,1,0,1,0,
Somerset,47,46,1,93e06301,f0a0204e,8a75e999,1,0,1,0,
Somerset,48,47,1,8a75e999,f0a0204e,93e06301,1,0,1,0,
Somerset,49,51,1,8a75e999,dda5aae5,93e06301,4,0,4,0,
Somerset,50,52,1,8a75e999,dda5aae5,93e06301,1,0,1,0,
Somerset,51,53,1,93e06301,dda5aae5,8a75e999,1,0,1,0,
Somerset,52,57,1,8a75e999,dda5aae5,93e06301,4,0,4,0,
Somerset,53,57,1,8a75e999,dda5aae5,93e06301,0,0,0,0,
Somerset,54,58,1,8a75e999,dda5aae5,93e06301,1,0,1,0,
Somerset,55,59,1,8a75e999,f0a0204e,93e06301,1,0,1,0,
Somerset,56,60,1,93e06301,f0a0204e,8a75e999,1,0,1,0,
Somerset,57,61,1,8a75e999,f0a0204e,93e06301,1,0,1,0,
Somerset,58,62,1,93e06301,f0a0204e,8a75e999,1,0,1,0,
Somerset,59,64,1,8a75e999,f0a0204e,93e06301,2,0,2,0,
Somerset,60,65,1,8a75e999,f0a0204e,93e06301,1,0,1,0,
Somerset,61,67,1,8a75e999,1cfac535,93e06301,2,0,2,0,
Somerset,62,71,1,8a75e999,1cfac535,93e06301,4,0,4,0,
Somerset,63,72,1,8a75e999,1cfac535,93e06301,1,0,1,0,
Somerset,64,72,2,93e06301,1cfac535,8a75e999,0,0,0,1,bowled
Somerset,65,72,2,782c0568,1cfac535,8a75e999,0,0,0,0,
Somerset,66,72,2,782c0568,1cfac535,8a75e999,0,0,0,0,
Somerset,67,72,2,8a75e999,f0a0204e,782c0568,0,0,0,0,
Somerset,68,73,2,8a75e999,f0a0204e,782c0568,1,0,1,0,
Somerset,69,74,2,782c0568,f0a0204e,8a75e999,1,0,1,0,
Somerset,70,74,2,8a75e999,f0a0204e,782c0568,0,0,0,0,
Somerset,71,78,2,8a75e999,f0a0204e,782c0568,4,0,4,0,
Somerset,72,79,2,8a75e999,f0a0204e,782c0568,1,0,1,0,
Somerset,73,80,2,8a75e999,dda5aae5,782c0568,1,0,1,0,
Somerset,74,86,2,782c0568,dda5aae5,8a75e999,6,0,6,0,
Somerset,75,87,2,782c0568,dda5aae5,8a75e999,1,0,1,0,
Somerset,76,91,2,8a75e999,dda5aae5,782c0568,4,0,4,0,
Somerset,77,92,2,8a75e999,dda5aae5,782c0568,1,0,1,0,
Somerset,78,93,2,782c0568,dda5aae5,8a75e999,1,0,1,0,
Somerset,79,94,2,782c0568,4a461c24,8a75e999,1,0,1,0,
Somerset,80,95,2,8a75e999,4a461c24,782c0568,1,0,1,0,
Somerset,81,96,2,782c0568,4a461c24,8a75e999,1,0,1,0,
Somerset,82,96,2,8a75e999,4a461c24,782c0568,0,0,0,0,
Somerset,83,98,2,8a75e999,4a461c24,782c0568,2,0,2,0,
Somerset,84,98,2,8a75e999,4a461c24,782c0568,0,0,0,0,
Somerset,85,100,2,782c0568,fb66ce1f,8a75e999,2,0,2,0,
Somerset,86,101,2,782c0568,fb66ce1f,8a75e999,1,0,1,0,
Somerset,87,107,2,8a75e999,fb66ce1f,782c0568,6,0,6,0,
Somerset,88,113,2,8a75e999,fb66ce1f,782c0568,6,0,6,0,
Somerset,89,114,2,8a75e999,fb66ce1f,782c0568,1,0,1,0,
Somerset,90,120,2,782c0568,fb66ce1f,8a75e999,6,0,6,0,
Somerset,91,121,2,8a75e999,4a461c24,782c0568,1,0,1,0,
Somerset,92,122,2,782c0568,4a461c24,8a75e999,1,0,1,0,
Somerset,93,126,2,8a75e999,4a461c24,782c0568,4,0,4,0,
Somerset,94,127,2,8a75e999,4a461c24,782c0568,1,0,1,0,
Somerset,95,133,2,782c0568,4a461c24,8a75e999,6,0,6,0,
Somerset,96,133,2,782c0568,4a461c24,8a75e999,0,0,0,0,
Somerset,97,133,2,8a75e999,a9da7784,782c0568,0,0,0,0,
Somerset,98,133,2,8a75e999,a9da7784,782c0568,0,0,0,0,
Somerset,99,134,2,8a75e999,a9da7784,782c0568,0,1,1,0,
Somerset,100,134,2,8a75e999,a9da7784,782c0568,0,0,0,0,
Somerset,101,138,2,8a75e999,a9da7784,782c0568,4,0,4,0,
Somerset,102,140,2,8a75e999,a9da7784,782c0568,2,0,2,0,
Somerset,103,143,2,8a75e999,a9da7784,782c0568,1,2,3,0,
Somerset,104,144,2,782c0568,a9da7784,8a75e999,1,0,1,0,
Somerset,105,144,2,782c0568,fb66ce1f,8a75e999,0,0,0,0,
Somerset,106,144,3,782c0568,fb66ce1f,8a75e999,0,0,0,1,bowled
Somerset,107,144,3,06c2de82,fb66ce1f,8a75e999,0,0,0,0,
Somerset,108,144,3,06c2de82,fb66ce1f,8a75e999,0,0,0,0,
Somerset,109,144,3,06c2de82,fb66ce1f,8a75e999,0,0,0,0,
Somerset,110,148,3,06c2de82,fb66ce1f,8a75e999,4,0,4,0,
Somerset,111,149,3,8a75e999,a9da7784,06c2de82,1,0,1,0,
Somerset,112,150,3,06c2de82,a9da7784,8a75e999,1,0,1,0,
Somerset,113,156,3,8a75e999,a9da7784,06c2de82,6,0,6,0,
Somerset,114,157,3,8a75e999,a9da7784,06c2de82,1,0,1,0,
Somerset,115,161,3,06c2de82,a9da7784,8a75e999,4,0,4,0,
Somerset,116,161,3,06c2de82,a9da7784,8a75e999,0,0,0,0,
Somerset,117,162,3,8a75e999,1cfac535,06c2de82,1,0,1,0,
Somerset,118,163,3,06c2de82,1cfac535,8a75e999,1,0,1,0,
Somerset,119,167,3,8a75e999,1cfac535,06c2de82,4,0,4,0,
Somerset,120,167,3,8a75e999,1cfac535,06c2de82,0,0,0,0,
Somerset,121,171,3,8a75e999,1cfac535,06c2de82,4,0,4,0,
Somerset,122,172,3,8a75e999,1cfac535,06c2de82,1,0,1,0,
Hampshire,1,1,0,72918338,d74d1090,cad00a4d,1,0,1,0,
Hampshire,2,2,0,cad00a4d,d74d1090,72918338,1,0,1,0,
Hampshire,3,3,0,72918338,d74d1090,cad00a4d,1,0,1,0,
Hampshire,4,3,0,cad00a4d,d74d1090,72918338,0,0,0,0,
Hampshire,5,7,0,cad00a4d,d74d1090,72918338,4,0,4,0,
Hampshire,6,8,0,cad00a4d,d74d1090,72918338,1,0,1,0,
Hampshire,7,8,0,cad00a4d,4180d897,72918338,0,0,0,0,
Hampshire,8,8,0,cad00a4d,4180d897,72918338,0,0,0,0,
Hampshire,9,8,0,cad00a4d,4180d897,72918338,0,0,0,0,
Hampshire,10,8,1,cad00a4d,4180d897,72918338,0,0,0,1,caught
Hampshire,11,9,1,a15618fe,4180d897,72918338,1,0,1,0,
Hampshire,12,9,1,72918338,4180d897,a15618fe,0,0,0,0,
Hampshire,13,9,2,a15618fe,e9987a94,72918338,0,0,0,1,caught
Hampshire,14,9,2,7e4c8ba3,e9987a94,72918338,0,0,0,0,
Hampshire,15,9,2,7e4c8ba3,e9987a94,72918338,0,0,0,0,
Hampshire,16,13,2,7e4c8ba3,e9987a94,72918338,4,0,4,0,
Hampshire,17,14,2,7e4c8ba3,e9987a94,72918338,1,0,1,0,
Hampshire,18,14,2,72918338,e9987a94,7e4c8ba3,0,0,0,0,
Hampshire,19,15,2,7e4c8ba3,06c2de82,72918338,1,0,1,0,
Hampshire,20,15,2,72918338,06c2de82,7e4c8ba3,0,0,0,0,
Hampshire,21,19,2,72918338,06c2de82,7e4c8ba3,4,0,4,0,
Hampshire,22,23,2,72918338,06c2de82,7e4c8ba3,4,0,4,0,
Hampshire,23,23,2,72918338,06c2de82,7e4c8ba3,0,0,0,0,
Hampshire,24,23,2,72918338,06c2de82,7e4c8ba3,0,0,0,0,
Hampshire,25,25,2,7e4c8ba3,e9987a94,72918338,2,0,2,0,
Hampshire,26,25,2,7e4c8ba3,e9987a94,72918338,0,0,0,0,
Hampshire,27,26,2,7e4c8ba3,e9987a94,72918338,1,0,1,0,
Hampshire,28,27,2,72918338,e9987a94,7e4c8ba3,1,0,1,0,
Hampshire,29,28,2,7e4c8ba3,e9987a94,72918338,1,0,1,0,
Hampshire,30,32,2,72918338,e9987a94,7e4c8ba3,4,0,4,0,
Hampshire,31,32,2,7e4c8ba3,4180d897,72918338,0,0,0,0,
Hampshire,32,32,3,7e4c8ba3,4180d897,72918338,0,0,0,1,caught
Hampshire,33,36,3,4a461c24,4180d897,72918338,4,0,4,0,
Hampshire,34,36,3,4a461c24,4180d897,72918338,0,0,0,0,
Hampshire,35,37,3,4a461c24,4180d897,72918338,1,0,1,0,
Hampshire,36,38,3,72918338,4180d897,4a461c24,1,0,1,0,
Hampshire,37,38,3,72918338,06c2de82,4a461c24,0,0,0,0,
Hampshire,38,39,3,72918338,06c2de82,4a461c24,1,0,1,0,
Hampshire,39,39,3,4a461c24,06c2de82,72918338,0,0,0,0,
Hampshire,40,40,3,4a461c24,06c2de82,72918338,1,0,1,0,
Hampshire,41,41,3,72918338,06c2de82,4a461c24,1,0,1,0,
Hampshire,42,42,3,4a461c24,06c2de82,72918338,1,0,1,0,
Hampshire,43,43,3,4a461c24,05c2ca46,72918338,1,0,1,0,
Hampshire,44,44,3,72918338,05c2ca46,4a461c24,1,0,1,0,
Hampshire,45,45,3,4a461c24,05c2ca46,72918338,1,0,1,0,
Hampshire,46,45,3,72918338,05c2ca46,4a461c24,0,0,0,0,
Hampshire,47,46,3,72918338,05c2ca46,4a461c24,1,0,1,0,
Hampshire,48,46,3,4a461c24,05c2ca46,72918338,0,0,0,0,
Hampshire,49,47,3,72918338,73f1f6b0,4a461c24,1,0,1,0,
Hampshire,50,48,3,4a461c24,73f1f6b0,72918338,1,0,1,0,
Hampshire,51,52,3,72918338,73f1f6b0,4a461c24,4,0,4,0,
Hampshire,52,52,3,72918338,73f1f6b0,4a461c24,0,0,0,0,
Hampshire,53,53,3,72918338,73f1f6b0,4a461c24,1,0,1,0,
Hampshire,54,53,3,4a461c24,73f1f6b0,72918338,0,0,0,0,
Hampshire,55,54,3,72918338,d74d1090,4a461c24,1,0,1,0,
Hampshire,56,55,3,4a461c24,d74d1090,72918338,1,0,1,0,
Hampshire,57,56,3,72918338,d74d1090,4a461c24,1,0,1,0,
Hampshire,58,60,3,4a461c24,d74d1090,72918338,4,0,4,0,
Hampshire,59,61,3,4a461c24,d74d1090,72918338,1,0,1,0,
Hampshire,60,65,3,72918338,d74d1090,4a461c24,4,0,4,0,
Hampshire,61,66,3,4a461c24,e9987a94,72918338,1,0,1,0,
Hampshire,62,66,3,72918338,e9987a94,4a461c24,0,0,0,0,
Hampshire,63,67,3,72918338,e9987a94,4a461c24,1,0,1,0,
Hampshire,64,68,3,4a461c24,e9987a94,72918338,1,0,1,0,
Hampshire,65,70,3,72918338,e9987a94,4a461c24,2,0,2,0,
Hampshire,66,74,3,72918338,e9987a94,4a461c24,4,0,4,0,
Hampshire,67,75,3,4a461c24,05c2ca46,72918338,1,0,1,0,
Hampshire,68,76,3,72918338,05c2ca46,4a461c24,1,0,1,0,
Hampshire,69,78,3,4a461c24,05c2ca46,72918338,2,0,2,0,
Hampshire,70,78,3,4a461c24,05c2ca46,72918338,0,0,0,0,
Hampshire,71,79,3,4a461c24,05c2ca46,72918338,1,0,1,0,
Hampshire,72,80,3,72918338,05c2ca46,4a461c24,1,0,1,0,
Hampshire,73,86,3,72918338,06c2de82,4a461c24,6,0,6,0,
Hampshire,74,87,3,72918338,06c2de82,4a461c24,1,0,1,0,
Hampshire,75,87,3,4a461c24,06c2de82,72918338,0,0,0,0,
Hampshire,76,87,3,4a461c24,06c2de82,72918338,0,0,0,0,
Hampshire,77,88,3,4a461c24,06c2de82,72918338,1,0,1,0,
Hampshire,78,88,4,72918338,06c2de82,4a461c24,0,0,0,1,caught
Hampshire,79,89,4,4a461c24,d74d1090,fb66ce1f,1,0,1,0,
Hampshire,80,90,4,fb66ce1f,d74d1090,4a461c24,1,0,1,0,
Hampshire,81,90,4,4a461c24,d74d1090,fb66ce1f,0,0,0,0,
Hampshire,82,91,4,4a461c24,d74d1090,fb66ce1f,1,0,1,0,
Hampshire,83,92,4,fb66ce1f,d74d1090,4a461c24,1,0,1,0,
Hampshire,84,96,4,4a461c24,d74d1090,fb66ce1f,4,0,4,0,
Hampshire,85,97,4,fb66ce1f,e9987a94,4a461c24,1,0,1,0,
Hampshire,86,98,4,4a461c24,e9987a94,fb66ce1f,1,0,1,0,
Hampshire,87,104,4,fb66ce1f,e9987a94,4a461c24,6,0,6,0,
Hampshire,88,105,4,fb66ce1f,e9987a94,4a461c24,0,1,1,0,
Hampshire,89,111,4,fb66ce1f,e9987a94,4a461c24,6,0,6,0,
Hampshire,90,111,5,fb66ce1f,e9987a94,4a461c24,0,0,0,1,bowled
Hampshire,91,112,5,dda5aae5,e9987a94,4a461c24,1,0,1,0,
Hampshire,92,113,5,dda5aae5,05c2ca46,4a461c24,1,0,1,0,
Hampshire,93,114,5,4a461c24,05c2ca46,dda5aae5,1,0,1,0,
Hampshire,94,115,5,dda5aae5,05c2ca46,4a461c24,1,0,1,0,
Hampshire,95,116,5,4a461c24,05c2ca46,dda5aae5,1,0,1,0,
Hampshire,96,117,5,dda5aae5,05c2ca46,4a461c24,1,0,1,0,
Hampshire,97,123,5,dda5aae5,4180d897,4a461c24,6,0,6,0,
Hampshire,98,129,5,dda5aae5,4180d897,4a461c24,6,0,6,0,
Hampshire,99,133,5,dda5aae5,4180d897,4a461c24,4,0,4,0,
Hampshire,100,134,5,dda5aae5,4180d897,4a461c24,1,0,1,0,
Hampshire,101,135,5,4a461c24,4180d897,dda5aae5,1,0,1,0,
Hampshire,102,141,5,dda5aae5,4180d897,4a461c24,6,0,6,0,
Hampshire,103,142,5,4a461c24,05c2ca46,dda5aae5,1,0,1,0,
Hampshire,104,143,5,dda5aae5,05c2ca46,4a461c24,0,1,1,0,
Hampshire,105,144,5,4a461c24,05c2ca46,dda5aae5,1,0,1,0,
Hampshire,106,147,5,dda5aae5,05c2ca46,4a461c24,1,2,3,0,
Hampshire,107,149,5,4a461c24,05c2ca46,dda5aae5,2,0,2,0,
Hampshire,108,149,5,4a461c24,05c2ca46,dda5aae5,0,0,0,0,
Hampshire,109,155,5,4a461c24,05c2ca46,dda5aae5,6,0,6,0,
Hampshire,110,155,6,dda5aae5,06c2de82,4a461c24,0,0,0,1,caught
Hampshire,111,156,6,6feb46a4,06c2de82,4a461c24,1,0,1,0,
Hampshire,112,157,6,4a461c24,06c2de82,6feb46a4,1,0,1,0,
Hampshire,113,157,6,6feb46a4,06c2de82,4a461c24,0,0,0,0,
Hampshire,114,161,6,6feb46a4,06c2de82,4a461c24,4,0,4,0,
Hampshire,115,165,6,6feb46a4,06c2de82,4a461c24,4,0,4,0,
Hampshire,116,167,6,4a461c24,4180d897,6feb46a4,2,0,2,0,
Hampshire,117,168,6,4a461c24,4180d897,6feb46a4,1,0,1,0,
Hampshire,118,174,6,6feb46a4,4180d897,4a461c24,6,0,6,0,
