batting_team,ball_number,total_team_runs,total_team_wickets,striker_ID,bowler_ID,nonstriker_ID,batter_runs,extras_runs,total_delivery_runs,wicket,wicket_type
England,1,0,0,b05e45e4,a51e6c6e,a139c379,0,0,0,0,
England,2,0,0,b05e45e4,a51e6c6e,a139c379,0,0,0,0,
England,3,4,0,b05e45e4,a51e6c6e,a139c379,4,0,4,0,
England,4,4,0,b05e45e4,a51e6c6e,a139c379,0,0,0,0,
England,5,4,0,b05e45e4,a51e6c6e,a139c379,0,0,0,0,
England,6,4,0,b05e45e4,a51e6c6e,a139c379,0,0,0,0,
England,7,4,0,a139c379,06653fcc,b05e45e4,0,0,0,0,
England,8,5,0,a139c379,06653fcc,b05e45e4,1,0,1,0,
England,9,6,0,b05e45e4,06653fcc,a139c379,1,0,1,0,
England,10,7,0,a139c379,06653fcc,b05e45e4,1,0,1,0,
England,11,8,0,b05e45e4,06653fcc,a139c379,1,0,1,0,
England,12,12,0,a139c379,06653fcc,b05e45e4,4,0,4,0,
England,13,12,0,b05e45e4,a51e6c6e,a139c379,0,0,0,0,
England,14,12,0,b05e45e4,a51e6c6e,a139c379,0,0,0,0,
England,15,16,0,b05e45e4,a51e6c6e,a139c379,4,0,4,0,
England,16,16,0,b05e45e4,a51e6c6e,a139c379,0,0,0,0,
England,17,16,0,b05e45e4,a51e6c6e,a139c379,0,0,0,0,
England,18,20,0,b05e45e4,a51e6c6e,a139c379,4,0,4,0,
England,19,20,0,a139c379,ed840f44,b05e45e4,0,0,0,0,
England,20,20,1,a139c379,ed840f44,b05e45e4,0,0,0,1,caught and bowled
England,21,21,1,b2664905,ed840f44,b05e45e4,1,0,1,0,
England,22,22,1,b05e45e4,ed840f44,b2664905,1,0,1,0,
England,23,22,1,b2664905,ed840f44,b05e45e4,0,0,0,0,
England,24,22,1,b2664905,ed840f44,b05e45e4,0,0,0,0,
England,25,26,1,b05e45e4,2904b4b6,b2664905,4,0,4,0,
England,26,26,1,b05e45e4,2904b4b6,b2664905,0,0,0,0,
England,27,30,1,b05e45e4,2904b4b6,b2664905,4,0,4,0,
England,28,30,1,b05e45e4,2904b4b6,b2664905,0,0,0,0,
England,29,34,1,b05e45e4,2904b4b6,b2664905,4,0,4,0,
England,30,38,1,b05e45e4,2904b4b6,b2664905,4,0,4,0,
England,31,42,1,b2664905,06653fcc,b05e45e4,4,0,4,0,
England,32,43,1,b2664905,06653fcc,b05e45e4,1,0,1,0,
England,33,44,1,b05e45e4,06653fcc,b2664905,1,0,1,0,
England,34,44,1,b2664905,06653fcc,b05e45e4,0,0,0,0,
England,35,44,1,b2664905,06653fcc,b05e45e4,0,0,0,0,
England,36,45,1,b2664905,06653fcc,b05e45e4,1,0,1,0,
England,37,46,1,b2664905,2904b4b6,b05e45e4,1,0,1,0,
England,38,47,1,b05e45e4,2904b4b6,b2664905,1,0,1,0,
England,39,47,1,b2664905,2904b4b6,b05e45e4,0,0,0,0,
England,40,51,1,b2664905,2904b4b6,b05e45e4,4,0,4,0,
England,41,55,1,b2664905,2904b4b6,b05e45e4,4,0,4,0,
England,42,55,1,b2664905,2904b4b6,b05e45e4,0,0,0,0,
England,43,56,1,b05e45e4,ed840f44,b2664905,1,0,1,0,
England,44,57,1,b2664905,ed840f44,b05e45e4,1,0,1,0,
England,45,61,1,b05e45e4,ed840f44,b2664905,4,0,4,0,
England,46,61,1,b05e45e4,ed840f44,b2664905,0,0,0,0,
England,47,65,1,b05e45e4,ed840f44,b2664905,4,0,4,0,
England,48,66,1,b05e45e4,ed840f44,b2664905,1,0,1,0,
England,49,68,1,b05e45e4,4cf8708b,b2664905,2,0,2,0,
England,50,68,1,b05e45e4,4cf8708b,b2664905,0,0,0,0,
England,51,68,1,b05e45e4,4cf8708b,b2664905,0,0,0,0,
England,52,68,1,b05e45e4,4cf8708b,b2664905,0,0,0,0,
England,53,69,1,b05e45e4,4cf8708b,b2664905,1,0,1,0,
England,54,69,1,b2664905,4cf8708b,b05e45e4,0,0,0,0,
England,55,70,1,b05e45e4,3b770527,b2664905,1,0,1,0,
England,56,71,1,b2664905,3b770527,b05e45e4,1,0,1,0,
England,57,72,1,b05e45e4,3b770527,b2664905,1,0,1,0,
England,58,72,1,b2664905,3b770527,b05e45e4,0,0,0,0,
England,59,73,1,b2664905,3b770527,b05e45e4,1,0,1,0,
England,60,74,1,b05e45e4,3b770527,b2664905,1,0,1,0,
England,61,74,1,b05e45e4,4cf8708b,b2664905,0,0,0,0,
England,62,78,1,b05e45e4,4cf8708b,b2664905,4,0,4,0,
England,63,78,2,b05e45e4,4cf8708b,b2664905,0,0,0,1,bowled
England,64,78,2,f3a18a0c,4cf8708b,b2664905,0,0,0,0,
England,65,78,2,f3a18a0c,4cf8708b,b2664905,0,0,0,0,
England,66,79,2,f3a18a0c,4cf8708b,b2664905,1,0,1,0,
England,67,81,2,f3a18a0c,3b770527,b2664905,2,0,2,0,
England,68,81,2,f3a18a0c,3b770527,b2664905,0,0,0,0,
England,69,82,2,f3a18a0c,3b770527,b2664905,1,0,1,0,
England,70,82,2,b2664905,3b770527,f3a18a0c,0,0,0,0,
England,71,83,2,b2664905,3b770527,f3a18a0c,1,0,1,0,
England,72,84,2,f3a18a0c,3b770527,b2664905,1,0,1,0,
England,73,85,2,f3a18a0c,4cf8708b,b2664905,1,0,1,0,
England,74,85,2,b2664905,4cf8708b,f3a18a0c,0,0,0,0,
England,75,85,2,b2664905,4cf8708b,f3a18a0c,0,0,0,0,
England,76,86,2,b2664905,4cf8708b,f3a18a0c,1,0,1,0,
England,77,86,2,f3a18a0c,4cf8708b,b2664905,0,0,0,0,
England,78,86,2,f3a18a0c,4cf8708b,b2664905,0,0,0,0,
England,79,87,2,b2664905,3b770527,f3a18a0c,1,0,1,0,
England,80,87,2,f3a18a0c,3b770527,b2664905,0,0,0,0,
England,81,88,2,f3a18a0c,3b770527,b2664905,1,0,1,0,
England,82,89,2,b2664905,3b770527,f3a18a0c,1,0,1,0,
England,83,90,2,f3a18a0c,3b770527,b2664905,1,0,1,0,
England,84,96,2,b2664905,3b770527,f3a18a0c,6,0,6,0,
England,85,98,2,f3a18a0c,4cf8708b,b2664905,2,0,2,0,
England,86,104,2,f3a18a0c,4cf8708b,b2664905,6,0,6,0,
England,87,105,2,f3a18a0c,4cf8708b,b2664905,1,0,1,0,
England,88,105,2,b2664905,4cf8708b,f3a18a0c,0,0,0,0,
England,89,106,2,b2664905,4cf8708b,f3a18a0c,1,0,1,0,
England,90,107,2,f3a18a0c,4cf8708b,b2664905,1,0,1,0,
England,91,107,2,f3a18a0c,06653fcc,b2664905,0,0,0,0,
England,92,108,2,f3a18a0c,06653fcc,b2664905,1,0,1,0,
England,93,108,3,b2664905,06653fcc,f3a18a0c,0,0,0,1,caught
England,94,109,3,f3a18a0c,06653fcc,6a434bd3,1,0,1,0,
England,95,110,3,6a434bd3,06653fcc,f3a18a0c,1,0,1,0,
England,96,111,3,f3a18a0c,06653fcc,6a434bd3,1,0,1,0,
England,97,112,3,f3a18a0c,ed840f44,6a434bd3,1,0,1,0,
England,98,114,3,6a434bd3,ed840f44,f3a18a0c,2,0,2,0,
England,99,116,3,6a434bd3,ed840f44,f3a18a0c,2,0,2,0,
England,100,117,3,6a434bd3,ed840f44,f3a18a0c,1,0,1,0,
England,101,119,3,f3a18a0c,ed840f44,6a434bd3,2,0,2,0,
England,102,121,3,f3a18a0c,ed840f44,6a434bd3,2,0,2,0,
England,103,122,3,6a434bd3,06653fcc,f3a18a0c,1,0,1,0,
England,104,126,3,f3a18a0c,06653fcc,6a434bd3,4,0,4,0,
England,105,127,3,f3a18a0c,06653fcc,6a434bd3,1,0,1,0,
England,106,128,3,6a434bd3,06653fcc,f3a18a0c,1,0,1,0,
England,107,129,3,f3a18a0c,06653fcc,6a434bd3,1,0,1,0,
England,108,133,3,6a434bd3,06653fcc,f3a18a0c,4,0,4,0,
England,109,134,3,f3a18a0c,ed840f44,6a434bd3,1,0,1,0,
England,110,134,3,6a434bd3,ed840f44,f3a18a0c,0,0,0,0,
England,111,138,3,6a434bd3,ed840f44,f3a18a0c,4,0,4,0,
England,112,138,3,6a434bd3,ed840f44,f3a18a0c,0,0,0,0,
England,113,140,3,6a434bd3,ed840f44,f3a18a0c,2,0,2,0,
England,114,140,4,6a434bd3,ed840f44,f3a18a0c,0,0,0,1,caught
England,115,140,4,4ba0289e,a51e6c6e,f3a18a0c,0,0,0,0,
England,116,144,4,4ba0289e,a51e6c6e,f3a18a0c,4,0,4,0,
England,117,148,4,4ba0289e,a51e6c6e,f3a18a0c,4,0,4,0,
England,118,152,4,4ba0289e,a51e6c6e,f3a18a0c,4,0,4,0,
England,119,153,4,4ba0289e,a51e6c6e,f3a18a0c,1,0,1,0,
England,120,154,4,f3a18a0c,a51e6c6e,4ba0289e,1,0,1,0,
Pakistan,1,0,1,3e7c0b1e,2479daa6,d921449d,0,0,0,1,caught
Pakistan,2,1,1,3b770527,2479daa6,d921449d,1,0,1,0,
Pakistan,3,1,1,d921449d,2479daa6,3b770527,0,0,0,0,
Pakistan,4,1,1,d921449d,2479daa6,3b770527,0,0,0,0,
Pakistan,5,1,2,d921449d,2479daa6,3b770527,0,0,0,1,bowled
Pakistan,6,1,2,821d7d46,2479daa6,3b770527,0,0,0,0,
Pakistan,7,1,2,3b770527,32497ecd,821d7d46,0,0,0,0,
Pakistan,8,1,2,3b770527,32497ecd,821d7d46,0,0,0,0,
Pakistan,9,1,2,3b770527,32497ecd,821d7d46,0,0,0,0,
Pakistan,10,1,2,3b770527,32497ecd,821d7d46,0,0,0,0,
Pakistan,11,5,2,3b770527,32497ecd,821d7d46,4,0,4,0,
Pakistan,12,9,2,3b770527,32497ecd,821d7d46,4,0,4,0,
Pakistan,13,9,2,821d7d46,2479daa6,3b770527,0,0,0,0,
Pakistan,14,9,2,821d7d46,2479daa6,3b770527,0,0,0,0,
Pakistan,15,9,2,821d7d46,2479daa6,3b770527,0,0,0,0,
Pakistan,16,12,2,821d7d46,2479daa6,3b770527,3,0,3,0,
Pakistan,17,12,2,3b770527,2479daa6,821d7d46,0,0,0,0,
Pakistan,18,13,2,3b770527,2479daa6,821d7d46,1,0,1,0,
Pakistan,19,14,2,3b770527,6a434bd3,821d7d46,1,0,1,0,
Pakistan,20,18,2,821d7d46,6a434bd3,3b770527,0,4,4,0,
Pakistan,21,20,2,821d7d46,6a434bd3,3b770527,2,0,2,0,
Pakistan,22,26,2,821d7d46,6a434bd3,3b770527,6,0,6,0,
Pakistan,23,27,2,821d7d46,6a434bd3,3b770527,1,0,1,0,
Pakistan,24,28,2,3b770527,6a434bd3,821d7d46,1,0,1,0,
Pakistan,25,30,2,3b770527,2479daa6,821d7d46,2,0,2,0,
Pakistan,26,31,2,3b770527,2479daa6,821d7d46,1,0,1,0,
Pakistan,27,35,2,821d7d46,2479daa6,3b770527,4,0,4,0,
Pakistan,28,39,2,821d7d46,2479daa6,3b770527,4,0,4,0,
Pakistan,29,40,2,821d7d46,2479daa6,3b770527,1,0,1,0,
Pakistan,30,41,2,3b770527,2479daa6,821d7d46,1,0,1,0,
Pakistan,31,42,2,3b770527,cdb82f1c,821d7d46,0,1,1,0,
Pakistan,32,46,2,3b770527,cdb82f1c,821d7d46,4,0,4,0,
Pakistan,33,47,2,3b770527,cdb82f1c,821d7d46,1,0,1,0,
Pakistan,34,47,2,821d7d46,cdb82f1c,3b770527,0,0,0,0,
Pakistan,35,47,3,821d7d46,cdb82f1c,3b770527,0,0,0,1,caught
Pakistan,36,47,3,ed840f44,cdb82f1c,3b770527,0,0,0,0,
Pakistan,37,47,4,ed840f44,cdb82f1c,3b770527,0,0,0,1,lbw
Pakistan,38,47,4,3b770527,b34e0c77,dc596fac,0,0,0,0,
Pakistan,39,48,4,3b770527,b34e0c77,dc596fac,1,0,1,0,
Pakistan,40,49,4,dc596fac,b34e0c77,3b770527,1,0,1,0,
Pakistan,41,49,4,3b770527,b34e0c77,dc596fac,0,0,0,0,
Pakistan,42,50,4,3b770527,b34e0c77,dc596fac,0,1,1,0,
Pakistan,43,51,4,3b770527,b34e0c77,dc596fac,1,0,1,0,
Pakistan,44,51,4,dc596fac,b34e0c77,3b770527,0,0,0,0,
Pakistan,45,52,4,3b770527,cdb82f1c,dc596fac,1,0,1,0,
Pakistan,46,53,4,dc596fac,cdb82f1c,3b770527,0,1,1,0,
Pakistan,47,53,4,3b770527,cdb82f1c,dc596fac,0,0,0,0,
Pakistan,48,54,4,3b770527,cdb82f1c,dc596fac,1,0,1,0,
Pakistan,49,54,5,dc596fac,cdb82f1c,3b770527,0,0,0,1,bowled
Pakistan,50,58,5,2904b4b6,cdb82f1c,3b770527,4,0,4,0,
Pakistan,51,59,5,3b770527,b34e0c77,2904b4b6,1,0,1,0,
Pakistan,52,59,5,2904b4b6,b34e0c77,3b770527,0,0,0,0,
Pakistan,53,60,5,2904b4b6,b34e0c77,3b770527,1,0,1,0,
Pakistan,54,61,5,3b770527,b34e0c77,2904b4b6,1,0,1,0,
Pakistan,55,61,5,2904b4b6,b34e0c77,3b770527,0,0,0,0,
Pakistan,56,61,6,2904b4b6,b34e0c77,3b770527,0,0,0,1,caught and bowled
Pakistan,57,61,6,3b770527,f3a18a0c,ca3ded6f,0,0,0,0,
Pakistan,58,62,6,3b770527,f3a18a0c,ca3ded6f,1,0,1,0,
Pakistan,59,62,6,ca3ded6f,f3a18a0c,3b770527,0,0,0,0,
Pakistan,60,62,6,ca3ded6f,f3a18a0c,3b770527,0,0,0,0,
Pakistan,61,63,6,ca3ded6f,f3a18a0c,3b770527,1,0,1,0,
Pakistan,62,64,6,3b770527,f3a18a0c,ca3ded6f,1,0,1,0,
Pakistan,63,65,6,3b770527,b34e0c77,ca3ded6f,1,0,1,0,
Pakistan,64,65,6,ca3ded6f,b34e0c77,3b770527,0,0,0,0,
Pakistan,65,69,6,ca3ded6f,b34e0c77,3b770527,4,0,4,0,
Pakistan,66,70,6,ca3ded6f,b34e0c77,3b770527,0,1,1,0,
Pakistan,67,71,6,ca3ded6f,b34e0c77,3b770527,1,0,1,0,
Pakistan,68,72,6,3b770527,b34e0c77,ca3ded6f,1,0,1,0,
Pakistan,69,72,6,ca3ded6f,b34e0c77,3b770527,0,0,0,0,
Pakistan,70,73,6,3b770527,f3a18a0c,ca3ded6f,1,0,1,0,
Pakistan,71,74,6,ca3ded6f,f3a18a0c,3b770527,1,0,1,0,
Pakistan,72,74,6,3b770527,f3a18a0c,ca3ded6f,0,0,0,0,
Pakistan,73,75,6,3b770527,f3a18a0c,ca3ded6f,1,0,1,0,
Pakistan,74,76,6,ca3ded6f,f3a18a0c,3b770527,1,0,1,0,
Pakistan,75,77,6,3b770527,f3a18a0c,ca3ded6f,1,0,1,0,
Pakistan,76,79,6,3b770527,6a434bd3,ca3ded6f,2,0,2,0,
Pakistan,77,83,6,3b770527,6a434bd3,ca3ded6f,4,0,4,0,
Pakistan,78,84,6,3b770527,6a434bd3,ca3ded6f,1,0,1,0,
Pakistan,79,88,6,ca3ded6f,6a434bd3,3b770527,4,0,4,0,
Pakistan,80,88,6,ca3ded6f,6a434bd3,3b770527,0,0,0,0,
Pakistan,81,88,6,ca3ded6f,6a434bd3,3b770527,0,0,0,0,
Pakistan,82,88,6,3b770527,32497ecd,ca3ded6f,0,0,0,0,
Pakistan,83,88,6,3b770527,32497ecd,ca3ded6f,0,0,0,0,
Pakistan,84,88,6,3b770527,32497ecd,ca3ded6f,0,0,0,0,
Pakistan,85,92,6,3b770527,32497ecd,ca3ded6f,4,0,4,0,
Pakistan,86,93,6,3b770527,32497ecd,ca3ded6f,1,0,1,0,
Pakistan,87,94,6,ca3ded6f,32497ecd,3b770527,1,0,1,0,
Pakistan,88,95,6,ca3ded6f,cdb82f1c,3b770527,1,0,1,0,
Pakistan,89,96,6,3b770527,cdb82f1c,ca3ded6f,0,1,1,0,
Pakistan,90,96,6,3b770527,cdb82f1c,ca3ded6f,0,0,0,0,
Pakistan,91,98,6,3b770527,cdb82f1c,ca3ded6f,2,0,2,0,
Pakistan,92,99,6,3b770527,cdb82f1c,ca3ded6f,1,0,1,0,
Pakistan,93,103,6,ca3ded6f,cdb82f1c,3b770527,4,0,4,0,
Pakistan,94,103,6,ca3ded6f,cdb82f1c,3b770527,0,0,0,0,
Pakistan,95,105,6,3b770527,b34e0c77,ca3ded6f,2,0,2,0,
Pakistan,96,106,6,3b770527,b34e0c77,ca3ded6f,1,0,1,0,
Pakistan,97,107,6,ca3ded6f,b34e0c77,3b770527,1,0,1,0,
Pakistan,98,107,6,3b770527,b34e0c77,ca3ded6f,0,0,0,0,
Pakistan,99,112,6,3b770527,b34e0c77,ca3ded6f,0,5,5,0,
Pakistan,100,113,6,3b770527,b34e0c77,ca3ded6f,1,0,1,0,
Pakistan,101,113,6,ca3ded6f,b34e0c77,3b770527,0,0,0,0,
Pakistan,102,114,6,3b770527,6a434bd3,ca3ded6f,1,0,1,0,
Pakistan,103,114,6,ca3ded6f,6a434bd3,3b770527,0,0,0,0,
Pakistan,104,115,6,ca3ded6f,6a434bd3,3b770527,1,0,1,0,
Pakistan,105,116,6,3b770527,6a434bd3,ca3ded6f,0,1,1,0,
Pakistan,106,117,6,ca3ded6f,6a434bd3,3b770527,1,0,1,0,
Pakistan,107,119,6,3b770527,6a434bd3,ca3ded6f,2,0,2,0,
Pakistan,108,120,6,ca3ded6f,f3a18a0c,3b770527,1,0,1,0,
Pakistan,109,121,6,3b770527,f3a18a0c,ca3ded6f,0,1,1,0,
Pakistan,110,121,7,ca3ded6f,f3a18a0c,3b770527,0,0,0,1,caught
Pakistan,111,123,7,3b770527,f3a18a0c,a51e6c6e,2,0,2,0,
Pakistan,112,124,7,3b770527,f3a18a0c,a51e6c6e,1,0,1,0,
Pakistan,113,124,8,a51e6c6e,f3a18a0c,3b770527,0,0,0,1,bowled
Pakistan,114,125,8,3b770527,32497ecd,4cf8708b,1,0,1,0,
Pakistan,115,125,9,4cf8708b,32497ecd,3b770527,0,0,0,1,run out
Pakistan,116,125,9,3b770527,32497ecd,06653fcc,0,0,0,0,
Pakistan,117,125,10,3b770527,32497ecd,06653fcc,0,0,0,1,caught
