batting_team,ball_number,total_team_runs,total_team_wickets,striker_ID,bowler_ID,nonstriker_ID,batter_runs,extras_runs,total_delivery_runs,wicket,wicket_type
Titans,1,0,0,9c9f8dbc,7955eb15,d3a1c63d,0,0,0,0,
Titans,2,1,0,9c9f8dbc,7955eb15,d3a1c63d,1,0,1,0,
Titans,3,1,0,d3a1c63d,7955eb15,9c9f8dbc,0,0,0,0,
Titans,4,1,0,d3a1c63d,7955eb15,9c9f8dbc,0,0,0,0,
Titans,5,2,0,d3a1c63d,7955eb15,9c9f8dbc,1,0,1,0,
Titans,6,2,0,9c9f8dbc,7955eb15,d3a1c63d,0,0,0,0,
Titans,7,3,0,d3a1c63d,cfe70281,9c9f8dbc,1,0,1,0,
Titans,8,3,0,9c9f8dbc,cfe70281,d3a1c63d,0,0,0,0,
Titans,9,3,0,9c9f8dbc,cfe70281,d3a1c63d,0,0,0,0,
Titans,10,3,0,9c9f8dbc,cfe70281,d3a1c63d,0,0,0,0,
Titans,11,5,0,9c9f8dbc,cfe70281,d3a1c63d,2,0,2,0,
Titans,12,5,0,9c9f8dbc,cfe70281,d3a1c63d,0,0,0,0,
Titans,13,7,0,d3a1c63d,7955eb15,9c9f8dbc,2,0,2,0,
Titans,14,8,0,d3a1c63d,7955eb15,9c9f8dbc,1,0,1,0,
Titans,15,9,0,9c9f8dbc,7955eb15,d3a1c63d,0,1,1,0,
Titans,16,9,0,d3a1c63d,7955eb15,9c9f8dbc,0,0,0,0,
Titans,17,10,0,d3a1c63d,7955eb15,9c9f8dbc,1,0,1,0,
Titans,18,13,0,9c9f8dbc,7955eb15,d3a1c63d,3,0,3,0,
Titans,19,17,0,9c9f8dbc,cfe70281,d3a1c63d,4,0,4,0,
Titans,20,18,0,9c9f8dbc,cfe70281,d3a1c63d,1,0,1,0,
Titans,21,23,0,d3a1c63d,cfe70281,9c9f8dbc,0,5,5,0,
Titans,22,25,0,d3a1c63d,cfe70281,9c9f8dbc,2,0,2,0,
Titans,23,29,0,d3a1c63d,cfe70281,9c9f8dbc,4,0,4,0,
Titans,24,29,0,d3a1c63d,cfe70281,9c9f8dbc,0,0,0,0,
Titans,25,33,0,d3a1c63d,cfe70281,9c9f8dbc,4,0,4,0,
Titans,26,34,0,9c9f8dbc,7955eb15,d3a1c63d,0,1,1,0,
Titans,27,36,0,d3a1c63d,7955eb15,9c9f8dbc,2,0,2,0,
Titans,28,37,0,d3a1c63d,7955eb15,9c9f8dbc,1,0,1,0,
Titans,29,38,0,9c9f8dbc,7955eb15,d3a1c63d,1,0,1,0,
Titans,30,39,0,d3a1c63d,7955eb15,9c9f8dbc,1,0,1,0,
Titans,31,40,0,9c9f8dbc,7955eb15,d3a1c63d,1,0,1,0,
Titans,32,40,1,9c9f8dbc,032e4384,d3a1c63d,0,0,0,1,bowled
Titans,33,41,1,90d6cdea,032e4384,d3a1c63d,1,0,1,0,
Titans,34,42,1,d3a1c63d,032e4384,90d6cdea,1,0,1,0,
Titans,35,42,1,90d6cdea,032e4384,d3a1c63d,0,0,0,0,
Titans,36,42,1,90d6cdea,032e4384,d3a1c63d,0,0,0,0,
Titans,37,42,1,90d6cdea,032e4384,d3a1c63d,0,0,0,0,
Titans,38,43,1,d3a1c63d,e5437608,90d6cdea,1,0,1,0,
Titans,39,44,1,90d6cdea,e5437608,d3a1c63d,1,0,1,0,
Titans,40,45,1,d3a1c63d,e5437608,90d6cdea,1,0,1,0,
Titans,41,46,1,90d6cdea,e5437608,d3a1c63d,1,0,1,0,
Titans,42,47,1,d3a1c63d,e5437608,90d6cdea,1,0,1,0,
Titans,43,49,1,90d6cdea,e5437608,d3a1c63d,2,0,2,0,
Titans,44,51,1,d3a1c63d,032e4384,90d6cdea,2,0,2,0,
Titans,45,55,1,d3a1c63d,032e4384,90d6cdea,4,0,4,0,
Titans,46,56,1,d3a1c63d,032e4384,90d6cdea,1,0,1,0,
Titans,47,56,1,90d6cdea,032e4384,d3a1c63d,0,0,0,0,
Titans,48,57,1,90d6cdea,032e4384,d3a1c63d,1,0,1,0,
Titans,49,58,1,d3a1c63d,032e4384,90d6cdea,1,0,1,0,
Titans,50,59,1,d3a1c63d,e5437608,90d6cdea,1,0,1,0,
Titans,51,63,1,90d6cdea,e5437608,d3a1c63d,4,0,4,0,
Titans,52,64,1,90d6cdea,e5437608,d3a1c63d,1,0,1,0,
Titans,53,65,1,d3a1c63d,e5437608,90d6cdea,1,0,1,0,
Titans,54,66,1,90d6cdea,e5437608,d3a1c63d,1,0,1,0,
Titans,55,67,1,d3a1c63d,e5437608,90d6cdea,1,0,1,0,
Titans,56,67,1,d3a1c63d,abd541e6,90d6cdea,0,0,0,0,
Titans,57,67,1,d3a1c63d,abd541e6,90d6cdea,0,0,0,0,
Titans,58,67,1,d3a1c63d,abd541e6,90d6cdea,0,0,0,0,
Titans,59,71,1,d3a1c63d,abd541e6,90d6cdea,4,0,4,0,
Titans,60,71,1,d3a1c63d,abd541e6,90d6cdea,0,0,0,0,
Titans,61,71,1,d3a1c63d,abd541e6,90d6cdea,0,0,0,0,
Titans,62,72,1,90d6cdea,e5437608,d3a1c63d,1,0,1,0,
Titans,63,73,1,d3a1c63d,e5437608,90d6cdea,1,0,1,0,
Titans,64,74,1,90d6cdea,e5437608,d3a1c63d,1,0,1,0,
Titans,65,80,1,d3a1c63d,e5437608,90d6cdea,6,0,6,0,
Titans,66,81,1,d3a1c63d,e5437608,90d6cdea,1,0,1,0,
Titans,67,82,1,90d6cdea,e5437608,d3a1c63d,1,0,1,0,
Titans,68,83,1,90d6cdea,abd541e6,d3a1c63d,1,0,1,0,
Titans,69,85,1,d3a1c63d,abd541e6,90d6cdea,2,0,2,0,
Titans,70,86,1,d3a1c63d,abd541e6,90d6cdea,1,0,1,0,
Titans,71,90,1,90d6cdea,abd541e6,d3a1c63d,4,0,4,0,
Titans,72,90,1,90d6cdea,abd541e6,d3a1c63d,0,0,0,0,
Titans,73,90,1,90d6cdea,abd541e6,d3a1c63d,0,0,0,0,
Titans,74,92,1,d3a1c63d,e5437608,90d6cdea,2,0,2,0,
Titans,75,93,1,d3a1c63d,e5437608,90d6cdea,1,0,1,0,
Titans,76,95,1,90d6cdea,e5437608,d3a1c63d,2,0,2,0,
Titans,77,96,1,90d6cdea,e5437608,d3a1c63d,1,0,1,0,
Titans,78,97,1,d3a1c63d,e5437608,90d6cdea,1,0,1,0,
Titans,79,99,1,90d6cdea,e5437608,d3a1c63d,2,0,2,0,
Titans,80,100,1,d3a1c63d,abd541e6,90d6cdea,1,0,1,0,
Titans,81,101,1,90d6cdea,abd541e6,d3a1c63d,1,0,1,0,
Titans,82,102,1,d3a1c63d,abd541e6,90d6cdea,1,0,1,0,
Titans,83,103,1,90d6cdea,abd541e6,d3a1c63d,1,0,1,0,
Titans,84,109,1,d3a1c63d,abd541e6,90d6cdea,6,0,6,0,
Titans,85,110,1,d3a1c63d,abd541e6,90d6cdea,1,0,1,0,
Titans,86,116,1,d3a1c63d,032e4384,90d6cdea,6,0,6,0,
Titans,87,117,1,d3a1c63d,032e4384,90d6cdea,1,0,1,0,
Titans,88,123,1,90d6cdea,032e4384,d3a1c63d,6,0,6,0,
Titans,89,125,1,90d6cdea,032e4384,d3a1c63d,2,0,2,0,
Titans,90,126,1,90d6cdea,032e4384,d3a1c63d,1,0,1,0,
Titans,91,126,2,d3a1c63d,032e4384,90d6cdea,0,0,0,1,caught
Titans,92,128,2,90d6cdea,abd541e6,dce2019b,2,0,2,0,
Titans,93,128,2,90d6cdea,abd541e6,dce2019b,0,0,0,0,
Titans,94,129,2,90d6cdea,abd541e6,dce2019b,1,0,1,0,
Titans,95,131,2,dce2019b,abd541e6,90d6cdea,2,0,2,0,
Titans,96,131,2,dce2019b,abd541e6,90d6cdea,0,0,0,0,
Titans,97,132,2,dce2019b,abd541e6,90d6cdea,1,0,1,0,
Titans,98,133,2,dce2019b,032e4384,90d6cdea,1,0,1,0,
Titans,99,134,2,90d6cdea,032e4384,dce2019b,1,0,1,0,
Titans,100,140,2,dce2019b,032e4384,90d6cdea,6,0,6,0,
Titans,101,146,2,dce2019b,032e4384,90d6cdea,6,0,6,0,
Titans,102,150,2,dce2019b,032e4384,90d6cdea,4,0,4,0,
Titans,103,152,2,dce2019b,032e4384,90d6cdea,2,0,2,0,
Titans,104,156,2,90d6cdea,cfe70281,dce2019b,4,0,4,0,
Titans,105,160,2,90d6cdea,cfe70281,dce2019b,4,0,4,0,
Titans,106,161,2,90d6cdea,cfe70281,dce2019b,1,0,1,0,
Titans,107,165,2,dce2019b,cfe70281,90d6cdea,4,0,4,0,
Titans,108,169,2,dce2019b,cfe70281,90d6cdea,4,0,4,0,
Titans,109,170,2,dce2019b,cfe70281,90d6cdea,1,0,1,0,
Titans,110,172,2,dce2019b,7955eb15,90d6cdea,2,0,2,0,
Titans,111,174,2,dce2019b,7955eb15,90d6cdea,2,0,2,0,
Titans,112,174,2,dce2019b,7955eb15,90d6cdea,0,0,0,0,
Titans,113,175,2,dce2019b,7955eb15,90d6cdea,1,0,1,0,
Titans,114,176,2,90d6cdea,7955eb15,dce2019b,1,0,1,0,
Titans,115,177,2,dce2019b,7955eb15,90d6cdea,1,0,1,0,
Titans,116,178,2,dce2019b,cfe70281,90d6cdea,1,0,1,0,
Titans,117,178,2,90d6cdea,cfe70281,dce2019b,0,0,0,0,
Titans,118,178,3,90d6cdea,cfe70281,dce2019b,0,0,0,1,bowled
Titans,119,180,3,b06d95da,cfe70281,dce2019b,2,0,2,0,
Titans,120,181,3,b06d95da,cfe70281,dce2019b,1,0,1,0,
Titans,121,182,3,dce2019b,cfe70281,b06d95da,1,0,1,0,
Cape Cobras,1,1,0,e798611a,d92d8446,f76d7466,1,0,1,0,
Cape Cobras,2,2,0,f76d7466,d92d8446,e798611a,1,0,1,0,
Cape Cobras,3,2,0,e798611a,d92d8446,f76d7466,0,0,0,0,
Cape Cobras,4,2,0,e798611a,d92d8446,f76d7466,0,0,0,0,
Cape Cobras,5,3,0,e798611a,d92d8446,f76d7466,1,0,1,0,
Cape Cobras,6,7,0,f76d7466,d92d8446,e798611a,4,0,4,0,
Cape Cobras,7,7,0,e798611a,a0936692,f76d7466,0,0,0,0,
Cape Cobras,8,8,0,e798611a,a0936692,f76d7466,1,0,1,0,
Cape Cobras,9,12,0,f76d7466,a0936692,e798611a,4,0,4,0,
Cape Cobras,10,13,0,f76d7466,a0936692,e798611a,0,1,1,0,
Cape Cobras,11,14,0,f76d7466,a0936692,e798611a,0,1,1,0,
Cape Cobras,12,15,0,f76d7466,a0936692,e798611a,0,1,1,0,
Cape Cobras,13,19,0,f76d7466,a0936692,e798611a,4,0,4,0,
Cape Cobras,14,20,0,f76d7466,a0936692,e798611a,0,1,1,0,
Cape Cobras,15,20,0,f76d7466,a0936692,e798611a,0,0,0,0,
Cape Cobras,16,20,0,f76d7466,a0936692,e798611a,0,0,0,0,
Cape Cobras,17,20,1,e798611a,d92d8446,f76d7466,0,0,0,1,lbw
Cape Cobras,18,21,1,a1b69936,d92d8446,f76d7466,1,0,1,0,
Cape Cobras,19,22,1,f76d7466,d92d8446,a1b69936,1,0,1,0,
Cape Cobras,20,23,1,a1b69936,d92d8446,f76d7466,1,0,1,0,
Cape Cobras,21,24,1,f76d7466,d92d8446,a1b69936,1,0,1,0,
Cape Cobras,22,28,1,a1b69936,d92d8446,f76d7466,4,0,4,0,
Cape Cobras,23,32,1,f76d7466,1cb14aa4,a1b69936,4,0,4,0,
Cape Cobras,24,34,1,f76d7466,1cb14aa4,a1b69936,2,0,2,0,
Cape Cobras,25,38,1,f76d7466,1cb14aa4,a1b69936,4,0,4,0,
Cape Cobras,26,40,1,f76d7466,1cb14aa4,a1b69936,2,0,2,0,
Cape Cobras,27,41,1,f76d7466,1cb14aa4,a1b69936,1,0,1,0,
Cape Cobras,28,42,1,a1b69936,1cb14aa4,f76d7466,1,0,1,0,
Cape Cobras,29,42,1,a1b69936,a0936692,f76d7466,0,0,0,0,
Cape Cobras,30,46,1,a1b69936,a0936692,f76d7466,4,0,4,0,
Cape Cobras,31,48,1,a1b69936,a0936692,f76d7466,2,0,2,0,
Cape Cobras,32,48,1,a1b69936,a0936692,f76d7466,0,0,0,0,
Cape Cobras,33,54,1,a1b69936,a0936692,f76d7466,6,0,6,0,
Cape Cobras,34,55,1,a1b69936,a0936692,f76d7466,1,0,1,0,
Cape Cobras,35,56,1,a1b69936,d92d8446,f76d7466,1,0,1,0,
Cape Cobras,36,59,1,f76d7466,d92d8446,a1b69936,3,0,3,0,
Cape Cobras,37,63,1,a1b69936,d92d8446,f76d7466,4,0,4,0,
Cape Cobras,38,63,1,a1b69936,d92d8446,f76d7466,0,0,0,0,
Cape Cobras,39,66,1,a1b69936,d92d8446,f76d7466,3,0,3,0,
Cape Cobras,40,66,1,f76d7466,d92d8446,a1b69936,0,0,0,0,
Cape Cobras,41,66,1,a1b69936,ffd3fc37,f76d7466,0,0,0,0,
Cape Cobras,42,67,1,a1b69936,ffd3fc37,f76d7466,1,0,1,0,
Cape Cobras,43,68,1,f76d7466,ffd3fc37,a1b69936,1,0,1,0,
Cape Cobras,44,69,1,a1b69936,ffd3fc37,f76d7466,1,0,1,0,
Cape Cobras,45,70,1,f76d7466,ffd3fc37,a1b69936,1,0,1,0,
Cape Cobras,46,71,1,a1b69936,ffd3fc37,f76d7466,1,0,1,0,
Cape Cobras,47,72,1,a1b69936,b06d95da,f76d7466,1,0,1,0,
Cape Cobras,48,73,1,f76d7466,b06d95da,a1b69936,0,1,1,0,
Cape Cobras,49,74,1,f76d7466,b06d95da,a1b69936,1,0,1,0,
Cape Cobras,50,76,1,a1b69936,b06d95da,f76d7466,2,0,2,0,
Cape Cobras,51,77,1,a1b69936,b06d95da,f76d7466,1,0,1,0,
Cape Cobras,52,79,1,f76d7466,b06d95da,a1b69936,2,0,2,0,
Cape Cobras,53,79,1,f76d7466,b06d95da,a1b69936,0,0,0,0,
Cape Cobras,54,80,1,a1b69936,ffd3fc37,f76d7466,1,0,1,0,
Cape Cobras,55,81,1,f76d7466,ffd3fc37,a1b69936,1,0,1,0,
Cape Cobras,56,83,1,a1b69936,ffd3fc37,f76d7466,0,2,2,0,
Cape Cobras,57,83,2,f76d7466,ffd3fc37,a1b69936,0,0,0,1,caught
Cape Cobras,58,84,2,a1b69936,ffd3fc37,bf814547,1,0,1,0,
Cape Cobras,59,84,2,bf814547,ffd3fc37,a1b69936,0,0,0,0,
Cape Cobras,60,84,2,bf814547,ffd3fc37,a1b69936,0,0,0,0,
Cape Cobras,61,85,2,a1b69936,1cb14aa4,bf814547,0,1,1,0,
Cape Cobras,62,85,3,a1b69936,1cb14aa4,bf814547,0,0,0,1,caught
Cape Cobras,63,86,3,91cd48e0,1cb14aa4,bf814547,1,0,1,0,
Cape Cobras,64,86,3,bf814547,1cb14aa4,91cd48e0,0,0,0,0,
Cape Cobras,65,86,4,bf814547,1cb14aa4,91cd48e0,0,0,0,1,caught
Cape Cobras,66,87,4,955e8e86,1cb14aa4,91cd48e0,0,1,1,0,
Cape Cobras,67,88,4,91cd48e0,1cb14aa4,955e8e86,1,0,1,0,
Cape Cobras,68,89,4,91cd48e0,ffd3fc37,955e8e86,1,0,1,0,
Cape Cobras,69,90,4,955e8e86,ffd3fc37,91cd48e0,1,0,1,0,
Cape Cobras,70,91,4,91cd48e0,ffd3fc37,955e8e86,1,0,1,0,
Cape Cobras,71,92,4,955e8e86,ffd3fc37,91cd48e0,1,0,1,0,
Cape Cobras,72,93,4,91cd48e0,ffd3fc37,955e8e86,1,0,1,0,
Cape Cobras,73,93,4,955e8e86,ffd3fc37,91cd48e0,0,0,0,0,
Cape Cobras,74,95,4,91cd48e0,b06d95da,955e8e86,2,0,2,0,
Cape Cobras,75,97,4,91cd48e0,b06d95da,955e8e86,2,0,2,0,
Cape Cobras,76,97,4,91cd48e0,b06d95da,955e8e86,0,0,0,0,
Cape Cobras,77,98,4,91cd48e0,b06d95da,955e8e86,1,0,1,0,
Cape Cobras,78,99,4,955e8e86,b06d95da,91cd48e0,1,0,1,0,
Cape Cobras,79,103,4,91cd48e0,b06d95da,955e8e86,4,0,4,0,
Cape Cobras,80,104,4,955e8e86,ffd3fc37,91cd48e0,1,0,1,0,
Cape Cobras,81,106,4,91cd48e0,ffd3fc37,955e8e86,2,0,2,0,
Cape Cobras,82,107,4,91cd48e0,ffd3fc37,955e8e86,1,0,1,0,
Cape Cobras,83,108,4,955e8e86,ffd3fc37,91cd48e0,1,0,1,0,
Cape Cobras,84,109,4,91cd48e0,ffd3fc37,955e8e86,1,0,1,0,
Cape Cobras,85,110,4,955e8e86,ffd3fc37,91cd48e0,1,0,1,0,
Cape Cobras,86,111,4,955e8e86,9c9f8dbc,91cd48e0,1,0,1,0,
Cape Cobras,87,112,4,91cd48e0,9c9f8dbc,955e8e86,1,0,1,0,
Cape Cobras,88,118,4,955e8e86,9c9f8dbc,91cd48e0,6,0,6,0,
Cape Cobras,89,124,4,955e8e86,9c9f8dbc,91cd48e0,6,0,6,0,
Cape Cobras,90,130,4,955e8e86,9c9f8dbc,91cd48e0,6,0,6,0,
Cape Cobras,91,131,4,955e8e86,9c9f8dbc,91cd48e0,1,0,1,0,
Cape Cobras,92,132,4,955e8e86,d92d8446,91cd48e0,1,0,1,0,
Cape Cobras,93,134,4,91cd48e0,d92d8446,955e8e86,2,0,2,0,
Cape Cobras,94,135,4,91cd48e0,d92d8446,955e8e86,1,0,1,0,
Cape Cobras,95,135,4,955e8e86,d92d8446,91cd48e0,0,0,0,0,
Cape Cobras,96,136,4,955e8e86,d92d8446,91cd48e0,1,0,1,0,
Cape Cobras,97,142,4,91cd48e0,d92d8446,955e8e86,6,0,6,0,
Cape Cobras,98,145,4,955e8e86,b06d95da,91cd48e0,3,0,3,0,
Cape Cobras,99,145,5,91cd48e0,b06d95da,955e8e86,0,0,0,1,run out
Cape Cobras,100,147,5,955e8e86,b06d95da,e5437608,2,0,2,0,
Cape Cobras,101,148,5,955e8e86,b06d95da,e5437608,1,0,1,0,
Cape Cobras,102,149,5,e5437608,b06d95da,955e8e86,1,0,1,0,
Cape Cobras,103,150,5,955e8e86,b06d95da,e5437608,1,0,1,0,
Cape Cobras,104,154,5,955e8e86,a0936692,e5437608,4,0,4,0,
Cape Cobras,105,155,5,955e8e86,a0936692,e5437608,0,1,1,0,
Cape Cobras,106,156,5,955e8e86,a0936692,e5437608,1,0,1,0,
Cape Cobras,107,158,5,e5437608,a0936692,955e8e86,2,0,2,0,
Cape Cobras,108,159,5,e5437608,a0936692,955e8e86,1,0,1,0,
Cape Cobras,109,161,5,955e8e86,a0936692,e5437608,2,0,2,0,
Cape Cobras,110,162,5,955e8e86,a0936692,e5437608,1,0,1,0,
Cape Cobras,111,165,5,955e8e86,1cb14aa4,e5437608,2,1,3,0,
Cape Cobras,112,166,5,955e8e86,1cb14aa4,e5437608,0,1,1,0,
Cape Cobras,113,167,5,955e8e86,1cb14aa4,e5437608,1,0,1,0,
Cape Cobras,114,168,5,e5437608,1cb14aa4,955e8e86,1,0,1,0,
Cape Cobras,115,172,5,955e8e86,1cb14aa4,e5437608,4,0,4,0,
Cape Cobras,116,176,5,955e8e86,1cb14aa4,e5437608,4,0,4,0,
Cape Cobras,117,177,5,955e8e86,1cb14aa4,e5437608,1,0,1,0,
Cape Cobras,118,177,6,e5437608,1cb14aa4,955e8e86,0,0,0,1,caught
Cape Cobras,119,177,6,cfe70281,a0936692,955e8e86,0,0,0,0,
Cape Cobras,120,177,7,cfe70281,a0936692,955e8e86,0,0,0,1,caught
Cape Cobras,121,177,7,7955eb15,a0936692,955e8e86,0,0,0,0,
Cape Cobras,122,179,7,7955eb15,a0936692,955e8e86,2,0,2,0,
Cape Cobras,123,183,7,7955eb15,a0936692,955e8e86,4,0,4,0,
