batting_team,ball_number,total_team_runs,total_team_wickets,striker_ID,bowler_ID,nonstriker_ID,batter_runs,extras_runs,total_delivery_runs,wicket,wicket_type
Hobart Hurricanes,1,1,0,5d2eda89,60471339,caaf2219,1,0,1,0,
Hobart Hurricanes,2,1,0,caaf2219,60471339,5d2eda89,0,0,0,0,
Hobart Hurricanes,3,5,0,caaf2219,60471339,5d2eda89,4,0,4,0,
Hobart Hurricanes,4,9,0,caaf2219,60471339,5d2eda89,4,0,4,0,
Hobart Hurricanes,5,9,1,caaf2219,60471339,5d2eda89,0,0,0,1,caught
Hobart Hurricanes,6,9,1,4ba0289e,60471339,5d2eda89,0,0,0,0,
Hobart Hurricanes,7,11,1,5d2eda89,f57d5dbb,4ba0289e,2,0,2,0,
Hobart Hurricanes,8,11,1,5d2eda89,f57d5dbb,4ba0289e,0,0,0,0,
Hobart Hurricanes,9,11,1,5d2eda89,f57d5dbb,4ba0289e,0,0,0,0,
Hobart Hurricanes,10,12,1,5d2eda89,f57d5dbb,4ba0289e,1,0,1,0,
Hobart Hurricanes,11,12,1,4ba0289e,f57d5dbb,5d2eda89,0,0,0,0,
Hobart Hurricanes,12,12,1,4ba0289e,f57d5dbb,5d2eda89,0,0,0,0,
Hobart Hurricanes,13,12,1,5d2eda89,60471339,4ba0289e,0,0,0,0,
Hobart Hurricanes,14,12,1,5d2eda89,60471339,4ba0289e,0,0,0,0,
Hobart Hurricanes,15,16,1,5d2eda89,60471339,4ba0289e,4,0,4,0,
Hobart Hurricanes,16,20,1,5d2eda89,60471339,4ba0289e,4,0,4,0,
Hobart Hurricanes,17,24,1,5d2eda89,60471339,4ba0289e,4,0,4,0,
Hobart Hurricanes,18,24,1,5d2eda89,60471339,4ba0289e,0,0,0,0,
Hobart Hurricanes,19,24,1,4ba0289e,99e23670,5d2eda89,0,0,0,0,
Hobart Hurricanes,20,24,1,4ba0289e,99e23670,5d2eda89,0,0,0,0,
Hobart Hurricanes,21,28,1,4ba0289e,99e23670,5d2eda89,4,0,4,0,
Hobart Hurricanes,22,29,1,4ba0289e,99e23670,5d2eda89,1,0,1,0,
Hobart Hurricanes,23,29,1,5d2eda89,99e23670,4ba0289e,0,0,0,0,
Hobart Hurricanes,24,29,1,5d2eda89,99e23670,4ba0289e,0,0,0,0,
Hobart Hurricanes,25,29,1,4ba0289e,f57d5dbb,5d2eda89,0,0,0,0,
Hobart Hurricanes,26,29,1,4ba0289e,f57d5dbb,5d2eda89,0,0,0,0,
Hobart Hurricanes,27,31,1,4ba0289e,f57d5dbb,5d2eda89,0,2,2,0,
Hobart Hurricanes,28,32,1,4ba0289e,f57d5dbb,5d2eda89,1,0,1,0,
Hobart Hurricanes,29,32,1,5d2eda89,f57d5dbb,4ba0289e,0,0,0,0,
Hobart Hurricanes,30,32,1,5d2eda89,f57d5dbb,4ba0289e,0,0,0,0,
Hobart Hurricanes,31,32,1,4ba0289e,99e23670,5d2eda89,0,0,0,0,
Hobart Hurricanes,32,36,1,4ba0289e,99e23670,5d2eda89,4,0,4,0,
Hobart Hurricanes,33,37,1,4ba0289e,99e23670,5d2eda89,1,0,1,0,
Hobart Hurricanes,34,37,2,5d2eda89,99e23670,4ba0289e,0,0,0,1,caught
Hobart Hurricanes,35,38,2,324b9eee,99e23670,4ba0289e,1,0,1,0,
Hobart Hurricanes,36,40,2,4ba0289e,99e23670,324b9eee,2,0,2,0,
Hobart Hurricanes,37,40,3,324b9eee,f0b4e47d,4ba0289e,0,0,0,1,lbw
Hobart Hurricanes,38,40,3,a0bc8dc1,f0b4e47d,4ba0289e,0,0,0,0,
Hobart Hurricanes,39,40,3,a0bc8dc1,f0b4e47d,4ba0289e,0,0,0,0,
Hobart Hurricanes,40,41,3,a0bc8dc1,f0b4e47d,4ba0289e,1,0,1,0,
Hobart Hurricanes,41,41,3,4ba0289e,f0b4e47d,a0bc8dc1,0,0,0,0,
Hobart Hurricanes,42,43,3,4ba0289e,f0b4e47d,a0bc8dc1,2,0,2,0,
Hobart Hurricanes,43,44,3,a0bc8dc1,78bec461,4ba0289e,1,0,1,0,
Hobart Hurricanes,44,45,3,4ba0289e,78bec461,a0bc8dc1,1,0,1,0,
Hobart Hurricanes,45,45,4,a0bc8dc1,78bec461,4ba0289e,0,0,0,1,bowled
Hobart Hurricanes,46,46,4,3812165d,78bec461,4ba0289e,1,0,1,0,
Hobart Hurricanes,47,46,4,4ba0289e,78bec461,3812165d,0,0,0,0,
Hobart Hurricanes,48,47,4,4ba0289e,78bec461,3812165d,1,0,1,0,
Hobart Hurricanes,49,48,4,4ba0289e,f0b4e47d,3812165d,1,0,1,0,
Hobart Hurricanes,50,49,4,3812165d,f0b4e47d,4ba0289e,1,0,1,0,
Hobart Hurricanes,51,50,4,4ba0289e,f0b4e47d,3812165d,1,0,1,0,
Hobart Hurricanes,52,51,4,3812165d,f0b4e47d,4ba0289e,1,0,1,0,
Hobart Hurricanes,53,51,4,4ba0289e,f0b4e47d,3812165d,0,0,0,0,
Hobart Hurricanes,54,51,4,4ba0289e,f0b4e47d,3812165d,0,0,0,0,
Hobart Hurricanes,55,51,4,3812165d,60471339,4ba0289e,0,0,0,0,
Hobart Hurricanes,56,52,4,3812165d,60471339,4ba0289e,1,0,1,0,
Hobart Hurricanes,57,52,4,4ba0289e,60471339,3812165d,0,0,0,0,
Hobart Hurricanes,58,52,4,4ba0289e,60471339,3812165d,0,0,0,0,
Hobart Hurricanes,59,52,5,4ba0289e,60471339,3812165d,0,0,0,1,bowled
Hobart Hurricanes,60,52,5,6026e2ae,60471339,3812165d,0,0,0,0,
Hobart Hurricanes,61,52,5,3812165d,99e23670,6026e2ae,0,0,0,0,
Hobart Hurricanes,62,53,5,3812165d,99e23670,6026e2ae,1,0,1,0,
Hobart Hurricanes,63,54,5,6026e2ae,99e23670,3812165d,1,0,1,0,
Hobart Hurricanes,64,55,5,3812165d,99e23670,6026e2ae,1,0,1,0,
Hobart Hurricanes,65,56,5,6026e2ae,99e23670,3812165d,1,0,1,0,
Hobart Hurricanes,66,56,5,3812165d,99e23670,6026e2ae,0,0,0,0,
Hobart Hurricanes,67,57,5,6026e2ae,60471339,3812165d,1,0,1,0,
Hobart Hurricanes,68,58,5,3812165d,60471339,6026e2ae,1,0,1,0,
Hobart Hurricanes,69,58,5,6026e2ae,60471339,3812165d,0,0,0,0,
Hobart Hurricanes,70,59,5,6026e2ae,60471339,3812165d,1,0,1,0,
Hobart Hurricanes,71,60,5,3812165d,60471339,6026e2ae,1,0,1,0,
Hobart Hurricanes,72,62,5,6026e2ae,60471339,3812165d,2,0,2,0,
Hobart Hurricanes,73,62,6,3812165d,f57d5dbb,6026e2ae,0,0,0,1,caught
Hobart Hurricanes,74,63,6,6026e2ae,f57d5dbb,df04fc4f,1,0,1,0,
Hobart Hurricanes,75,63,6,df04fc4f,f57d5dbb,6026e2ae,0,0,0,0,
Hobart Hurricanes,76,64,6,df04fc4f,f57d5dbb,6026e2ae,0,1,1,0,
Hobart Hurricanes,77,65,6,df04fc4f,f57d5dbb,6026e2ae,1,0,1,0,
Hobart Hurricanes,78,66,6,6026e2ae,f57d5dbb,df04fc4f,1,0,1,0,
Hobart Hurricanes,79,67,6,df04fc4f,f57d5dbb,6026e2ae,1,0,1,0,
Hobart Hurricanes,80,68,6,df04fc4f,78bec461,6026e2ae,1,0,1,0,
Hobart Hurricanes,81,69,6,6026e2ae,78bec461,df04fc4f,1,0,1,0,
Hobart Hurricanes,82,70,6,df04fc4f,78bec461,6026e2ae,1,0,1,0,
Hobart Hurricanes,83,71,6,6026e2ae,78bec461,df04fc4f,1,0,1,0,
Hobart Hurricanes,84,72,6,df04fc4f,78bec461,6026e2ae,1,0,1,0,
Hobart Hurricanes,85,74,6,6026e2ae,78bec461,df04fc4f,2,0,2,0,
Hobart Hurricanes,86,77,6,df04fc4f,f0b4e47d,6026e2ae,0,3,3,0,
Hobart Hurricanes,87,78,6,df04fc4f,f0b4e47d,6026e2ae,1,0,1,0,
Hobart Hurricanes,88,78,6,6026e2ae,f0b4e47d,df04fc4f,0,0,0,0,
Hobart Hurricanes,89,78,6,6026e2ae,f0b4e47d,df04fc4f,0,0,0,0,
Hobart Hurricanes,90,79,6,6026e2ae,f0b4e47d,df04fc4f,1,0,1,0,
Hobart Hurricanes,91,79,6,df04fc4f,f0b4e47d,6026e2ae,0,0,0,0,
Hobart Hurricanes,92,80,6,df04fc4f,f0b4e47d,6026e2ae,1,0,1,0,
Hobart Hurricanes,93,82,6,df04fc4f,99e23670,6026e2ae,2,0,2,0,
Hobart Hurricanes,94,82,6,df04fc4f,99e23670,6026e2ae,0,0,0,0,
Hobart Hurricanes,95,82,7,df04fc4f,99e23670,6026e2ae,0,0,0,1,caught
Hobart Hurricanes,96,83,8,6026e2ae,99e23670,2ec8a400,1,0,1,1,run out
Hobart Hurricanes,97,84,8,6026e2ae,99e23670,216ae65f,1,0,1,0,
Hobart Hurricanes,98,85,8,216ae65f,99e23670,6026e2ae,1,0,1,0,
Hobart Hurricanes,99,86,8,216ae65f,f57d5dbb,6026e2ae,1,0,1,0,
Hobart Hurricanes,100,87,8,6026e2ae,f57d5dbb,216ae65f,1,0,1,0,
Hobart Hurricanes,101,89,8,216ae65f,f57d5dbb,6026e2ae,2,0,2,0,
Hobart Hurricanes,102,89,8,216ae65f,f57d5dbb,6026e2ae,0,0,0,0,
Hobart Hurricanes,103,89,8,216ae65f,f57d5dbb,6026e2ae,0,0,0,0,
Hobart Hurricanes,104,90,8,216ae65f,f57d5dbb,6026e2ae,1,0,1,0,
Hobart Hurricanes,105,91,8,216ae65f,f0b4e47d,6026e2ae,1,0,1,0,
Hobart Hurricanes,106,95,8,6026e2ae,f0b4e47d,216ae65f,4,0,4,0,
Hobart Hurricanes,107,97,8,6026e2ae,f0b4e47d,216ae65f,2,0,2,0,
Hobart Hurricanes,108,98,8,6026e2ae,f0b4e47d,216ae65f,1,0,1,0,
Hobart Hurricanes,109,98,8,216ae65f,f0b4e47d,6026e2ae,0,0,0,0,
Hobart Hurricanes,110,98,8,216ae65f,f0b4e47d,6026e2ae,0,0,0,0,
Hobart Hurricanes,111,99,8,6026e2ae,78bec461,216ae65f,1,0,1,0,
Hobart Hurricanes,112,100,8,216ae65f,78bec461,6026e2ae,1,0,1,0,
Hobart Hurricanes,113,101,8,6026e2ae,78bec461,216ae65f,1,0,1,0,
Hobart Hurricanes,114,102,8,216ae65f,78bec461,6026e2ae,1,0,1,0,
Hobart Hurricanes,115,104,8,6026e2ae,78bec461,216ae65f,2,0,2,0,
Hobart Hurricanes,116,105,8,6026e2ae,78bec461,216ae65f,1,0,1,0,
Hobart Hurricanes,117,105,8,6026e2ae,72b7ed1e,216ae65f,0,0,0,0,
Hobart Hurricanes,118,106,8,6026e2ae,72b7ed1e,216ae65f,1,0,1,0,
Hobart Hurricanes,119,107,8,216ae65f,72b7ed1e,6026e2ae,1,0,1,0,
Hobart Hurricanes,120,109,8,6026e2ae,72b7ed1e,216ae65f,2,0,2,0,
Hobart Hurricanes,121,111,8,6026e2ae,72b7ed1e,216ae65f,2,0,2,0,
Hobart Hurricanes,122,115,8,6026e2ae,72b7ed1e,216ae65f,4,0,4,0,
Melbourne Renegades,1,4,0,99e23670,2ec8a400,a139c379,4,0,4,0,
Melbourne Renegades,2,8,0,99e23670,2ec8a400,a139c379,4,0,4,0,
Melbourne Renegades,3,9,0,99e23670,2ec8a400,a139c379,0,1,1,0,
Melbourne Renegades,4,10,0,99e23670,2ec8a400,a139c379,0,1,1,0,
Melbourne Renegades,5,11,0,99e23670,2ec8a400,a139c379,0,1,1,0,
Melbourne Renegades,6,13,0,99e23670,2ec8a400,a139c379,2,0,2,0,
Melbourne Renegades,7,19,0,99e23670,2ec8a400,a139c379,6,0,6,0,
Melbourne Renegades,8,23,0,99e23670,2ec8a400,a139c379,4,0,4,0,
Melbourne Renegades,9,23,1,99e23670,2ec8a400,a139c379,0,0,0,1,caught
Melbourne Renegades,10,23,1,72b7ed1e,df04fc4f,a139c379,0,0,0,0,
Melbourne Renegades,11,23,1,72b7ed1e,df04fc4f,a139c379,0,0,0,0,
Melbourne Renegades,12,24,1,72b7ed1e,df04fc4f,a139c379,1,0,1,0,
Melbourne Renegades,13,24,1,a139c379,df04fc4f,72b7ed1e,0,0,0,0,
Melbourne Renegades,14,24,1,a139c379,df04fc4f,72b7ed1e,0,0,0,0,
Melbourne Renegades,15,24,1,a139c379,df04fc4f,72b7ed1e,0,0,0,0,
Melbourne Renegades,16,28,1,72b7ed1e,4ba0289e,a139c379,4,0,4,0,
Melbourne Renegades,17,29,1,72b7ed1e,4ba0289e,a139c379,0,1,1,0,
Melbourne Renegades,18,29,1,72b7ed1e,4ba0289e,a139c379,0,0,0,0,
Melbourne Renegades,19,29,1,72b7ed1e,4ba0289e,a139c379,0,0,0,0,
Melbourne Renegades,20,30,1,72b7ed1e,4ba0289e,a139c379,1,0,1,0,
Melbourne Renegades,21,32,1,a139c379,4ba0289e,72b7ed1e,2,0,2,0,
Melbourne Renegades,22,33,1,a139c379,4ba0289e,72b7ed1e,1,0,1,0,
Melbourne Renegades,23,37,1,a139c379,df04fc4f,72b7ed1e,4,0,4,0,
Melbourne Renegades,24,37,1,a139c379,df04fc4f,72b7ed1e,0,0,0,0,
Melbourne Renegades,25,39,1,a139c379,df04fc4f,72b7ed1e,2,0,2,0,
Melbourne Renegades,26,39,1,a139c379,df04fc4f,72b7ed1e,0,0,0,0,
Melbourne Renegades,27,39,1,a139c379,df04fc4f,72b7ed1e,0,0,0,0,
Melbourne Renegades,28,43,1,a139c379,df04fc4f,72b7ed1e,4,0,4,0,
Melbourne Renegades,29,43,1,72b7ed1e,216ae65f,a139c379,0,0,0,0,
Melbourne Renegades,30,44,1,72b7ed1e,216ae65f,a139c379,1,0,1,0,
Melbourne Renegades,31,45,1,a139c379,216ae65f,72b7ed1e,1,0,1,0,
Melbourne Renegades,32,45,1,72b7ed1e,216ae65f,a139c379,0,0,0,0,
Melbourne Renegades,33,45,1,72b7ed1e,216ae65f,a139c379,0,0,0,0,
Melbourne Renegades,34,45,1,72b7ed1e,216ae65f,a139c379,0,0,0,0,
Melbourne Renegades,35,45,1,a139c379,a0bc8dc1,72b7ed1e,0,0,0,0,
Melbourne Renegades,36,45,2,a139c379,a0bc8dc1,72b7ed1e,0,0,0,1,caught
Melbourne Renegades,37,49,2,72b7ed1e,a0bc8dc1,5ebc3941,4,0,4,0,
Melbourne Renegades,38,50,2,72b7ed1e,a0bc8dc1,5ebc3941,1,0,1,0,
Melbourne Renegades,39,51,2,5ebc3941,a0bc8dc1,72b7ed1e,1,0,1,0,
Melbourne Renegades,40,51,2,72b7ed1e,a0bc8dc1,5ebc3941,0,0,0,0,
Melbourne Renegades,41,51,2,5ebc3941,4ba0289e,72b7ed1e,0,0,0,0,
Melbourne Renegades,42,51,2,5ebc3941,4ba0289e,72b7ed1e,0,0,0,0,
Melbourne Renegades,43,51,2,5ebc3941,4ba0289e,72b7ed1e,0,0,0,0,
Melbourne Renegades,44,51,2,5ebc3941,4ba0289e,72b7ed1e,0,0,0,0,
Melbourne Renegades,45,51,2,5ebc3941,4ba0289e,72b7ed1e,0,0,0,0,
Melbourne Renegades,46,52,2,5ebc3941,4ba0289e,72b7ed1e,1,0,1,0,
Melbourne Renegades,47,52,3,5ebc3941,a0bc8dc1,72b7ed1e,0,0,0,1,caught
Melbourne Renegades,48,53,3,72b7ed1e,a0bc8dc1,0f00b4d7,1,0,1,0,
Melbourne Renegades,49,54,3,0f00b4d7,a0bc8dc1,72b7ed1e,1,0,1,0,
Melbourne Renegades,50,58,3,72b7ed1e,a0bc8dc1,0f00b4d7,4,0,4,0,
Melbourne Renegades,51,59,3,72b7ed1e,a0bc8dc1,0f00b4d7,1,0,1,0,
Melbourne Renegades,52,59,3,0f00b4d7,a0bc8dc1,72b7ed1e,0,0,0,0,
Melbourne Renegades,53,60,3,72b7ed1e,4ba0289e,0f00b4d7,1,0,1,0,
Melbourne Renegades,54,60,3,0f00b4d7,4ba0289e,72b7ed1e,0,0,0,0,
Melbourne Renegades,55,62,3,0f00b4d7,4ba0289e,72b7ed1e,2,0,2,0,
Melbourne Renegades,56,66,3,0f00b4d7,4ba0289e,72b7ed1e,4,0,4,0,
Melbourne Renegades,57,66,3,0f00b4d7,4ba0289e,72b7ed1e,0,0,0,0,
Melbourne Renegades,58,66,3,0f00b4d7,4ba0289e,72b7ed1e,0,0,0,0,
Melbourne Renegades,59,67,3,72b7ed1e,caaf2219,0f00b4d7,1,0,1,0,
Melbourne Renegades,60,69,3,0f00b4d7,caaf2219,72b7ed1e,2,0,2,0,
Melbourne Renegades,61,70,3,0f00b4d7,caaf2219,72b7ed1e,0,1,1,0,
Melbourne Renegades,62,71,3,0f00b4d7,caaf2219,72b7ed1e,1,0,1,0,
Melbourne Renegades,63,72,3,72b7ed1e,caaf2219,0f00b4d7,1,0,1,0,
Melbourne Renegades,64,73,3,0f00b4d7,caaf2219,72b7ed1e,1,0,1,0,
Melbourne Renegades,65,73,3,72b7ed1e,caaf2219,0f00b4d7,0,0,0,0,
Melbourne Renegades,66,73,3,0f00b4d7,216ae65f,72b7ed1e,0,0,0,0,
Melbourne Renegades,67,74,3,0f00b4d7,216ae65f,72b7ed1e,0,1,1,0,
Melbourne Renegades,68,75,3,0f00b4d7,216ae65f,72b7ed1e,1,0,1,0,
Melbourne Renegades,69,76,3,72b7ed1e,216ae65f,0f00b4d7,0,1,1,0,
Melbourne Renegades,70,77,3,72b7ed1e,216ae65f,0f00b4d7,1,0,1,0,
Melbourne Renegades,71,78,3,0f00b4d7,216ae65f,72b7ed1e,1,0,1,0,
Melbourne Renegades,72,79,3,72b7ed1e,216ae65f,0f00b4d7,1,0,1,0,
Melbourne Renegades,73,79,3,0f00b4d7,216ae65f,72b7ed1e,0,0,0,0,
Melbourne Renegades,74,79,3,72b7ed1e,a0bc8dc1,0f00b4d7,0,0,0,0,
Melbourne Renegades,75,80,3,72b7ed1e,a0bc8dc1,0f00b4d7,1,0,1,0,
Melbourne Renegades,76,81,3,0f00b4d7,a0bc8dc1,72b7ed1e,1,0,1,0,
Melbourne Renegades,77,81,3,72b7ed1e,a0bc8dc1,0f00b4d7,0,0,0,0,
Melbourne Renegades,78,82,3,72b7ed1e,a0bc8dc1,0f00b4d7,1,0,1,0,
Melbourne Renegades,79,83,3,0f00b4d7,a0bc8dc1,72b7ed1e,1,0,1,0,
Melbourne Renegades,80,83,3,0f00b4d7,0d19fa13,72b7ed1e,0,0,0,0,
Melbourne Renegades,81,84,3,0f00b4d7,0d19fa13,72b7ed1e,1,0,1,0,
Melbourne Renegades,82,85,3,72b7ed1e,0d19fa13,0f00b4d7,1,0,1,0,
Melbourne Renegades,83,87,3,0f00b4d7,0d19fa13,72b7ed1e,2,0,2,0,
Melbourne Renegades,84,87,4,0f00b4d7,0d19fa13,72b7ed1e,0,0,0,1,lbw
Melbourne Renegades,85,88,4,1f4a8a2a,0d19fa13,72b7ed1e,1,0,1,0,
Melbourne Renegades,86,92,4,1f4a8a2a,4ba0289e,72b7ed1e,4,0,4,0,
Melbourne Renegades,87,93,4,1f4a8a2a,4ba0289e,72b7ed1e,1,0,1,0,
Melbourne Renegades,88,94,4,72b7ed1e,4ba0289e,1f4a8a2a,1,0,1,0,
Melbourne Renegades,89,95,4,1f4a8a2a,4ba0289e,72b7ed1e,1,0,1,0,
Melbourne Renegades,90,95,4,72b7ed1e,4ba0289e,1f4a8a2a,0,0,0,0,
Melbourne Renegades,91,95,4,72b7ed1e,4ba0289e,1f4a8a2a,0,0,0,0,
Melbourne Renegades,92,95,4,1f4a8a2a,df04fc4f,72b7ed1e,0,0,0,0,
Melbourne Renegades,93,95,4,1f4a8a2a,df04fc4f,72b7ed1e,0,0,0,0,
Melbourne Renegades,94,97,4,1f4a8a2a,df04fc4f,72b7ed1e,2,0,2,0,
Melbourne Renegades,95,98,4,1f4a8a2a,df04fc4f,72b7ed1e,0,1,1,0,
Melbourne Renegades,96,98,4,1f4a8a2a,df04fc4f,72b7ed1e,0,0,0,0,
Melbourne Renegades,97,99,4,1f4a8a2a,df04fc4f,72b7ed1e,1,0,1,0,
Melbourne Renegades,98,99,4,72b7ed1e,df04fc4f,1f4a8a2a,0,0,0,0,
Melbourne Renegades,99,100,4,1f4a8a2a,a0bc8dc1,72b7ed1e,1,0,1,0,
Melbourne Renegades,100,101,4,72b7ed1e,a0bc8dc1,1f4a8a2a,1,0,1,0,
Melbourne Renegades,101,102,4,1f4a8a2a,a0bc8dc1,72b7ed1e,1,0,1,0,
Melbourne Renegades,102,102,5,72b7ed1e,a0bc8dc1,1f4a8a2a,0,0,0,1,stumped
Melbourne Renegades,103,102,5,b0ca6975,a0bc8dc1,1f4a8a2a,0,0,0,0,
Melbourne Renegades,104,102,5,b0ca6975,a0bc8dc1,1f4a8a2a,0,0,0,0,
Melbourne Renegades,105,103,5,1f4a8a2a,216ae65f,b0ca6975,1,0,1,0,
Melbourne Renegades,106,103,5,b0ca6975,216ae65f,1f4a8a2a,0,0,0,0,
Melbourne Renegades,107,104,5,b0ca6975,216ae65f,1f4a8a2a,1,0,1,0,
Melbourne Renegades,108,104,5,1f4a8a2a,216ae65f,b0ca6975,0,0,0,0,
Melbourne Renegades,109,104,5,1f4a8a2a,216ae65f,b0ca6975,0,0,0,0,
Melbourne Renegades,110,104,5,1f4a8a2a,216ae65f,b0ca6975,0,0,0,0,
Melbourne Renegades,111,105,5,b0ca6975,df04fc4f,1f4a8a2a,1,0,1,0,
Melbourne Renegades,112,109,5,1f4a8a2a,df04fc4f,b0ca6975,4,0,4,0,
Melbourne Renegades,113,109,5,1f4a8a2a,df04fc4f,b0ca6975,0,0,0,0,
Melbourne Renegades,114,110,5,1f4a8a2a,df04fc4f,b0ca6975,1,0,1,0,
Melbourne Renegades,115,111,5,b0ca6975,df04fc4f,1f4a8a2a,1,0,1,0,
Melbourne Renegades,116,115,5,1f4a8a2a,df04fc4f,b0ca6975,4,0,4,0,
Melbourne Renegades,117,119,5,b0ca6975,216ae65f,1f4a8a2a,4,0,4,0,
