batting_team,ball_number,total_team_runs,total_team_wickets,striker_ID,bowler_ID,nonstriker_ID,batter_runs,extras_runs,total_delivery_runs,wicket,wicket_type
Karnataka,1,5,0,b17e2f24,b2a55ac1,2c25d4f5,0,5,5,0,
Karnataka,2,5,0,b17e2f24,b2a55ac1,2c25d4f5,0,0,0,0,
Karnataka,3,11,0,b17e2f24,b2a55ac1,2c25d4f5,6,0,6,0,
Karnataka,4,15,0,b17e2f24,b2a55ac1,2c25d4f5,4,0,4,0,
Karnataka,5,15,0,b17e2f24,b2a55ac1,2c25d4f5,0,0,0,0,
Karnataka,6,16,0,b17e2f24,b2a55ac1,2c25d4f5,1,0,1,0,
Karnataka,7,16,0,2c25d4f5,b2a55ac1,b17e2f24,0,0,0,0,
Karnataka,8,18,0,b17e2f24,fb24e76c,2c25d4f5,2,0,2,0,
Karnataka,9,19,0,b17e2f24,fb24e76c,2c25d4f5,1,0,1,0,
Karnataka,10,23,0,2c25d4f5,fb24e76c,b17e2f24,4,0,4,0,
Karnataka,11,29,0,2c25d4f5,fb24e76c,b17e2f24,6,0,6,0,
Karnataka,12,30,0,2c25d4f5,fb24e76c,b17e2f24,0,1,1,0,
Karnataka,13,30,0,b17e2f24,fb24e76c,2c25d4f5,0,0,0,0,
Karnataka,14,30,0,2c25d4f5,0a3d54b9,b17e2f24,0,0,0,0,
Karnataka,15,30,0,2c25d4f5,0a3d54b9,b17e2f24,0,0,0,0,
Karnataka,16,34,0,2c25d4f5,0a3d54b9,b17e2f24,4,0,4,0,
Karnataka,17,38,0,2c25d4f5,0a3d54b9,b17e2f24,4,0,4,0,
Karnataka,18,39,0,2c25d4f5,0a3d54b9,b17e2f24,0,1,1,0,
Karnataka,19,39,0,2c25d4f5,0a3d54b9,b17e2f24,0,0,0,0,
Karnataka,20,40,0,2c25d4f5,0a3d54b9,b17e2f24,0,1,1,0,
Karnataka,21,42,0,2c25d4f5,0a3d54b9,b17e2f24,2,0,2,0,
Karnataka,22,42,0,b17e2f24,de4b0555,2c25d4f5,0,0,0,0,
Karnataka,23,42,0,b17e2f24,de4b0555,2c25d4f5,0,0,0,0,
Karnataka,24,43,0,b17e2f24,de4b0555,2c25d4f5,0,1,1,0,
Karnataka,25,49,0,2c25d4f5,de4b0555,b17e2f24,6,0,6,0,
Karnataka,26,53,0,2c25d4f5,de4b0555,b17e2f24,4,0,4,0,
Karnataka,27,54,0,2c25d4f5,de4b0555,b17e2f24,1,0,1,0,
Karnataka,28,58,0,2c25d4f5,0a3d54b9,b17e2f24,4,0,4,0,
Karnataka,29,64,0,2c25d4f5,0a3d54b9,b17e2f24,6,0,6,0,
Karnataka,30,68,0,2c25d4f5,0a3d54b9,b17e2f24,4,0,4,0,
Karnataka,31,69,0,2c25d4f5,0a3d54b9,b17e2f24,1,0,1,0,
Karnataka,32,69,0,b17e2f24,0a3d54b9,2c25d4f5,0,0,0,0,
Karnataka,33,73,0,b17e2f24,0a3d54b9,2c25d4f5,4,0,4,0,
Karnataka,34,73,0,2c25d4f5,b2a55ac1,b17e2f24,0,0,0,0,
Karnataka,35,74,0,2c25d4f5,b2a55ac1,b17e2f24,1,0,1,0,
Karnataka,36,74,0,b17e2f24,b2a55ac1,2c25d4f5,0,0,0,0,
Karnataka,37,78,0,b17e2f24,b2a55ac1,2c25d4f5,4,0,4,0,
Karnataka,38,78,0,b17e2f24,b2a55ac1,2c25d4f5,0,0,0,0,
Karnataka,39,79,0,b17e2f24,b2a55ac1,2c25d4f5,1,0,1,0,
Karnataka,40,79,0,b17e2f24,d2550980,2c25d4f5,0,0,0,0,
Karnataka,41,80,0,b17e2f24,d2550980,2c25d4f5,1,0,1,0,
Karnataka,42,84,0,2c25d4f5,d2550980,b17e2f24,4,0,4,0,
Karnataka,43,85,0,2c25d4f5,d2550980,b17e2f24,1,0,1,0,
Karnataka,44,85,0,b17e2f24,d2550980,2c25d4f5,0,0,0,0,
Karnataka,45,89,0,b17e2f24,d2550980,2c25d4f5,4,0,4,0,
Karnataka,46,90,0,2c25d4f5,b2a55ac1,b17e2f24,0,1,1,0,
Karnataka,47,91,0,b17e2f24,b2a55ac1,2c25d4f5,1,0,1,0,
Karnataka,48,92,0,2c25d4f5,b2a55ac1,b17e2f24,1,0,1,0,
Karnataka,49,93,0,b17e2f24,b2a55ac1,2c25d4f5,1,0,1,0,
Karnataka,50,94,0,2c25d4f5,b2a55ac1,b17e2f24,1,0,1,0,
Karnataka,51,98,0,b17e2f24,b2a55ac1,2c25d4f5,4,0,4,0,
Karnataka,52,99,0,2c25d4f5,d2550980,b17e2f24,1,0,1,0,
Karnataka,53,104,0,b17e2f24,d2550980,2c25d4f5,0,5,5,0,
Karnataka,54,104,0,b17e2f24,d2550980,2c25d4f5,0,0,0,0,
Karnataka,55,105,0,b17e2f24,d2550980,2c25d4f5,1,0,1,0,
Karnataka,56,105,0,2c25d4f5,d2550980,b17e2f24,0,0,0,0,
Karnataka,57,111,0,2c25d4f5,d2550980,b17e2f24,6,0,6,0,
Karnataka,58,112,0,2c25d4f5,d2550980,b17e2f24,1,0,1,0,
Karnataka,59,113,0,2c25d4f5,b2a55ac1,b17e2f24,1,0,1,0,
Karnataka,60,114,0,b17e2f24,b2a55ac1,2c25d4f5,1,0,1,0,
Karnataka,61,114,1,2c25d4f5,b2a55ac1,b17e2f24,0,0,0,1,caught
Karnataka,62,116,1,93b4fc78,b2a55ac1,b17e2f24,2,0,2,0,
Karnataka,63,120,1,93b4fc78,b2a55ac1,b17e2f24,4,0,4,0,
Karnataka,64,121,1,93b4fc78,b2a55ac1,b17e2f24,1,0,1,0,
Karnataka,65,125,1,93b4fc78,8a98675d,b17e2f24,4,0,4,0,
Karnataka,66,126,1,93b4fc78,8a98675d,b17e2f24,1,0,1,0,
Karnataka,67,126,2,b17e2f24,8a98675d,93b4fc78,0,0,0,1,caught
Karnataka,68,126,2,93b4fc78,8a98675d,944533a5,0,0,0,0,
Karnataka,69,130,2,93b4fc78,8a98675d,944533a5,4,0,4,0,
Karnataka,70,130,3,93b4fc78,8a98675d,944533a5,0,0,0,1,caught
Karnataka,71,130,3,944533a5,e4cdf230,436b8481,0,0,0,0,
Karnataka,72,131,3,944533a5,e4cdf230,436b8481,1,0,1,0,
Karnataka,73,132,3,436b8481,e4cdf230,944533a5,1,0,1,0,
Karnataka,74,133,3,944533a5,e4cdf230,436b8481,1,0,1,0,
Karnataka,75,134,3,436b8481,e4cdf230,944533a5,1,0,1,0,
Karnataka,76,135,3,944533a5,e4cdf230,436b8481,1,0,1,0,
Karnataka,77,136,3,944533a5,8a98675d,436b8481,1,0,1,0,
Karnataka,78,136,3,436b8481,8a98675d,944533a5,0,0,0,0,
Karnataka,79,137,3,436b8481,8a98675d,944533a5,1,0,1,0,
Karnataka,80,141,3,944533a5,8a98675d,436b8481,4,0,4,0,
Karnataka,81,141,3,944533a5,8a98675d,436b8481,0,0,0,0,
Karnataka,82,142,3,944533a5,8a98675d,436b8481,1,0,1,0,
Karnataka,83,143,3,944533a5,e4cdf230,436b8481,1,0,1,0,
Karnataka,84,144,3,436b8481,e4cdf230,944533a5,1,0,1,0,
Karnataka,85,145,3,944533a5,e4cdf230,436b8481,1,0,1,0,
Karnataka,86,149,3,436b8481,e4cdf230,944533a5,4,0,4,0,
Karnataka,87,150,3,436b8481,e4cdf230,944533a5,1,0,1,0,
Karnataka,88,151,3,944533a5,e4cdf230,436b8481,1,0,1,0,
Karnataka,89,152,3,944533a5,8a98675d,436b8481,1,0,1,0,
Karnataka,90,152,3,436b8481,8a98675d,944533a5,0,0,0,0,
Karnataka,91,156,3,436b8481,8a98675d,944533a5,4,0,4,0,
Karnataka,92,157,3,436b8481,8a98675d,944533a5,1,0,1,0,
Karnataka,93,157,3,944533a5,8a98675d,436b8481,0,0,0,0,
Karnataka,94,158,3,944533a5,8a98675d,436b8481,1,0,1,0,
Karnataka,95,159,3,944533a5,fb24e76c,436b8481,1,0,1,0,
Karnataka,96,160,3,436b8481,fb24e76c,944533a5,0,1,1,0,
Karnataka,97,160,3,944533a5,fb24e76c,436b8481,0,0,0,0,
Karnataka,98,161,3,944533a5,fb24e76c,436b8481,1,0,1,0,
Karnataka,99,161,4,436b8481,fb24e76c,944533a5,0,0,0,1,bowled
Karnataka,100,162,4,ed5a5510,fb24e76c,944533a5,1,0,1,0,
Karnataka,101,162,4,ed5a5510,8a98675d,944533a5,0,0,0,0,
Karnataka,102,163,4,ed5a5510,8a98675d,944533a5,1,0,1,0,
Karnataka,103,165,4,944533a5,8a98675d,ed5a5510,2,0,2,0,
Karnataka,104,166,4,944533a5,8a98675d,ed5a5510,1,0,1,0,
Karnataka,105,167,4,ed5a5510,8a98675d,944533a5,1,0,1,0,
Karnataka,106,167,5,944533a5,8a98675d,ed5a5510,0,0,0,1,caught
Karnataka,107,167,5,ed5a5510,fb24e76c,4125d931,0,0,0,0,
Karnataka,108,168,5,ed5a5510,fb24e76c,4125d931,0,1,1,0,
Karnataka,109,169,5,ed5a5510,fb24e76c,4125d931,1,0,1,0,
Karnataka,110,173,5,4125d931,fb24e76c,ed5a5510,4,0,4,0,
Karnataka,111,174,5,4125d931,fb24e76c,ed5a5510,0,1,1,0,
Karnataka,112,175,5,4125d931,fb24e76c,ed5a5510,1,0,1,0,
Karnataka,113,176,5,ed5a5510,fb24e76c,4125d931,1,0,1,0,
Karnataka,114,177,5,4125d931,fb24e76c,ed5a5510,1,0,1,0,
Karnataka,115,181,5,4125d931,de4b0555,ed5a5510,4,0,4,0,
Karnataka,116,182,5,4125d931,de4b0555,ed5a5510,1,0,1,0,
Karnataka,117,182,5,ed5a5510,de4b0555,4125d931,0,0,0,0,
Karnataka,118,184,5,ed5a5510,de4b0555,4125d931,2,0,2,0,
Karnataka,119,184,5,ed5a5510,de4b0555,4125d931,0,0,0,0,
Karnataka,120,184,5,ed5a5510,de4b0555,4125d931,0,0,0,0,
Karnataka,121,184,5,4125d931,fb24e76c,ed5a5510,0,0,0,0,
Karnataka,122,185,5,4125d931,fb24e76c,ed5a5510,0,1,1,0,
Karnataka,123,186,5,ed5a5510,fb24e76c,4125d931,1,0,1,0,
Karnataka,124,187,5,4125d931,fb24e76c,ed5a5510,0,1,1,0,
Karnataka,125,189,5,ed5a5510,fb24e76c,4125d931,2,0,2,0,
Karnataka,126,189,6,ed5a5510,fb24e76c,4125d931,0,0,0,1,caught
Jharkhand,1,1,0,d2550980,b2b23612,b2a55ac1,1,0,1,0,
Jharkhand,2,2,0,b2a55ac1,b2b23612,d2550980,0,1,1,0,
Jharkhand,3,3,0,b2a55ac1,b2b23612,d2550980,0,1,1,0,
Jharkhand,4,4,0,b2a55ac1,b2b23612,d2550980,0,1,1,0,
Jharkhand,5,5,0,b2a55ac1,b2b23612,d2550980,1,0,1,0,
Jharkhand,6,5,0,d2550980,b2b23612,b2a55ac1,0,0,0,0,
Jharkhand,7,5,0,d2550980,b2b23612,b2a55ac1,0,0,0,0,
Jharkhand,8,5,0,d2550980,b2b23612,b2a55ac1,0,0,0,0,
Jharkhand,9,6,0,d2550980,b2b23612,b2a55ac1,1,0,1,0,
Jharkhand,10,6,0,d2550980,f6cb1703,b2a55ac1,0,0,0,0,
Jharkhand,11,10,0,d2550980,f6cb1703,b2a55ac1,4,0,4,0,
Jharkhand,12,10,0,d2550980,f6cb1703,b2a55ac1,0,0,0,0,
Jharkhand,13,10,0,d2550980,f6cb1703,b2a55ac1,0,0,0,0,
Jharkhand,14,10,0,d2550980,f6cb1703,b2a55ac1,0,0,0,0,
Jharkhand,15,10,0,d2550980,f6cb1703,b2a55ac1,0,0,0,0,
Jharkhand,16,11,0,b2a55ac1,b2b23612,d2550980,0,1,1,0,
Jharkhand,17,11,0,b2a55ac1,b2b23612,d2550980,0,0,0,0,
Jharkhand,18,15,0,b2a55ac1,b2b23612,d2550980,4,0,4,0,
Jharkhand,19,19,0,b2a55ac1,b2b23612,d2550980,4,0,4,0,
Jharkhand,20,19,0,b2a55ac1,b2b23612,d2550980,0,0,0,0,
Jharkhand,21,20,0,b2a55ac1,b2b23612,d2550980,1,0,1,0,
Jharkhand,22,20,0,d2550980,b2b23612,b2a55ac1,0,0,0,0,
Jharkhand,23,21,0,b2a55ac1,f6cb1703,d2550980,1,0,1,0,
Jharkhand,24,23,0,d2550980,f6cb1703,b2a55ac1,2,0,2,0,
Jharkhand,25,25,0,d2550980,f6cb1703,b2a55ac1,2,0,2,0,
Jharkhand,26,25,0,d2550980,f6cb1703,b2a55ac1,0,0,0,0,
Jharkhand,27,29,0,d2550980,f6cb1703,b2a55ac1,4,0,4,0,
Jharkhand,28,30,0,d2550980,f6cb1703,b2a55ac1,1,0,1,0,
Jharkhand,29,30,0,d2550980,4125d931,b2a55ac1,0,0,0,0,
Jharkhand,30,31,0,d2550980,4125d931,b2a55ac1,1,0,1,0,
Jharkhand,31,31,0,b2a55ac1,4125d931,d2550980,0,0,0,0,
Jharkhand,32,31,1,b2a55ac1,4125d931,d2550980,0,0,0,1,caught
Jharkhand,33,31,1,26d76ad9,4125d931,d2550980,0,0,0,0,
Jharkhand,34,32,1,26d76ad9,4125d931,d2550980,1,0,1,0,
Jharkhand,35,32,1,26d76ad9,7a8bd078,d2550980,0,0,0,0,
Jharkhand,36,34,1,26d76ad9,7a8bd078,d2550980,2,0,2,0,
Jharkhand,37,35,1,26d76ad9,7a8bd078,d2550980,1,0,1,0,
Jharkhand,38,36,1,d2550980,7a8bd078,26d76ad9,0,1,1,0,
Jharkhand,39,36,1,d2550980,7a8bd078,26d76ad9,0,0,0,0,
Jharkhand,40,36,1,d2550980,7a8bd078,26d76ad9,0,0,0,0,
Jharkhand,41,40,1,d2550980,7a8bd078,26d76ad9,4,0,4,0,
Jharkhand,42,41,1,26d76ad9,4125d931,d2550980,1,0,1,0,
Jharkhand,43,42,1,d2550980,4125d931,26d76ad9,1,0,1,0,
Jharkhand,44,46,1,26d76ad9,4125d931,d2550980,4,0,4,0,
Jharkhand,45,47,1,26d76ad9,4125d931,d2550980,1,0,1,0,
Jharkhand,46,51,1,d2550980,4125d931,26d76ad9,4,0,4,0,
Jharkhand,47,52,1,d2550980,4125d931,26d76ad9,1,0,1,0,
Jharkhand,48,52,1,d2550980,7a8bd078,26d76ad9,0,0,0,0,
Jharkhand,49,52,1,d2550980,7a8bd078,26d76ad9,0,0,0,0,
Jharkhand,50,58,1,d2550980,7a8bd078,26d76ad9,6,0,6,0,
Jharkhand,51,59,1,d2550980,7a8bd078,26d76ad9,1,0,1,0,
Jharkhand,52,59,1,26d76ad9,7a8bd078,d2550980,0,0,0,0,
Jharkhand,53,59,1,26d76ad9,7a8bd078,d2550980,0,0,0,0,
Jharkhand,54,59,1,d2550980,ed5a5510,26d76ad9,0,0,0,0,
Jharkhand,55,59,1,d2550980,ed5a5510,26d76ad9,0,0,0,0,
Jharkhand,56,59,1,d2550980,ed5a5510,26d76ad9,0,0,0,0,
Jharkhand,57,59,1,d2550980,ed5a5510,26d76ad9,0,0,0,0,
Jharkhand,58,60,1,d2550980,ed5a5510,26d76ad9,1,0,1,0,
Jharkhand,59,61,1,26d76ad9,ed5a5510,d2550980,1,0,1,0,
Jharkhand,60,62,1,26d76ad9,7a8bd078,d2550980,1,0,1,0,
Jharkhand,61,68,1,d2550980,7a8bd078,26d76ad9,6,0,6,0,
Jharkhand,62,69,1,d2550980,7a8bd078,26d76ad9,1,0,1,0,
Jharkhand,63,69,1,26d76ad9,7a8bd078,d2550980,0,0,0,0,
Jharkhand,64,75,1,26d76ad9,7a8bd078,d2550980,6,0,6,0,
Jharkhand,65,76,1,26d76ad9,7a8bd078,d2550980,1,0,1,0,
Jharkhand,66,77,1,26d76ad9,ed5a5510,d2550980,1,0,1,0,
Jharkhand,67,77,1,d2550980,ed5a5510,26d76ad9,0,0,0,0,
Jharkhand,68,77,1,d2550980,ed5a5510,26d76ad9,0,0,0,0,
Jharkhand,69,77,2,d2550980,ed5a5510,26d76ad9,0,0,0,1,caught
Jharkhand,70,77,2,26d76ad9,ed5a5510,709b0bac,0,0,0,0,
Jharkhand,71,77,2,26d76ad9,ed5a5510,709b0bac,0,0,0,0,
Jharkhand,72,78,2,709b0bac,436b8481,26d76ad9,1,0,1,0,
Jharkhand,73,79,2,26d76ad9,436b8481,709b0bac,1,0,1,0,
Jharkhand,74,79,3,709b0bac,436b8481,26d76ad9,0,0,0,1,stumped
Jharkhand,75,79,3,bc6d8229,436b8481,26d76ad9,0,0,0,0,
Jharkhand,76,83,3,bc6d8229,436b8481,26d76ad9,4,0,4,0,
Jharkhand,77,84,3,bc6d8229,436b8481,26d76ad9,1,0,1,0,
Jharkhand,78,84,3,bc6d8229,ed5a5510,26d76ad9,0,0,0,0,
Jharkhand,79,85,3,bc6d8229,ed5a5510,26d76ad9,1,0,1,0,
Jharkhand,80,86,3,26d76ad9,ed5a5510,bc6d8229,1,0,1,0,
Jharkhand,81,87,3,bc6d8229,ed5a5510,26d76ad9,1,0,1,0,
Jharkhand,82,93,3,26d76ad9,ed5a5510,bc6d8229,6,0,6,0,
Jharkhand,83,95,3,26d76ad9,ed5a5510,bc6d8229,2,0,2,0,
Jharkhand,84,96,3,bc6d8229,436b8481,26d76ad9,1,0,1,0,
Jharkhand,85,97,3,26d76ad9,436b8481,bc6d8229,1,0,1,0,
Jharkhand,86,98,3,bc6d8229,436b8481,26d76ad9,1,0,1,0,
Jharkhand,87,99,3,26d76ad9,436b8481,bc6d8229,1,0,1,0,
Jharkhand,88,103,3,bc6d8229,436b8481,26d76ad9,4,0,4,0,
Jharkhand,89,103,4,bc6d8229,436b8481,26d76ad9,0,0,0,1,caught
Jharkhand,90,104,4,26d76ad9,ed5a5510,fe180dba,1,0,1,0,
Jharkhand,91,105,4,fe180dba,ed5a5510,26d76ad9,1,0,1,0,
Jharkhand,92,106,4,26d76ad9,ed5a5510,fe180dba,1,0,1,0,
Jharkhand,93,107,4,fe180dba,ed5a5510,26d76ad9,1,0,1,0,
Jharkhand,94,107,4,26d76ad9,ed5a5510,fe180dba,0,0,0,0,
Jharkhand,95,108,4,26d76ad9,ed5a5510,fe180dba,1,0,1,0,
Jharkhand,96,114,4,26d76ad9,436b8481,fe180dba,6,0,6,0,
Jharkhand,97,115,4,26d76ad9,436b8481,fe180dba,1,0,1,0,
Jharkhand,98,116,4,fe180dba,436b8481,26d76ad9,1,0,1,0,
Jharkhand,99,122,4,26d76ad9,436b8481,fe180dba,6,0,6,0,
Jharkhand,100,123,4,26d76ad9,436b8481,fe180dba,1,0,1,0,
Jharkhand,101,127,4,fe180dba,436b8481,26d76ad9,4,0,4,0,
Jharkhand,102,128,4,26d76ad9,b2b23612,fe180dba,0,1,1,0,
Jharkhand,103,130,4,26d76ad9,b2b23612,fe180dba,0,2,2,0,
Jharkhand,104,130,4,fe180dba,b2b23612,26d76ad9,0,0,0,0,
Jharkhand,105,132,4,fe180dba,b2b23612,26d76ad9,2,0,2,0,
Jharkhand,106,132,4,fe180dba,b2b23612,26d76ad9,0,0,0,0,
Jharkhand,107,133,4,fe180dba,b2b23612,26d76ad9,1,0,1,0,
Jharkhand,108,134,4,26d76ad9,b2b23612,fe180dba,0,1,1,0,
Jharkhand,109,135,4,26d76ad9,b2b23612,fe180dba,1,0,1,0,
Jharkhand,110,135,4,fe180dba,b2b23612,26d76ad9,0,0,0,0,
Jharkhand,111,139,4,26d76ad9,f6cb1703,fe180dba,4,0,4,0,
Jharkhand,112,145,4,26d76ad9,f6cb1703,fe180dba,6,0,6,0,
Jharkhand,113,146,4,26d76ad9,f6cb1703,fe180dba,1,0,1,0,
Jharkhand,114,147,4,fe180dba,f6cb1703,26d76ad9,1,0,1,0,
Jharkhand,115,152,4,26d76ad9,f6cb1703,fe180dba,4,1,5,0,
Jharkhand,116,153,4,26d76ad9,f6cb1703,fe180dba,1,0,1,0,
Jharkhand,117,153,4,fe180dba,f6cb1703,26d76ad9,0,0,0,0,
Jharkhand,118,153,4,26d76ad9,b2b23612,fe180dba,0,0,0,0,
Jharkhand,119,154,4,26d76ad9,b2b23612,fe180dba,1,0,1,0,
Jharkhand,120,154,4,fe180dba,b2b23612,26d76ad9,0,0,0,0,
Jharkhand,121,160,4,fe180dba,b2b23612,26d76ad9,6,0,6,0,
Jharkhand,122,160,4,fe180dba,b2b23612,26d76ad9,0,0,0,0,
Jharkhand,123,166,4,fe180dba,b2b23612,26d76ad9,6,0,6,0,
Jharkhand,124,172,4,26d76ad9,f6cb1703,fe180dba,6,0,6,0,
Jharkhand,125,172,4,26d76ad9,f6cb1703,fe180dba,0,0,0,0,
Jharkhand,126,174,4,26d76ad9,f6cb1703,fe180dba,2,0,2,0,
Jharkhand,127,175,4,26d76ad9,f6cb1703,fe180dba,1,0,1,0,
Jharkhand,128,176,4,fe180dba,f6cb1703,26d76ad9,0,1,1,0,
Jharkhand,129,176,5,fe180dba,f6cb1703,26d76ad9,0,0,0,1,bowled
Jharkhand,130,176,5,e4cdf230,f6cb1703,26d76ad9,0,0,0,0,
