batting_team,ball_number,total_team_runs,total_team_wickets,striker_ID,bowler_ID,nonstriker_ID,batter_runs,extras_runs,total_delivery_runs,wicket,wicket_type
Pakistan,1,4,0,821d7d46,16443d2f,d921449d,4,0,4,0,
Pakistan,2,4,0,821d7d46,16443d2f,d921449d,0,0,0,0,
Pakistan,3,4,0,821d7d46,16443d2f,d921449d,0,0,0,0,
Pakistan,4,4,0,821d7d46,16443d2f,d921449d,0,0,0,0,
Pakistan,5,4,0,821d7d46,16443d2f,d921449d,0,0,0,0,
Pakistan,6,4,0,821d7d46,16443d2f,d921449d,0,0,0,0,
Pakistan,7,5,0,d921449d,108c4c09,821d7d46,1,0,1,0,
Pakistan,8,5,0,821d7d46,108c4c09,d921449d,0,0,0,0,
Pakistan,9,5,0,821d7d46,108c4c09,d921449d,0,0,0,0,
Pakistan,10,5,0,821d7d46,108c4c09,d921449d,0,0,0,0,
Pakistan,11,5,0,821d7d46,108c4c09,d921449d,0,0,0,0,
Pakistan,12,5,0,821d7d46,108c4c09,d921449d,0,0,0,0,
Pakistan,13,5,0,d921449d,16443d2f,821d7d46,0,0,0,0,
Pakistan,14,5,0,d921449d,16443d2f,821d7d46,0,0,0,0,
Pakistan,15,6,0,d921449d,16443d2f,821d7d46,1,0,1,0,
Pakistan,16,10,0,821d7d46,16443d2f,d921449d,4,0,4,0,
Pakistan,17,10,0,821d7d46,16443d2f,d921449d,0,0,0,0,
Pakistan,18,10,0,821d7d46,16443d2f,d921449d,0,0,0,0,
Pakistan,19,10,0,d921449d,108c4c09,821d7d46,0,0,0,0,
Pakistan,20,11,0,d921449d,108c4c09,821d7d46,1,0,1,0,
Pakistan,21,11,0,821d7d46,108c4c09,d921449d,0,0,0,0,
Pakistan,22,11,1,821d7d46,108c4c09,d921449d,0,0,0,1,caught
Pakistan,23,11,1,3b770527,108c4c09,d921449d,0,0,0,0,
Pakistan,24,11,1,3b770527,108c4c09,d921449d,0,0,0,0,
Pakistan,25,12,1,d921449d,16443d2f,3b770527,0,1,1,0,
Pakistan,26,12,1,d921449d,16443d2f,3b770527,0,0,0,0,
Pakistan,27,16,1,d921449d,16443d2f,3b770527,4,0,4,0,
Pakistan,28,18,1,d921449d,16443d2f,3b770527,2,0,2,0,
Pakistan,29,19,1,d921449d,16443d2f,3b770527,1,0,1,0,
Pakistan,30,19,1,3b770527,16443d2f,d921449d,0,0,0,0,
Pakistan,31,20,1,3b770527,16443d2f,d921449d,1,0,1,0,
Pakistan,32,20,1,3b770527,ce85fcaf,d921449d,0,0,0,0,
Pakistan,33,21,1,3b770527,ce85fcaf,d921449d,1,0,1,0,
Pakistan,34,25,1,d921449d,ce85fcaf,3b770527,4,0,4,0,
Pakistan,35,25,1,d921449d,ce85fcaf,3b770527,0,0,0,0,
Pakistan,36,26,1,d921449d,ce85fcaf,3b770527,1,0,1,0,
Pakistan,37,30,1,3b770527,ce85fcaf,d921449d,4,0,4,0,
Pakistan,38,30,1,d921449d,16443d2f,3b770527,0,0,0,0,
Pakistan,39,31,1,d921449d,16443d2f,3b770527,0,1,1,0,
Pakistan,40,35,1,d921449d,16443d2f,3b770527,4,0,4,0,
Pakistan,41,35,1,d921449d,16443d2f,3b770527,0,0,0,0,
Pakistan,42,36,1,d921449d,16443d2f,3b770527,1,0,1,0,
Pakistan,43,37,1,3b770527,16443d2f,d921449d,1,0,1,0,
Pakistan,44,37,2,d921449d,16443d2f,3b770527,0,0,0,1,caught
Pakistan,45,37,2,3b770527,6d76bc23,ed840f44,0,0,0,0,
Pakistan,46,38,2,3b770527,6d76bc23,ed840f44,1,0,1,0,
Pakistan,47,39,2,ed840f44,6d76bc23,3b770527,1,0,1,0,
Pakistan,48,40,2,3b770527,6d76bc23,ed840f44,1,0,1,0,
Pakistan,49,41,2,ed840f44,6d76bc23,3b770527,1,0,1,0,
Pakistan,50,42,2,3b770527,6d76bc23,ed840f44,1,0,1,0,
Pakistan,51,44,2,3b770527,6e28e586,ed840f44,2,0,2,0,
Pakistan,52,44,2,3b770527,6e28e586,ed840f44,0,0,0,0,
Pakistan,53,44,2,3b770527,6e28e586,ed840f44,0,0,0,0,
Pakistan,54,45,2,3b770527,6e28e586,ed840f44,1,0,1,0,
Pakistan,55,46,2,ed840f44,6e28e586,3b770527,1,0,1,0,
Pakistan,56,46,2,3b770527,6e28e586,ed840f44,0,0,0,0,
Pakistan,57,47,2,ed840f44,ce85fcaf,3b770527,1,0,1,0,
Pakistan,58,49,2,3b770527,ce85fcaf,ed840f44,2,0,2,0,
Pakistan,59,49,2,3b770527,ce85fcaf,ed840f44,0,0,0,0,
Pakistan,60,51,2,3b770527,ce85fcaf,ed840f44,2,0,2,0,
Pakistan,61,55,2,3b770527,ce85fcaf,ed840f44,4,0,4,0,
Pakistan,62,56,2,3b770527,ce85fcaf,ed840f44,1,0,1,0,
Pakistan,63,57,2,3b770527,6e28e586,ed840f44,1,0,1,0,
Pakistan,64,58,2,ed840f44,6e28e586,3b770527,1,0,1,0,
Pakistan,65,58,2,3b770527,6e28e586,ed840f44,0,0,0,0,
Pakistan,66,58,3,3b770527,6e28e586,ed840f44,0,0,0,1,caught
Pakistan,67,58,3,ed840f44,6e28e586,2904b4b6,0,0,0,0,
Pakistan,68,59,3,ed840f44,6e28e586,2904b4b6,1,0,1,0,
Pakistan,69,60,3,ed840f44,6d76bc23,2904b4b6,1,0,1,0,
Pakistan,70,60,3,2904b4b6,6d76bc23,ed840f44,0,0,0,0,
Pakistan,71,61,3,2904b4b6,6d76bc23,ed840f44,1,0,1,0,
Pakistan,72,61,3,ed840f44,6d76bc23,2904b4b6,0,0,0,0,
Pakistan,73,67,3,ed840f44,6d76bc23,2904b4b6,6,0,6,0,
Pakistan,74,73,3,ed840f44,6d76bc23,2904b4b6,6,0,6,0,
Pakistan,75,73,3,2904b4b6,ce85fcaf,ed840f44,0,0,0,0,
Pakistan,76,73,3,2904b4b6,ce85fcaf,ed840f44,0,0,0,0,
Pakistan,77,73,3,2904b4b6,ce85fcaf,ed840f44,0,0,0,0,
Pakistan,78,74,3,2904b4b6,ce85fcaf,ed840f44,1,0,1,0,
Pakistan,79,75,3,ed840f44,ce85fcaf,2904b4b6,1,0,1,0,
Pakistan,80,76,3,2904b4b6,ce85fcaf,ed840f44,1,0,1,0,
Pakistan,81,77,3,2904b4b6,ea544967,ed840f44,0,1,1,0,
Pakistan,82,78,3,2904b4b6,ea544967,ed840f44,1,0,1,0,
Pakistan,83,78,3,ed840f44,ea544967,2904b4b6,0,0,0,0,
Pakistan,84,80,3,ed840f44,ea544967,2904b4b6,2,0,2,0,
Pakistan,85,84,3,ed840f44,ea544967,2904b4b6,4,0,4,0,
Pakistan,86,86,3,ed840f44,ea544967,2904b4b6,2,0,2,0,
Pakistan,87,86,4,ed840f44,ea544967,2904b4b6,0,0,0,1,caught
Pakistan,88,87,4,dc596fac,6e28e586,2904b4b6,1,0,1,0,
Pakistan,89,87,4,2904b4b6,6e28e586,dc596fac,0,0,0,0,
Pakistan,90,91,4,2904b4b6,6e28e586,dc596fac,4,0,4,0,
Pakistan,91,91,4,2904b4b6,6e28e586,dc596fac,0,0,0,0,
Pakistan,92,92,4,2904b4b6,6e28e586,dc596fac,1,0,1,0,
Pakistan,93,93,4,dc596fac,6e28e586,2904b4b6,1,0,1,0,
Pakistan,94,94,4,dc596fac,6d76bc23,2904b4b6,1,0,1,0,
Pakistan,95,95,4,2904b4b6,6d76bc23,dc596fac,1,0,1,0,
Pakistan,96,95,5,dc596fac,6d76bc23,2904b4b6,0,0,0,1,caught
Pakistan,97,95,5,2904b4b6,6d76bc23,9714e764,0,0,0,0,
Pakistan,98,96,5,2904b4b6,6d76bc23,9714e764,1,0,1,0,
Pakistan,99,96,5,9714e764,6d76bc23,2904b4b6,0,0,0,0,
Pakistan,100,96,5,2904b4b6,6e28e586,9714e764,0,0,0,0,
Pakistan,101,98,5,2904b4b6,6e28e586,9714e764,2,0,2,0,
Pakistan,102,99,5,2904b4b6,6e28e586,9714e764,1,0,1,0,
Pakistan,103,99,5,9714e764,6e28e586,2904b4b6,0,0,0,0,
Pakistan,104,100,5,9714e764,6e28e586,2904b4b6,1,0,1,0,
Pakistan,105,101,5,2904b4b6,6e28e586,9714e764,1,0,1,0,
Pakistan,106,102,5,2904b4b6,108c4c09,9714e764,1,0,1,0,
Pakistan,107,103,5,9714e764,108c4c09,2904b4b6,1,0,1,0,
Pakistan,108,104,5,2904b4b6,108c4c09,9714e764,1,0,1,0,
Pakistan,109,105,5,9714e764,108c4c09,2904b4b6,1,0,1,0,
Pakistan,110,105,5,2904b4b6,108c4c09,9714e764,0,0,0,0,
Pakistan,111,106,5,2904b4b6,108c4c09,9714e764,1,0,1,0,
Pakistan,112,106,5,2904b4b6,ce85fcaf,9714e764,0,0,0,0,
Pakistan,113,110,5,2904b4b6,ce85fcaf,9714e764,4,0,4,0,
Pakistan,114,111,5,2904b4b6,ce85fcaf,9714e764,1,0,1,0,
Pakistan,115,115,5,9714e764,ce85fcaf,2904b4b6,4,0,4,0,
Pakistan,116,116,5,9714e764,ce85fcaf,2904b4b6,1,0,1,0,
Pakistan,117,116,5,2904b4b6,ce85fcaf,9714e764,0,0,0,0,
Pakistan,118,120,5,9714e764,108c4c09,2904b4b6,4,0,4,0,
Pakistan,119,121,5,9714e764,108c4c09,2904b4b6,1,0,1,0,
Pakistan,120,121,5,2904b4b6,108c4c09,9714e764,0,0,0,0,
Pakistan,121,122,5,2904b4b6,108c4c09,9714e764,1,0,1,0,
Pakistan,122,123,5,9714e764,108c4c09,2904b4b6,1,0,1,0,
Pakistan,123,125,5,2904b4b6,108c4c09,9714e764,2,0,2,0,
South Africa,1,0,0,7b01ce83,b287e7b1,06659caa,0,0,0,0,
South Africa,2,1,0,7b01ce83,b287e7b1,06659caa,1,0,1,0,
South Africa,3,1,0,06659caa,b287e7b1,7b01ce83,0,0,0,0,
South Africa,4,1,0,06659caa,b287e7b1,7b01ce83,0,0,0,0,
South Africa,5,5,0,06659caa,b287e7b1,7b01ce83,4,0,4,0,
South Africa,6,5,0,06659caa,b287e7b1,7b01ce83,0,0,0,0,
South Africa,7,5,0,7b01ce83,2904b4b6,06659caa,0,0,0,0,
South Africa,8,9,0,7b01ce83,2904b4b6,06659caa,4,0,4,0,
South Africa,9,9,0,7b01ce83,2904b4b6,06659caa,0,0,0,0,
South Africa,10,10,0,7b01ce83,2904b4b6,06659caa,1,0,1,0,
South Africa,11,13,0,06659caa,2904b4b6,7b01ce83,3,0,3,0,
South Africa,12,17,0,7b01ce83,2904b4b6,06659caa,4,0,4,0,
South Africa,13,18,0,06659caa,b287e7b1,7b01ce83,1,0,1,0,
South Africa,14,18,0,7b01ce83,b287e7b1,06659caa,0,0,0,0,
South Africa,15,21,0,7b01ce83,b287e7b1,06659caa,0,3,3,0,
South Africa,16,21,0,7b01ce83,b287e7b1,06659caa,0,0,0,0,
South Africa,17,25,0,7b01ce83,b287e7b1,06659caa,4,0,4,0,
South Africa,18,26,0,7b01ce83,b287e7b1,06659caa,0,1,1,0,
South Africa,19,27,0,06659caa,b287e7b1,7b01ce83,1,0,1,0,
South Africa,20,27,0,06659caa,ed840f44,7b01ce83,0,0,0,0,
South Africa,21,27,0,06659caa,ed840f44,7b01ce83,0,0,0,0,
South Africa,22,27,0,06659caa,ed840f44,7b01ce83,0,0,0,0,
South Africa,23,27,0,06659caa,ed840f44,7b01ce83,0,0,0,0,
South Africa,24,27,1,06659caa,ed840f44,7b01ce83,0,0,0,1,caught
South Africa,25,27,1,ea544967,ed840f44,7b01ce83,0,0,0,0,
South Africa,26,28,1,7b01ce83,0b78b7c1,ea544967,1,0,1,0,
South Africa,27,28,1,ea544967,0b78b7c1,7b01ce83,0,0,0,0,
South Africa,28,32,1,ea544967,0b78b7c1,7b01ce83,4,0,4,0,
South Africa,29,36,1,ea544967,0b78b7c1,7b01ce83,4,0,4,0,
South Africa,30,37,1,ea544967,0b78b7c1,7b01ce83,1,0,1,0,
South Africa,31,37,1,7b01ce83,0b78b7c1,ea544967,0,0,0,0,
South Africa,32,38,1,ea544967,ed840f44,7b01ce83,1,0,1,0,
South Africa,33,39,1,7b01ce83,ed840f44,ea544967,1,0,1,0,
South Africa,34,43,1,ea544967,ed840f44,7b01ce83,4,0,4,0,
South Africa,35,43,1,ea544967,ed840f44,7b01ce83,0,0,0,0,
South Africa,36,47,1,ea544967,ed840f44,7b01ce83,4,0,4,0,
South Africa,37,48,1,ea544967,ed840f44,7b01ce83,1,0,1,0,
South Africa,38,50,1,ea544967,9714e764,7b01ce83,0,2,2,0,
South Africa,39,50,1,7b01ce83,9714e764,ea544967,0,0,0,0,
South Africa,40,51,1,7b01ce83,9714e764,ea544967,1,0,1,0,
South Africa,41,51,1,ea544967,9714e764,7b01ce83,0,0,0,0,
South Africa,42,52,1,ea544967,9714e764,7b01ce83,1,0,1,0,
South Africa,43,52,1,7b01ce83,9714e764,ea544967,0,0,0,0,
South Africa,44,53,1,7b01ce83,9714e764,ea544967,1,0,1,0,
South Africa,45,53,1,7b01ce83,ea9c54de,ea544967,0,0,0,0,
South Africa,46,54,1,7b01ce83,ea9c54de,ea544967,1,0,1,0,
South Africa,47,55,1,ea544967,ea9c54de,7b01ce83,1,0,1,0,
South Africa,48,59,1,7b01ce83,ea9c54de,ea544967,4,0,4,0,
South Africa,49,60,1,7b01ce83,ea9c54de,ea544967,1,0,1,0,
South Africa,50,60,1,ea544967,ea9c54de,7b01ce83,0,0,0,0,
South Africa,51,61,1,7b01ce83,9714e764,ea544967,1,0,1,0,
South Africa,52,65,1,ea544967,9714e764,7b01ce83,4,0,4,0,
South Africa,53,66,1,ea544967,9714e764,7b01ce83,1,0,1,0,
South Africa,54,67,1,7b01ce83,9714e764,ea544967,1,0,1,0,
South Africa,55,68,1,ea544967,9714e764,7b01ce83,1,0,1,0,
South Africa,56,69,1,7b01ce83,9714e764,ea544967,1,0,1,0,
South Africa,57,70,1,7b01ce83,b287e7b1,ea544967,1,0,1,0,
South Africa,58,70,1,ea544967,b287e7b1,7b01ce83,0,0,0,0,
South Africa,59,70,1,ea544967,b287e7b1,7b01ce83,0,0,0,0,
South Africa,60,71,1,ea544967,b287e7b1,7b01ce83,1,0,1,0,
South Africa,61,71,1,7b01ce83,b287e7b1,ea544967,0,0,0,0,
South Africa,62,71,1,7b01ce83,b287e7b1,ea544967,0,0,0,0,
South Africa,63,71,1,ea544967,ed840f44,7b01ce83,0,0,0,0,
South Africa,64,72,1,ea544967,ed840f44,7b01ce83,1,0,1,0,
South Africa,65,76,1,7b01ce83,ed840f44,ea544967,4,0,4,0,
South Africa,66,77,1,7b01ce83,ed840f44,ea544967,1,0,1,0,
South Africa,67,77,1,ea544967,ed840f44,7b01ce83,0,0,0,0,
South Africa,68,77,1,ea544967,ed840f44,7b01ce83,0,0,0,0,
South Africa,69,83,1,7b01ce83,ea9c54de,ea544967,6,0,6,0,
South Africa,70,84,1,7b01ce83,ea9c54de,ea544967,1,0,1,0,
South Africa,71,85,1,ea544967,ea9c54de,7b01ce83,1,0,1,0,
South Africa,72,85,1,7b01ce83,ea9c54de,ea544967,0,0,0,0,
South Africa,73,89,1,7b01ce83,ea9c54de,ea544967,4,0,4,0,
South Africa,74,89,1,7b01ce83,ea9c54de,ea544967,0,0,0,0,
South Africa,75,89,1,ea544967,0b78b7c1,7b01ce83,0,0,0,0,
South Africa,76,90,1,ea544967,0b78b7c1,7b01ce83,1,0,1,0,
South Africa,77,90,1,7b01ce83,0b78b7c1,ea544967,0,0,0,0,
South Africa,78,94,1,7b01ce83,0b78b7c1,ea544967,4,0,4,0,
South Africa,79,95,1,7b01ce83,0b78b7c1,ea544967,1,0,1,0,
South Africa,80,95,1,ea544967,0b78b7c1,7b01ce83,0,0,0,0,
South Africa,81,95,1,7b01ce83,b287e7b1,ea544967,0,0,0,0,
South Africa,82,96,1,7b01ce83,b287e7b1,ea544967,1,0,1,0,
South Africa,83,100,1,ea544967,b287e7b1,7b01ce83,4,0,4,0,
South Africa,84,101,1,ea544967,b287e7b1,7b01ce83,1,0,1,0,
South Africa,85,105,1,7b01ce83,b287e7b1,ea544967,4,0,4,0,
South Africa,86,106,1,7b01ce83,b287e7b1,ea544967,1,0,1,0,
South Africa,87,110,1,7b01ce83,2904b4b6,ea544967,4,0,4,0,
South Africa,88,114,1,7b01ce83,2904b4b6,ea544967,4,0,4,0,
South Africa,89,118,1,7b01ce83,2904b4b6,ea544967,4,0,4,0,
South Africa,90,119,1,7b01ce83,2904b4b6,ea544967,1,0,1,0,
South Africa,91,120,1,ea544967,2904b4b6,7b01ce83,1,0,1,0,
South Africa,92,121,1,7b01ce83,2904b4b6,ea544967,1,0,1,0,
South Africa,93,127,1,7b01ce83,ed840f44,ea544967,6,0,6,0,
