batting_team,ball_number,total_team_runs,total_team_wickets,striker_ID,bowler_ID,nonstriker_ID,batter_runs,extras_runs,total_delivery_runs,wicket,wicket_type
Hyderabad (India),1,0,0,e6e9b619,ce820073,70d205c9,0,0,0,0,
Hyderabad (India),2,0,0,e6e9b619,ce820073,70d205c9,0,0,0,0,
Hyderabad (India),3,0,0,e6e9b619,ce820073,70d205c9,0,0,0,0,
Hyderabad (India),4,4,0,e6e9b619,ce820073,70d205c9,4,0,4,0,
Hyderabad (India),5,4,0,e6e9b619,ce820073,70d205c9,0,0,0,0,
Hyderabad (India),6,4,0,e6e9b619,ce820073,70d205c9,0,0,0,0,
Hyderabad (India),7,4,0,70d205c9,dcf81436,e6e9b619,0,0,0,0,
Hyderabad (India),8,8,0,70d205c9,dcf81436,e6e9b619,4,0,4,0,
Hyderabad (India),9,8,0,70d205c9,dcf81436,e6e9b619,0,0,0,0,
Hyderabad (India),10,8,0,70d205c9,dcf81436,e6e9b619,0,0,0,0,
Hyderabad (India),11,10,0,70d205c9,dcf81436,e6e9b619,2,0,2,0,
Hyderabad (India),12,14,0,70d205c9,dcf81436,e6e9b619,4,0,4,0,
Hyderabad (India),13,15,0,e6e9b619,ce820073,70d205c9,1,0,1,0,
Hyderabad (India),14,15,0,70d205c9,ce820073,e6e9b619,0,0,0,0,
Hyderabad (India),15,15,0,70d205c9,ce820073,e6e9b619,0,0,0,0,
Hyderabad (India),16,16,0,70d205c9,ce820073,e6e9b619,1,0,1,0,
Hyderabad (India),17,16,0,e6e9b619,ce820073,70d205c9,0,0,0,0,
Hyderabad (India),18,17,0,e6e9b619,ce820073,70d205c9,1,0,1,0,
Hyderabad (India),19,18,0,e6e9b619,339bda40,70d205c9,1,0,1,0,
Hyderabad (India),20,19,0,70d205c9,339bda40,e6e9b619,1,0,1,0,
Hyderabad (India),21,23,0,e6e9b619,339bda40,70d205c9,4,0,4,0,
Hyderabad (India),22,23,0,e6e9b619,339bda40,70d205c9,0,0,0,0,
Hyderabad (India),23,23,0,e6e9b619,339bda40,70d205c9,0,0,0,0,
Hyderabad (India),24,23,0,e6e9b619,339bda40,70d205c9,0,0,0,0,
Hyderabad (India),25,23,0,70d205c9,dcf81436,e6e9b619,0,0,0,0,
Hyderabad (India),26,25,0,70d205c9,dcf81436,e6e9b619,2,0,2,0,
Hyderabad (India),27,26,0,70d205c9,dcf81436,e6e9b619,1,0,1,0,
Hyderabad (India),28,27,0,e6e9b619,dcf81436,70d205c9,1,0,1,0,
Hyderabad (India),29,27,0,70d205c9,dcf81436,e6e9b619,0,0,0,0,
Hyderabad (India),30,33,0,70d205c9,dcf81436,e6e9b619,6,0,6,0,
Hyderabad (India),31,33,0,e6e9b619,a9fd84fb,70d205c9,0,0,0,0,
Hyderabad (India),32,33,0,e6e9b619,a9fd84fb,70d205c9,0,0,0,0,
Hyderabad (India),33,34,0,e6e9b619,a9fd84fb,70d205c9,1,0,1,0,
Hyderabad (India),34,35,0,70d205c9,a9fd84fb,e6e9b619,1,0,1,0,
Hyderabad (India),35,36,0,e6e9b619,a9fd84fb,70d205c9,1,0,1,0,
Hyderabad (India),36,40,0,70d205c9,a9fd84fb,e6e9b619,4,0,4,0,
Hyderabad (India),37,44,0,e6e9b619,1f84183a,70d205c9,4,0,4,0,
Hyderabad (India),38,44,0,e6e9b619,1f84183a,70d205c9,0,0,0,0,
Hyderabad (India),39,45,0,e6e9b619,1f84183a,70d205c9,0,1,1,0,
Hyderabad (India),40,46,0,e6e9b619,1f84183a,70d205c9,1,0,1,0,
Hyderabad (India),41,47,0,70d205c9,1f84183a,e6e9b619,1,0,1,0,
Hyderabad (India),42,47,0,e6e9b619,1f84183a,70d205c9,0,0,0,0,
Hyderabad (India),43,48,0,e6e9b619,1f84183a,70d205c9,1,0,1,0,
Hyderabad (India),44,49,0,e6e9b619,a9fd84fb,70d205c9,1,0,1,0,
Hyderabad (India),45,49,0,70d205c9,a9fd84fb,e6e9b619,0,0,0,0,
Hyderabad (India),46,51,0,70d205c9,a9fd84fb,e6e9b619,2,0,2,0,
Hyderabad (India),47,52,0,70d205c9,a9fd84fb,e6e9b619,1,0,1,0,
Hyderabad (India),48,53,0,e6e9b619,a9fd84fb,70d205c9,0,1,1,0,
Hyderabad (India),49,55,0,e6e9b619,a9fd84fb,70d205c9,2,0,2,0,
Hyderabad (India),50,56,0,e6e9b619,a9fd84fb,70d205c9,1,0,1,0,
Hyderabad (India),51,57,0,e6e9b619,1f84183a,70d205c9,1,0,1,0,
Hyderabad (India),52,57,0,70d205c9,1f84183a,e6e9b619,0,0,0,0,
Hyderabad (India),53,61,0,70d205c9,1f84183a,e6e9b619,4,0,4,0,
Hyderabad (India),54,61,0,70d205c9,1f84183a,e6e9b619,0,0,0,0,
Hyderabad (India),55,61,1,70d205c9,1f84183a,e6e9b619,0,0,0,1,caught
Hyderabad (India),56,61,1,2461eef2,1f84183a,e6e9b619,0,0,0,0,
Hyderabad (India),57,61,1,e6e9b619,339bda40,2461eef2,0,0,0,0,
Hyderabad (India),58,61,1,e6e9b619,339bda40,2461eef2,0,0,0,0,
Hyderabad (India),59,62,1,e6e9b619,339bda40,2461eef2,1,0,1,0,
Hyderabad (India),60,62,1,2461eef2,339bda40,e6e9b619,0,0,0,0,
Hyderabad (India),61,63,1,2461eef2,339bda40,e6e9b619,1,0,1,0,
Hyderabad (India),62,63,1,e6e9b619,339bda40,2461eef2,0,0,0,0,
Hyderabad (India),63,65,1,2461eef2,1f84183a,e6e9b619,2,0,2,0,
Hyderabad (India),64,69,1,2461eef2,1f84183a,e6e9b619,4,0,4,0,
Hyderabad (India),65,70,1,2461eef2,1f84183a,e6e9b619,1,0,1,0,
Hyderabad (India),66,70,1,e6e9b619,1f84183a,2461eef2,0,0,0,0,
Hyderabad (India),67,71,1,e6e9b619,1f84183a,2461eef2,1,0,1,0,
Hyderabad (India),68,71,1,2461eef2,1f84183a,e6e9b619,0,0,0,0,
Hyderabad (India),69,72,1,e6e9b619,339bda40,2461eef2,1,0,1,0,
Hyderabad (India),70,73,1,2461eef2,339bda40,e6e9b619,1,0,1,0,
Hyderabad (India),71,74,1,e6e9b619,339bda40,2461eef2,1,0,1,0,
Hyderabad (India),72,80,1,2461eef2,339bda40,e6e9b619,6,0,6,0,
Hyderabad (India),73,81,1,2461eef2,339bda40,e6e9b619,0,1,1,0,
Hyderabad (India),74,83,1,e6e9b619,339bda40,2461eef2,2,0,2,0,
Hyderabad (India),75,83,1,2461eef2,1f84183a,e6e9b619,0,0,0,0,
Hyderabad (India),76,84,1,2461eef2,1f84183a,e6e9b619,1,0,1,0,
Hyderabad (India),77,86,1,e6e9b619,1f84183a,2461eef2,2,0,2,0,
Hyderabad (India),78,87,1,e6e9b619,1f84183a,2461eef2,1,0,1,0,
Hyderabad (India),79,88,1,2461eef2,1f84183a,e6e9b619,1,0,1,0,
Hyderabad (India),80,89,1,e6e9b619,1f84183a,2461eef2,1,0,1,0,
Hyderabad (India),81,91,1,e6e9b619,a9fd84fb,2461eef2,2,0,2,0,
Hyderabad (India),82,92,1,e6e9b619,a9fd84fb,2461eef2,1,0,1,0,
Hyderabad (India),83,93,1,2461eef2,a9fd84fb,e6e9b619,1,0,1,0,
Hyderabad (India),84,94,1,e6e9b619,a9fd84fb,2461eef2,1,0,1,0,
Hyderabad (India),85,95,1,2461eef2,a9fd84fb,e6e9b619,1,0,1,0,
Hyderabad (India),86,97,1,e6e9b619,a9fd84fb,2461eef2,2,0,2,0,
Hyderabad (India),87,98,1,2461eef2,ce820073,e6e9b619,1,0,1,0,
Hyderabad (India),88,99,1,e6e9b619,ce820073,2461eef2,1,0,1,0,
Hyderabad (India),89,100,1,2461eef2,ce820073,e6e9b619,1,0,1,0,
Hyderabad (India),90,100,2,e6e9b619,ce820073,2461eef2,0,0,0,1,bowled
Hyderabad (India),91,100,2,bc67cc22,ce820073,2461eef2,0,0,0,0,
Hyderabad (India),92,100,2,bc67cc22,ce820073,2461eef2,0,0,0,0,
Hyderabad (India),93,101,2,2461eef2,a9fd84fb,bc67cc22,1,0,1,0,
Hyderabad (India),94,107,2,bc67cc22,a9fd84fb,2461eef2,6,0,6,0,
Hyderabad (India),95,109,2,bc67cc22,a9fd84fb,2461eef2,2,0,2,0,
Hyderabad (India),96,109,2,bc67cc22,a9fd84fb,2461eef2,0,0,0,0,
Hyderabad (India),97,109,2,bc67cc22,a9fd84fb,2461eef2,0,0,0,0,
Hyderabad (India),98,110,2,bc67cc22,a9fd84fb,2461eef2,1,0,1,0,
Hyderabad (India),99,111,2,bc67cc22,dcf81436,2461eef2,1,0,1,0,
Hyderabad (India),100,111,2,2461eef2,dcf81436,bc67cc22,0,0,0,0,
Hyderabad (India),101,115,2,2461eef2,dcf81436,bc67cc22,4,0,4,0,
Hyderabad (India),102,121,2,2461eef2,dcf81436,bc67cc22,6,0,6,0,
Hyderabad (India),103,123,2,2461eef2,dcf81436,bc67cc22,2,0,2,0,
Hyderabad (India),104,129,2,2461eef2,dcf81436,bc67cc22,6,0,6,0,
Hyderabad (India),105,130,2,bc67cc22,339bda40,2461eef2,1,0,1,0,
Hyderabad (India),106,136,2,2461eef2,339bda40,bc67cc22,6,0,6,0,
Hyderabad (India),107,136,2,2461eef2,339bda40,bc67cc22,0,0,0,0,
Hyderabad (India),108,137,2,2461eef2,339bda40,bc67cc22,1,0,1,0,
Hyderabad (India),109,141,2,bc67cc22,339bda40,2461eef2,4,0,4,0,
Hyderabad (India),110,142,2,bc67cc22,339bda40,2461eef2,1,0,1,0,
Hyderabad (India),111,143,2,bc67cc22,ce820073,2461eef2,1,0,1,0,
Hyderabad (India),112,143,3,2461eef2,ce820073,bc67cc22,0,0,0,1,caught
Hyderabad (India),113,144,3,bc67cc22,ce820073,b0482a1d,0,1,1,0,
Hyderabad (India),114,144,3,b0482a1d,ce820073,bc67cc22,0,0,0,0,
Hyderabad (India),115,144,3,b0482a1d,ce820073,bc67cc22,0,0,0,0,
Hyderabad (India),116,144,4,b0482a1d,ce820073,bc67cc22,0,0,0,1,bowled
Hyderabad (India),117,145,4,bc67cc22,dcf81436,5f39537c,1,0,1,0,
Hyderabad (India),118,146,4,5f39537c,dcf81436,bc67cc22,1,0,1,0,
Hyderabad (India),119,146,5,bc67cc22,dcf81436,5f39537c,0,0,0,1,bowled
Hyderabad (India),120,146,6,8e48d9a3,dcf81436,5f39537c,0,0,0,1,bowled
Hyderabad (India),121,149,6,c2ce55cb,dcf81436,5f39537c,3,0,3,0,
Hyderabad (India),122,149,7,5f39537c,dcf81436,c2ce55cb,0,0,0,1,caught
Punjab,1,0,0,b4b99816,2f49c897,9418198b,0,0,0,0,
Punjab,2,1,0,b4b99816,2f49c897,9418198b,0,1,1,0,
Punjab,3,1,0,b4b99816,2f49c897,9418198b,0,0,0,0,
Punjab,4,1,0,b4b99816,2f49c897,9418198b,0,0,0,0,
Punjab,5,5,0,b4b99816,2f49c897,9418198b,4,0,4,0,
Punjab,6,5,0,b4b99816,2f49c897,9418198b,0,0,0,0,
Punjab,7,5,0,b4b99816,2f49c897,9418198b,0,0,0,0,
Punjab,8,6,0,9418198b,7b5b6311,b4b99816,1,0,1,0,
Punjab,9,6,0,b4b99816,7b5b6311,9418198b,0,0,0,0,
Punjab,10,7,0,b4b99816,7b5b6311,9418198b,1,0,1,0,
Punjab,11,8,0,9418198b,7b5b6311,b4b99816,1,0,1,0,
Punjab,12,8,0,b4b99816,7b5b6311,9418198b,0,0,0,0,
Punjab,13,9,0,b4b99816,7b5b6311,9418198b,1,0,1,0,
Punjab,14,9,0,b4b99816,2f49c897,9418198b,0,0,0,0,
Punjab,15,15,0,b4b99816,2f49c897,9418198b,6,0,6,0,
Punjab,16,19,0,b4b99816,2f49c897,9418198b,4,0,4,0,
Punjab,17,20,0,b4b99816,2f49c897,9418198b,1,0,1,0,
Punjab,18,20,0,9418198b,2f49c897,b4b99816,0,0,0,0,
Punjab,19,21,0,9418198b,2f49c897,b4b99816,1,0,1,0,
Punjab,20,21,0,9418198b,5f39537c,b4b99816,0,0,0,0,
Punjab,21,21,0,9418198b,5f39537c,b4b99816,0,0,0,0,
Punjab,22,22,0,9418198b,5f39537c,b4b99816,1,0,1,0,
Punjab,23,24,0,b4b99816,5f39537c,9418198b,2,0,2,0,
Punjab,24,25,0,b4b99816,5f39537c,9418198b,1,0,1,0,
Punjab,25,25,0,9418198b,5f39537c,b4b99816,0,0,0,0,
Punjab,26,25,0,b4b99816,5876c626,9418198b,0,0,0,0,
Punjab,27,26,0,b4b99816,5876c626,9418198b,1,0,1,0,
Punjab,28,26,0,9418198b,5876c626,b4b99816,0,0,0,0,
Punjab,29,26,0,9418198b,5876c626,b4b99816,0,0,0,0,
Punjab,30,27,0,9418198b,5876c626,b4b99816,1,0,1,0,
Punjab,31,27,0,b4b99816,5876c626,9418198b,0,0,0,0,
Punjab,32,28,0,9418198b,5f39537c,b4b99816,1,0,1,0,
Punjab,33,29,0,b4b99816,5f39537c,9418198b,1,0,1,0,
Punjab,34,33,0,9418198b,5f39537c,b4b99816,4,0,4,0,
Punjab,35,33,1,9418198b,5f39537c,b4b99816,0,0,0,1,caught
Punjab,36,33,1,1399b39c,5f39537c,b4b99816,0,0,0,0,
Punjab,37,35,1,1399b39c,5f39537c,b4b99816,2,0,2,0,
Punjab,38,35,1,b4b99816,5876c626,1399b39c,0,0,0,0,
Punjab,39,35,1,b4b99816,5876c626,1399b39c,0,0,0,0,
Punjab,40,35,1,b4b99816,5876c626,1399b39c,0,0,0,0,
Punjab,41,35,1,b4b99816,5876c626,1399b39c,0,0,0,0,
Punjab,42,35,1,b4b99816,5876c626,1399b39c,0,0,0,0,
Punjab,43,36,1,b4b99816,5876c626,1399b39c,1,0,1,0,
Punjab,44,36,1,b4b99816,5f39537c,1399b39c,0,0,0,0,
Punjab,45,40,1,b4b99816,5f39537c,1399b39c,4,0,4,0,
Punjab,46,44,1,b4b99816,5f39537c,1399b39c,4,0,4,0,
Punjab,47,44,1,b4b99816,5f39537c,1399b39c,0,0,0,0,
Punjab,48,44,1,b4b99816,5f39537c,1399b39c,0,0,0,0,
Punjab,49,46,1,b4b99816,5f39537c,1399b39c,2,0,2,0,
Punjab,50,47,1,1399b39c,5876c626,b4b99816,1,0,1,0,
Punjab,51,53,1,b4b99816,5876c626,1399b39c,6,0,6,0,
Punjab,52,54,1,b4b99816,5876c626,1399b39c,1,0,1,0,
Punjab,53,54,1,1399b39c,5876c626,b4b99816,0,0,0,0,
Punjab,54,54,2,1399b39c,5876c626,b4b99816,0,0,0,1,caught
Punjab,55,54,2,6eb146d2,5876c626,b4b99816,0,0,0,0,
Punjab,56,55,2,b4b99816,c2ce55cb,6eb146d2,1,0,1,0,
Punjab,57,59,2,6eb146d2,c2ce55cb,b4b99816,4,0,4,0,
Punjab,58,59,2,6eb146d2,c2ce55cb,b4b99816,0,0,0,0,
Punjab,59,59,2,6eb146d2,c2ce55cb,b4b99816,0,0,0,0,
Punjab,60,59,2,6eb146d2,c2ce55cb,b4b99816,0,0,0,0,
Punjab,61,60,2,6eb146d2,c2ce55cb,b4b99816,0,1,1,0,
Punjab,62,61,2,6eb146d2,bc67cc22,b4b99816,1,0,1,0,
Punjab,63,62,2,b4b99816,bc67cc22,6eb146d2,1,0,1,0,
Punjab,64,64,2,6eb146d2,bc67cc22,b4b99816,2,0,2,0,
Punjab,65,68,2,6eb146d2,bc67cc22,b4b99816,4,0,4,0,
Punjab,66,69,2,6eb146d2,bc67cc22,b4b99816,1,0,1,0,
Punjab,67,70,2,b4b99816,bc67cc22,6eb146d2,1,0,1,0,
Punjab,68,72,2,b4b99816,c2ce55cb,6eb146d2,2,0,2,0,
Punjab,69,73,2,b4b99816,c2ce55cb,6eb146d2,1,0,1,0,
Punjab,70,74,2,6eb146d2,c2ce55cb,b4b99816,1,0,1,0,
Punjab,71,75,2,b4b99816,c2ce55cb,6eb146d2,1,0,1,0,
Punjab,72,76,2,6eb146d2,c2ce55cb,b4b99816,1,0,1,0,
Punjab,73,77,2,b4b99816,c2ce55cb,6eb146d2,1,0,1,0,
Punjab,74,77,3,b4b99816,7b5b6311,6eb146d2,0,0,0,1,caught
Punjab,75,78,3,6eb146d2,7b5b6311,c3a96caf,1,0,1,0,
Punjab,76,84,3,c3a96caf,7b5b6311,6eb146d2,6,0,6,0,
Punjab,77,85,3,c3a96caf,7b5b6311,6eb146d2,1,0,1,0,
Punjab,78,86,3,6eb146d2,7b5b6311,c3a96caf,0,1,1,0,
Punjab,79,87,3,c3a96caf,7b5b6311,6eb146d2,1,0,1,0,
Punjab,80,93,3,c3a96caf,2f49c897,6eb146d2,6,0,6,0,
Punjab,81,94,3,c3a96caf,2f49c897,6eb146d2,1,0,1,0,
Punjab,82,95,3,6eb146d2,2f49c897,c3a96caf,0,1,1,0,
Punjab,83,96,3,c3a96caf,2f49c897,6eb146d2,1,0,1,0,
Punjab,84,97,3,6eb146d2,2f49c897,c3a96caf,1,0,1,0,
Punjab,85,97,4,c3a96caf,2f49c897,6eb146d2,0,0,0,1,caught
