batting_team,ball_number,total_team_runs,total_team_wickets,striker_ID,bowler_ID,nonstriker_ID,batter_runs,extras_runs,total_delivery_runs,wicket,wicket_type
Sydney Thunder,1,0,0,331ea488,a90e53ec,92aeac25,0,0,0,0,
Sydney Thunder,2,0,0,331ea488,a90e53ec,92aeac25,0,0,0,0,
Sydney Thunder,3,0,0,331ea488,a90e53ec,92aeac25,0,0,0,0,
Sydney Thunder,4,1,0,331ea488,a90e53ec,92aeac25,1,0,1,0,
Sydney Thunder,5,2,0,92aeac25,a90e53ec,331ea488,1,0,1,0,
Sydney Thunder,6,3,0,331ea488,a90e53ec,92aeac25,1,0,1,0,
Sydney Thunder,7,3,0,331ea488,6834d1f2,92aeac25,0,0,0,0,
Sydney Thunder,8,3,0,331ea488,6834d1f2,92aeac25,0,0,0,0,
Sydney Thunder,9,3,0,331ea488,6834d1f2,92aeac25,0,0,0,0,
Sydney Thunder,10,3,0,331ea488,6834d1f2,92aeac25,0,0,0,0,
Sydney Thunder,11,3,0,331ea488,6834d1f2,92aeac25,0,0,0,0,
Sydney Thunder,12,7,0,331ea488,6834d1f2,92aeac25,4,0,4,0,
Sydney Thunder,13,8,0,92aeac25,bd93fea4,331ea488,1,0,1,0,
Sydney Thunder,14,12,0,331ea488,bd93fea4,92aeac25,4,0,4,0,
Sydney Thunder,15,16,0,331ea488,bd93fea4,92aeac25,4,0,4,0,
Sydney Thunder,16,16,0,331ea488,bd93fea4,92aeac25,0,0,0,0,
Sydney Thunder,17,17,0,331ea488,bd93fea4,92aeac25,1,0,1,0,
Sydney Thunder,18,18,0,92aeac25,bd93fea4,331ea488,1,0,1,0,
Sydney Thunder,19,19,0,92aeac25,6834d1f2,331ea488,1,0,1,0,
Sydney Thunder,20,26,0,331ea488,6834d1f2,92aeac25,6,1,7,0,
Sydney Thunder,21,30,0,331ea488,6834d1f2,92aeac25,4,0,4,0,
Sydney Thunder,22,30,0,331ea488,6834d1f2,92aeac25,0,0,0,0,
Sydney Thunder,23,30,0,331ea488,6834d1f2,92aeac25,0,0,0,0,
Sydney Thunder,24,31,0,331ea488,6834d1f2,92aeac25,1,0,1,0,
Sydney Thunder,25,31,1,92aeac25,6834d1f2,331ea488,0,0,0,1,bowled
Sydney Thunder,26,35,1,331ea488,15de1f5d,9b4935c8,4,0,4,0,
Sydney Thunder,27,36,1,331ea488,15de1f5d,9b4935c8,1,0,1,0,
Sydney Thunder,28,40,1,9b4935c8,15de1f5d,331ea488,4,0,4,0,
Sydney Thunder,29,42,1,9b4935c8,15de1f5d,331ea488,2,0,2,0,
Sydney Thunder,30,43,1,9b4935c8,15de1f5d,331ea488,1,0,1,0,
Sydney Thunder,31,45,1,331ea488,15de1f5d,9b4935c8,2,0,2,0,
Sydney Thunder,32,46,1,9b4935c8,5f547c8b,331ea488,1,0,1,0,
Sydney Thunder,33,47,1,331ea488,5f547c8b,9b4935c8,1,0,1,0,
Sydney Thunder,34,48,1,9b4935c8,5f547c8b,331ea488,1,0,1,0,
Sydney Thunder,35,50,1,331ea488,5f547c8b,9b4935c8,2,0,2,0,
Sydney Thunder,36,52,1,331ea488,5f547c8b,9b4935c8,2,0,2,0,
Sydney Thunder,37,52,1,331ea488,5f547c8b,9b4935c8,0,0,0,0,
Sydney Thunder,38,52,1,9b4935c8,a90e53ec,331ea488,0,0,0,0,
Sydney Thunder,39,53,1,9b4935c8,a90e53ec,331ea488,1,0,1,0,
Sydney Thunder,40,57,1,331ea488,a90e53ec,9b4935c8,4,0,4,0,
Sydney Thunder,41,58,1,331ea488,a90e53ec,9b4935c8,1,0,1,0,
Sydney Thunder,42,59,1,9b4935c8,a90e53ec,331ea488,1,0,1,0,
Sydney Thunder,43,60,1,331ea488,a90e53ec,9b4935c8,1,0,1,0,
Sydney Thunder,44,60,1,331ea488,6834d1f2,9b4935c8,0,0,0,0,
Sydney Thunder,45,61,1,331ea488,6834d1f2,9b4935c8,1,0,1,0,
Sydney Thunder,46,62,1,9b4935c8,6834d1f2,331ea488,1,0,1,0,
Sydney Thunder,47,63,1,331ea488,6834d1f2,9b4935c8,0,1,1,0,
Sydney Thunder,48,64,1,331ea488,6834d1f2,9b4935c8,1,0,1,0,
Sydney Thunder,49,64,1,9b4935c8,6834d1f2,331ea488,0,0,0,0,
Sydney Thunder,50,66,1,9b4935c8,6834d1f2,331ea488,2,0,2,0,
Sydney Thunder,51,66,1,331ea488,137e7065,9b4935c8,0,0,0,0,
Sydney Thunder,52,67,1,331ea488,137e7065,9b4935c8,1,0,1,0,
Sydney Thunder,53,68,1,9b4935c8,137e7065,331ea488,1,0,1,0,
Sydney Thunder,54,70,1,331ea488,137e7065,9b4935c8,2,0,2,0,
Sydney Thunder,55,71,1,331ea488,137e7065,9b4935c8,1,0,1,0,
Sydney Thunder,56,72,1,9b4935c8,137e7065,331ea488,1,0,1,0,
Sydney Thunder,57,73,1,9b4935c8,5f547c8b,331ea488,1,0,1,0,
Sydney Thunder,58,74,1,331ea488,5f547c8b,9b4935c8,1,0,1,0,
Sydney Thunder,59,75,1,9b4935c8,5f547c8b,331ea488,1,0,1,0,
Sydney Thunder,60,76,1,331ea488,5f547c8b,9b4935c8,1,0,1,0,
Sydney Thunder,61,76,1,9b4935c8,5f547c8b,331ea488,0,0,0,0,
Sydney Thunder,62,77,1,9b4935c8,5f547c8b,331ea488,1,0,1,0,
Sydney Thunder,63,78,1,9b4935c8,137e7065,331ea488,1,0,1,0,
Sydney Thunder,64,80,1,331ea488,137e7065,9b4935c8,2,0,2,0,
Sydney Thunder,65,80,1,331ea488,137e7065,9b4935c8,0,0,0,0,
Sydney Thunder,66,82,1,331ea488,137e7065,9b4935c8,2,0,2,0,
Sydney Thunder,67,83,1,331ea488,137e7065,9b4935c8,1,0,1,0,
Sydney Thunder,68,84,1,9b4935c8,137e7065,331ea488,0,1,1,0,
Sydney Thunder,69,85,1,9b4935c8,137e7065,331ea488,1,0,1,0,
Sydney Thunder,70,85,1,9b4935c8,6834d1f2,331ea488,0,0,0,0,
Sydney Thunder,71,85,1,9b4935c8,6834d1f2,331ea488,0,0,0,0,
Sydney Thunder,72,86,1,9b4935c8,6834d1f2,331ea488,1,0,1,0,
Sydney Thunder,73,87,1,331ea488,6834d1f2,9b4935c8,1,0,1,0,
Sydney Thunder,74,88,1,9b4935c8,6834d1f2,331ea488,1,0,1,0,
Sydney Thunder,75,89,1,331ea488,6834d1f2,9b4935c8,1,0,1,0,
Sydney Thunder,76,90,1,331ea488,137e7065,9b4935c8,1,0,1,0,
Sydney Thunder,77,91,1,9b4935c8,137e7065,331ea488,1,0,1,0,
Sydney Thunder,78,92,1,331ea488,137e7065,9b4935c8,1,0,1,0,
Sydney Thunder,79,96,1,9b4935c8,137e7065,331ea488,4,0,4,0,
Sydney Thunder,80,97,1,9b4935c8,137e7065,331ea488,1,0,1,0,
Sydney Thunder,81,98,1,331ea488,137e7065,9b4935c8,1,0,1,0,
Sydney Thunder,82,99,1,331ea488,bd93fea4,9b4935c8,1,0,1,0,
Sydney Thunder,83,103,1,9b4935c8,bd93fea4,331ea488,4,0,4,0,
Sydney Thunder,84,104,1,9b4935c8,bd93fea4,331ea488,1,0,1,0,
Sydney Thunder,85,104,2,331ea488,bd93fea4,9b4935c8,0,0,0,1,run out
Sydney Thunder,86,105,2,9b4935c8,bd93fea4,fb0d68b4,1,0,1,0,
Sydney Thunder,87,106,2,fb0d68b4,bd93fea4,9b4935c8,1,0,1,0,
Sydney Thunder,88,107,2,fb0d68b4,15de1f5d,9b4935c8,1,0,1,0,
Sydney Thunder,89,109,2,9b4935c8,15de1f5d,fb0d68b4,2,0,2,0,
Sydney Thunder,90,110,2,9b4935c8,15de1f5d,fb0d68b4,1,0,1,0,
Sydney Thunder,91,111,2,fb0d68b4,15de1f5d,9b4935c8,1,0,1,0,
Sydney Thunder,92,111,2,9b4935c8,15de1f5d,fb0d68b4,0,0,0,0,
Sydney Thunder,93,112,2,9b4935c8,15de1f5d,fb0d68b4,1,0,1,0,
Sydney Thunder,94,113,2,9b4935c8,bd93fea4,fb0d68b4,1,0,1,0,
Sydney Thunder,95,113,2,fb0d68b4,bd93fea4,9b4935c8,0,0,0,0,
Sydney Thunder,96,114,2,fb0d68b4,bd93fea4,9b4935c8,1,0,1,0,
Sydney Thunder,97,115,2,9b4935c8,bd93fea4,fb0d68b4,1,0,1,0,
Sydney Thunder,98,116,2,fb0d68b4,bd93fea4,9b4935c8,1,0,1,0,
Sydney Thunder,99,120,2,9b4935c8,bd93fea4,fb0d68b4,4,0,4,0,
Sydney Thunder,100,121,2,fb0d68b4,5f547c8b,9b4935c8,1,0,1,0,
Sydney Thunder,101,122,2,9b4935c8,5f547c8b,fb0d68b4,1,0,1,0,
Sydney Thunder,102,126,2,fb0d68b4,5f547c8b,9b4935c8,4,0,4,0,
Sydney Thunder,103,127,2,fb0d68b4,5f547c8b,9b4935c8,0,1,1,0,
Sydney Thunder,104,128,2,fb0d68b4,5f547c8b,9b4935c8,1,0,1,0,
Sydney Thunder,105,132,2,9b4935c8,5f547c8b,fb0d68b4,4,0,4,0,
Sydney Thunder,106,133,2,9b4935c8,5f547c8b,fb0d68b4,1,0,1,0,
Sydney Thunder,107,134,2,9b4935c8,15de1f5d,fb0d68b4,1,0,1,0,
Sydney Thunder,108,135,2,fb0d68b4,15de1f5d,9b4935c8,1,0,1,0,
Sydney Thunder,109,139,2,9b4935c8,15de1f5d,fb0d68b4,4,0,4,0,
Sydney Thunder,110,140,2,9b4935c8,15de1f5d,fb0d68b4,1,0,1,0,
Sydney Thunder,111,142,2,fb0d68b4,15de1f5d,9b4935c8,2,0,2,0,
Sydney Thunder,112,146,2,fb0d68b4,15de1f5d,9b4935c8,4,0,4,0,
Sydney Thunder,113,150,2,9b4935c8,5f547c8b,fb0d68b4,4,0,4,0,
Sydney Thunder,114,157,2,9b4935c8,5f547c8b,fb0d68b4,6,1,7,0,
Sydney Thunder,115,163,2,9b4935c8,5f547c8b,fb0d68b4,6,0,6,0,
Sydney Thunder,116,163,3,9b4935c8,5f547c8b,fb0d68b4,0,0,0,1,caught
Sydney Thunder,117,163,3,fb0d68b4,5f547c8b,fb66ce1f,0,0,0,0,
Sydney Thunder,118,164,3,fb0d68b4,5f547c8b,fb66ce1f,1,0,1,0,
Sydney Thunder,119,165,3,fb66ce1f,5f547c8b,fb0d68b4,1,0,1,0,
Sydney Thunder,120,166,3,fb66ce1f,bd93fea4,fb0d68b4,1,0,1,0,
Sydney Thunder,121,166,4,fb0d68b4,bd93fea4,fb66ce1f,0,0,0,1,bowled
Sydney Thunder,122,166,4,caf69bf7,bd93fea4,fb66ce1f,0,0,0,0,
Sydney Thunder,123,166,5,caf69bf7,bd93fea4,fb66ce1f,0,0,0,1,lbw
Sydney Thunder,124,166,5,19b9f399,bd93fea4,fb66ce1f,0,0,0,0,
Sydney Thunder,125,168,5,19b9f399,bd93fea4,fb66ce1f,2,0,2,0,
Adelaide Strikers,1,0,0,edc7ddb6,19b9f399,3d284ca3,0,0,0,0,
Adelaide Strikers,2,1,0,edc7ddb6,19b9f399,3d284ca3,1,0,1,0,
Adelaide Strikers,3,1,0,3d284ca3,19b9f399,edc7ddb6,0,0,0,0,
Adelaide Strikers,4,1,0,3d284ca3,19b9f399,edc7ddb6,0,0,0,0,
Adelaide Strikers,5,1,0,3d284ca3,19b9f399,edc7ddb6,0,0,0,0,
Adelaide Strikers,6,1,0,3d284ca3,19b9f399,edc7ddb6,0,0,0,0,
Adelaide Strikers,7,1,0,edc7ddb6,caf69bf7,3d284ca3,0,0,0,0,
Adelaide Strikers,8,2,0,edc7ddb6,caf69bf7,3d284ca3,1,0,1,0,
Adelaide Strikers,9,2,0,3d284ca3,caf69bf7,edc7ddb6,0,0,0,0,
Adelaide Strikers,10,2,1,3d284ca3,caf69bf7,edc7ddb6,0,0,0,1,caught
Adelaide Strikers,11,3,1,edc7ddb6,caf69bf7,a90e53ec,0,1,1,0,
Adelaide Strikers,12,4,1,edc7ddb6,caf69bf7,a90e53ec,1,0,1,0,
Adelaide Strikers,13,5,1,a90e53ec,caf69bf7,edc7ddb6,1,0,1,0,
Adelaide Strikers,14,9,1,a90e53ec,45f56920,edc7ddb6,4,0,4,0,
Adelaide Strikers,15,9,1,a90e53ec,45f56920,edc7ddb6,0,0,0,0,
Adelaide Strikers,16,10,1,a90e53ec,45f56920,edc7ddb6,1,0,1,0,
Adelaide Strikers,17,11,1,edc7ddb6,45f56920,a90e53ec,1,0,1,0,
Adelaide Strikers,18,11,2,a90e53ec,45f56920,edc7ddb6,0,0,0,1,caught
Adelaide Strikers,19,11,2,69d03465,45f56920,edc7ddb6,0,0,0,0,
Adelaide Strikers,20,12,2,edc7ddb6,19b9f399,69d03465,1,0,1,0,
Adelaide Strikers,21,14,2,69d03465,19b9f399,edc7ddb6,2,0,2,0,
Adelaide Strikers,22,18,2,69d03465,19b9f399,edc7ddb6,4,0,4,0,
Adelaide Strikers,23,18,2,69d03465,19b9f399,edc7ddb6,0,0,0,0,
Adelaide Strikers,24,19,2,69d03465,19b9f399,edc7ddb6,1,0,1,0,
Adelaide Strikers,25,19,2,edc7ddb6,19b9f399,69d03465,0,0,0,0,
Adelaide Strikers,26,20,2,69d03465,38c276e1,edc7ddb6,1,0,1,0,
Adelaide Strikers,27,20,2,edc7ddb6,38c276e1,69d03465,0,0,0,0,
Adelaide Strikers,28,21,2,edc7ddb6,38c276e1,69d03465,1,0,1,0,
Adelaide Strikers,29,22,2,69d03465,38c276e1,edc7ddb6,1,0,1,0,
Adelaide Strikers,30,26,2,edc7ddb6,38c276e1,69d03465,4,0,4,0,
Adelaide Strikers,31,26,2,edc7ddb6,38c276e1,69d03465,0,0,0,0,
Adelaide Strikers,32,32,2,69d03465,fb66ce1f,edc7ddb6,6,0,6,0,
Adelaide Strikers,33,36,2,69d03465,fb66ce1f,edc7ddb6,4,0,4,0,
Adelaide Strikers,34,36,2,69d03465,fb66ce1f,edc7ddb6,0,0,0,0,
Adelaide Strikers,35,36,3,69d03465,fb66ce1f,edc7ddb6,0,0,0,1,caught
Adelaide Strikers,36,37,3,8bdac857,fb66ce1f,edc7ddb6,1,0,1,0,
Adelaide Strikers,37,38,3,edc7ddb6,fb66ce1f,8bdac857,1,0,1,0,
Adelaide Strikers,38,39,3,edc7ddb6,4ba2c04d,8bdac857,1,0,1,0,
Adelaide Strikers,39,40,3,8bdac857,4ba2c04d,edc7ddb6,1,0,1,0,
Adelaide Strikers,40,41,3,edc7ddb6,4ba2c04d,8bdac857,1,0,1,0,
Adelaide Strikers,41,41,3,8bdac857,4ba2c04d,edc7ddb6,0,0,0,0,
Adelaide Strikers,42,45,3,8bdac857,4ba2c04d,edc7ddb6,4,0,4,0,
Adelaide Strikers,43,46,3,8bdac857,4ba2c04d,edc7ddb6,1,0,1,0,
Adelaide Strikers,44,47,3,8bdac857,19b9f399,edc7ddb6,1,0,1,0,
Adelaide Strikers,45,48,3,edc7ddb6,19b9f399,8bdac857,1,0,1,0,
Adelaide Strikers,46,49,3,8bdac857,19b9f399,edc7ddb6,1,0,1,0,
Adelaide Strikers,47,50,3,edc7ddb6,19b9f399,8bdac857,1,0,1,0,
Adelaide Strikers,48,51,3,8bdac857,19b9f399,edc7ddb6,1,0,1,0,
Adelaide Strikers,49,53,3,edc7ddb6,19b9f399,8bdac857,2,0,2,0,
Adelaide Strikers,50,54,3,8bdac857,caf69bf7,edc7ddb6,1,0,1,0,
Adelaide Strikers,51,54,3,edc7ddb6,caf69bf7,8bdac857,0,0,0,0,
Adelaide Strikers,52,55,3,edc7ddb6,caf69bf7,8bdac857,1,0,1,0,
Adelaide Strikers,53,55,3,8bdac857,caf69bf7,edc7ddb6,0,0,0,0,
Adelaide Strikers,54,56,3,8bdac857,caf69bf7,edc7ddb6,1,0,1,0,
Adelaide Strikers,55,57,3,edc7ddb6,caf69bf7,8bdac857,1,0,1,0,
Adelaide Strikers,56,63,3,edc7ddb6,45f56920,8bdac857,6,0,6,0,
Adelaide Strikers,57,63,3,edc7ddb6,45f56920,8bdac857,0,0,0,0,
Adelaide Strikers,58,64,3,edc7ddb6,45f56920,8bdac857,1,0,1,0,
Adelaide Strikers,59,65,3,8bdac857,45f56920,edc7ddb6,1,0,1,0,
Adelaide Strikers,60,71,3,edc7ddb6,45f56920,8bdac857,6,0,6,0,
Adelaide Strikers,61,77,3,edc7ddb6,45f56920,8bdac857,6,0,6,0,
Adelaide Strikers,62,77,3,8bdac857,4ba2c04d,edc7ddb6,0,0,0,0,
Adelaide Strikers,63,78,3,8bdac857,4ba2c04d,edc7ddb6,1,0,1,0,
Adelaide Strikers,64,82,3,edc7ddb6,4ba2c04d,8bdac857,4,0,4,0,
Adelaide Strikers,65,83,3,edc7ddb6,4ba2c04d,8bdac857,1,0,1,0,
Adelaide Strikers,66,84,3,8bdac857,4ba2c04d,edc7ddb6,1,0,1,0,
Adelaide Strikers,67,85,3,edc7ddb6,4ba2c04d,8bdac857,1,0,1,0,
Adelaide Strikers,68,85,3,edc7ddb6,38c276e1,8bdac857,0,0,0,0,
Adelaide Strikers,69,86,3,edc7ddb6,38c276e1,8bdac857,1,0,1,0,
Adelaide Strikers,70,88,3,8bdac857,38c276e1,edc7ddb6,2,0,2,0,
Adelaide Strikers,71,89,3,8bdac857,38c276e1,edc7ddb6,1,0,1,0,
Adelaide Strikers,72,90,3,edc7ddb6,38c276e1,8bdac857,1,0,1,0,
Adelaide Strikers,73,91,3,8bdac857,38c276e1,edc7ddb6,1,0,1,0,
Adelaide Strikers,74,92,3,8bdac857,fb66ce1f,edc7ddb6,1,0,1,0,
Adelaide Strikers,75,93,3,edc7ddb6,fb66ce1f,8bdac857,0,1,1,0,
Adelaide Strikers,76,99,3,8bdac857,fb66ce1f,edc7ddb6,6,0,6,0,
Adelaide Strikers,77,99,3,8bdac857,fb66ce1f,edc7ddb6,0,0,0,0,
Adelaide Strikers,78,99,4,8bdac857,fb66ce1f,edc7ddb6,0,0,0,1,caught
Adelaide Strikers,79,99,4,d0513f63,fb66ce1f,edc7ddb6,0,0,0,0,
Adelaide Strikers,80,99,4,edc7ddb6,caf69bf7,d0513f63,0,0,0,0,
Adelaide Strikers,81,100,4,edc7ddb6,caf69bf7,d0513f63,0,1,1,0,
Adelaide Strikers,82,106,4,edc7ddb6,caf69bf7,d0513f63,6,0,6,0,
Adelaide Strikers,83,106,5,edc7ddb6,caf69bf7,d0513f63,0,0,0,1,caught
Adelaide Strikers,84,107,5,d0513f63,caf69bf7,137e7065,1,0,1,0,
Adelaide Strikers,85,107,5,137e7065,caf69bf7,d0513f63,0,0,0,0,
Adelaide Strikers,86,107,5,137e7065,caf69bf7,d0513f63,0,0,0,0,
Adelaide Strikers,87,107,5,d0513f63,38c276e1,137e7065,0,0,0,0,
Adelaide Strikers,88,108,5,d0513f63,38c276e1,137e7065,1,0,1,0,
Adelaide Strikers,89,109,5,137e7065,38c276e1,d0513f63,0,1,1,0,
Adelaide Strikers,90,109,5,137e7065,38c276e1,d0513f63,0,0,0,0,
Adelaide Strikers,91,113,5,137e7065,38c276e1,d0513f63,4,0,4,0,
Adelaide Strikers,92,114,5,137e7065,38c276e1,d0513f63,1,0,1,0,
Adelaide Strikers,93,115,5,d0513f63,38c276e1,137e7065,1,0,1,0,
Adelaide Strikers,94,116,5,d0513f63,4ba2c04d,137e7065,1,0,1,0,
Adelaide Strikers,95,116,6,137e7065,4ba2c04d,d0513f63,0,0,0,1,caught
Adelaide Strikers,96,117,6,d0513f63,4ba2c04d,5f547c8b,1,0,1,0,
Adelaide Strikers,97,118,6,5f547c8b,4ba2c04d,d0513f63,1,0,1,0,
Adelaide Strikers,98,118,7,d0513f63,4ba2c04d,5f547c8b,0,0,0,1,caught
Adelaide Strikers,99,118,7,5f547c8b,4ba2c04d,bd93fea4,0,0,0,0,
Adelaide Strikers,100,119,7,bd93fea4,19b9f399,5f547c8b,0,1,1,0,
Adelaide Strikers,101,120,7,5f547c8b,19b9f399,bd93fea4,0,1,1,0,
Adelaide Strikers,102,121,7,5f547c8b,19b9f399,bd93fea4,0,1,1,0,
Adelaide Strikers,103,122,7,5f547c8b,19b9f399,bd93fea4,1,0,1,0,
Adelaide Strikers,104,123,7,bd93fea4,19b9f399,5f547c8b,1,0,1,0,
Adelaide Strikers,105,129,7,5f547c8b,19b9f399,bd93fea4,6,0,6,0,
Adelaide Strikers,106,130,7,5f547c8b,19b9f399,bd93fea4,1,0,1,0,
Adelaide Strikers,107,130,7,bd93fea4,19b9f399,5f547c8b,0,0,0,0,
Adelaide Strikers,108,130,7,5f547c8b,fb66ce1f,bd93fea4,0,0,0,0,
Adelaide Strikers,109,130,7,5f547c8b,fb66ce1f,bd93fea4,0,0,0,0,
Adelaide Strikers,110,136,7,5f547c8b,fb66ce1f,bd93fea4,6,0,6,0,
Adelaide Strikers,111,137,7,5f547c8b,fb66ce1f,bd93fea4,1,0,1,0,
Adelaide Strikers,112,137,7,bd93fea4,fb66ce1f,5f547c8b,0,0,0,0,
Adelaide Strikers,113,138,7,bd93fea4,fb66ce1f,5f547c8b,1,0,1,0,
Adelaide Strikers,114,139,7,bd93fea4,caf69bf7,5f547c8b,1,0,1,0,
Adelaide Strikers,115,140,7,5f547c8b,caf69bf7,bd93fea4,1,0,1,0,
Adelaide Strikers,116,141,7,bd93fea4,caf69bf7,5f547c8b,0,1,1,0,
Adelaide Strikers,117,145,7,5f547c8b,caf69bf7,bd93fea4,4,0,4,0,
Adelaide Strikers,118,151,7,5f547c8b,caf69bf7,bd93fea4,6,0,6,0,
Adelaide Strikers,119,155,7,5f547c8b,caf69bf7,bd93fea4,4,0,4,0,
Adelaide Strikers,120,156,7,bd93fea4,fb66ce1f,5f547c8b,1,0,1,0,
Adelaide Strikers,121,156,7,5f547c8b,fb66ce1f,bd93fea4,0,0,0,0,
Adelaide Strikers,122,160,7,5f547c8b,fb66ce1f,bd93fea4,4,0,4,0,
Adelaide Strikers,123,164,7,5f547c8b,fb66ce1f,bd93fea4,4,0,4,0,
Adelaide Strikers,124,165,8,5f547c8b,fb66ce1f,bd93fea4,1,0,1,1,run out
Adelaide Strikers,125,165,9,15de1f5d,fb66ce1f,bd93fea4,0,0,0,1,run out
