batting_team,ball_number,total_team_runs,total_team_wickets,striker_ID,bowler_ID,nonstriker_ID,batter_runs,extras_runs,total_delivery_runs,wicket,wicket_type
Rajasthan,1,0,1,7ba6ef29,30df8c66,90a3c0dc,0,0,0,1,caught
Rajasthan,2,0,1,4d5a1617,30df8c66,90a3c0dc,0,0,0,0,
Rajasthan,3,0,1,4d5a1617,30df8c66,90a3c0dc,0,0,0,0,
Rajasthan,4,0,1,4d5a1617,30df8c66,90a3c0dc,0,0,0,0,
Rajasthan,5,0,1,4d5a1617,30df8c66,90a3c0dc,0,0,0,0,
Rajasthan,6,0,1,4d5a1617,30df8c66,90a3c0dc,0,0,0,0,
Rajasthan,7,1,1,90a3c0dc,da6368c2,4d5a1617,0,1,1,0,
Rajasthan,8,1,1,90a3c0dc,da6368c2,4d5a1617,0,0,0,0,
Rajasthan,9,1,1,90a3c0dc,da6368c2,4d5a1617,0,0,0,0,
Rajasthan,10,5,1,90a3c0dc,da6368c2,4d5a1617,4,0,4,0,
Rajasthan,11,5,1,90a3c0dc,da6368c2,4d5a1617,0,0,0,0,
Rajasthan,12,5,1,90a3c0dc,da6368c2,4d5a1617,0,0,0,0,
Rajasthan,13,5,1,90a3c0dc,da6368c2,4d5a1617,0,0,0,0,
Rajasthan,14,5,1,4d5a1617,30df8c66,90a3c0dc,0,0,0,0,
Rajasthan,15,7,1,4d5a1617,30df8c66,90a3c0dc,2,0,2,0,
Rajasthan,16,7,1,4d5a1617,30df8c66,90a3c0dc,0,0,0,0,
Rajasthan,17,13,1,4d5a1617,30df8c66,90a3c0dc,6,0,6,0,
Rajasthan,18,19,1,4d5a1617,30df8c66,90a3c0dc,6,0,6,0,
Rajasthan,19,20,1,4d5a1617,30df8c66,90a3c0dc,1,0,1,0,
Rajasthan,20,20,1,4d5a1617,da6368c2,90a3c0dc,0,0,0,0,
Rajasthan,21,20,1,4d5a1617,da6368c2,90a3c0dc,0,0,0,0,
Rajasthan,22,23,1,4d5a1617,da6368c2,90a3c0dc,0,3,3,0,
Rajasthan,23,24,1,4d5a1617,da6368c2,90a3c0dc,1,0,1,0,
Rajasthan,24,24,1,90a3c0dc,da6368c2,4d5a1617,0,0,0,0,
Rajasthan,25,24,1,90a3c0dc,da6368c2,4d5a1617,0,0,0,0,
Rajasthan,26,24,1,90a3c0dc,da6368c2,4d5a1617,0,0,0,0,
Rajasthan,27,26,1,4d5a1617,23639793,90a3c0dc,2,0,2,0,
Rajasthan,28,26,1,4d5a1617,23639793,90a3c0dc,0,0,0,0,
Rajasthan,29,27,1,4d5a1617,23639793,90a3c0dc,1,0,1,0,
Rajasthan,30,27,1,90a3c0dc,23639793,4d5a1617,0,0,0,0,
Rajasthan,31,28,1,90a3c0dc,23639793,4d5a1617,1,0,1,0,
Rajasthan,32,29,1,4d5a1617,23639793,90a3c0dc,1,0,1,0,
Rajasthan,33,29,1,4d5a1617,da6368c2,90a3c0dc,0,0,0,0,
Rajasthan,34,33,1,4d5a1617,da6368c2,90a3c0dc,4,0,4,0,
Rajasthan,35,37,1,4d5a1617,da6368c2,90a3c0dc,4,0,4,0,
Rajasthan,36,37,1,4d5a1617,da6368c2,90a3c0dc,0,0,0,0,
Rajasthan,37,37,1,4d5a1617,da6368c2,90a3c0dc,0,0,0,0,
Rajasthan,38,38,1,4d5a1617,da6368c2,90a3c0dc,1,0,1,0,
Rajasthan,39,38,1,4d5a1617,23639793,90a3c0dc,0,0,0,0,
Rajasthan,40,38,1,4d5a1617,23639793,90a3c0dc,0,0,0,0,
Rajasthan,41,42,1,4d5a1617,23639793,90a3c0dc,4,0,4,0,
Rajasthan,42,43,1,4d5a1617,23639793,90a3c0dc,1,0,1,0,
Rajasthan,43,43,1,90a3c0dc,23639793,4d5a1617,0,0,0,0,
Rajasthan,44,43,2,90a3c0dc,23639793,4d5a1617,0,0,0,1,caught
Rajasthan,45,44,2,4d5a1617,bee290b6,da934ee8,1,0,1,0,
Rajasthan,46,44,2,da934ee8,bee290b6,4d5a1617,0,0,0,0,
Rajasthan,47,44,2,da934ee8,bee290b6,4d5a1617,0,0,0,0,
Rajasthan,48,44,3,da934ee8,bee290b6,4d5a1617,0,0,0,1,caught
Rajasthan,49,44,3,145903a5,bee290b6,4d5a1617,0,0,0,0,
Rajasthan,50,44,3,145903a5,bee290b6,4d5a1617,0,0,0,0,
Rajasthan,51,44,3,4d5a1617,fb2d1dda,145903a5,0,0,0,0,
Rajasthan,52,45,3,4d5a1617,fb2d1dda,145903a5,1,0,1,0,
Rajasthan,53,49,3,145903a5,fb2d1dda,4d5a1617,4,0,4,0,
Rajasthan,54,50,3,145903a5,fb2d1dda,4d5a1617,1,0,1,0,
Rajasthan,55,50,3,4d5a1617,fb2d1dda,145903a5,0,0,0,0,
Rajasthan,56,50,4,4d5a1617,fb2d1dda,145903a5,0,0,0,1,bowled
Rajasthan,57,50,5,145903a5,bee290b6,25986786,0,0,0,1,caught
Rajasthan,58,50,5,23eeb873,bee290b6,25986786,0,0,0,0,
Rajasthan,59,50,5,23eeb873,bee290b6,25986786,0,0,0,0,
Rajasthan,60,51,5,23eeb873,bee290b6,25986786,1,0,1,0,
Rajasthan,61,52,5,25986786,bee290b6,23eeb873,1,0,1,0,
Rajasthan,62,52,5,23eeb873,bee290b6,25986786,0,0,0,0,
Rajasthan,63,53,5,25986786,fb2d1dda,23eeb873,1,0,1,0,
Rajasthan,64,53,5,23eeb873,fb2d1dda,25986786,0,0,0,0,
Rajasthan,65,53,5,23eeb873,fb2d1dda,25986786,0,0,0,0,
Rajasthan,66,53,5,23eeb873,fb2d1dda,25986786,0,0,0,0,
Rajasthan,67,53,5,23eeb873,fb2d1dda,25986786,0,0,0,0,
Rajasthan,68,53,5,23eeb873,fb2d1dda,25986786,0,0,0,0,
Rajasthan,69,53,5,25986786,23639793,23eeb873,0,0,0,0,
Rajasthan,70,54,5,25986786,23639793,23eeb873,1,0,1,0,
Rajasthan,71,54,5,23eeb873,23639793,25986786,0,0,0,0,
Rajasthan,72,54,5,23eeb873,23639793,25986786,0,0,0,0,
Rajasthan,73,55,5,23eeb873,23639793,25986786,1,0,1,0,
Rajasthan,74,56,5,25986786,23639793,23eeb873,1,0,1,0,
Rajasthan,75,56,5,25986786,fb2d1dda,23eeb873,0,0,0,0,
Rajasthan,76,57,5,25986786,fb2d1dda,23eeb873,1,0,1,0,
Rajasthan,77,58,5,23eeb873,fb2d1dda,25986786,1,0,1,0,
Rajasthan,78,59,5,25986786,fb2d1dda,23eeb873,1,0,1,0,
Rajasthan,79,59,5,23eeb873,fb2d1dda,25986786,0,0,0,0,
Rajasthan,80,59,5,23eeb873,fb2d1dda,25986786,0,0,0,0,
Rajasthan,81,60,5,25986786,da6368c2,23eeb873,1,0,1,0,
Rajasthan,82,60,5,23eeb873,da6368c2,25986786,0,0,0,0,
Rajasthan,83,60,5,23eeb873,da6368c2,25986786,0,0,0,0,
Rajasthan,84,60,5,23eeb873,da6368c2,25986786,0,0,0,0,
Rajasthan,85,61,5,23eeb873,da6368c2,25986786,1,0,1,0,
Rajasthan,86,67,5,25986786,da6368c2,23eeb873,6,0,6,0,
Rajasthan,87,67,5,23eeb873,ad427b5c,25986786,0,0,0,0,
Rajasthan,88,68,5,23eeb873,ad427b5c,25986786,1,0,1,0,
Rajasthan,89,68,5,25986786,ad427b5c,23eeb873,0,0,0,0,
Rajasthan,90,69,5,25986786,ad427b5c,23eeb873,1,0,1,0,
Rajasthan,91,70,5,23eeb873,ad427b5c,25986786,1,0,1,0,
Rajasthan,92,71,5,25986786,ad427b5c,23eeb873,1,0,1,0,
Rajasthan,93,77,5,25986786,23639793,23eeb873,6,0,6,0,
Rajasthan,94,78,5,25986786,23639793,23eeb873,1,0,1,0,
Rajasthan,95,79,5,23eeb873,23639793,25986786,0,1,1,0,
Rajasthan,96,80,5,25986786,23639793,23eeb873,1,0,1,0,
Rajasthan,97,80,5,23eeb873,23639793,25986786,0,0,0,0,
Rajasthan,98,81,5,23eeb873,23639793,25986786,1,0,1,0,
Rajasthan,99,87,5,23eeb873,ad427b5c,25986786,6,0,6,0,
Rajasthan,100,88,5,23eeb873,ad427b5c,25986786,1,0,1,0,
Rajasthan,101,88,6,25986786,ad427b5c,23eeb873,0,0,0,1,caught
Rajasthan,102,89,6,077da288,ad427b5c,23eeb873,1,0,1,0,
Rajasthan,103,95,6,23eeb873,ad427b5c,077da288,6,0,6,0,
Rajasthan,104,101,6,23eeb873,ad427b5c,077da288,6,0,6,0,
Rajasthan,105,102,6,077da288,bee290b6,23eeb873,1,0,1,0,
Rajasthan,106,102,6,23eeb873,bee290b6,077da288,0,0,0,0,
Rajasthan,107,103,6,23eeb873,bee290b6,077da288,1,0,1,0,
Rajasthan,108,104,6,077da288,bee290b6,23eeb873,1,0,1,0,
Rajasthan,109,105,6,23eeb873,bee290b6,077da288,1,0,1,0,
Rajasthan,110,105,6,077da288,bee290b6,23eeb873,0,0,0,0,
Rajasthan,111,111,6,23eeb873,fb2d1dda,077da288,6,0,6,0,
Rajasthan,112,112,6,23eeb873,fb2d1dda,077da288,1,0,1,0,
Rajasthan,113,112,7,077da288,fb2d1dda,23eeb873,0,0,0,1,caught
Rajasthan,114,113,7,2ed569a0,fb2d1dda,23eeb873,1,0,1,0,
Rajasthan,115,119,7,23eeb873,fb2d1dda,2ed569a0,6,0,6,0,
Rajasthan,116,120,7,23eeb873,fb2d1dda,2ed569a0,1,0,1,0,
Rajasthan,117,126,7,23eeb873,bee290b6,2ed569a0,6,0,6,0,
Rajasthan,118,132,7,23eeb873,bee290b6,2ed569a0,6,0,6,0,
Rajasthan,119,132,7,23eeb873,bee290b6,2ed569a0,0,0,0,0,
Rajasthan,120,132,7,23eeb873,bee290b6,2ed569a0,0,0,0,0,
Rajasthan,121,132,7,23eeb873,bee290b6,2ed569a0,0,0,0,0,
Rajasthan,122,133,7,23eeb873,bee290b6,2ed569a0,1,0,1,0,
Delhi,1,1,0,919a3be2,23eeb873,9ffe4bfe,1,0,1,0,
Delhi,2,2,0,9ffe4bfe,23eeb873,919a3be2,0,1,1,0,
Delhi,3,2,0,9ffe4bfe,23eeb873,919a3be2,0,0,0,0,
Delhi,4,2,0,9ffe4bfe,23eeb873,919a3be2,0,0,0,0,
Delhi,5,2,0,9ffe4bfe,23eeb873,919a3be2,0,0,0,0,
Delhi,6,2,0,9ffe4bfe,23eeb873,919a3be2,0,0,0,0,
Delhi,7,6,0,9ffe4bfe,23eeb873,919a3be2,4,0,4,0,
Delhi,8,10,0,919a3be2,18e6906e,9ffe4bfe,4,0,4,0,
Delhi,9,11,0,919a3be2,18e6906e,9ffe4bfe,1,0,1,0,
Delhi,10,11,1,9ffe4bfe,18e6906e,919a3be2,0,0,0,1,caught
Delhi,11,15,1,c8f5f961,18e6906e,919a3be2,0,4,4,0,
Delhi,12,15,1,c8f5f961,18e6906e,919a3be2,0,0,0,0,
Delhi,13,15,1,c8f5f961,18e6906e,919a3be2,0,0,0,0,
Delhi,14,16,1,919a3be2,a2f46292,c8f5f961,1,0,1,0,
Delhi,15,16,1,c8f5f961,a2f46292,919a3be2,0,0,0,0,
Delhi,16,19,1,c8f5f961,a2f46292,919a3be2,3,0,3,0,
Delhi,17,20,1,919a3be2,a2f46292,c8f5f961,1,0,1,0,
Delhi,18,21,1,c8f5f961,a2f46292,919a3be2,1,0,1,0,
Delhi,19,25,1,919a3be2,a2f46292,c8f5f961,4,0,4,0,
Delhi,20,26,1,c8f5f961,18e6906e,919a3be2,1,0,1,0,
Delhi,21,26,1,919a3be2,18e6906e,c8f5f961,0,0,0,0,
Delhi,22,32,1,919a3be2,18e6906e,c8f5f961,6,0,6,0,
Delhi,23,32,1,919a3be2,18e6906e,c8f5f961,0,0,0,0,
Delhi,24,32,1,919a3be2,18e6906e,c8f5f961,0,0,0,0,
Delhi,25,32,1,919a3be2,18e6906e,c8f5f961,0,0,0,0,
Delhi,26,32,2,c8f5f961,145903a5,919a3be2,0,0,0,1,stumped
Delhi,27,32,2,faa7365d,145903a5,919a3be2,0,0,0,0,
Delhi,28,32,2,faa7365d,145903a5,919a3be2,0,0,0,0,
Delhi,29,32,2,faa7365d,145903a5,919a3be2,0,0,0,0,
Delhi,30,33,2,faa7365d,145903a5,919a3be2,1,0,1,0,
Delhi,31,34,2,919a3be2,145903a5,faa7365d,1,0,1,0,
Delhi,32,35,2,919a3be2,2ed569a0,faa7365d,1,0,1,0,
Delhi,33,39,2,faa7365d,2ed569a0,919a3be2,4,0,4,0,
Delhi,34,39,3,faa7365d,2ed569a0,919a3be2,0,0,0,1,caught
Delhi,35,40,3,fb2d1dda,2ed569a0,919a3be2,1,0,1,0,
Delhi,36,44,3,919a3be2,2ed569a0,fb2d1dda,4,0,4,0,
Delhi,37,44,3,919a3be2,2ed569a0,fb2d1dda,0,0,0,0,
Delhi,38,45,3,fb2d1dda,145903a5,919a3be2,1,0,1,0,
Delhi,39,45,3,919a3be2,145903a5,fb2d1dda,0,0,0,0,
Delhi,40,46,3,919a3be2,145903a5,fb2d1dda,1,0,1,0,
Delhi,41,46,4,fb2d1dda,145903a5,919a3be2,0,0,0,1,lbw
Delhi,42,46,4,ebcfef83,145903a5,919a3be2,0,0,0,0,
Delhi,43,46,4,ebcfef83,145903a5,919a3be2,0,0,0,0,
Delhi,44,47,4,919a3be2,23eeb873,ebcfef83,1,0,1,0,
Delhi,45,48,4,ebcfef83,23eeb873,919a3be2,1,0,1,0,
Delhi,46,48,4,919a3be2,23eeb873,ebcfef83,0,0,0,0,
Delhi,47,48,4,919a3be2,23eeb873,ebcfef83,0,0,0,0,
Delhi,48,48,4,919a3be2,23eeb873,ebcfef83,0,0,0,0,
Delhi,49,49,4,919a3be2,23eeb873,ebcfef83,1,0,1,0,
Delhi,50,50,4,919a3be2,145903a5,ebcfef83,1,0,1,0,
Delhi,51,50,4,ebcfef83,145903a5,919a3be2,0,0,0,0,
Delhi,52,51,4,ebcfef83,145903a5,919a3be2,1,0,1,0,
Delhi,53,51,4,919a3be2,145903a5,ebcfef83,0,0,0,0,
Delhi,54,51,4,919a3be2,145903a5,ebcfef83,0,0,0,0,
Delhi,55,53,4,919a3be2,145903a5,ebcfef83,2,0,2,0,
Delhi,56,53,4,ebcfef83,23eeb873,919a3be2,0,0,0,0,
Delhi,57,53,4,ebcfef83,23eeb873,919a3be2,0,0,0,0,
Delhi,58,53,4,ebcfef83,23eeb873,919a3be2,0,0,0,0,
Delhi,59,53,4,ebcfef83,23eeb873,919a3be2,0,0,0,0,
Delhi,60,53,4,ebcfef83,23eeb873,919a3be2,0,0,0,0,
Delhi,61,53,4,ebcfef83,23eeb873,919a3be2,0,0,0,0,
Delhi,62,53,5,919a3be2,145903a5,ebcfef83,0,0,0,1,lbw
Delhi,63,54,5,ad427b5c,145903a5,ebcfef83,1,0,1,0,
Delhi,64,55,5,ebcfef83,145903a5,ad427b5c,1,0,1,0,
Delhi,65,56,5,ad427b5c,145903a5,ebcfef83,1,0,1,0,
Delhi,66,57,5,ebcfef83,145903a5,ad427b5c,1,0,1,0,
Delhi,67,57,5,ad427b5c,145903a5,ebcfef83,0,0,0,0,
Delhi,68,58,5,ebcfef83,2ed569a0,ad427b5c,1,0,1,0,
Delhi,69,59,5,ad427b5c,2ed569a0,ebcfef83,1,0,1,0,
Delhi,70,60,5,ebcfef83,2ed569a0,ad427b5c,1,0,1,0,
Delhi,71,61,5,ad427b5c,2ed569a0,ebcfef83,1,0,1,0,
Delhi,72,61,6,ebcfef83,2ed569a0,ad427b5c,0,0,0,1,caught
Delhi,73,61,6,23639793,2ed569a0,ad427b5c,0,0,0,0,
Delhi,74,62,6,ad427b5c,077da288,23639793,1,0,1,0,
Delhi,75,63,6,23639793,077da288,ad427b5c,0,1,1,0,
Delhi,76,64,6,23639793,077da288,ad427b5c,1,0,1,0,
Delhi,77,65,6,ad427b5c,077da288,23639793,1,0,1,0,
Delhi,78,65,6,23639793,077da288,ad427b5c,0,0,0,0,
Delhi,79,66,6,23639793,077da288,ad427b5c,1,0,1,0,
Delhi,80,67,6,ad427b5c,077da288,23639793,1,0,1,0,
Delhi,81,68,6,ad427b5c,2ed569a0,23639793,1,0,1,0,
Delhi,82,69,6,23639793,2ed569a0,ad427b5c,1,0,1,0,
Delhi,83,69,6,ad427b5c,2ed569a0,23639793,0,0,0,0,
Delhi,84,75,6,ad427b5c,2ed569a0,23639793,6,0,6,0,
Delhi,85,75,6,ad427b5c,2ed569a0,23639793,0,0,0,0,
Delhi,86,76,6,ad427b5c,2ed569a0,23639793,1,0,1,0,
Delhi,87,77,6,ad427b5c,18e6906e,23639793,0,1,1,0,
Delhi,88,81,6,ad427b5c,18e6906e,23639793,4,0,4,0,
Delhi,89,81,6,ad427b5c,18e6906e,23639793,0,0,0,0,
Delhi,90,85,6,ad427b5c,18e6906e,23639793,4,0,4,0,
Delhi,91,86,6,ad427b5c,18e6906e,23639793,1,0,1,0,
Delhi,92,87,6,23639793,18e6906e,ad427b5c,1,0,1,0,
Delhi,93,88,6,ad427b5c,18e6906e,23639793,1,0,1,0,
Delhi,94,88,6,ad427b5c,2ed569a0,23639793,0,0,0,0,
Delhi,95,90,6,ad427b5c,2ed569a0,23639793,2,0,2,0,
Delhi,96,90,6,ad427b5c,2ed569a0,23639793,0,0,0,0,
Delhi,97,91,6,ad427b5c,2ed569a0,23639793,1,0,1,0,
Delhi,98,91,6,23639793,2ed569a0,ad427b5c,0,0,0,0,
Delhi,99,91,6,23639793,2ed569a0,ad427b5c,0,0,0,0,
Delhi,100,93,6,ad427b5c,a2f46292,23639793,2,0,2,0,
Delhi,101,93,7,ad427b5c,a2f46292,23639793,0,0,0,1,caught and bowled
Delhi,102,94,7,bee290b6,a2f46292,23639793,0,1,1,0,
Delhi,103,94,7,23639793,a2f46292,bee290b6,0,0,0,0,
Delhi,104,95,7,23639793,a2f46292,bee290b6,1,0,1,0,
Delhi,105,95,7,bee290b6,a2f46292,23639793,0,0,0,0,
Delhi,106,95,7,23639793,23eeb873,bee290b6,0,0,0,0,
Delhi,107,99,7,23639793,23eeb873,bee290b6,4,0,4,0,
Delhi,108,100,7,23639793,23eeb873,bee290b6,1,0,1,0,
Delhi,109,106,7,bee290b6,23eeb873,23639793,6,0,6,0,
Delhi,110,112,7,bee290b6,23eeb873,23639793,6,0,6,0,
Delhi,111,113,7,bee290b6,23eeb873,23639793,1,0,1,0,
Delhi,112,114,7,bee290b6,a2f46292,23639793,1,0,1,0,
Delhi,113,118,7,23639793,a2f46292,bee290b6,4,0,4,0,
Delhi,114,118,7,23639793,a2f46292,bee290b6,0,0,0,0,
Delhi,115,119,7,23639793,a2f46292,bee290b6,1,0,1,0,
Delhi,116,119,8,bee290b6,a2f46292,23639793,0,0,0,1,bowled
Delhi,117,120,8,30df8c66,a2f46292,23639793,1,0,1,0,
Delhi,118,121,8,30df8c66,18e6906e,23639793,0,1,1,0,
Delhi,119,121,9,30df8c66,18e6906e,23639793,0,0,0,1,caught
Delhi,120,121,9,23639793,18e6906e,da6368c2,0,0,0,0,
Delhi,121,123,9,23639793,18e6906e,da6368c2,2,0,2,0,
Delhi,122,124,9,23639793,18e6906e,da6368c2,1,0,1,0,
Delhi,123,125,9,da6368c2,18e6906e,23639793,1,0,1,0,
Delhi,124,131,9,23639793,18e6906e,da6368c2,6,0,6,0,
