batting_team,ball_number,total_team_runs,total_team_wickets,striker_ID,bowler_ID,nonstriker_ID,batter_runs,extras_runs,total_delivery_runs,wicket,wicket_type
Dolphins,1,0,0,890b877d,9a2fc964,710dd98c,0,0,0,0,
Dolphins,2,0,0,890b877d,9a2fc964,710dd98c,0,0,0,0,
Dolphins,3,0,0,890b877d,9a2fc964,710dd98c,0,0,0,0,
Dolphins,4,1,0,890b877d,9a2fc964,710dd98c,1,0,1,0,
Dolphins,5,1,0,710dd98c,9a2fc964,890b877d,0,0,0,0,
Dolphins,6,1,0,710dd98c,9a2fc964,890b877d,0,0,0,0,
Dolphins,7,1,0,890b877d,a1d95bd8,710dd98c,0,0,0,0,
Dolphins,8,1,0,890b877d,a1d95bd8,710dd98c,0,0,0,0,
Dolphins,9,1,0,890b877d,a1d95bd8,710dd98c,0,0,0,0,
Dolphins,10,2,0,890b877d,a1d95bd8,710dd98c,1,0,1,0,
Dolphins,11,2,0,710dd98c,a1d95bd8,890b877d,0,0,0,0,
Dolphins,12,6,0,710dd98c,a1d95bd8,890b877d,4,0,4,0,
Dolphins,13,7,0,890b877d,9a2fc964,710dd98c,1,0,1,0,
Dolphins,14,13,0,710dd98c,9a2fc964,890b877d,6,0,6,0,
Dolphins,15,15,0,710dd98c,9a2fc964,890b877d,2,0,2,0,
Dolphins,16,17,0,710dd98c,9a2fc964,890b877d,2,0,2,0,
Dolphins,17,21,0,710dd98c,9a2fc964,890b877d,4,0,4,0,
Dolphins,18,21,0,710dd98c,9a2fc964,890b877d,0,0,0,0,
Dolphins,19,25,0,890b877d,a1d95bd8,710dd98c,4,0,4,0,
Dolphins,20,29,0,890b877d,a1d95bd8,710dd98c,4,0,4,0,
Dolphins,21,30,0,890b877d,a1d95bd8,710dd98c,1,0,1,0,
Dolphins,22,30,0,710dd98c,a1d95bd8,890b877d,0,0,0,0,
Dolphins,23,30,0,710dd98c,a1d95bd8,890b877d,0,0,0,0,
Dolphins,24,30,0,710dd98c,a1d95bd8,890b877d,0,0,0,0,
Dolphins,25,30,0,890b877d,54c2b697,710dd98c,0,0,0,0,
Dolphins,26,34,0,890b877d,54c2b697,710dd98c,4,0,4,0,
Dolphins,27,35,0,890b877d,54c2b697,710dd98c,1,0,1,0,
Dolphins,28,39,0,710dd98c,54c2b697,890b877d,4,0,4,0,
Dolphins,29,45,0,710dd98c,54c2b697,890b877d,6,0,6,0,
Dolphins,30,45,0,710dd98c,54c2b697,890b877d,0,0,0,0,
Dolphins,31,46,0,890b877d,c96f6ac5,710dd98c,1,0,1,0,
Dolphins,32,47,0,710dd98c,c96f6ac5,890b877d,1,0,1,0,
Dolphins,33,48,0,890b877d,c96f6ac5,710dd98c,1,0,1,0,
Dolphins,34,48,0,710dd98c,c96f6ac5,890b877d,0,0,0,0,
Dolphins,35,49,0,710dd98c,c96f6ac5,890b877d,1,0,1,0,
Dolphins,36,50,0,890b877d,c96f6ac5,710dd98c,1,0,1,0,
Dolphins,37,51,0,890b877d,7f8ecc51,710dd98c,1,0,1,0,
Dolphins,38,51,0,710dd98c,7f8ecc51,890b877d,0,0,0,0,
Dolphins,39,51,0,710dd98c,7f8ecc51,890b877d,0,0,0,0,
Dolphins,40,52,0,710dd98c,7f8ecc51,890b877d,1,0,1,0,
Dolphins,41,53,0,890b877d,7f8ecc51,710dd98c,0,1,1,0,
Dolphins,42,54,0,710dd98c,7f8ecc51,890b877d,1,0,1,0,
Dolphins,43,54,1,710dd98c,c96f6ac5,890b877d,0,0,0,1,run out
Dolphins,44,55,1,890b877d,c96f6ac5,27ca3a11,1,0,1,0,
Dolphins,45,55,1,27ca3a11,c96f6ac5,890b877d,0,0,0,0,
Dolphins,46,55,1,27ca3a11,c96f6ac5,890b877d,0,0,0,0,
Dolphins,47,61,1,27ca3a11,c96f6ac5,890b877d,6,0,6,0,
Dolphins,48,61,2,27ca3a11,c96f6ac5,890b877d,0,0,0,1,caught
Dolphins,49,62,2,890b877d,7f8ecc51,4aad78d3,1,0,1,0,
Dolphins,50,63,2,4aad78d3,7f8ecc51,890b877d,1,0,1,0,
Dolphins,51,64,2,890b877d,7f8ecc51,4aad78d3,1,0,1,0,
Dolphins,52,64,2,4aad78d3,7f8ecc51,890b877d,0,0,0,0,
Dolphins,53,64,2,4aad78d3,7f8ecc51,890b877d,0,0,0,0,
Dolphins,54,64,2,4aad78d3,7f8ecc51,890b877d,0,0,0,0,
Dolphins,55,70,2,890b877d,c96f6ac5,4aad78d3,6,0,6,0,
Dolphins,56,71,2,890b877d,c96f6ac5,4aad78d3,1,0,1,0,
Dolphins,57,72,2,4aad78d3,c96f6ac5,890b877d,1,0,1,0,
Dolphins,58,73,2,890b877d,c96f6ac5,4aad78d3,1,0,1,0,
Dolphins,59,75,2,4aad78d3,c96f6ac5,890b877d,2,0,2,0,
Dolphins,60,75,3,4aad78d3,c96f6ac5,890b877d,0,0,0,1,caught and bowled
Dolphins,61,77,3,890b877d,7f8ecc51,7dfb8890,2,0,2,0,
Dolphins,62,78,3,890b877d,7f8ecc51,7dfb8890,1,0,1,0,
Dolphins,63,78,3,7dfb8890,7f8ecc51,890b877d,0,0,0,0,
Dolphins,64,78,3,7dfb8890,7f8ecc51,890b877d,0,0,0,0,
Dolphins,65,80,3,7dfb8890,7f8ecc51,890b877d,2,0,2,0,
Dolphins,66,81,3,7dfb8890,7f8ecc51,890b877d,1,0,1,0,
Dolphins,67,87,3,7dfb8890,11614d87,890b877d,6,0,6,0,
Dolphins,68,88,3,7dfb8890,11614d87,890b877d,1,0,1,0,
Dolphins,69,94,3,890b877d,11614d87,7dfb8890,6,0,6,0,
Dolphins,70,95,3,890b877d,11614d87,7dfb8890,1,0,1,0,
Dolphins,71,95,3,7dfb8890,11614d87,890b877d,0,0,0,0,
Dolphins,72,95,4,7dfb8890,11614d87,890b877d,0,0,0,1,caught
Dolphins,73,95,4,890b877d,7f8ecc51,1b42a100,0,0,0,0,
Dolphins,74,99,4,890b877d,7f8ecc51,1b42a100,4,0,4,0,
Dolphins,75,100,4,890b877d,7f8ecc51,1b42a100,1,0,1,0,
Dolphins,76,101,4,1b42a100,7f8ecc51,890b877d,1,0,1,0,
Dolphins,77,101,5,890b877d,7f8ecc51,1b42a100,0,0,0,1,caught
Dolphins,78,102,5,1b42a100,7f8ecc51,ab6b1c45,1,0,1,0,
Dolphins,79,103,5,1b42a100,54c2b697,ab6b1c45,1,0,1,0,
Dolphins,80,103,5,ab6b1c45,54c2b697,1b42a100,0,0,0,0,
Dolphins,81,104,5,ab6b1c45,54c2b697,1b42a100,1,0,1,0,
Dolphins,82,105,5,1b42a100,54c2b697,ab6b1c45,0,1,1,0,
Dolphins,83,105,6,1b42a100,54c2b697,ab6b1c45,0,0,0,1,caught
Dolphins,84,105,6,ab6b1c45,54c2b697,8b248d88,0,0,0,0,
Dolphins,85,105,6,ab6b1c45,54c2b697,8b248d88,0,0,0,0,
Dolphins,86,106,6,8b248d88,9a2fc964,ab6b1c45,1,0,1,0,
Dolphins,87,107,6,ab6b1c45,9a2fc964,8b248d88,1,0,1,0,
Dolphins,88,107,6,8b248d88,9a2fc964,ab6b1c45,0,0,0,0,
Dolphins,89,108,6,8b248d88,9a2fc964,ab6b1c45,1,0,1,0,
Dolphins,90,112,6,ab6b1c45,9a2fc964,8b248d88,4,0,4,0,
Dolphins,91,113,6,ab6b1c45,9a2fc964,8b248d88,1,0,1,0,
Dolphins,92,113,6,ab6b1c45,54c2b697,8b248d88,0,0,0,0,
Dolphins,93,114,6,ab6b1c45,54c2b697,8b248d88,1,0,1,0,
Dolphins,94,115,6,8b248d88,54c2b697,ab6b1c45,1,0,1,0,
Dolphins,95,116,6,ab6b1c45,54c2b697,8b248d88,1,0,1,0,
Dolphins,96,117,6,8b248d88,54c2b697,ab6b1c45,1,0,1,0,
Dolphins,97,118,6,ab6b1c45,54c2b697,8b248d88,1,0,1,0,
Dolphins,98,124,6,ab6b1c45,01698fee,8b248d88,6,0,6,0,
Dolphins,99,128,6,ab6b1c45,01698fee,8b248d88,4,0,4,0,
Dolphins,100,130,6,ab6b1c45,01698fee,8b248d88,2,0,2,0,
Dolphins,101,131,6,ab6b1c45,01698fee,8b248d88,1,0,1,0,
Dolphins,102,132,6,8b248d88,01698fee,ab6b1c45,1,0,1,0,
Dolphins,103,133,6,ab6b1c45,01698fee,8b248d88,1,0,1,0,
Dolphins,104,134,6,ab6b1c45,a1d95bd8,8b248d88,1,0,1,0,
Dolphins,105,135,6,8b248d88,a1d95bd8,ab6b1c45,1,0,1,0,
Dolphins,106,135,7,ab6b1c45,a1d95bd8,8b248d88,0,0,0,1,caught
Dolphins,107,135,7,8b248d88,a1d95bd8,0b60eb09,0,0,0,0,
Dolphins,108,139,7,8b248d88,a1d95bd8,0b60eb09,4,0,4,0,
Dolphins,109,140,7,8b248d88,a1d95bd8,0b60eb09,1,0,1,0,
Dolphins,110,141,7,8b248d88,54c2b697,0b60eb09,1,0,1,0,
Dolphins,111,141,7,0b60eb09,54c2b697,8b248d88,0,0,0,0,
Dolphins,112,142,7,0b60eb09,54c2b697,8b248d88,1,0,1,0,
Dolphins,113,143,7,8b248d88,54c2b697,0b60eb09,1,0,1,0,
Dolphins,114,147,7,0b60eb09,54c2b697,8b248d88,4,0,4,0,
Dolphins,115,151,7,0b60eb09,54c2b697,8b248d88,4,0,4,0,
Dolphins,116,151,8,8b248d88,a1d95bd8,0b60eb09,0,0,0,1,caught
Dolphins,117,155,8,0b60eb09,a1d95bd8,7ec9711d,4,0,4,0,
Dolphins,118,157,8,0b60eb09,a1d95bd8,7ec9711d,2,0,2,0,
Dolphins,119,161,8,0b60eb09,a1d95bd8,7ec9711d,4,0,4,0,
Dolphins,120,161,8,0b60eb09,a1d95bd8,7ec9711d,0,0,0,0,
Dolphins,121,163,8,0b60eb09,a1d95bd8,7ec9711d,2,0,2,0,
Lions,1,1,0,e66732f8,8b248d88,b8cc58c9,0,1,1,0,
Lions,2,5,0,e66732f8,8b248d88,b8cc58c9,4,0,4,0,
Lions,3,5,0,e66732f8,8b248d88,b8cc58c9,0,0,0,0,
Lions,4,9,0,e66732f8,8b248d88,b8cc58c9,4,0,4,0,
Lions,5,13,0,e66732f8,8b248d88,b8cc58c9,4,0,4,0,
Lions,6,14,0,e66732f8,8b248d88,b8cc58c9,1,0,1,0,
Lions,7,15,0,b8cc58c9,8b248d88,e66732f8,1,0,1,0,
Lions,8,19,0,b8cc58c9,7ec9711d,e66732f8,4,0,4,0,
Lions,9,19,0,b8cc58c9,7ec9711d,e66732f8,0,0,0,0,
Lions,10,20,0,b8cc58c9,7ec9711d,e66732f8,1,0,1,0,
Lions,11,20,0,e66732f8,7ec9711d,b8cc58c9,0,0,0,0,
Lions,12,24,0,e66732f8,7ec9711d,b8cc58c9,4,0,4,0,
Lions,13,25,0,e66732f8,7ec9711d,b8cc58c9,1,0,1,0,
Lions,14,25,0,e66732f8,7cb2d9d2,b8cc58c9,0,0,0,0,
Lions,15,26,0,e66732f8,7cb2d9d2,b8cc58c9,1,0,1,0,
Lions,16,26,0,b8cc58c9,7cb2d9d2,e66732f8,0,0,0,0,
Lions,17,26,0,b8cc58c9,7cb2d9d2,e66732f8,0,0,0,0,
Lions,18,26,1,b8cc58c9,7cb2d9d2,e66732f8,0,0,0,1,caught
Lions,19,30,1,e66732f8,7cb2d9d2,9ffd1ac1,4,0,4,0,
Lions,20,33,1,9ffd1ac1,ab6b1c45,e66732f8,3,0,3,0,
Lions,21,37,1,e66732f8,ab6b1c45,9ffd1ac1,4,0,4,0,
Lions,22,38,1,e66732f8,ab6b1c45,9ffd1ac1,1,0,1,0,
Lions,23,44,1,9ffd1ac1,ab6b1c45,e66732f8,6,0,6,0,
Lions,24,45,1,9ffd1ac1,ab6b1c45,e66732f8,1,0,1,0,
Lions,25,46,1,e66732f8,ab6b1c45,9ffd1ac1,1,0,1,0,
Lions,26,46,1,e66732f8,7cb2d9d2,9ffd1ac1,0,0,0,0,
Lions,27,46,1,e66732f8,7cb2d9d2,9ffd1ac1,0,0,0,0,
Lions,28,50,1,e66732f8,7cb2d9d2,9ffd1ac1,4,0,4,0,
Lions,29,52,1,e66732f8,7cb2d9d2,9ffd1ac1,2,0,2,0,
Lions,30,52,2,e66732f8,7cb2d9d2,9ffd1ac1,0,0,0,1,caught and bowled
Lions,31,53,2,9948e262,7cb2d9d2,9ffd1ac1,1,0,1,0,
Lions,32,54,2,9948e262,0b60eb09,9ffd1ac1,1,0,1,0,
Lions,33,54,2,9ffd1ac1,0b60eb09,9948e262,0,0,0,0,
Lions,34,55,2,9ffd1ac1,0b60eb09,9948e262,1,0,1,0,
Lions,35,59,2,9948e262,0b60eb09,9ffd1ac1,4,0,4,0,
Lions,36,60,2,9948e262,0b60eb09,9ffd1ac1,1,0,1,0,
Lions,37,60,2,9ffd1ac1,0b60eb09,9948e262,0,0,0,0,
Lions,38,61,2,9948e262,7cb2d9d2,9ffd1ac1,1,0,1,0,
Lions,39,61,2,9ffd1ac1,7cb2d9d2,9948e262,0,0,0,0,
Lions,40,62,2,9ffd1ac1,7cb2d9d2,9948e262,1,0,1,0,
Lions,41,62,2,9948e262,7cb2d9d2,9ffd1ac1,0,0,0,0,
Lions,42,63,2,9948e262,7cb2d9d2,9ffd1ac1,1,0,1,0,
Lions,43,63,2,9ffd1ac1,7cb2d9d2,9948e262,0,0,0,0,
Lions,44,67,2,9948e262,0b60eb09,9ffd1ac1,4,0,4,0,
Lions,45,67,2,9948e262,0b60eb09,9ffd1ac1,0,0,0,0,
Lions,46,68,2,9948e262,0b60eb09,9ffd1ac1,0,1,1,0,
Lions,47,72,2,9948e262,0b60eb09,9ffd1ac1,4,0,4,0,
Lions,48,72,2,9948e262,0b60eb09,9ffd1ac1,0,0,0,0,
Lions,49,72,2,9948e262,0b60eb09,9ffd1ac1,0,0,0,0,
Lions,50,73,2,9948e262,0b60eb09,9ffd1ac1,1,0,1,0,
Lions,51,73,2,9948e262,7dfb8890,9ffd1ac1,0,0,0,0,
Lions,52,79,2,9948e262,7dfb8890,9ffd1ac1,6,0,6,0,
Lions,53,80,2,9948e262,7dfb8890,9ffd1ac1,1,0,1,0,
Lions,54,81,2,9ffd1ac1,7dfb8890,9948e262,1,0,1,0,
Lions,55,82,2,9948e262,7dfb8890,9ffd1ac1,1,0,1,0,
Lions,56,84,2,9ffd1ac1,7dfb8890,9948e262,2,0,2,0,
Lions,57,86,2,9948e262,0b60eb09,9ffd1ac1,2,0,2,0,
Lions,58,86,2,9948e262,0b60eb09,9ffd1ac1,0,0,0,0,
Lions,59,86,2,9948e262,0b60eb09,9ffd1ac1,0,0,0,0,
Lions,60,86,2,9948e262,0b60eb09,9ffd1ac1,0,0,0,0,
Lions,61,87,2,9948e262,0b60eb09,9ffd1ac1,1,0,1,0,
Lions,62,89,2,9ffd1ac1,0b60eb09,9948e262,2,0,2,0,
Lions,63,89,2,9948e262,ab6b1c45,9ffd1ac1,0,0,0,0,
Lions,64,90,2,9948e262,ab6b1c45,9ffd1ac1,1,0,1,0,
Lions,65,91,2,9ffd1ac1,ab6b1c45,9948e262,1,0,1,0,
Lions,66,91,2,9948e262,ab6b1c45,9ffd1ac1,0,0,0,0,
Lions,67,92,2,9948e262,ab6b1c45,9ffd1ac1,1,0,1,0,
Lions,68,92,2,9ffd1ac1,ab6b1c45,9948e262,0,0,0,0,
Lions,69,93,2,9948e262,7ec9711d,9ffd1ac1,1,0,1,0,
Lions,70,94,2,9ffd1ac1,7ec9711d,9948e262,1,0,1,0,
Lions,71,95,2,9948e262,7ec9711d,9ffd1ac1,1,0,1,0,
Lions,72,96,2,9ffd1ac1,7ec9711d,9948e262,1,0,1,0,
Lions,73,97,2,9948e262,7ec9711d,9ffd1ac1,1,0,1,0,
Lions,74,103,2,9ffd1ac1,7ec9711d,9948e262,6,0,6,0,
Lions,75,104,2,9948e262,8b248d88,9ffd1ac1,1,0,1,0,
Lions,76,105,2,9ffd1ac1,8b248d88,9948e262,1,0,1,0,
Lions,77,105,2,9948e262,8b248d88,9ffd1ac1,0,0,0,0,
Lions,78,111,2,9948e262,8b248d88,9ffd1ac1,6,0,6,0,
Lions,79,112,2,9948e262,8b248d88,9ffd1ac1,1,0,1,0,
Lions,80,113,2,9ffd1ac1,8b248d88,9948e262,1,0,1,0,
Lions,81,114,2,9ffd1ac1,0b60eb09,9948e262,1,0,1,0,
Lions,82,115,2,9948e262,0b60eb09,9ffd1ac1,1,0,1,0,
Lions,83,117,2,9ffd1ac1,0b60eb09,9948e262,2,0,2,0,
Lions,84,118,2,9ffd1ac1,0b60eb09,9948e262,1,0,1,0,
Lions,85,119,2,9948e262,0b60eb09,9ffd1ac1,1,0,1,0,
Lions,86,120,2,9ffd1ac1,0b60eb09,9948e262,1,0,1,0,
Lions,87,122,2,9ffd1ac1,7cb2d9d2,9948e262,2,0,2,0,
Lions,88,122,2,9ffd1ac1,7cb2d9d2,9948e262,0,0,0,0,
Lions,89,123,2,9ffd1ac1,7cb2d9d2,9948e262,1,0,1,0,
Lions,90,124,2,9948e262,7cb2d9d2,9ffd1ac1,1,0,1,0,
Lions,91,125,2,9ffd1ac1,7cb2d9d2,9948e262,1,0,1,0,
Lions,92,127,2,9948e262,7cb2d9d2,9ffd1ac1,2,0,2,0,
Lions,93,128,2,9ffd1ac1,7dfb8890,9948e262,1,0,1,0,
Lions,94,128,2,9948e262,7dfb8890,9ffd1ac1,0,0,0,0,
Lions,95,129,2,9948e262,7dfb8890,9ffd1ac1,1,0,1,0,
Lions,96,130,2,9ffd1ac1,7dfb8890,9948e262,1,0,1,0,
Lions,97,134,2,9948e262,7dfb8890,9ffd1ac1,4,0,4,0,
Lions,98,135,2,9948e262,7dfb8890,9ffd1ac1,1,0,1,0,
Lions,99,136,2,9948e262,ab6b1c45,9ffd1ac1,1,0,1,0,
Lions,100,137,2,9ffd1ac1,ab6b1c45,9948e262,1,0,1,0,
Lions,101,138,2,9948e262,ab6b1c45,9ffd1ac1,1,0,1,0,
Lions,102,139,2,9ffd1ac1,ab6b1c45,9948e262,1,0,1,0,
Lions,103,145,2,9948e262,ab6b1c45,9ffd1ac1,6,0,6,0,
Lions,104,149,2,9948e262,ab6b1c45,9ffd1ac1,4,0,4,0,
Lions,105,153,2,9ffd1ac1,8b248d88,9948e262,4,0,4,0,
Lions,106,154,2,9ffd1ac1,8b248d88,9948e262,1,0,1,0,
Lions,107,155,2,9948e262,8b248d88,9ffd1ac1,1,0,1,0,
Lions,108,156,2,9ffd1ac1,8b248d88,9948e262,1,0,1,0,
Lions,109,157,2,9948e262,8b248d88,9ffd1ac1,1,0,1,0,
Lions,110,157,2,9ffd1ac1,8b248d88,9948e262,0,0,0,0,
Lions,111,158,2,9948e262,7dfb8890,9ffd1ac1,1,0,1,0,
Lions,112,162,2,9ffd1ac1,7dfb8890,9948e262,4,0,4,0,
Lions,113,163,2,9ffd1ac1,7dfb8890,9948e262,1,0,1,0,
Lions,114,164,2,9948e262,7dfb8890,9ffd1ac1,1,0,1,0,
