batting_team,ball_number,total_team_runs,total_team_wickets,striker_ID,bowler_ID,nonstriker_ID,batter_runs,extras_runs,total_delivery_runs,wicket,wicket_type
Puducherry,1,1,0,7daedf2f,481dd6dc,37fec668,0,1,1,0,
Puducherry,2,1,0,7daedf2f,481dd6dc,37fec668,0,0,0,0,
Puducherry,3,2,0,7daedf2f,481dd6dc,37fec668,1,0,1,0,
Puducherry,4,2,0,37fec668,481dd6dc,7daedf2f,0,0,0,0,
Puducherry,5,2,0,37fec668,481dd6dc,7daedf2f,0,0,0,0,
Puducherry,6,2,0,37fec668,481dd6dc,7daedf2f,0,0,0,0,
Puducherry,7,2,0,37fec668,481dd6dc,7daedf2f,0,0,0,0,
Puducherry,8,2,0,7daedf2f,6b394eaa,37fec668,0,0,0,0,
Puducherry,9,3,0,7daedf2f,6b394eaa,37fec668,1,0,1,0,
Puducherry,10,4,0,37fec668,6b394eaa,7daedf2f,1,0,1,0,
Puducherry,11,4,0,7daedf2f,6b394eaa,37fec668,0,0,0,0,
Puducherry,12,4,0,7daedf2f,6b394eaa,37fec668,0,0,0,0,
Puducherry,13,7,0,7daedf2f,6b394eaa,37fec668,3,0,3,0,
Puducherry,14,8,0,7daedf2f,481dd6dc,37fec668,1,0,1,0,
Puducherry,15,8,0,37fec668,481dd6dc,7daedf2f,0,0,0,0,
Puducherry,16,8,0,37fec668,481dd6dc,7daedf2f,0,0,0,0,
Puducherry,17,8,0,37fec668,481dd6dc,7daedf2f,0,0,0,0,
Puducherry,18,12,0,37fec668,481dd6dc,7daedf2f,4,0,4,0,
Puducherry,19,12,0,37fec668,481dd6dc,7daedf2f,0,0,0,0,
Puducherry,20,14,0,7daedf2f,6b394eaa,37fec668,2,0,2,0,
Puducherry,21,18,0,7daedf2f,6b394eaa,37fec668,4,0,4,0,
Puducherry,22,18,0,7daedf2f,6b394eaa,37fec668,0,0,0,0,
Puducherry,23,22,0,7daedf2f,6b394eaa,37fec668,4,0,4,0,
Puducherry,24,22,0,7daedf2f,6b394eaa,37fec668,0,0,0,0,
Puducherry,25,23,0,7daedf2f,6b394eaa,37fec668,1,0,1,0,
Puducherry,26,24,0,7daedf2f,33ffc3dd,37fec668,1,0,1,0,
Puducherry,27,24,0,37fec668,33ffc3dd,7daedf2f,0,0,0,0,
Puducherry,28,24,0,37fec668,33ffc3dd,7daedf2f,0,0,0,0,
Puducherry,29,25,0,37fec668,33ffc3dd,7daedf2f,1,0,1,0,
Puducherry,30,25,0,7daedf2f,33ffc3dd,37fec668,0,0,0,0,
Puducherry,31,29,0,7daedf2f,33ffc3dd,37fec668,4,0,4,0,
Puducherry,32,30,0,37fec668,4da2f572,7daedf2f,0,1,1,0,
Puducherry,33,32,0,37fec668,4da2f572,7daedf2f,2,0,2,0,
Puducherry,34,32,1,37fec668,4da2f572,7daedf2f,0,0,0,1,bowled
Puducherry,35,33,1,2728e7e9,4da2f572,7daedf2f,1,0,1,0,
Puducherry,36,34,1,7daedf2f,4da2f572,2728e7e9,0,1,1,0,
Puducherry,37,34,1,7daedf2f,4da2f572,2728e7e9,0,0,0,0,
Puducherry,38,36,1,7daedf2f,4da2f572,2728e7e9,2,0,2,0,
Puducherry,39,40,1,7daedf2f,4da2f572,2728e7e9,0,4,4,0,
Puducherry,40,42,1,2728e7e9,42046ec9,7daedf2f,2,0,2,0,
Puducherry,41,43,1,2728e7e9,42046ec9,7daedf2f,1,0,1,0,
Puducherry,42,43,1,7daedf2f,42046ec9,2728e7e9,0,0,0,0,
Puducherry,43,47,1,7daedf2f,42046ec9,2728e7e9,4,0,4,0,
Puducherry,44,48,1,7daedf2f,42046ec9,2728e7e9,1,0,1,0,
Puducherry,45,49,1,2728e7e9,42046ec9,7daedf2f,1,0,1,0,
Puducherry,46,50,1,2728e7e9,4da2f572,7daedf2f,1,0,1,0,
Puducherry,47,52,1,7daedf2f,4da2f572,2728e7e9,2,0,2,0,
Puducherry,48,53,1,7daedf2f,4da2f572,2728e7e9,1,0,1,0,
Puducherry,49,54,1,2728e7e9,4da2f572,7daedf2f,1,0,1,0,
Puducherry,50,55,1,7daedf2f,4da2f572,2728e7e9,1,0,1,0,
Puducherry,51,55,1,2728e7e9,4da2f572,7daedf2f,0,0,0,0,
Puducherry,52,56,1,7daedf2f,42046ec9,2728e7e9,1,0,1,0,
Puducherry,53,56,1,2728e7e9,42046ec9,7daedf2f,0,0,0,0,
Puducherry,54,57,1,2728e7e9,42046ec9,7daedf2f,1,0,1,0,
Puducherry,55,58,1,7daedf2f,42046ec9,2728e7e9,1,0,1,0,
Puducherry,56,58,1,2728e7e9,42046ec9,7daedf2f,0,0,0,0,
Puducherry,57,58,1,2728e7e9,42046ec9,7daedf2f,0,0,0,0,
Puducherry,58,64,1,7daedf2f,4da2f572,2728e7e9,6,0,6,0,
Puducherry,59,65,1,7daedf2f,4da2f572,2728e7e9,1,0,1,0,
Puducherry,60,66,1,2728e7e9,4da2f572,7daedf2f,1,0,1,0,
Puducherry,61,66,1,7daedf2f,4da2f572,2728e7e9,0,0,0,0,
Puducherry,62,67,1,7daedf2f,4da2f572,2728e7e9,1,0,1,0,
Puducherry,63,68,1,2728e7e9,4da2f572,7daedf2f,1,0,1,0,
Puducherry,64,69,1,2728e7e9,33ffc3dd,7daedf2f,1,0,1,0,
Puducherry,65,73,1,7daedf2f,33ffc3dd,2728e7e9,4,0,4,0,
Puducherry,66,74,1,7daedf2f,33ffc3dd,2728e7e9,1,0,1,0,
Puducherry,67,74,1,2728e7e9,33ffc3dd,7daedf2f,0,0,0,0,
Puducherry,68,75,1,2728e7e9,33ffc3dd,7daedf2f,1,0,1,0,
Puducherry,69,76,1,7daedf2f,33ffc3dd,2728e7e9,1,0,1,0,
Puducherry,70,76,1,7daedf2f,791a65ce,2728e7e9,0,0,0,0,
Puducherry,71,76,1,7daedf2f,791a65ce,2728e7e9,0,0,0,0,
Puducherry,72,77,1,7daedf2f,791a65ce,2728e7e9,1,0,1,0,
Puducherry,73,77,1,2728e7e9,791a65ce,7daedf2f,0,0,0,0,
Puducherry,74,78,1,2728e7e9,791a65ce,7daedf2f,1,0,1,0,
Puducherry,75,79,1,7daedf2f,791a65ce,2728e7e9,1,0,1,0,
Puducherry,76,80,1,7daedf2f,42046ec9,2728e7e9,1,0,1,0,
Puducherry,77,80,2,2728e7e9,42046ec9,7daedf2f,0,0,0,1,caught
Puducherry,78,81,2,8b470bea,42046ec9,7daedf2f,1,0,1,0,
Puducherry,79,82,2,7daedf2f,42046ec9,8b470bea,1,0,1,0,
Puducherry,80,82,2,8b470bea,42046ec9,7daedf2f,0,0,0,0,
Puducherry,81,83,2,8b470bea,42046ec9,7daedf2f,0,1,1,0,
Puducherry,82,83,3,8b470bea,42046ec9,7daedf2f,0,0,0,1,caught
Puducherry,83,84,3,f705d984,791a65ce,7daedf2f,1,0,1,0,
Puducherry,84,85,3,7daedf2f,791a65ce,f705d984,1,0,1,0,
Puducherry,85,86,3,f705d984,791a65ce,7daedf2f,1,0,1,0,
Puducherry,86,86,3,7daedf2f,791a65ce,f705d984,0,0,0,0,
Puducherry,87,88,3,7daedf2f,791a65ce,f705d984,2,0,2,0,
Puducherry,88,89,3,7daedf2f,791a65ce,f705d984,1,0,1,0,
Puducherry,89,90,3,7daedf2f,33ffc3dd,f705d984,1,0,1,0,
Puducherry,90,91,3,f705d984,33ffc3dd,7daedf2f,1,0,1,0,
Puducherry,91,93,3,7daedf2f,33ffc3dd,f705d984,2,0,2,0,
Puducherry,92,94,3,7daedf2f,33ffc3dd,f705d984,1,0,1,0,
Puducherry,93,94,3,f705d984,33ffc3dd,7daedf2f,0,0,0,0,
Puducherry,94,94,3,f705d984,33ffc3dd,7daedf2f,0,0,0,0,
Puducherry,95,96,3,7daedf2f,42046ec9,f705d984,2,0,2,0,
Puducherry,96,97,3,7daedf2f,42046ec9,f705d984,0,1,1,0,
Puducherry,97,98,3,7daedf2f,42046ec9,f705d984,1,0,1,0,
Puducherry,98,98,4,f705d984,42046ec9,7daedf2f,0,0,0,1,caught
Puducherry,99,98,4,41eb4a4f,42046ec9,7daedf2f,0,0,0,0,
Puducherry,100,98,4,41eb4a4f,42046ec9,7daedf2f,0,0,0,0,
Puducherry,101,98,4,41eb4a4f,42046ec9,7daedf2f,0,0,0,0,
Puducherry,102,98,4,7daedf2f,33ffc3dd,41eb4a4f,0,0,0,0,
Puducherry,103,99,4,7daedf2f,33ffc3dd,41eb4a4f,1,0,1,0,
Puducherry,104,100,4,41eb4a4f,33ffc3dd,7daedf2f,1,0,1,0,
Puducherry,105,106,4,7daedf2f,33ffc3dd,41eb4a4f,6,0,6,0,
Puducherry,106,107,4,7daedf2f,33ffc3dd,41eb4a4f,1,0,1,0,
Puducherry,107,108,4,41eb4a4f,33ffc3dd,7daedf2f,1,0,1,0,
Puducherry,108,109,4,41eb4a4f,481dd6dc,7daedf2f,1,0,1,0,
Puducherry,109,110,4,7daedf2f,481dd6dc,41eb4a4f,1,0,1,0,
Puducherry,110,111,4,41eb4a4f,481dd6dc,7daedf2f,1,0,1,0,
Puducherry,111,112,4,7daedf2f,481dd6dc,41eb4a4f,0,1,1,0,
Puducherry,112,112,4,41eb4a4f,481dd6dc,7daedf2f,0,0,0,0,
Puducherry,113,112,4,41eb4a4f,481dd6dc,7daedf2f,0,0,0,0,
Puducherry,114,112,4,7daedf2f,4da2f572,41eb4a4f,0,0,0,0,
Puducherry,115,112,5,7daedf2f,4da2f572,41eb4a4f,0,0,0,1,bowled
Puducherry,116,113,5,ee2ac9d7,4da2f572,41eb4a4f,1,0,1,0,
Puducherry,117,113,6,41eb4a4f,4da2f572,ee2ac9d7,0,0,0,1,caught and bowled
Puducherry,118,114,6,ee2ac9d7,4da2f572,177eb92d,1,0,1,0,
Puducherry,119,114,6,177eb92d,4da2f572,ee2ac9d7,0,0,0,0,
Puducherry,120,115,6,ee2ac9d7,481dd6dc,177eb92d,1,0,1,0,
Puducherry,121,116,6,177eb92d,481dd6dc,ee2ac9d7,0,1,1,0,
Puducherry,122,117,6,ee2ac9d7,481dd6dc,177eb92d,1,0,1,0,
Puducherry,123,118,6,177eb92d,481dd6dc,ee2ac9d7,1,0,1,0,
Puducherry,124,124,6,ee2ac9d7,481dd6dc,177eb92d,6,0,6,0,
Puducherry,125,126,6,ee2ac9d7,481dd6dc,177eb92d,2,0,2,0,
Meghalaya,1,0,0,2df87089,502056e3,af9abd34,0,0,0,0,
Meghalaya,2,0,0,2df87089,502056e3,af9abd34,0,0,0,0,
Meghalaya,3,0,0,2df87089,502056e3,af9abd34,0,0,0,0,
Meghalaya,4,1,0,2df87089,502056e3,af9abd34,1,0,1,0,
Meghalaya,5,1,0,af9abd34,502056e3,2df87089,0,0,0,0,
Meghalaya,6,2,0,af9abd34,502056e3,2df87089,1,0,1,0,
Meghalaya,7,2,0,af9abd34,f705d984,2df87089,0,0,0,0,
Meghalaya,8,2,0,af9abd34,f705d984,2df87089,0,0,0,0,
Meghalaya,9,4,0,af9abd34,f705d984,2df87089,2,0,2,0,
Meghalaya,10,4,0,af9abd34,f705d984,2df87089,0,0,0,0,
Meghalaya,11,4,0,af9abd34,f705d984,2df87089,0,0,0,0,
Meghalaya,12,4,0,af9abd34,f705d984,2df87089,0,0,0,0,
Meghalaya,13,5,0,2df87089,502056e3,af9abd34,1,0,1,0,
Meghalaya,14,7,0,af9abd34,502056e3,2df87089,2,0,2,0,
Meghalaya,15,7,0,af9abd34,502056e3,2df87089,0,0,0,0,
Meghalaya,16,7,0,af9abd34,502056e3,2df87089,0,0,0,0,
Meghalaya,17,8,0,af9abd34,502056e3,2df87089,0,1,1,0,
Meghalaya,18,8,0,2df87089,502056e3,af9abd34,0,0,0,0,
Meghalaya,19,8,0,af9abd34,f705d984,2df87089,0,0,0,0,
Meghalaya,20,9,0,af9abd34,f705d984,2df87089,1,0,1,0,
Meghalaya,21,9,0,2df87089,f705d984,af9abd34,0,0,0,0,
Meghalaya,22,10,0,2df87089,f705d984,af9abd34,1,0,1,0,
Meghalaya,23,11,0,af9abd34,f705d984,2df87089,1,0,1,0,
Meghalaya,24,11,0,2df87089,f705d984,af9abd34,0,0,0,0,
Meghalaya,25,11,1,af9abd34,41eb4a4f,2df87089,0,0,0,1,caught
Meghalaya,26,11,1,310bddc0,41eb4a4f,2df87089,0,0,0,0,
Meghalaya,27,12,1,310bddc0,41eb4a4f,2df87089,1,0,1,0,
Meghalaya,28,14,1,2df87089,41eb4a4f,310bddc0,2,0,2,0,
Meghalaya,29,14,1,2df87089,41eb4a4f,310bddc0,0,0,0,0,
Meghalaya,30,14,1,2df87089,41eb4a4f,310bddc0,0,0,0,0,
Meghalaya,31,14,1,310bddc0,8db0c0e1,2df87089,0,0,0,0,
Meghalaya,32,14,2,310bddc0,8db0c0e1,2df87089,0,0,0,1,caught
Meghalaya,33,14,2,b720a5d6,8db0c0e1,2df87089,0,0,0,0,
Meghalaya,34,14,2,b720a5d6,8db0c0e1,2df87089,0,0,0,0,
Meghalaya,35,14,2,b720a5d6,8db0c0e1,2df87089,0,0,0,0,
Meghalaya,36,14,2,b720a5d6,8db0c0e1,2df87089,0,0,0,0,
Meghalaya,37,14,3,2df87089,41eb4a4f,b720a5d6,0,0,0,1,caught
Meghalaya,38,14,3,b720a5d6,41eb4a4f,33ffc3dd,0,0,0,0,
Meghalaya,39,14,3,b720a5d6,41eb4a4f,33ffc3dd,0,0,0,0,
Meghalaya,40,14,3,b720a5d6,41eb4a4f,33ffc3dd,0,0,0,0,
Meghalaya,41,15,3,b720a5d6,41eb4a4f,33ffc3dd,1,0,1,0,
Meghalaya,42,15,3,33ffc3dd,41eb4a4f,b720a5d6,0,0,0,0,
Meghalaya,43,16,3,b720a5d6,f705d984,33ffc3dd,1,0,1,0,
Meghalaya,44,16,3,33ffc3dd,f705d984,b720a5d6,0,0,0,0,
Meghalaya,45,17,3,33ffc3dd,f705d984,b720a5d6,1,0,1,0,
Meghalaya,46,18,3,b720a5d6,f705d984,33ffc3dd,1,0,1,0,
Meghalaya,47,19,3,33ffc3dd,f705d984,b720a5d6,1,0,1,0,
Meghalaya,48,20,3,b720a5d6,f705d984,33ffc3dd,1,0,1,0,
Meghalaya,49,20,3,b720a5d6,21d38d47,33ffc3dd,0,0,0,0,
Meghalaya,50,24,3,b720a5d6,21d38d47,33ffc3dd,4,0,4,0,
Meghalaya,51,25,3,b720a5d6,21d38d47,33ffc3dd,1,0,1,0,
Meghalaya,52,26,3,33ffc3dd,21d38d47,b720a5d6,1,0,1,0,
Meghalaya,53,27,3,b720a5d6,21d38d47,33ffc3dd,1,0,1,0,
Meghalaya,54,28,3,33ffc3dd,21d38d47,b720a5d6,1,0,1,0,
Meghalaya,55,29,3,33ffc3dd,8db0c0e1,b720a5d6,1,0,1,0,
Meghalaya,56,29,3,b720a5d6,8db0c0e1,33ffc3dd,0,0,0,0,
Meghalaya,57,33,3,b720a5d6,8db0c0e1,33ffc3dd,4,0,4,0,
Meghalaya,58,34,3,b720a5d6,8db0c0e1,33ffc3dd,1,0,1,0,
Meghalaya,59,35,3,33ffc3dd,8db0c0e1,b720a5d6,1,0,1,0,
Meghalaya,60,36,3,b720a5d6,8db0c0e1,33ffc3dd,1,0,1,0,
Meghalaya,61,37,3,b720a5d6,41eb4a4f,33ffc3dd,1,0,1,0,
Meghalaya,62,39,3,33ffc3dd,41eb4a4f,b720a5d6,2,0,2,0,
Meghalaya,63,39,3,33ffc3dd,41eb4a4f,b720a5d6,0,0,0,0,
Meghalaya,64,40,3,33ffc3dd,41eb4a4f,b720a5d6,1,0,1,0,
Meghalaya,65,41,3,b720a5d6,41eb4a4f,33ffc3dd,1,0,1,0,
Meghalaya,66,42,3,33ffc3dd,41eb4a4f,b720a5d6,0,1,1,0,
Meghalaya,67,42,3,33ffc3dd,41eb4a4f,b720a5d6,0,0,0,0,
Meghalaya,68,43,3,b720a5d6,21d38d47,33ffc3dd,1,0,1,0,
Meghalaya,69,45,3,33ffc3dd,21d38d47,b720a5d6,2,0,2,0,
Meghalaya,70,46,3,33ffc3dd,21d38d47,b720a5d6,1,0,1,0,
Meghalaya,71,47,3,b720a5d6,21d38d47,33ffc3dd,0,1,1,0,
Meghalaya,72,48,3,b720a5d6,21d38d47,33ffc3dd,1,0,1,0,
Meghalaya,73,49,3,33ffc3dd,21d38d47,b720a5d6,1,0,1,0,
Meghalaya,74,50,3,b720a5d6,21d38d47,33ffc3dd,1,0,1,0,
Meghalaya,75,50,3,b720a5d6,f705d984,33ffc3dd,0,0,0,0,
Meghalaya,76,51,3,b720a5d6,f705d984,33ffc3dd,1,0,1,0,
Meghalaya,77,52,3,33ffc3dd,f705d984,b720a5d6,1,0,1,0,
Meghalaya,78,53,3,b720a5d6,f705d984,33ffc3dd,1,0,1,0,
Meghalaya,79,54,3,33ffc3dd,f705d984,b720a5d6,1,0,1,0,
Meghalaya,80,58,3,b720a5d6,f705d984,33ffc3dd,4,0,4,0,
Meghalaya,81,64,3,33ffc3dd,502056e3,b720a5d6,6,0,6,0,
Meghalaya,82,64,3,33ffc3dd,502056e3,b720a5d6,0,0,0,0,
Meghalaya,83,64,3,33ffc3dd,502056e3,b720a5d6,0,0,0,0,
Meghalaya,84,65,3,33ffc3dd,502056e3,b720a5d6,1,0,1,0,
Meghalaya,85,65,3,b720a5d6,502056e3,33ffc3dd,0,0,0,0,
Meghalaya,86,66,3,b720a5d6,502056e3,33ffc3dd,1,0,1,0,
Meghalaya,87,67,3,b720a5d6,21d38d47,33ffc3dd,1,0,1,0,
Meghalaya,88,68,3,33ffc3dd,21d38d47,b720a5d6,1,0,1,0,
Meghalaya,89,69,3,b720a5d6,21d38d47,33ffc3dd,1,0,1,0,
Meghalaya,90,69,3,33ffc3dd,21d38d47,b720a5d6,0,0,0,0,
Meghalaya,91,70,3,33ffc3dd,21d38d47,b720a5d6,1,0,1,0,
Meghalaya,92,71,3,b720a5d6,21d38d47,33ffc3dd,1,0,1,0,
Meghalaya,93,71,3,b720a5d6,8db0c0e1,33ffc3dd,0,0,0,0,
Meghalaya,94,71,3,b720a5d6,8db0c0e1,33ffc3dd,0,0,0,0,
Meghalaya,95,72,3,b720a5d6,8db0c0e1,33ffc3dd,1,0,1,0,
Meghalaya,96,73,3,33ffc3dd,8db0c0e1,b720a5d6,1,0,1,0,
Meghalaya,97,77,3,b720a5d6,8db0c0e1,33ffc3dd,4,0,4,0,
Meghalaya,98,77,3,b720a5d6,8db0c0e1,33ffc3dd,0,0,0,0,
Meghalaya,99,78,3,33ffc3dd,502056e3,b720a5d6,1,0,1,0,
Meghalaya,100,80,3,b720a5d6,502056e3,33ffc3dd,2,0,2,0,
Meghalaya,101,80,3,b720a5d6,502056e3,33ffc3dd,0,0,0,0,
Meghalaya,102,81,3,b720a5d6,502056e3,33ffc3dd,1,0,1,0,
Meghalaya,103,82,3,33ffc3dd,502056e3,b720a5d6,1,0,1,0,
Meghalaya,104,83,3,b720a5d6,502056e3,33ffc3dd,1,0,1,0,
Meghalaya,105,84,3,b720a5d6,8db0c0e1,33ffc3dd,1,0,1,0,
Meghalaya,106,88,3,33ffc3dd,8db0c0e1,b720a5d6,4,0,4,0,
Meghalaya,107,88,4,33ffc3dd,8db0c0e1,b720a5d6,0,0,0,1,caught
Meghalaya,108,90,4,481dd6dc,8db0c0e1,b720a5d6,2,0,2,0,
Meghalaya,109,91,4,481dd6dc,8db0c0e1,b720a5d6,1,0,1,0,
Meghalaya,110,92,4,b720a5d6,8db0c0e1,481dd6dc,1,0,1,0,
Meghalaya,111,96,4,b720a5d6,41eb4a4f,481dd6dc,4,0,4,0,
Meghalaya,112,96,4,b720a5d6,41eb4a4f,481dd6dc,0,0,0,0,
Meghalaya,113,96,4,b720a5d6,41eb4a4f,481dd6dc,0,0,0,0,
Meghalaya,114,100,4,b720a5d6,41eb4a4f,481dd6dc,4,0,4,0,
Meghalaya,115,101,4,b720a5d6,41eb4a4f,481dd6dc,1,0,1,0,
Meghalaya,116,102,4,481dd6dc,41eb4a4f,b720a5d6,1,0,1,0,
Meghalaya,117,103,4,481dd6dc,21d38d47,b720a5d6,1,0,1,0,
Meghalaya,118,103,5,b720a5d6,21d38d47,481dd6dc,0,0,0,1,caught
Meghalaya,119,105,5,481dd6dc,21d38d47,42046ec9,2,0,2,0,
Meghalaya,120,105,6,481dd6dc,21d38d47,42046ec9,0,0,0,1,caught
Meghalaya,121,106,6,42046ec9,21d38d47,791a65ce,1,0,1,0,
Meghalaya,122,107,6,791a65ce,21d38d47,42046ec9,1,0,1,0,
