batting_team,ball_number,total_team_runs,total_team_wickets,striker_ID,bowler_ID,nonstriker_ID,batter_runs,extras_runs,total_delivery_runs,wicket,wicket_type
West Indies,1,0,0,6fd0c8e1,f19ccfad,0ebfb1ad,0,0,0,0,
West Indies,2,0,1,6fd0c8e1,f19ccfad,0ebfb1ad,0,0,0,1,caught
West Indies,3,0,1,3241e3fd,f19ccfad,0ebfb1ad,0,0,0,0,
West Indies,4,1,1,3241e3fd,f19ccfad,0ebfb1ad,1,0,1,0,
West Indies,5,1,1,0ebfb1ad,f19ccfad,3241e3fd,0,0,0,0,
West Indies,6,6,1,0ebfb1ad,f19ccfad,3241e3fd,0,5,5,0,
West Indies,7,6,1,0ebfb1ad,f19ccfad,3241e3fd,0,0,0,0,
West Indies,8,6,1,3241e3fd,2e81a32d,0ebfb1ad,0,0,0,0,
West Indies,9,7,1,3241e3fd,2e81a32d,0ebfb1ad,0,1,1,0,
West Indies,10,7,1,3241e3fd,2e81a32d,0ebfb1ad,0,0,0,0,
West Indies,11,7,1,3241e3fd,2e81a32d,0ebfb1ad,0,0,0,0,
West Indies,12,8,1,3241e3fd,2e81a32d,0ebfb1ad,1,0,1,0,
West Indies,13,8,1,0ebfb1ad,2e81a32d,3241e3fd,0,0,0,0,
West Indies,14,8,2,0ebfb1ad,2e81a32d,3241e3fd,0,0,0,1,bowled
West Indies,15,12,2,3241e3fd,f19ccfad,a757b0d8,4,0,4,0,
West Indies,16,18,2,3241e3fd,f19ccfad,a757b0d8,6,0,6,0,
West Indies,17,18,2,3241e3fd,f19ccfad,a757b0d8,0,0,0,0,
West Indies,18,18,2,3241e3fd,f19ccfad,a757b0d8,0,0,0,0,
West Indies,19,18,2,3241e3fd,f19ccfad,a757b0d8,0,0,0,0,
West Indies,20,20,2,3241e3fd,f19ccfad,a757b0d8,2,0,2,0,
West Indies,21,20,2,a757b0d8,2e81a32d,3241e3fd,0,0,0,0,
West Indies,22,22,2,a757b0d8,2e81a32d,3241e3fd,2,0,2,0,
West Indies,23,22,2,a757b0d8,2e81a32d,3241e3fd,0,0,0,0,
West Indies,24,22,2,a757b0d8,2e81a32d,3241e3fd,0,0,0,0,
West Indies,25,22,2,a757b0d8,2e81a32d,3241e3fd,0,0,0,0,
West Indies,26,22,2,a757b0d8,2e81a32d,3241e3fd,0,0,0,0,
West Indies,27,22,2,3241e3fd,21d4e29b,a757b0d8,0,0,0,0,
West Indies,28,28,2,3241e3fd,21d4e29b,a757b0d8,6,0,6,0,
West Indies,29,28,2,3241e3fd,21d4e29b,a757b0d8,0,0,0,0,
West Indies,30,28,3,3241e3fd,21d4e29b,a757b0d8,0,0,0,1,caught
West Indies,31,28,4,48a1d7b7,21d4e29b,a757b0d8,0,0,0,1,bowled
West Indies,32,28,4,650d5e49,21d4e29b,a757b0d8,0,0,0,0,
West Indies,33,28,4,a757b0d8,a2f46292,650d5e49,0,0,0,0,
West Indies,34,29,4,a757b0d8,a2f46292,650d5e49,1,0,1,0,
West Indies,35,29,4,650d5e49,a2f46292,a757b0d8,0,0,0,0,
West Indies,36,33,4,650d5e49,a2f46292,a757b0d8,4,0,4,0,
West Indies,37,33,4,650d5e49,a2f46292,a757b0d8,0,0,0,0,
West Indies,38,33,5,650d5e49,a2f46292,a757b0d8,0,0,0,1,caught
West Indies,39,33,5,a757b0d8,21d4e29b,e342e5fb,0,0,0,0,
West Indies,40,33,5,a757b0d8,21d4e29b,e342e5fb,0,0,0,0,
West Indies,41,33,5,a757b0d8,21d4e29b,e342e5fb,0,0,0,0,
West Indies,42,33,5,a757b0d8,21d4e29b,e342e5fb,0,0,0,0,
West Indies,43,33,5,a757b0d8,21d4e29b,e342e5fb,0,0,0,0,
West Indies,44,34,5,a757b0d8,21d4e29b,e342e5fb,0,1,1,0,
West Indies,45,34,5,a757b0d8,21d4e29b,e342e5fb,0,0,0,0,
West Indies,46,34,5,e342e5fb,a2f46292,a757b0d8,0,0,0,0,
West Indies,47,35,5,e342e5fb,a2f46292,a757b0d8,1,0,1,0,
West Indies,48,36,5,a757b0d8,a2f46292,e342e5fb,1,0,1,0,
West Indies,49,37,5,e342e5fb,a2f46292,a757b0d8,1,0,1,0,
West Indies,50,37,5,a757b0d8,a2f46292,e342e5fb,0,0,0,0,
West Indies,51,37,5,a757b0d8,a2f46292,e342e5fb,0,0,0,0,
West Indies,52,37,5,e342e5fb,5b8c830e,a757b0d8,0,0,0,0,
West Indies,53,37,5,e342e5fb,5b8c830e,a757b0d8,0,0,0,0,
West Indies,54,37,5,e342e5fb,5b8c830e,a757b0d8,0,0,0,0,
West Indies,55,38,5,e342e5fb,5b8c830e,a757b0d8,1,0,1,0,
West Indies,56,42,5,a757b0d8,5b8c830e,e342e5fb,4,0,4,0,
West Indies,57,43,5,a757b0d8,5b8c830e,e342e5fb,1,0,1,0,
West Indies,58,43,5,a757b0d8,fe93fd9d,e342e5fb,0,0,0,0,
West Indies,59,44,5,a757b0d8,fe93fd9d,e342e5fb,1,0,1,0,
West Indies,60,44,5,e342e5fb,fe93fd9d,a757b0d8,0,0,0,0,
West Indies,61,44,5,e342e5fb,fe93fd9d,a757b0d8,0,0,0,0,
West Indies,62,44,5,e342e5fb,fe93fd9d,a757b0d8,0,0,0,0,
West Indies,63,45,5,e342e5fb,fe93fd9d,a757b0d8,1,0,1,0,
West Indies,64,45,5,e342e5fb,5b8c830e,a757b0d8,0,0,0,0,
West Indies,65,45,5,e342e5fb,5b8c830e,a757b0d8,0,0,0,0,
West Indies,66,45,5,e342e5fb,5b8c830e,a757b0d8,0,0,0,0,
West Indies,67,45,5,e342e5fb,5b8c830e,a757b0d8,0,0,0,0,
West Indies,68,45,5,e342e5fb,5b8c830e,a757b0d8,0,0,0,0,
West Indies,69,45,5,e342e5fb,5b8c830e,a757b0d8,0,0,0,0,
West Indies,70,46,5,a757b0d8,fe93fd9d,e342e5fb,1,0,1,0,
West Indies,71,47,5,e342e5fb,fe93fd9d,a757b0d8,1,0,1,0,
West Indies,72,47,5,a757b0d8,fe93fd9d,e342e5fb,0,0,0,0,
West Indies,73,53,5,a757b0d8,fe93fd9d,e342e5fb,6,0,6,0,
West Indies,74,54,5,a757b0d8,fe93fd9d,e342e5fb,1,0,1,0,
West Indies,75,54,5,e342e5fb,fe93fd9d,a757b0d8,0,0,0,0,
West Indies,76,54,5,a757b0d8,5b8c830e,e342e5fb,0,0,0,0,
West Indies,77,55,5,a757b0d8,5b8c830e,e342e5fb,1,0,1,0,
West Indies,78,56,5,e342e5fb,5b8c830e,a757b0d8,1,0,1,0,
West Indies,79,56,5,a757b0d8,5b8c830e,e342e5fb,0,0,0,0,
West Indies,80,62,5,a757b0d8,5b8c830e,e342e5fb,6,0,6,0,
West Indies,81,63,5,a757b0d8,5b8c830e,e342e5fb,1,0,1,0,
West Indies,82,63,5,a757b0d8,fe93fd9d,e342e5fb,0,0,0,0,
West Indies,83,63,5,a757b0d8,fe93fd9d,e342e5fb,0,0,0,0,
West Indies,84,63,5,a757b0d8,fe93fd9d,e342e5fb,0,0,0,0,
West Indies,85,64,5,a757b0d8,fe93fd9d,e342e5fb,1,0,1,0,
West Indies,86,64,5,e342e5fb,fe93fd9d,a757b0d8,0,0,0,0,
West Indies,87,65,5,e342e5fb,fe93fd9d,a757b0d8,1,0,1,0,
West Indies,88,67,5,e342e5fb,5b8c830e,a757b0d8,2,0,2,0,
West Indies,89,67,6,e342e5fb,5b8c830e,a757b0d8,0,0,0,1,caught and bowled
West Indies,90,67,6,9d430b40,5b8c830e,a757b0d8,0,0,0,0,
West Indies,91,68,6,9d430b40,5b8c830e,a757b0d8,1,0,1,0,
West Indies,92,69,6,a757b0d8,5b8c830e,9d430b40,1,0,1,0,
West Indies,93,70,6,9d430b40,5b8c830e,a757b0d8,1,0,1,0,
West Indies,94,70,7,9d430b40,fe93fd9d,a757b0d8,0,0,0,1,caught
West Indies,95,70,7,75224f22,fe93fd9d,a757b0d8,0,0,0,0,
West Indies,96,70,7,75224f22,fe93fd9d,a757b0d8,0,0,0,0,
West Indies,97,70,7,75224f22,fe93fd9d,a757b0d8,0,0,0,0,
West Indies,98,70,7,75224f22,fe93fd9d,a757b0d8,0,0,0,0,
West Indies,99,70,7,75224f22,fe93fd9d,a757b0d8,0,0,0,0,
West Indies,100,71,7,a757b0d8,2e81a32d,75224f22,1,0,1,0,
West Indies,101,72,7,75224f22,2e81a32d,a757b0d8,1,0,1,0,
West Indies,102,72,7,a757b0d8,2e81a32d,75224f22,0,0,0,0,
West Indies,103,74,7,a757b0d8,2e81a32d,75224f22,2,0,2,0,
West Indies,104,78,7,a757b0d8,2e81a32d,75224f22,4,0,4,0,
West Indies,105,78,7,a757b0d8,2e81a32d,75224f22,0,0,0,0,
West Indies,106,78,7,75224f22,21d4e29b,a757b0d8,0,0,0,0,
West Indies,107,78,7,75224f22,21d4e29b,a757b0d8,0,0,0,0,
West Indies,108,79,7,75224f22,21d4e29b,a757b0d8,1,0,1,0,
West Indies,109,85,7,a757b0d8,21d4e29b,75224f22,6,0,6,0,
West Indies,110,86,7,a757b0d8,21d4e29b,75224f22,1,0,1,0,
West Indies,111,87,7,75224f22,21d4e29b,a757b0d8,0,1,1,0,
West Indies,112,88,7,75224f22,21d4e29b,a757b0d8,1,0,1,0,
West Indies,113,88,8,75224f22,2e81a32d,a757b0d8,0,0,0,1,caught
West Indies,114,88,8,a757b0d8,2e81a32d,a1d053dd,0,0,0,0,
West Indies,115,88,8,a757b0d8,2e81a32d,a1d053dd,0,0,0,0,
West Indies,116,94,8,a757b0d8,2e81a32d,a1d053dd,6,0,6,0,
West Indies,117,95,8,a757b0d8,2e81a32d,a1d053dd,1,0,1,0,
West Indies,118,95,8,a1d053dd,2e81a32d,a757b0d8,0,0,0,0,
West Indies,119,95,8,a757b0d8,21d4e29b,a1d053dd,0,0,0,0,
West Indies,120,95,8,a757b0d8,21d4e29b,a1d053dd,0,0,0,0,
West Indies,121,95,9,a757b0d8,21d4e29b,a1d053dd,0,0,0,1,lbw
West Indies,122,95,9,c6097d68,21d4e29b,a1d053dd,0,0,0,0,
West Indies,123,95,9,c6097d68,21d4e29b,a1d053dd,0,0,0,0,
West Indies,124,95,9,c6097d68,21d4e29b,a1d053dd,0,0,0,0,
India,1,0,0,740742ef,c6097d68,0a476045,0,0,0,0,
India,2,0,0,740742ef,c6097d68,0a476045,0,0,0,0,
India,3,1,0,740742ef,c6097d68,0a476045,1,0,1,0,
India,4,2,0,0a476045,c6097d68,740742ef,1,0,1,0,
India,5,2,0,740742ef,c6097d68,0a476045,0,0,0,0,
India,6,2,0,740742ef,c6097d68,0a476045,0,0,0,0,
India,7,2,0,0a476045,a1d053dd,740742ef,0,0,0,0,
India,8,2,0,0a476045,a1d053dd,740742ef,0,0,0,0,
India,9,3,0,0a476045,a1d053dd,740742ef,0,1,1,0,
India,10,3,0,0a476045,a1d053dd,740742ef,0,0,0,0,
India,11,3,0,0a476045,a1d053dd,740742ef,0,0,0,0,
India,12,4,0,0a476045,a1d053dd,740742ef,0,1,1,0,
India,13,4,0,0a476045,a1d053dd,740742ef,0,0,0,0,
India,14,4,1,0a476045,a1d053dd,740742ef,0,0,0,1,lbw
India,15,4,1,740742ef,c6097d68,ba607b88,0,0,0,0,
India,16,10,1,740742ef,c6097d68,ba607b88,6,0,6,0,
India,17,10,1,740742ef,c6097d68,ba607b88,0,0,0,0,
India,18,11,1,740742ef,c6097d68,ba607b88,1,0,1,0,
India,19,11,1,ba607b88,c6097d68,740742ef,0,0,0,0,
India,20,11,1,ba607b88,c6097d68,740742ef,0,0,0,0,
India,21,11,1,740742ef,a1d053dd,ba607b88,0,0,0,0,
India,22,11,1,740742ef,a1d053dd,ba607b88,0,0,0,0,
India,23,12,1,740742ef,a1d053dd,ba607b88,1,0,1,0,
India,24,13,1,ba607b88,a1d053dd,740742ef,1,0,1,0,
India,25,13,1,740742ef,a1d053dd,ba607b88,0,0,0,0,
India,26,13,1,740742ef,a1d053dd,ba607b88,0,0,0,0,
India,27,14,1,ba607b88,9d430b40,740742ef,1,0,1,0,
India,28,18,1,740742ef,9d430b40,ba607b88,4,0,4,0,
India,29,18,1,740742ef,9d430b40,ba607b88,0,0,0,0,
India,30,18,1,740742ef,9d430b40,ba607b88,0,0,0,0,
India,31,19,1,740742ef,9d430b40,ba607b88,1,0,1,0,
India,32,20,1,ba607b88,9d430b40,740742ef,1,0,1,0,
India,33,21,1,ba607b88,a1d053dd,740742ef,1,0,1,0,
India,34,25,1,740742ef,a1d053dd,ba607b88,4,0,4,0,
India,35,25,1,740742ef,a1d053dd,ba607b88,0,0,0,0,
India,36,31,1,740742ef,a1d053dd,ba607b88,6,0,6,0,
India,37,31,1,740742ef,a1d053dd,ba607b88,0,0,0,0,
India,38,31,1,740742ef,a1d053dd,ba607b88,0,0,0,0,
India,39,32,1,ba607b88,9d430b40,740742ef,1,0,1,0,
India,40,32,1,740742ef,9d430b40,ba607b88,0,0,0,0,
India,41,32,2,740742ef,9d430b40,ba607b88,0,0,0,1,caught
India,42,32,3,919a3be2,9d430b40,ba607b88,0,0,0,1,caught
India,43,33,3,93b4fc78,9d430b40,ba607b88,1,0,1,0,
India,44,33,3,ba607b88,9d430b40,93b4fc78,0,0,0,0,
India,45,37,3,93b4fc78,75224f22,ba607b88,4,0,4,0,
India,46,37,3,93b4fc78,75224f22,ba607b88,0,0,0,0,
India,47,38,3,93b4fc78,75224f22,ba607b88,1,0,1,0,
India,48,39,3,ba607b88,75224f22,93b4fc78,0,1,1,0,
India,49,39,3,ba607b88,75224f22,93b4fc78,0,0,0,0,
India,50,40,3,ba607b88,75224f22,93b4fc78,1,0,1,0,
India,51,41,3,93b4fc78,75224f22,ba607b88,1,0,1,0,
India,52,42,3,93b4fc78,9d430b40,ba607b88,1,0,1,0,
India,53,42,3,ba607b88,9d430b40,93b4fc78,0,0,0,0,
India,54,42,3,ba607b88,9d430b40,93b4fc78,0,0,0,0,
India,55,42,3,ba607b88,9d430b40,93b4fc78,0,0,0,0,
India,56,42,3,ba607b88,9d430b40,93b4fc78,0,0,0,0,
India,57,44,3,ba607b88,9d430b40,93b4fc78,2,0,2,0,
India,58,48,3,93b4fc78,c6097d68,ba607b88,4,0,4,0,
India,59,49,3,93b4fc78,c6097d68,ba607b88,1,0,1,0,
India,60,50,3,ba607b88,c6097d68,93b4fc78,1,0,1,0,
India,61,51,3,93b4fc78,c6097d68,ba607b88,1,0,1,0,
India,62,51,3,ba607b88,c6097d68,93b4fc78,0,0,0,0,
India,63,52,3,ba607b88,c6097d68,93b4fc78,1,0,1,0,
India,64,56,3,ba607b88,e342e5fb,93b4fc78,4,0,4,0,
India,65,57,3,ba607b88,e342e5fb,93b4fc78,1,0,1,0,
India,66,58,3,93b4fc78,e342e5fb,ba607b88,1,0,1,0,
India,67,59,3,ba607b88,e342e5fb,93b4fc78,1,0,1,0,
India,68,60,3,93b4fc78,e342e5fb,ba607b88,1,0,1,0,
India,69,60,3,ba607b88,e342e5fb,93b4fc78,0,0,0,0,
India,70,61,3,93b4fc78,75224f22,ba607b88,1,0,1,0,
India,71,62,3,ba607b88,75224f22,93b4fc78,1,0,1,0,
India,72,64,3,93b4fc78,75224f22,ba607b88,2,0,2,0,
India,73,64,4,93b4fc78,75224f22,ba607b88,0,0,0,1,bowled
India,74,65,4,5b8c830e,75224f22,ba607b88,1,0,1,0,
India,75,66,4,ba607b88,75224f22,5b8c830e,1,0,1,0,
India,76,66,4,ba607b88,9d430b40,5b8c830e,0,0,0,0,
India,77,66,4,ba607b88,9d430b40,5b8c830e,0,0,0,0,
India,78,66,4,ba607b88,9d430b40,5b8c830e,0,0,0,0,
India,79,67,4,ba607b88,9d430b40,5b8c830e,1,0,1,0,
India,80,67,4,5b8c830e,9d430b40,ba607b88,0,0,0,0,
India,81,68,4,5b8c830e,9d430b40,ba607b88,1,0,1,0,
India,82,68,4,5b8c830e,a1d053dd,ba607b88,0,0,0,0,
India,83,68,4,5b8c830e,a1d053dd,ba607b88,0,0,0,0,
India,84,68,4,5b8c830e,a1d053dd,ba607b88,0,0,0,0,
India,85,69,4,5b8c830e,a1d053dd,ba607b88,1,0,1,0,
India,86,69,5,ba607b88,a1d053dd,5b8c830e,0,0,0,1,caught
India,87,70,5,fe93fd9d,a1d053dd,5b8c830e,0,1,1,0,
India,88,71,5,fe93fd9d,a1d053dd,5b8c830e,0,1,1,0,
India,89,73,5,fe93fd9d,a1d053dd,5b8c830e,2,0,2,0,
India,90,74,5,5b8c830e,c6097d68,fe93fd9d,1,0,1,0,
India,91,77,5,fe93fd9d,c6097d68,5b8c830e,3,0,3,0,
India,92,80,5,5b8c830e,c6097d68,fe93fd9d,3,0,3,0,
India,93,81,5,fe93fd9d,c6097d68,5b8c830e,1,0,1,0,
India,94,85,5,5b8c830e,c6097d68,fe93fd9d,4,0,4,0,
India,95,85,5,5b8c830e,c6097d68,fe93fd9d,0,0,0,0,
India,96,86,5,fe93fd9d,75224f22,5b8c830e,1,0,1,0,
India,97,87,5,5b8c830e,75224f22,fe93fd9d,1,0,1,0,
India,98,87,5,fe93fd9d,75224f22,5b8c830e,0,0,0,0,
India,99,88,5,fe93fd9d,75224f22,5b8c830e,1,0,1,0,
India,100,88,5,5b8c830e,75224f22,fe93fd9d,0,0,0,0,
India,101,88,6,5b8c830e,75224f22,fe93fd9d,0,0,0,1,bowled
India,102,89,6,fe93fd9d,e342e5fb,f19ccfad,1,0,1,0,
India,103,90,6,f19ccfad,e342e5fb,fe93fd9d,1,0,1,0,
India,104,91,6,fe93fd9d,e342e5fb,f19ccfad,1,0,1,0,
India,105,91,6,f19ccfad,e342e5fb,fe93fd9d,0,0,0,0,
India,106,92,6,f19ccfad,e342e5fb,fe93fd9d,1,0,1,0,
India,107,92,6,fe93fd9d,e342e5fb,f19ccfad,0,0,0,0,
India,108,92,6,f19ccfad,75224f22,fe93fd9d,0,0,0,0,
India,109,98,6,f19ccfad,75224f22,fe93fd9d,6,0,6,0,
