batting_team,ball_number,total_team_runs,total_team_wickets,striker_ID,bowler_ID,nonstriker_ID,batter_runs,extras_runs,total_delivery_runs,wicket,wicket_type
Sri Lanka,1,2,0,5d1e7582,3fb19989,45963d9e,2,0,2,0,
Sri Lanka,2,2,0,5d1e7582,3fb19989,45963d9e,0,0,0,0,
Sri Lanka,3,2,0,5d1e7582,3fb19989,45963d9e,0,0,0,0,
Sri Lanka,4,2,0,5d1e7582,3fb19989,45963d9e,0,0,0,0,
Sri Lanka,5,3,0,5d1e7582,3fb19989,45963d9e,1,0,1,0,
Sri Lanka,6,3,1,45963d9e,3fb19989,5d1e7582,0,0,0,1,caught
Sri Lanka,7,3,1,5d1e7582,dfc4d8b5,f21043a5,0,0,0,0,
Sri Lanka,8,3,1,5d1e7582,dfc4d8b5,f21043a5,0,0,0,0,
Sri Lanka,9,3,1,5d1e7582,dfc4d8b5,f21043a5,0,0,0,0,
Sri Lanka,10,9,1,5d1e7582,dfc4d8b5,f21043a5,6,0,6,0,
Sri Lanka,11,9,1,5d1e7582,dfc4d8b5,f21043a5,0,0,0,0,
Sri Lanka,12,10,1,5d1e7582,dfc4d8b5,f21043a5,1,0,1,0,
Sri Lanka,13,11,1,5d1e7582,3fb19989,f21043a5,0,1,1,0,
Sri Lanka,14,15,1,f21043a5,3fb19989,5d1e7582,4,0,4,0,
Sri Lanka,15,16,1,f21043a5,3fb19989,5d1e7582,0,1,1,0,
Sri Lanka,16,16,1,f21043a5,3fb19989,5d1e7582,0,0,0,0,
Sri Lanka,17,16,1,f21043a5,3fb19989,5d1e7582,0,0,0,0,
Sri Lanka,18,20,1,f21043a5,3fb19989,5d1e7582,0,4,4,0,
Sri Lanka,19,21,1,f21043a5,3fb19989,5d1e7582,1,0,1,0,
Sri Lanka,20,22,1,f21043a5,ded9240e,5d1e7582,1,0,1,0,
Sri Lanka,21,23,1,5d1e7582,ded9240e,f21043a5,1,0,1,0,
Sri Lanka,22,24,1,f21043a5,ded9240e,5d1e7582,1,0,1,0,
Sri Lanka,23,24,1,5d1e7582,ded9240e,f21043a5,0,0,0,0,
Sri Lanka,24,25,1,5d1e7582,ded9240e,f21043a5,1,0,1,0,
Sri Lanka,25,31,1,f21043a5,ded9240e,5d1e7582,6,0,6,0,
Sri Lanka,26,32,1,5d1e7582,dfc4d8b5,f21043a5,1,0,1,0,
Sri Lanka,27,33,1,f21043a5,dfc4d8b5,5d1e7582,1,0,1,0,
Sri Lanka,28,33,1,5d1e7582,dfc4d8b5,f21043a5,0,0,0,0,
Sri Lanka,29,33,2,5d1e7582,dfc4d8b5,f21043a5,0,0,0,1,caught
Sri Lanka,30,34,2,9550470d,dfc4d8b5,f21043a5,1,0,1,0,
Sri Lanka,31,34,2,f21043a5,dfc4d8b5,9550470d,0,0,0,0,
Sri Lanka,32,34,2,9550470d,ded9240e,f21043a5,0,0,0,0,
Sri Lanka,33,36,2,9550470d,ded9240e,f21043a5,2,0,2,0,
Sri Lanka,34,36,2,9550470d,ded9240e,f21043a5,0,0,0,0,
Sri Lanka,35,36,2,9550470d,ded9240e,f21043a5,0,0,0,0,
Sri Lanka,36,37,2,9550470d,ded9240e,f21043a5,1,0,1,0,
Sri Lanka,37,41,2,f21043a5,ded9240e,9550470d,4,0,4,0,
Sri Lanka,38,42,2,9550470d,a2421394,f21043a5,1,0,1,0,
Sri Lanka,39,42,2,f21043a5,a2421394,9550470d,0,0,0,0,
Sri Lanka,40,43,2,f21043a5,a2421394,9550470d,1,0,1,0,
Sri Lanka,41,45,2,9550470d,a2421394,f21043a5,2,0,2,0,
Sri Lanka,42,46,2,9550470d,a2421394,f21043a5,1,0,1,0,
Sri Lanka,43,47,2,f21043a5,a2421394,9550470d,1,0,1,0,
Sri Lanka,44,47,2,f21043a5,14f96089,9550470d,0,0,0,0,
Sri Lanka,45,47,2,f21043a5,14f96089,9550470d,0,0,0,0,
Sri Lanka,46,48,2,f21043a5,14f96089,9550470d,1,0,1,0,
Sri Lanka,47,49,2,9550470d,14f96089,f21043a5,1,0,1,0,
Sri Lanka,48,50,2,f21043a5,14f96089,9550470d,1,0,1,0,
Sri Lanka,49,51,2,9550470d,14f96089,f21043a5,1,0,1,0,
Sri Lanka,50,52,2,9550470d,a2421394,f21043a5,1,0,1,0,
Sri Lanka,51,54,2,f21043a5,a2421394,9550470d,2,0,2,0,
Sri Lanka,52,55,2,f21043a5,a2421394,9550470d,1,0,1,0,
Sri Lanka,53,56,2,9550470d,a2421394,f21043a5,1,0,1,0,
Sri Lanka,54,58,2,f21043a5,a2421394,9550470d,2,0,2,0,
Sri Lanka,55,59,2,f21043a5,a2421394,9550470d,1,0,1,0,
Sri Lanka,56,60,2,f21043a5,14f96089,9550470d,1,0,1,0,
Sri Lanka,57,61,2,9550470d,14f96089,f21043a5,1,0,1,0,
Sri Lanka,58,62,2,f21043a5,14f96089,9550470d,1,0,1,0,
Sri Lanka,59,63,2,9550470d,14f96089,f21043a5,1,0,1,0,
Sri Lanka,60,64,2,f21043a5,14f96089,9550470d,1,0,1,0,
Sri Lanka,61,65,2,9550470d,14f96089,f21043a5,1,0,1,0,
Sri Lanka,62,66,2,9550470d,a2421394,f21043a5,1,0,1,0,
Sri Lanka,63,67,2,f21043a5,a2421394,9550470d,1,0,1,0,
Sri Lanka,64,67,2,9550470d,a2421394,f21043a5,0,0,0,0,
Sri Lanka,65,68,2,9550470d,a2421394,f21043a5,1,0,1,0,
Sri Lanka,66,69,2,f21043a5,a2421394,9550470d,0,1,1,0,
Sri Lanka,67,71,2,9550470d,a2421394,f21043a5,2,0,2,0,
Sri Lanka,68,71,2,f21043a5,ded9240e,9550470d,0,0,0,0,
Sri Lanka,69,73,2,f21043a5,ded9240e,9550470d,2,0,2,0,
Sri Lanka,70,74,2,f21043a5,ded9240e,9550470d,1,0,1,0,
Sri Lanka,71,75,2,9550470d,ded9240e,f21043a5,1,0,1,0,
Sri Lanka,72,76,2,f21043a5,ded9240e,9550470d,1,0,1,0,
Sri Lanka,73,76,3,9550470d,ded9240e,f21043a5,0,0,0,1,caught
Sri Lanka,74,78,3,f21043a5,3fb19989,1d048deb,2,0,2,0,
Sri Lanka,75,79,3,f21043a5,3fb19989,1d048deb,1,0,1,0,
Sri Lanka,76,80,3,1d048deb,3fb19989,f21043a5,1,0,1,0,
Sri Lanka,77,84,3,f21043a5,3fb19989,1d048deb,4,0,4,0,
Sri Lanka,78,84,3,f21043a5,3fb19989,1d048deb,0,0,0,0,
Sri Lanka,79,85,3,f21043a5,3fb19989,1d048deb,1,0,1,0,
Sri Lanka,80,89,3,f21043a5,14f96089,1d048deb,4,0,4,0,
Sri Lanka,81,91,3,f21043a5,14f96089,1d048deb,2,0,2,0,
Sri Lanka,82,92,3,f21043a5,14f96089,1d048deb,1,0,1,0,
Sri Lanka,83,93,3,1d048deb,14f96089,f21043a5,1,0,1,0,
Sri Lanka,84,94,3,f21043a5,14f96089,1d048deb,1,0,1,0,
Sri Lanka,85,98,3,1d048deb,14f96089,f21043a5,4,0,4,0,
Sri Lanka,86,99,3,f21043a5,dfc4d8b5,1d048deb,1,0,1,0,
Sri Lanka,87,99,4,1d048deb,dfc4d8b5,f21043a5,0,0,0,1,caught
Sri Lanka,88,99,4,b58b7db6,dfc4d8b5,f21043a5,0,0,0,0,
Sri Lanka,89,100,4,b58b7db6,dfc4d8b5,f21043a5,1,0,1,0,
Sri Lanka,90,103,4,f21043a5,dfc4d8b5,b58b7db6,3,0,3,0,
Sri Lanka,91,104,4,b58b7db6,dfc4d8b5,f21043a5,1,0,1,0,
Sri Lanka,92,105,4,b58b7db6,a2421394,f21043a5,1,0,1,0,
Sri Lanka,93,106,4,f21043a5,a2421394,b58b7db6,0,1,1,0,
Sri Lanka,94,107,4,b58b7db6,a2421394,f21043a5,1,0,1,0,
Sri Lanka,95,108,4,f21043a5,a2421394,b58b7db6,1,0,1,0,
Sri Lanka,96,108,4,b58b7db6,a2421394,f21043a5,0,0,0,0,
Sri Lanka,97,110,4,b58b7db6,a2421394,f21043a5,2,0,2,0,
Sri Lanka,98,110,5,f21043a5,ded9240e,b58b7db6,0,0,0,1,caught
Sri Lanka,99,110,5,b58b7db6,ded9240e,6c882e9a,0,0,0,0,
Sri Lanka,100,110,5,b58b7db6,ded9240e,6c882e9a,0,0,0,0,
Sri Lanka,101,111,5,b58b7db6,ded9240e,6c882e9a,1,0,1,0,
Sri Lanka,102,111,5,6c882e9a,ded9240e,b58b7db6,0,0,0,0,
Sri Lanka,103,111,5,6c882e9a,ded9240e,b58b7db6,0,0,0,0,
Sri Lanka,104,112,5,b58b7db6,14f96089,6c882e9a,1,0,1,0,
Sri Lanka,105,113,5,6c882e9a,14f96089,b58b7db6,1,0,1,0,
Sri Lanka,106,115,5,b58b7db6,14f96089,6c882e9a,2,0,2,0,
Sri Lanka,107,116,5,b58b7db6,14f96089,6c882e9a,1,0,1,0,
Sri Lanka,108,116,5,6c882e9a,14f96089,b58b7db6,0,0,0,0,
Sri Lanka,109,118,5,6c882e9a,14f96089,b58b7db6,2,0,2,0,
Sri Lanka,110,119,5,b58b7db6,3fb19989,6c882e9a,1,0,1,0,
Sri Lanka,111,125,5,6c882e9a,3fb19989,b58b7db6,6,0,6,0,
Sri Lanka,112,129,5,6c882e9a,3fb19989,b58b7db6,4,0,4,0,
Sri Lanka,113,131,5,6c882e9a,3fb19989,b58b7db6,2,0,2,0,
Sri Lanka,114,132,5,6c882e9a,3fb19989,b58b7db6,1,0,1,0,
Sri Lanka,115,132,6,b58b7db6,3fb19989,6c882e9a,0,0,0,1,bowled
Sri Lanka,116,133,6,6c882e9a,dfc4d8b5,a12e1d51,1,0,1,0,
Sri Lanka,117,139,6,a12e1d51,dfc4d8b5,6c882e9a,6,0,6,0,
Sri Lanka,118,140,6,a12e1d51,dfc4d8b5,6c882e9a,1,0,1,0,
Sri Lanka,119,141,6,6c882e9a,dfc4d8b5,a12e1d51,0,1,1,0,
Sri Lanka,120,141,6,a12e1d51,dfc4d8b5,6c882e9a,0,0,0,0,
Sri Lanka,121,142,6,a12e1d51,dfc4d8b5,6c882e9a,1,0,1,0,
Australia,1,0,0,b8d490fd,a12e1d51,dcce6f09,0,0,0,0,
Australia,2,0,0,b8d490fd,a12e1d51,dcce6f09,0,0,0,0,
Australia,3,1,0,b8d490fd,a12e1d51,dcce6f09,1,0,1,0,
Australia,4,1,0,dcce6f09,a12e1d51,b8d490fd,0,0,0,0,
Australia,5,3,0,dcce6f09,a12e1d51,b8d490fd,2,0,2,0,
Australia,6,3,0,dcce6f09,a12e1d51,b8d490fd,0,0,0,0,
Australia,7,4,0,b8d490fd,4751caa3,dcce6f09,0,1,1,0,
Australia,8,4,0,dcce6f09,4751caa3,b8d490fd,0,0,0,0,
Australia,9,4,0,dcce6f09,4751caa3,b8d490fd,0,0,0,0,
Australia,10,8,0,dcce6f09,4751caa3,b8d490fd,4,0,4,0,
Australia,11,9,0,dcce6f09,4751caa3,b8d490fd,1,0,1,0,
Australia,12,15,0,b8d490fd,4751caa3,dcce6f09,6,0,6,0,
Australia,13,15,0,dcce6f09,a12e1d51,b8d490fd,0,0,0,0,
Australia,14,19,0,dcce6f09,a12e1d51,b8d490fd,4,0,4,0,
Australia,15,19,0,dcce6f09,a12e1d51,b8d490fd,0,0,0,0,
Australia,16,19,0,dcce6f09,a12e1d51,b8d490fd,0,0,0,0,
Australia,17,19,0,dcce6f09,a12e1d51,b8d490fd,0,0,0,0,
Australia,18,20,0,dcce6f09,a12e1d51,b8d490fd,1,0,1,0,
Australia,19,21,0,dcce6f09,2af838ee,b8d490fd,0,1,1,0,
Australia,20,21,0,b8d490fd,2af838ee,dcce6f09,0,0,0,0,
Australia,21,24,0,b8d490fd,2af838ee,dcce6f09,3,0,3,0,
Australia,22,25,0,dcce6f09,2af838ee,b8d490fd,1,0,1,0,
Australia,23,26,0,b8d490fd,2af838ee,dcce6f09,1,0,1,0,
Australia,24,27,0,dcce6f09,2af838ee,b8d490fd,1,0,1,0,
Australia,25,28,0,dcce6f09,4751caa3,b8d490fd,1,0,1,0,
Australia,26,28,0,b8d490fd,4751caa3,dcce6f09,0,0,0,0,
Australia,27,32,0,b8d490fd,4751caa3,dcce6f09,4,0,4,0,
Australia,28,33,0,b8d490fd,4751caa3,dcce6f09,1,0,1,0,
Australia,29,34,0,dcce6f09,4751caa3,b8d490fd,1,0,1,0,
Australia,30,34,0,b8d490fd,4751caa3,dcce6f09,0,0,0,0,
Australia,31,34,0,dcce6f09,2af838ee,b8d490fd,0,0,0,0,
Australia,32,35,0,dcce6f09,2af838ee,b8d490fd,1,0,1,0,
Australia,33,36,0,b8d490fd,2af838ee,dcce6f09,0,1,1,0,
Australia,34,37,0,dcce6f09,2af838ee,b8d490fd,0,1,1,0,
Australia,35,39,0,dcce6f09,2af838ee,b8d490fd,2,0,2,0,
Australia,36,40,0,dcce6f09,2af838ee,b8d490fd,1,0,1,0,
Australia,37,40,0,b8d490fd,2af838ee,dcce6f09,0,0,0,0,
Australia,38,41,0,dcce6f09,b58b7db6,b8d490fd,1,0,1,0,
Australia,39,47,0,b8d490fd,b58b7db6,dcce6f09,6,0,6,0,
Australia,40,49,0,b8d490fd,b58b7db6,dcce6f09,2,0,2,0,
Australia,41,51,0,b8d490fd,b58b7db6,dcce6f09,2,0,2,0,
Australia,42,52,0,b8d490fd,b58b7db6,dcce6f09,1,0,1,0,
Australia,43,53,0,dcce6f09,b58b7db6,b8d490fd,1,0,1,0,
Australia,44,54,0,dcce6f09,79aad751,b8d490fd,1,0,1,0,
Australia,45,55,0,b8d490fd,79aad751,dcce6f09,1,0,1,0,
Australia,46,56,0,dcce6f09,79aad751,b8d490fd,1,0,1,0,
Australia,47,57,0,b8d490fd,79aad751,dcce6f09,1,0,1,0,
Australia,48,58,0,dcce6f09,79aad751,b8d490fd,1,0,1,0,
Australia,49,59,0,b8d490fd,79aad751,dcce6f09,1,0,1,0,
Australia,50,65,0,b8d490fd,4751caa3,dcce6f09,6,0,6,0,
Australia,51,66,0,b8d490fd,4751caa3,dcce6f09,0,1,1,0,
Australia,52,66,0,b8d490fd,4751caa3,dcce6f09,0,0,0,0,
Australia,53,67,0,b8d490fd,4751caa3,dcce6f09,1,0,1,0,
Australia,54,68,0,dcce6f09,4751caa3,b8d490fd,0,1,1,0,
Australia,55,69,0,dcce6f09,4751caa3,b8d490fd,1,0,1,0,
Australia,56,69,1,b8d490fd,4751caa3,dcce6f09,0,0,0,1,caught
Australia,57,73,1,30a45b23,4751caa3,dcce6f09,4,0,4,0,
Australia,58,74,1,dcce6f09,79aad751,30a45b23,1,0,1,0,
Australia,59,78,1,30a45b23,79aad751,dcce6f09,4,0,4,0,
Australia,60,80,1,30a45b23,79aad751,dcce6f09,2,0,2,0,
Australia,61,80,1,30a45b23,79aad751,dcce6f09,0,0,0,0,
Australia,62,81,1,30a45b23,79aad751,dcce6f09,1,0,1,0,
Australia,63,82,1,dcce6f09,79aad751,30a45b23,1,0,1,0,
Australia,64,83,1,dcce6f09,2af838ee,30a45b23,1,0,1,0,
Australia,65,83,1,30a45b23,2af838ee,dcce6f09,0,0,0,0,
Australia,66,83,1,30a45b23,2af838ee,dcce6f09,0,0,0,0,
Australia,67,85,1,30a45b23,2af838ee,dcce6f09,2,0,2,0,
Australia,68,85,2,30a45b23,2af838ee,dcce6f09,0,0,0,1,caught
Australia,69,86,2,dcce6f09,2af838ee,c41043e6,0,1,1,0,
Australia,70,86,2,dcce6f09,2af838ee,c41043e6,0,0,0,0,
Australia,71,86,2,c41043e6,79aad751,dcce6f09,0,0,0,0,
Australia,72,86,2,c41043e6,79aad751,dcce6f09,0,0,0,0,
Australia,73,88,2,c41043e6,79aad751,dcce6f09,2,0,2,0,
Australia,74,89,2,c41043e6,79aad751,dcce6f09,1,0,1,0,
Australia,75,90,2,dcce6f09,79aad751,c41043e6,1,0,1,0,
Australia,76,91,2,c41043e6,79aad751,dcce6f09,1,0,1,0,
Australia,77,92,2,c41043e6,a12e1d51,dcce6f09,1,0,1,0,
Australia,78,94,2,dcce6f09,a12e1d51,c41043e6,2,0,2,0,
Australia,79,98,2,dcce6f09,a12e1d51,c41043e6,4,0,4,0,
Australia,80,99,2,dcce6f09,a12e1d51,c41043e6,1,0,1,0,
Australia,81,99,3,c41043e6,a12e1d51,dcce6f09,0,0,0,1,lbw
Australia,82,99,3,ff1e12a0,a12e1d51,dcce6f09,0,0,0,0,
Australia,83,100,3,dcce6f09,b58b7db6,ff1e12a0,1,0,1,0,
Australia,84,101,3,ff1e12a0,b58b7db6,dcce6f09,1,0,1,0,
Australia,85,102,3,dcce6f09,b58b7db6,ff1e12a0,1,0,1,0,
Australia,86,108,3,ff1e12a0,b58b7db6,dcce6f09,6,0,6,0,
Australia,87,109,3,ff1e12a0,b58b7db6,dcce6f09,1,0,1,0,
Australia,88,110,3,dcce6f09,b58b7db6,ff1e12a0,1,0,1,0,
Australia,89,112,3,dcce6f09,4751caa3,ff1e12a0,2,0,2,0,
Australia,90,112,3,dcce6f09,4751caa3,ff1e12a0,0,0,0,0,
Australia,91,113,3,dcce6f09,4751caa3,ff1e12a0,0,1,1,0,
Australia,92,114,3,dcce6f09,4751caa3,ff1e12a0,1,0,1,0,
Australia,93,120,3,ff1e12a0,4751caa3,dcce6f09,6,0,6,0,
Australia,94,121,3,ff1e12a0,4751caa3,dcce6f09,1,0,1,0,
Australia,95,127,3,dcce6f09,4751caa3,ff1e12a0,6,0,6,0,
Australia,96,129,3,ff1e12a0,79aad751,dcce6f09,2,0,2,0,
Australia,97,129,3,ff1e12a0,79aad751,dcce6f09,0,0,0,0,
Australia,98,129,3,ff1e12a0,79aad751,dcce6f09,0,0,0,0,
Australia,99,130,3,ff1e12a0,79aad751,dcce6f09,1,0,1,0,
Australia,100,131,3,dcce6f09,79aad751,ff1e12a0,1,0,1,0,
Australia,101,132,3,ff1e12a0,79aad751,dcce6f09,1,0,1,0,
Australia,102,133,3,ff1e12a0,a12e1d51,dcce6f09,1,0,1,0,
Australia,103,134,3,dcce6f09,a12e1d51,ff1e12a0,1,0,1,0,
Australia,104,135,3,ff1e12a0,a12e1d51,dcce6f09,1,0,1,0,
Australia,105,136,3,dcce6f09,a12e1d51,ff1e12a0,0,1,1,0,
Australia,106,138,3,dcce6f09,a12e1d51,ff1e12a0,2,0,2,0,
Australia,107,138,3,dcce6f09,a12e1d51,ff1e12a0,0,0,0,0,
Australia,108,140,3,dcce6f09,a12e1d51,ff1e12a0,0,2,2,0,
Australia,109,140,3,ff1e12a0,2af838ee,dcce6f09,0,0,0,0,
Australia,110,141,3,ff1e12a0,2af838ee,dcce6f09,1,0,1,0,
Australia,111,141,3,dcce6f09,2af838ee,ff1e12a0,0,0,0,0,
Australia,112,145,3,dcce6f09,2af838ee,ff1e12a0,4,0,4,0,
