batting_team,ball_number,total_team_runs,total_team_wickets,striker_ID,bowler_ID,nonstriker_ID,batter_runs,extras_runs,total_delivery_runs,wicket,wicket_type
Madhya Pradesh,1,0,1,890946a0,c2ed5822,84d9c311,0,0,0,1,caught
Madhya Pradesh,2,0,1,c740ea83,c2ed5822,84d9c311,0,0,0,0,
Madhya Pradesh,3,0,1,c740ea83,c2ed5822,84d9c311,0,0,0,0,
Madhya Pradesh,4,0,1,c740ea83,c2ed5822,84d9c311,0,0,0,0,
Madhya Pradesh,5,0,1,c740ea83,c2ed5822,84d9c311,0,0,0,0,
Madhya Pradesh,6,0,1,c740ea83,c2ed5822,84d9c311,0,0,0,0,
Madhya Pradesh,7,1,1,84d9c311,301762cd,c740ea83,1,0,1,0,
Madhya Pradesh,8,5,1,c740ea83,301762cd,84d9c311,4,0,4,0,
Madhya Pradesh,9,6,1,c740ea83,301762cd,84d9c311,1,0,1,0,
Madhya Pradesh,10,7,1,84d9c311,301762cd,c740ea83,1,0,1,0,
Madhya Pradesh,11,7,1,c740ea83,301762cd,84d9c311,0,0,0,0,
Madhya Pradesh,12,9,1,c740ea83,301762cd,84d9c311,2,0,2,0,
Madhya Pradesh,13,9,1,84d9c311,c2ed5822,c740ea83,0,0,0,0,
Madhya Pradesh,14,9,1,84d9c311,c2ed5822,c740ea83,0,0,0,0,
Madhya Pradesh,15,9,1,84d9c311,c2ed5822,c740ea83,0,0,0,0,
Madhya Pradesh,16,13,1,84d9c311,c2ed5822,c740ea83,4,0,4,0,
Madhya Pradesh,17,13,1,84d9c311,c2ed5822,c740ea83,0,0,0,0,
Madhya Pradesh,18,19,1,84d9c311,c2ed5822,c740ea83,6,0,6,0,
Madhya Pradesh,19,19,1,c740ea83,301762cd,84d9c311,0,0,0,0,
Madhya Pradesh,20,19,1,c740ea83,301762cd,84d9c311,0,0,0,0,
Madhya Pradesh,21,25,1,c740ea83,301762cd,84d9c311,6,0,6,0,
Madhya Pradesh,22,26,1,c740ea83,301762cd,84d9c311,1,0,1,0,
Madhya Pradesh,23,26,1,84d9c311,301762cd,c740ea83,0,0,0,0,
Madhya Pradesh,24,27,1,84d9c311,301762cd,c740ea83,1,0,1,0,
Madhya Pradesh,25,31,1,84d9c311,c2ed5822,c740ea83,4,0,4,0,
Madhya Pradesh,26,37,1,84d9c311,c2ed5822,c740ea83,6,0,6,0,
Madhya Pradesh,27,37,1,84d9c311,c2ed5822,c740ea83,0,0,0,0,
Madhya Pradesh,28,38,1,84d9c311,c2ed5822,c740ea83,1,0,1,0,
Madhya Pradesh,29,39,1,c740ea83,c2ed5822,84d9c311,1,0,1,0,
Madhya Pradesh,30,45,1,84d9c311,c2ed5822,c740ea83,6,0,6,0,
Madhya Pradesh,31,46,1,c740ea83,301762cd,84d9c311,1,0,1,0,
Madhya Pradesh,32,50,1,84d9c311,301762cd,c740ea83,4,0,4,0,
Madhya Pradesh,33,50,1,84d9c311,301762cd,c740ea83,0,0,0,0,
Madhya Pradesh,34,51,1,84d9c311,301762cd,c740ea83,1,0,1,0,
Madhya Pradesh,35,52,1,c740ea83,301762cd,84d9c311,0,1,1,0,
Madhya Pradesh,36,54,1,c740ea83,301762cd,84d9c311,2,0,2,0,
Madhya Pradesh,37,54,1,c740ea83,301762cd,84d9c311,0,0,0,0,
Madhya Pradesh,38,55,1,84d9c311,66ea7420,c740ea83,1,0,1,0,
Madhya Pradesh,39,59,1,c740ea83,66ea7420,84d9c311,4,0,4,0,
Madhya Pradesh,40,59,2,c740ea83,66ea7420,84d9c311,0,0,0,1,caught
Madhya Pradesh,41,60,2,a64608ec,66ea7420,84d9c311,0,1,1,0,
Madhya Pradesh,42,60,2,a64608ec,66ea7420,84d9c311,0,0,0,0,
Madhya Pradesh,43,62,2,a64608ec,66ea7420,84d9c311,2,0,2,0,
Madhya Pradesh,44,62,2,a64608ec,66ea7420,84d9c311,0,0,0,0,
Madhya Pradesh,45,66,2,84d9c311,15bbe51b,a64608ec,4,0,4,0,
Madhya Pradesh,46,67,2,84d9c311,15bbe51b,a64608ec,1,0,1,0,
Madhya Pradesh,47,68,2,a64608ec,15bbe51b,84d9c311,1,0,1,0,
Madhya Pradesh,48,70,2,84d9c311,15bbe51b,a64608ec,2,0,2,0,
Madhya Pradesh,49,70,2,84d9c311,15bbe51b,a64608ec,0,0,0,0,
Madhya Pradesh,50,74,2,84d9c311,15bbe51b,a64608ec,4,0,4,0,
Madhya Pradesh,51,78,2,a64608ec,66ea7420,84d9c311,4,0,4,0,
Madhya Pradesh,52,82,2,a64608ec,66ea7420,84d9c311,4,0,4,0,
Madhya Pradesh,53,83,2,a64608ec,66ea7420,84d9c311,0,1,1,0,
Madhya Pradesh,54,83,2,84d9c311,66ea7420,a64608ec,0,0,0,0,
Madhya Pradesh,55,83,2,84d9c311,66ea7420,a64608ec,0,0,0,0,
Madhya Pradesh,56,83,2,84d9c311,66ea7420,a64608ec,0,0,0,0,
Madhya Pradesh,57,84,2,a64608ec,4cfda770,84d9c311,1,0,1,0,
Madhya Pradesh,58,84,2,84d9c311,4cfda770,a64608ec,0,0,0,0,
Madhya Pradesh,59,90,2,84d9c311,4cfda770,a64608ec,6,0,6,0,
Madhya Pradesh,60,91,2,84d9c311,4cfda770,a64608ec,1,0,1,0,
Madhya Pradesh,61,92,2,a64608ec,4cfda770,84d9c311,1,0,1,0,
Madhya Pradesh,62,96,2,84d9c311,4cfda770,a64608ec,4,0,4,0,
Madhya Pradesh,63,96,2,a64608ec,66ea7420,84d9c311,0,0,0,0,
Madhya Pradesh,64,97,2,a64608ec,66ea7420,84d9c311,1,0,1,0,
Madhya Pradesh,65,97,3,84d9c311,66ea7420,a64608ec,0,0,0,1,lbw
Madhya Pradesh,66,98,3,239f7526,66ea7420,a64608ec,1,0,1,0,
Madhya Pradesh,67,102,3,a64608ec,66ea7420,239f7526,4,0,4,0,
Madhya Pradesh,68,103,3,a64608ec,66ea7420,239f7526,1,0,1,0,
Madhya Pradesh,69,103,3,a64608ec,54a0e487,239f7526,0,0,0,0,
Madhya Pradesh,70,104,3,a64608ec,54a0e487,239f7526,1,0,1,0,
Madhya Pradesh,71,105,3,239f7526,54a0e487,a64608ec,1,0,1,0,
Madhya Pradesh,72,111,3,a64608ec,54a0e487,239f7526,6,0,6,0,
Madhya Pradesh,73,112,3,a64608ec,54a0e487,239f7526,1,0,1,0,
Madhya Pradesh,74,112,3,239f7526,54a0e487,a64608ec,0,0,0,0,
Madhya Pradesh,75,113,3,a64608ec,66ea7420,239f7526,1,0,1,0,
Madhya Pradesh,76,115,3,239f7526,66ea7420,a64608ec,1,1,2,0,
Madhya Pradesh,77,116,3,a64608ec,66ea7420,239f7526,1,0,1,0,
Madhya Pradesh,78,118,3,239f7526,66ea7420,a64608ec,2,0,2,0,
Madhya Pradesh,79,118,3,239f7526,66ea7420,a64608ec,0,0,0,0,
Madhya Pradesh,80,119,3,239f7526,66ea7420,a64608ec,1,0,1,0,
Madhya Pradesh,81,120,3,a64608ec,66ea7420,239f7526,1,0,1,0,
Madhya Pradesh,82,124,3,a64608ec,15bbe51b,239f7526,4,0,4,0,
Madhya Pradesh,83,125,3,a64608ec,15bbe51b,239f7526,1,0,1,0,
Madhya Pradesh,84,126,3,239f7526,15bbe51b,a64608ec,1,0,1,0,
Madhya Pradesh,85,127,3,a64608ec,15bbe51b,239f7526,1,0,1,0,
Madhya Pradesh,86,129,3,239f7526,15bbe51b,a64608ec,2,0,2,0,
Madhya Pradesh,87,131,3,239f7526,15bbe51b,a64608ec,2,0,2,0,
Madhya Pradesh,88,132,3,a64608ec,857b9be7,239f7526,0,1,1,0,
Madhya Pradesh,89,133,3,a64608ec,857b9be7,239f7526,1,0,1,0,
Madhya Pradesh,90,134,3,239f7526,857b9be7,a64608ec,1,0,1,0,
Madhya Pradesh,91,135,3,a64608ec,857b9be7,239f7526,1,0,1,0,
Madhya Pradesh,92,139,3,239f7526,857b9be7,a64608ec,4,0,4,0,
Madhya Pradesh,93,141,3,239f7526,857b9be7,a64608ec,2,0,2,0,
Madhya Pradesh,94,142,3,239f7526,857b9be7,a64608ec,1,0,1,0,
Madhya Pradesh,95,143,3,239f7526,15bbe51b,a64608ec,0,1,1,0,
Madhya Pradesh,96,144,3,239f7526,15bbe51b,a64608ec,1,0,1,0,
Madhya Pradesh,97,148,3,a64608ec,15bbe51b,239f7526,4,0,4,0,
Madhya Pradesh,98,152,3,a64608ec,15bbe51b,239f7526,4,0,4,0,
Madhya Pradesh,99,152,3,a64608ec,15bbe51b,239f7526,0,0,0,0,
Madhya Pradesh,100,156,3,a64608ec,15bbe51b,239f7526,4,0,4,0,
Madhya Pradesh,101,160,3,a64608ec,15bbe51b,239f7526,4,0,4,0,
Madhya Pradesh,102,161,3,239f7526,857b9be7,a64608ec,1,0,1,0,
Madhya Pradesh,103,167,3,a64608ec,857b9be7,239f7526,6,0,6,0,
Madhya Pradesh,104,170,3,a64608ec,857b9be7,239f7526,3,0,3,0,
Madhya Pradesh,105,176,3,239f7526,857b9be7,a64608ec,6,0,6,0,
Madhya Pradesh,106,177,3,239f7526,857b9be7,a64608ec,1,0,1,0,
Madhya Pradesh,107,177,4,a64608ec,857b9be7,239f7526,0,0,0,1,caught
Madhya Pradesh,108,177,4,a24be938,40caa465,239f7526,0,0,0,0,
Madhya Pradesh,109,181,4,a24be938,40caa465,239f7526,4,0,4,0,
Madhya Pradesh,110,182,4,a24be938,40caa465,239f7526,1,0,1,0,
Madhya Pradesh,111,183,4,239f7526,40caa465,a24be938,1,0,1,0,
Madhya Pradesh,112,184,4,a24be938,40caa465,239f7526,1,0,1,0,
Madhya Pradesh,113,184,4,239f7526,40caa465,a24be938,0,0,0,0,
Madhya Pradesh,114,185,4,a24be938,54a0e487,239f7526,1,0,1,0,
Madhya Pradesh,115,186,4,239f7526,54a0e487,a24be938,1,0,1,0,
Madhya Pradesh,116,187,4,a24be938,54a0e487,239f7526,1,0,1,0,
Madhya Pradesh,117,188,4,239f7526,54a0e487,a24be938,1,0,1,0,
Madhya Pradesh,118,194,4,a24be938,54a0e487,239f7526,6,0,6,0,
Madhya Pradesh,119,198,4,a24be938,54a0e487,239f7526,4,0,4,0,
Madhya Pradesh,120,199,4,239f7526,40caa465,a24be938,1,0,1,0,
Madhya Pradesh,121,205,4,a24be938,40caa465,239f7526,6,0,6,0,
Madhya Pradesh,122,211,4,a24be938,40caa465,239f7526,6,0,6,0,
Madhya Pradesh,123,211,4,a24be938,40caa465,239f7526,0,0,0,0,
Madhya Pradesh,124,211,5,a24be938,40caa465,239f7526,0,0,0,1,run out
Madhya Pradesh,125,213,5,239f7526,40caa465,24d94623,2,0,2,0,
Mizoram,1,0,0,40caa465,2e78f685,15bbe51b,0,0,0,0,
Mizoram,2,0,0,40caa465,2e78f685,15bbe51b,0,0,0,0,
Mizoram,3,1,0,40caa465,2e78f685,15bbe51b,0,1,1,0,
Mizoram,4,1,0,15bbe51b,2e78f685,40caa465,0,0,0,0,
Mizoram,5,1,0,15bbe51b,2e78f685,40caa465,0,0,0,0,
Mizoram,6,2,0,15bbe51b,2e78f685,40caa465,0,1,1,0,
Mizoram,7,2,0,15bbe51b,2e78f685,40caa465,0,0,0,0,
Mizoram,8,2,0,40caa465,3e5dc16b,15bbe51b,0,0,0,0,
Mizoram,9,6,0,40caa465,3e5dc16b,15bbe51b,4,0,4,0,
Mizoram,10,6,0,40caa465,3e5dc16b,15bbe51b,0,0,0,0,
Mizoram,11,6,0,40caa465,3e5dc16b,15bbe51b,0,0,0,0,
Mizoram,12,8,0,40caa465,3e5dc16b,15bbe51b,2,0,2,0,
Mizoram,13,9,0,40caa465,3e5dc16b,15bbe51b,1,0,1,0,
Mizoram,14,9,0,40caa465,2e78f685,15bbe51b,0,0,0,0,
Mizoram,15,13,0,40caa465,2e78f685,15bbe51b,4,0,4,0,
Mizoram,16,13,0,40caa465,2e78f685,15bbe51b,0,0,0,0,
Mizoram,17,13,0,40caa465,2e78f685,15bbe51b,0,0,0,0,
Mizoram,18,17,0,40caa465,2e78f685,15bbe51b,4,0,4,0,
Mizoram,19,18,0,40caa465,2e78f685,15bbe51b,1,0,1,0,
Mizoram,20,18,0,40caa465,3e5dc16b,15bbe51b,0,0,0,0,
Mizoram,21,18,0,40caa465,3e5dc16b,15bbe51b,0,0,0,0,
Mizoram,22,18,0,40caa465,3e5dc16b,15bbe51b,0,0,0,0,
Mizoram,23,19,0,40caa465,3e5dc16b,15bbe51b,1,0,1,0,
Mizoram,24,19,0,15bbe51b,3e5dc16b,40caa465,0,0,0,0,
Mizoram,25,19,0,15bbe51b,3e5dc16b,40caa465,0,0,0,0,
Mizoram,26,25,0,40caa465,2e78f685,15bbe51b,6,0,6,0,
Mizoram,27,25,0,40caa465,2e78f685,15bbe51b,0,0,0,0,
Mizoram,28,29,0,40caa465,2e78f685,15bbe51b,4,0,4,0,
Mizoram,29,29,0,40caa465,2e78f685,15bbe51b,0,0,0,0,
Mizoram,30,33,0,40caa465,2e78f685,15bbe51b,4,0,4,0,
Mizoram,31,33,0,40caa465,2e78f685,15bbe51b,0,0,0,0,
Mizoram,32,33,0,15bbe51b,e0407c01,40caa465,0,0,0,0,
Mizoram,33,34,0,15bbe51b,e0407c01,40caa465,0,1,1,0,
Mizoram,34,34,0,15bbe51b,e0407c01,40caa465,0,0,0,0,
Mizoram,35,38,0,15bbe51b,e0407c01,40caa465,4,0,4,0,
Mizoram,36,40,0,15bbe51b,e0407c01,40caa465,2,0,2,0,
Mizoram,37,41,0,15bbe51b,e0407c01,40caa465,1,0,1,0,
Mizoram,38,41,0,40caa465,e0407c01,15bbe51b,0,0,0,0,
Mizoram,39,41,0,15bbe51b,24d94623,40caa465,0,0,0,0,
Mizoram,40,42,0,15bbe51b,24d94623,40caa465,1,0,1,0,
Mizoram,41,42,0,40caa465,24d94623,15bbe51b,0,0,0,0,
Mizoram,42,43,0,40caa465,24d94623,15bbe51b,1,0,1,0,
Mizoram,43,43,0,15bbe51b,24d94623,40caa465,0,0,0,0,
Mizoram,44,43,0,15bbe51b,24d94623,40caa465,0,0,0,0,
Mizoram,45,43,0,40caa465,e0407c01,15bbe51b,0,0,0,0,
Mizoram,46,43,0,40caa465,e0407c01,15bbe51b,0,0,0,0,
Mizoram,47,43,0,40caa465,e0407c01,15bbe51b,0,0,0,0,
Mizoram,48,44,0,40caa465,e0407c01,15bbe51b,1,0,1,0,
Mizoram,49,45,0,15bbe51b,e0407c01,40caa465,0,1,1,0,
Mizoram,50,47,0,40caa465,e0407c01,15bbe51b,2,0,2,0,
Mizoram,51,47,0,15bbe51b,24d94623,40caa465,0,0,0,0,
Mizoram,52,48,0,15bbe51b,24d94623,40caa465,1,0,1,0,
Mizoram,53,52,0,40caa465,24d94623,15bbe51b,4,0,4,0,
Mizoram,54,53,0,40caa465,24d94623,15bbe51b,1,0,1,0,
Mizoram,55,57,0,15bbe51b,24d94623,40caa465,4,0,4,0,
Mizoram,56,57,0,15bbe51b,24d94623,40caa465,0,0,0,0,
Mizoram,57,63,0,40caa465,e0407c01,15bbe51b,6,0,6,0,
Mizoram,58,65,0,40caa465,e0407c01,15bbe51b,2,0,2,0,
Mizoram,59,66,0,40caa465,e0407c01,15bbe51b,1,0,1,0,
Mizoram,60,69,0,15bbe51b,e0407c01,40caa465,3,0,3,0,
Mizoram,61,69,0,40caa465,e0407c01,15bbe51b,0,0,0,0,
Mizoram,62,69,0,40caa465,e0407c01,15bbe51b,0,0,0,0,
Mizoram,63,71,0,15bbe51b,de33074a,40caa465,2,0,2,0,
Mizoram,64,71,0,15bbe51b,de33074a,40caa465,0,0,0,0,
Mizoram,65,72,0,15bbe51b,de33074a,40caa465,1,0,1,0,
Mizoram,66,73,0,40caa465,de33074a,15bbe51b,1,0,1,0,
Mizoram,67,74,0,15bbe51b,de33074a,40caa465,1,0,1,0,
Mizoram,68,80,0,40caa465,de33074a,15bbe51b,6,0,6,0,
Mizoram,69,80,0,15bbe51b,24d94623,40caa465,0,0,0,0,
Mizoram,70,81,0,15bbe51b,24d94623,40caa465,1,0,1,0,
Mizoram,71,81,0,40caa465,24d94623,15bbe51b,0,0,0,0,
Mizoram,72,83,0,40caa465,24d94623,15bbe51b,2,0,2,0,
Mizoram,73,83,0,40caa465,24d94623,15bbe51b,0,0,0,0,
Mizoram,74,84,0,40caa465,24d94623,15bbe51b,1,0,1,0,
Mizoram,75,84,0,40caa465,de33074a,15bbe51b,0,0,0,0,
Mizoram,76,84,0,40caa465,de33074a,15bbe51b,0,0,0,0,
Mizoram,77,85,0,40caa465,de33074a,15bbe51b,1,0,1,0,
Mizoram,78,86,0,15bbe51b,de33074a,40caa465,1,0,1,0,
Mizoram,79,88,0,40caa465,de33074a,15bbe51b,2,0,2,0,
Mizoram,80,89,0,40caa465,de33074a,15bbe51b,1,0,1,0,
Mizoram,81,89,0,40caa465,24d94623,15bbe51b,0,0,0,0,
Mizoram,82,91,0,40caa465,24d94623,15bbe51b,2,0,2,0,
Mizoram,83,92,0,40caa465,24d94623,15bbe51b,1,0,1,0,
Mizoram,84,92,1,15bbe51b,24d94623,40caa465,0,0,0,1,stumped
Mizoram,85,92,1,62dad180,24d94623,40caa465,0,0,0,0,
Mizoram,86,94,1,62dad180,24d94623,40caa465,2,0,2,0,
Mizoram,87,95,1,40caa465,de33074a,62dad180,1,0,1,0,
Mizoram,88,95,1,62dad180,de33074a,40caa465,0,0,0,0,
Mizoram,89,96,1,62dad180,de33074a,40caa465,1,0,1,0,
Mizoram,90,100,1,40caa465,de33074a,62dad180,4,0,4,0,
Mizoram,91,101,1,40caa465,de33074a,62dad180,1,0,1,0,
Mizoram,92,103,1,62dad180,de33074a,40caa465,2,0,2,0,
Mizoram,93,103,1,40caa465,3e5dc16b,62dad180,0,0,0,0,
Mizoram,94,104,1,40caa465,3e5dc16b,62dad180,1,0,1,0,
Mizoram,95,106,1,62dad180,3e5dc16b,40caa465,2,0,2,0,
Mizoram,96,107,1,62dad180,3e5dc16b,40caa465,0,1,1,0,
Mizoram,97,107,1,62dad180,3e5dc16b,40caa465,0,0,0,0,
Mizoram,98,108,1,62dad180,3e5dc16b,40caa465,1,0,1,0,
Mizoram,99,109,1,40caa465,3e5dc16b,62dad180,1,0,1,0,
Mizoram,100,109,1,40caa465,2e78f685,62dad180,0,0,0,0,
Mizoram,101,109,1,40caa465,2e78f685,62dad180,0,0,0,0,
Mizoram,102,113,1,40caa465,2e78f685,62dad180,4,0,4,0,
Mizoram,103,114,1,40caa465,2e78f685,62dad180,1,0,1,0,
Mizoram,104,114,1,62dad180,2e78f685,40caa465,0,0,0,0,
Mizoram,105,116,1,62dad180,2e78f685,40caa465,2,0,2,0,
Mizoram,106,117,1,40caa465,e0407c01,62dad180,1,0,1,0,
Mizoram,107,118,1,62dad180,e0407c01,40caa465,1,0,1,0,
Mizoram,108,119,1,40caa465,e0407c01,62dad180,0,1,1,0,
Mizoram,109,120,1,40caa465,e0407c01,62dad180,1,0,1,0,
Mizoram,110,121,1,62dad180,e0407c01,40caa465,1,0,1,0,
Mizoram,111,121,2,40caa465,e0407c01,62dad180,0,0,0,1,bowled
Mizoram,112,122,2,4cfda770,e0407c01,62dad180,0,1,1,0,
Mizoram,113,123,2,4cfda770,3e5dc16b,62dad180,1,0,1,0,
Mizoram,114,124,2,62dad180,3e5dc16b,4cfda770,1,0,1,0,
Mizoram,115,124,2,4cfda770,3e5dc16b,62dad180,0,0,0,0,
Mizoram,116,125,2,4cfda770,3e5dc16b,62dad180,1,0,1,0,
Mizoram,117,125,2,62dad180,3e5dc16b,4cfda770,0,0,0,0,
Mizoram,118,125,2,62dad180,3e5dc16b,4cfda770,0,0,0,0,
Mizoram,119,125,2,4cfda770,de33074a,62dad180,0,0,0,0,
Mizoram,120,126,2,4cfda770,de33074a,62dad180,1,0,1,0,
Mizoram,121,126,2,62dad180,de33074a,4cfda770,0,0,0,0,
Mizoram,122,127,2,62dad180,de33074a,4cfda770,1,0,1,0,
Mizoram,123,127,2,4cfda770,de33074a,62dad180,0,0,0,0,
Mizoram,124,127,2,4cfda770,de33074a,62dad180,0,0,0,0,
