batting_team,ball_number,total_team_runs,total_team_wickets,striker_ID,bowler_ID,nonstriker_ID,batter_runs,extras_runs,total_delivery_runs,wicket,wicket_type
Lancashire Thunder,1,1,0,ca5acfa4,15f609ed,6d76bc23,0,1,1,0,
Lancashire Thunder,2,1,0,ca5acfa4,15f609ed,6d76bc23,0,0,0,0,
Lancashire Thunder,3,1,0,ca5acfa4,15f609ed,6d76bc23,0,0,0,0,
Lancashire Thunder,4,1,0,ca5acfa4,15f609ed,6d76bc23,0,0,0,0,
Lancashire Thunder,5,1,1,ca5acfa4,15f609ed,6d76bc23,0,0,0,1,caught
Lancashire Thunder,6,1,1,3a9e9cb2,15f609ed,6d76bc23,0,0,0,0,
Lancashire Thunder,7,1,1,3a9e9cb2,15f609ed,6d76bc23,0,0,0,0,
Lancashire Thunder,8,1,1,6d76bc23,3a9b3866,3a9e9cb2,0,0,0,0,
Lancashire Thunder,9,1,1,6d76bc23,3a9b3866,3a9e9cb2,0,0,0,0,
Lancashire Thunder,10,2,1,6d76bc23,3a9b3866,3a9e9cb2,1,0,1,0,
Lancashire Thunder,11,2,1,3a9e9cb2,3a9b3866,6d76bc23,0,0,0,0,
Lancashire Thunder,12,3,2,3a9e9cb2,3a9b3866,6d76bc23,1,0,1,1,run out
Lancashire Thunder,13,4,2,3a9e9cb2,3a9b3866,53cd8da6,1,0,1,0,
Lancashire Thunder,14,8,2,3a9e9cb2,a139c379,53cd8da6,4,0,4,0,
Lancashire Thunder,15,9,2,3a9e9cb2,a139c379,53cd8da6,1,0,1,0,
Lancashire Thunder,16,9,2,53cd8da6,a139c379,3a9e9cb2,0,0,0,0,
Lancashire Thunder,17,10,2,53cd8da6,a139c379,3a9e9cb2,1,0,1,0,
Lancashire Thunder,18,11,2,3a9e9cb2,a139c379,53cd8da6,1,0,1,0,
Lancashire Thunder,19,11,2,53cd8da6,a139c379,3a9e9cb2,0,0,0,0,
Lancashire Thunder,20,11,2,3a9e9cb2,89bbc67a,53cd8da6,0,0,0,0,
Lancashire Thunder,21,13,2,3a9e9cb2,89bbc67a,53cd8da6,2,0,2,0,
Lancashire Thunder,22,17,2,3a9e9cb2,89bbc67a,53cd8da6,4,0,4,0,
Lancashire Thunder,23,18,2,3a9e9cb2,89bbc67a,53cd8da6,1,0,1,0,
Lancashire Thunder,24,18,2,53cd8da6,89bbc67a,3a9e9cb2,0,0,0,0,
Lancashire Thunder,25,18,2,53cd8da6,89bbc67a,3a9e9cb2,0,0,0,0,
Lancashire Thunder,26,18,2,3a9e9cb2,15f609ed,53cd8da6,0,0,0,0,
Lancashire Thunder,27,19,2,3a9e9cb2,15f609ed,53cd8da6,1,0,1,0,
Lancashire Thunder,28,19,2,53cd8da6,15f609ed,3a9e9cb2,0,0,0,0,
Lancashire Thunder,29,20,2,53cd8da6,15f609ed,3a9e9cb2,1,0,1,0,
Lancashire Thunder,30,21,2,3a9e9cb2,15f609ed,53cd8da6,1,0,1,0,
Lancashire Thunder,31,22,2,53cd8da6,15f609ed,3a9e9cb2,1,0,1,0,
Lancashire Thunder,32,22,2,53cd8da6,3a9b3866,3a9e9cb2,0,0,0,0,
Lancashire Thunder,33,22,2,53cd8da6,3a9b3866,3a9e9cb2,0,0,0,0,
Lancashire Thunder,34,23,2,53cd8da6,3a9b3866,3a9e9cb2,1,0,1,0,
Lancashire Thunder,35,27,2,3a9e9cb2,3a9b3866,53cd8da6,4,0,4,0,
Lancashire Thunder,36,28,2,3a9e9cb2,3a9b3866,53cd8da6,1,0,1,0,
Lancashire Thunder,37,28,2,53cd8da6,3a9b3866,3a9e9cb2,0,0,0,0,
Lancashire Thunder,38,29,2,3a9e9cb2,9b3bcca4,53cd8da6,1,0,1,0,
Lancashire Thunder,39,30,2,53cd8da6,9b3bcca4,3a9e9cb2,1,0,1,0,
Lancashire Thunder,40,30,3,3a9e9cb2,9b3bcca4,53cd8da6,0,0,0,1,caught and bowled
Lancashire Thunder,41,30,3,5b1f15fc,9b3bcca4,53cd8da6,0,0,0,0,
Lancashire Thunder,42,30,4,5b1f15fc,9b3bcca4,53cd8da6,0,0,0,1,lbw
Lancashire Thunder,43,31,4,02181d9a,9b3bcca4,53cd8da6,0,1,1,0,
Lancashire Thunder,44,31,4,02181d9a,9b3bcca4,53cd8da6,0,0,0,0,
Lancashire Thunder,45,31,4,53cd8da6,e5b17517,02181d9a,0,0,0,0,
Lancashire Thunder,46,31,4,53cd8da6,e5b17517,02181d9a,0,0,0,0,
Lancashire Thunder,47,31,4,53cd8da6,e5b17517,02181d9a,0,0,0,0,
Lancashire Thunder,48,32,4,53cd8da6,e5b17517,02181d9a,0,1,1,0,
Lancashire Thunder,49,33,4,53cd8da6,e5b17517,02181d9a,1,0,1,0,
Lancashire Thunder,50,35,4,02181d9a,e5b17517,53cd8da6,2,0,2,0,
Lancashire Thunder,51,36,4,02181d9a,e5b17517,53cd8da6,1,0,1,0,
Lancashire Thunder,52,36,4,02181d9a,9b3bcca4,53cd8da6,0,0,0,0,
Lancashire Thunder,53,37,4,02181d9a,9b3bcca4,53cd8da6,1,0,1,0,
Lancashire Thunder,54,37,4,53cd8da6,9b3bcca4,02181d9a,0,0,0,0,
Lancashire Thunder,55,41,4,53cd8da6,9b3bcca4,02181d9a,4,0,4,0,
Lancashire Thunder,56,42,4,53cd8da6,9b3bcca4,02181d9a,1,0,1,0,
Lancashire Thunder,57,46,4,02181d9a,9b3bcca4,53cd8da6,4,0,4,0,
Lancashire Thunder,58,47,4,53cd8da6,92cf79a8,02181d9a,0,1,1,0,
Lancashire Thunder,59,48,4,53cd8da6,92cf79a8,02181d9a,1,0,1,0,
Lancashire Thunder,60,48,4,02181d9a,92cf79a8,53cd8da6,0,0,0,0,
Lancashire Thunder,61,49,4,02181d9a,92cf79a8,53cd8da6,1,0,1,0,
Lancashire Thunder,62,50,4,53cd8da6,92cf79a8,02181d9a,1,0,1,0,
Lancashire Thunder,63,50,4,02181d9a,92cf79a8,53cd8da6,0,0,0,0,
Lancashire Thunder,64,50,4,02181d9a,92cf79a8,53cd8da6,0,0,0,0,
Lancashire Thunder,65,51,4,53cd8da6,89bbc67a,02181d9a,1,0,1,0,
Lancashire Thunder,66,53,4,02181d9a,89bbc67a,53cd8da6,2,0,2,0,
Lancashire Thunder,67,57,4,02181d9a,89bbc67a,53cd8da6,4,0,4,0,
Lancashire Thunder,68,57,4,02181d9a,89bbc67a,53cd8da6,0,0,0,0,
Lancashire Thunder,69,61,4,02181d9a,89bbc67a,53cd8da6,4,0,4,0,
Lancashire Thunder,70,62,4,02181d9a,89bbc67a,53cd8da6,1,0,1,0,
Lancashire Thunder,71,62,4,02181d9a,e5b17517,53cd8da6,0,0,0,0,
Lancashire Thunder,72,64,4,02181d9a,e5b17517,53cd8da6,2,0,2,0,
Lancashire Thunder,73,68,4,02181d9a,e5b17517,53cd8da6,4,0,4,0,
Lancashire Thunder,74,68,4,02181d9a,e5b17517,53cd8da6,0,0,0,0,
Lancashire Thunder,75,69,4,02181d9a,e5b17517,53cd8da6,1,0,1,0,
Lancashire Thunder,76,70,4,53cd8da6,e5b17517,02181d9a,1,0,1,0,
Lancashire Thunder,77,77,4,53cd8da6,15f609ed,02181d9a,6,1,7,0,
Lancashire Thunder,78,77,4,53cd8da6,15f609ed,02181d9a,0,0,0,0,
Lancashire Thunder,79,78,4,53cd8da6,15f609ed,02181d9a,1,0,1,0,
Lancashire Thunder,80,79,4,02181d9a,15f609ed,53cd8da6,1,0,1,0,
Lancashire Thunder,81,79,4,53cd8da6,15f609ed,02181d9a,0,0,0,0,
Lancashire Thunder,82,81,4,53cd8da6,15f609ed,02181d9a,2,0,2,0,
Lancashire Thunder,83,81,4,53cd8da6,15f609ed,02181d9a,0,0,0,0,
Lancashire Thunder,84,81,4,02181d9a,92cf79a8,53cd8da6,0,0,0,0,
Lancashire Thunder,85,82,4,02181d9a,92cf79a8,53cd8da6,1,0,1,0,
Lancashire Thunder,86,88,4,53cd8da6,92cf79a8,02181d9a,6,0,6,0,
Lancashire Thunder,87,92,4,53cd8da6,92cf79a8,02181d9a,4,0,4,0,
Lancashire Thunder,88,92,5,53cd8da6,92cf79a8,02181d9a,0,0,0,1,caught
Lancashire Thunder,89,92,5,c66c73f9,92cf79a8,02181d9a,0,0,0,0,
Lancashire Thunder,90,92,6,02181d9a,9b3bcca4,c66c73f9,0,0,0,1,bowled
Lancashire Thunder,91,92,6,cdb82f1c,9b3bcca4,c66c73f9,0,0,0,0,
Lancashire Thunder,92,92,6,cdb82f1c,9b3bcca4,c66c73f9,0,0,0,0,
Lancashire Thunder,93,92,6,cdb82f1c,9b3bcca4,c66c73f9,0,0,0,0,
Lancashire Thunder,94,93,6,cdb82f1c,9b3bcca4,c66c73f9,1,0,1,0,
Lancashire Thunder,95,93,6,c66c73f9,9b3bcca4,cdb82f1c,0,0,0,0,
Lancashire Thunder,96,94,6,cdb82f1c,92cf79a8,c66c73f9,1,0,1,0,
Lancashire Thunder,97,94,7,c66c73f9,92cf79a8,cdb82f1c,0,0,0,1,stumped
Lancashire Thunder,98,95,7,1ade138e,92cf79a8,cdb82f1c,1,0,1,0,
Lancashire Thunder,99,95,7,cdb82f1c,92cf79a8,1ade138e,0,0,0,0,
Lancashire Thunder,100,96,7,cdb82f1c,92cf79a8,1ade138e,1,0,1,0,
Lancashire Thunder,101,96,7,1ade138e,92cf79a8,cdb82f1c,0,0,0,0,
Lancashire Thunder,102,97,7,cdb82f1c,9b3bcca4,1ade138e,0,1,1,0,
Lancashire Thunder,103,101,7,cdb82f1c,9b3bcca4,1ade138e,4,0,4,0,
Lancashire Thunder,104,102,7,cdb82f1c,9b3bcca4,1ade138e,1,0,1,0,
Lancashire Thunder,105,103,7,1ade138e,9b3bcca4,cdb82f1c,1,0,1,0,
Lancashire Thunder,106,103,7,cdb82f1c,9b3bcca4,1ade138e,0,0,0,0,
Lancashire Thunder,107,104,7,cdb82f1c,9b3bcca4,1ade138e,1,0,1,0,
Lancashire Thunder,108,104,7,1ade138e,9b3bcca4,cdb82f1c,0,0,0,0,
Lancashire Thunder,109,106,7,cdb82f1c,e5b17517,1ade138e,0,2,2,0,
Lancashire Thunder,110,106,7,1ade138e,e5b17517,cdb82f1c,0,0,0,0,
Lancashire Thunder,111,110,7,1ade138e,e5b17517,cdb82f1c,4,0,4,0,
Lancashire Thunder,112,110,7,1ade138e,e5b17517,cdb82f1c,0,0,0,0,
Lancashire Thunder,113,114,7,1ade138e,e5b17517,cdb82f1c,4,0,4,0,
Lancashire Thunder,114,115,7,1ade138e,e5b17517,cdb82f1c,1,0,1,0,
Lancashire Thunder,115,116,7,cdb82f1c,e5b17517,1ade138e,1,0,1,0,
Lancashire Thunder,116,117,7,cdb82f1c,89bbc67a,1ade138e,1,0,1,0,
Lancashire Thunder,117,118,7,1ade138e,89bbc67a,cdb82f1c,1,0,1,0,
Lancashire Thunder,118,119,7,cdb82f1c,89bbc67a,1ade138e,1,0,1,0,
Lancashire Thunder,119,125,7,1ade138e,89bbc67a,cdb82f1c,6,0,6,0,
Lancashire Thunder,120,126,7,1ade138e,89bbc67a,cdb82f1c,1,0,1,0,
Lancashire Thunder,121,126,7,cdb82f1c,89bbc67a,1ade138e,0,0,0,0,
Lancashire Thunder,122,126,7,1ade138e,92cf79a8,cdb82f1c,0,0,0,0,
Lancashire Thunder,123,127,7,1ade138e,92cf79a8,cdb82f1c,0,1,1,0,
Lancashire Thunder,124,128,7,cdb82f1c,92cf79a8,1ade138e,1,0,1,0,
Lancashire Thunder,125,129,7,1ade138e,92cf79a8,cdb82f1c,1,0,1,0,
Lancashire Thunder,126,130,7,cdb82f1c,92cf79a8,1ade138e,1,0,1,0,
Lancashire Thunder,127,132,7,1ade138e,92cf79a8,cdb82f1c,2,0,2,0,
Southern Vipers,1,0,0,a139c379,02181d9a,89bbc67a,0,0,0,0,
Southern Vipers,2,1,0,a139c379,02181d9a,89bbc67a,1,0,1,0,
Southern Vipers,3,1,0,89bbc67a,02181d9a,a139c379,0,0,0,0,
Southern Vipers,4,1,0,89bbc67a,02181d9a,a139c379,0,0,0,0,
Southern Vipers,5,5,0,89bbc67a,02181d9a,a139c379,4,0,4,0,
Southern Vipers,6,9,0,89bbc67a,02181d9a,a139c379,4,0,4,0,
Southern Vipers,7,9,0,a139c379,1ade138e,89bbc67a,0,0,0,0,
Southern Vipers,8,10,0,a139c379,1ade138e,89bbc67a,0,1,1,0,
Southern Vipers,9,10,1,a139c379,1ade138e,89bbc67a,0,0,0,1,caught
Southern Vipers,10,10,1,b2664905,1ade138e,89bbc67a,0,0,0,0,
Southern Vipers,11,10,1,b2664905,1ade138e,89bbc67a,0,0,0,0,
Southern Vipers,12,10,1,b2664905,1ade138e,89bbc67a,0,0,0,0,
Southern Vipers,13,10,1,b2664905,1ade138e,89bbc67a,0,0,0,0,
Southern Vipers,14,10,1,89bbc67a,cdb82f1c,b2664905,0,0,0,0,
Southern Vipers,15,10,1,89bbc67a,cdb82f1c,b2664905,0,0,0,0,
Southern Vipers,16,10,1,89bbc67a,cdb82f1c,b2664905,0,0,0,0,
Southern Vipers,17,10,1,89bbc67a,cdb82f1c,b2664905,0,0,0,0,
Southern Vipers,18,12,1,89bbc67a,cdb82f1c,b2664905,2,0,2,0,
Southern Vipers,19,12,2,89bbc67a,cdb82f1c,b2664905,0,0,0,1,bowled
Southern Vipers,20,13,2,b2664905,1ade138e,45135344,1,0,1,0,
Southern Vipers,21,13,2,45135344,1ade138e,b2664905,0,0,0,0,
Southern Vipers,22,13,2,45135344,1ade138e,b2664905,0,0,0,0,
Southern Vipers,23,13,2,45135344,1ade138e,b2664905,0,0,0,0,
Southern Vipers,24,13,2,45135344,1ade138e,b2664905,0,0,0,0,
Southern Vipers,25,13,3,45135344,1ade138e,b2664905,0,0,0,1,caught
Southern Vipers,26,13,3,92cf79a8,cdb82f1c,b2664905,0,0,0,0,
Southern Vipers,27,13,3,92cf79a8,cdb82f1c,b2664905,0,0,0,0,
Southern Vipers,28,13,3,92cf79a8,cdb82f1c,b2664905,0,0,0,0,
Southern Vipers,29,14,3,92cf79a8,cdb82f1c,b2664905,1,0,1,0,
Southern Vipers,30,14,3,b2664905,cdb82f1c,92cf79a8,0,0,0,0,
Southern Vipers,31,18,3,b2664905,cdb82f1c,92cf79a8,4,0,4,0,
Southern Vipers,32,18,3,92cf79a8,1ade138e,b2664905,0,0,0,0,
Southern Vipers,33,18,3,92cf79a8,1ade138e,b2664905,0,0,0,0,
Southern Vipers,34,18,3,92cf79a8,1ade138e,b2664905,0,0,0,0,
Southern Vipers,35,18,3,92cf79a8,1ade138e,b2664905,0,0,0,0,
Southern Vipers,36,19,3,92cf79a8,1ade138e,b2664905,1,0,1,0,
Southern Vipers,37,20,3,b2664905,1ade138e,92cf79a8,1,0,1,0,
Southern Vipers,38,24,3,b2664905,02181d9a,92cf79a8,4,0,4,0,
Southern Vipers,39,24,4,b2664905,02181d9a,92cf79a8,0,0,0,1,caught
Southern Vipers,40,24,4,c2554b59,02181d9a,92cf79a8,0,0,0,0,
Southern Vipers,41,25,4,c2554b59,02181d9a,92cf79a8,1,0,1,0,
Southern Vipers,42,26,4,92cf79a8,02181d9a,c2554b59,1,0,1,0,
Southern Vipers,43,27,4,c2554b59,02181d9a,92cf79a8,1,0,1,0,
Southern Vipers,44,28,4,c2554b59,7b34c7e2,92cf79a8,0,1,1,0,
Southern Vipers,45,28,4,c2554b59,7b34c7e2,92cf79a8,0,0,0,0,
Southern Vipers,46,28,4,c2554b59,7b34c7e2,92cf79a8,0,0,0,0,
Southern Vipers,47,32,4,c2554b59,7b34c7e2,92cf79a8,4,0,4,0,
Southern Vipers,48,33,4,c2554b59,7b34c7e2,92cf79a8,1,0,1,0,
Southern Vipers,49,34,4,92cf79a8,7b34c7e2,c2554b59,1,0,1,0,
Southern Vipers,50,34,4,c2554b59,7b34c7e2,92cf79a8,0,0,0,0,
Southern Vipers,51,35,4,92cf79a8,53d50717,c2554b59,0,1,1,0,
Southern Vipers,52,37,4,92cf79a8,53d50717,c2554b59,2,0,2,0,
Southern Vipers,53,37,4,92cf79a8,53d50717,c2554b59,0,0,0,0,
Southern Vipers,54,38,4,92cf79a8,53d50717,c2554b59,1,0,1,0,
Southern Vipers,55,39,4,c2554b59,53d50717,92cf79a8,1,0,1,0,
Southern Vipers,56,39,4,92cf79a8,53d50717,c2554b59,0,0,0,0,
Southern Vipers,57,39,4,92cf79a8,53d50717,c2554b59,0,0,0,0,
Southern Vipers,58,40,4,c2554b59,3a9e9cb2,92cf79a8,1,0,1,0,
Southern Vipers,59,41,4,92cf79a8,3a9e9cb2,c2554b59,1,0,1,0,
Southern Vipers,60,41,4,c2554b59,3a9e9cb2,92cf79a8,0,0,0,0,
Southern Vipers,61,42,4,c2554b59,3a9e9cb2,92cf79a8,0,1,1,0,
Southern Vipers,62,42,4,c2554b59,3a9e9cb2,92cf79a8,0,0,0,0,
Southern Vipers,63,48,4,c2554b59,3a9e9cb2,92cf79a8,6,0,6,0,
Southern Vipers,64,48,4,c2554b59,3a9e9cb2,92cf79a8,0,0,0,0,
Southern Vipers,65,49,4,92cf79a8,53d50717,c2554b59,0,1,1,0,
Southern Vipers,66,50,4,92cf79a8,53d50717,c2554b59,1,0,1,0,
Southern Vipers,67,51,4,c2554b59,53d50717,92cf79a8,1,0,1,0,
Southern Vipers,68,52,4,92cf79a8,53d50717,c2554b59,1,0,1,0,
Southern Vipers,69,52,4,c2554b59,53d50717,92cf79a8,0,0,0,0,
Southern Vipers,70,53,4,c2554b59,53d50717,92cf79a8,1,0,1,0,
Southern Vipers,71,53,4,92cf79a8,53d50717,c2554b59,0,0,0,0,
Southern Vipers,72,53,4,c2554b59,cdb82f1c,92cf79a8,0,0,0,0,
Southern Vipers,73,54,4,c2554b59,cdb82f1c,92cf79a8,1,0,1,0,
Southern Vipers,74,55,4,92cf79a8,cdb82f1c,c2554b59,1,0,1,0,
Southern Vipers,75,56,4,c2554b59,cdb82f1c,92cf79a8,1,0,1,0,
Southern Vipers,76,62,4,92cf79a8,cdb82f1c,c2554b59,6,0,6,0,
Southern Vipers,77,66,4,92cf79a8,cdb82f1c,c2554b59,4,0,4,0,
Southern Vipers,78,66,4,c2554b59,3a9e9cb2,92cf79a8,0,0,0,0,
Southern Vipers,79,68,4,c2554b59,3a9e9cb2,92cf79a8,2,0,2,0,
Southern Vipers,80,69,4,c2554b59,3a9e9cb2,92cf79a8,1,0,1,0,
Southern Vipers,81,75,4,92cf79a8,3a9e9cb2,c2554b59,6,0,6,0,
Southern Vipers,82,79,4,92cf79a8,3a9e9cb2,c2554b59,4,0,4,0,
Southern Vipers,83,79,4,92cf79a8,3a9e9cb2,c2554b59,0,0,0,0,
Southern Vipers,84,79,4,c2554b59,6d76bc23,92cf79a8,0,0,0,0,
Southern Vipers,85,79,4,c2554b59,6d76bc23,92cf79a8,0,0,0,0,
Southern Vipers,86,83,4,c2554b59,6d76bc23,92cf79a8,4,0,4,0,
Southern Vipers,87,84,4,c2554b59,6d76bc23,92cf79a8,1,0,1,0,
Southern Vipers,88,84,4,92cf79a8,6d76bc23,c2554b59,0,0,0,0,
Southern Vipers,89,86,4,92cf79a8,6d76bc23,c2554b59,2,0,2,0,
Southern Vipers,90,88,4,c2554b59,53d50717,92cf79a8,2,0,2,0,
Southern Vipers,91,88,4,c2554b59,53d50717,92cf79a8,0,0,0,0,
Southern Vipers,92,89,4,c2554b59,53d50717,92cf79a8,1,0,1,0,
Southern Vipers,93,89,4,92cf79a8,53d50717,c2554b59,0,0,0,0,
Southern Vipers,94,93,4,92cf79a8,53d50717,c2554b59,4,0,4,0,
Southern Vipers,95,93,4,92cf79a8,53d50717,c2554b59,0,0,0,0,
Southern Vipers,96,93,4,c2554b59,02181d9a,92cf79a8,0,0,0,0,
Southern Vipers,97,94,4,c2554b59,02181d9a,92cf79a8,1,0,1,0,
Southern Vipers,98,95,4,92cf79a8,02181d9a,c2554b59,1,0,1,0,
Southern Vipers,99,96,4,c2554b59,02181d9a,92cf79a8,1,0,1,0,
Southern Vipers,100,98,4,92cf79a8,02181d9a,c2554b59,2,0,2,0,
Southern Vipers,101,99,4,92cf79a8,02181d9a,c2554b59,1,0,1,0,
Southern Vipers,102,100,4,92cf79a8,53d50717,c2554b59,0,1,1,0,
Southern Vipers,103,100,4,92cf79a8,53d50717,c2554b59,0,0,0,0,
Southern Vipers,104,102,4,92cf79a8,53d50717,c2554b59,2,0,2,0,
Southern Vipers,105,103,4,92cf79a8,53d50717,c2554b59,1,0,1,0,
Southern Vipers,106,104,4,c2554b59,53d50717,92cf79a8,1,0,1,0,
Southern Vipers,107,108,4,92cf79a8,53d50717,c2554b59,4,0,4,0,
Southern Vipers,108,109,4,92cf79a8,53d50717,c2554b59,1,0,1,0,
Southern Vipers,109,109,4,92cf79a8,1ade138e,c2554b59,0,0,0,0,
Southern Vipers,110,110,4,92cf79a8,1ade138e,c2554b59,1,0,1,0,
Southern Vipers,111,111,4,c2554b59,1ade138e,92cf79a8,1,0,1,0,
Southern Vipers,112,112,4,92cf79a8,1ade138e,c2554b59,1,0,1,0,
Southern Vipers,113,114,4,c2554b59,1ade138e,92cf79a8,2,0,2,0,
Southern Vipers,114,118,4,c2554b59,1ade138e,92cf79a8,4,0,4,0,
Southern Vipers,115,118,5,92cf79a8,cdb82f1c,c2554b59,0,0,0,1,bowled
Southern Vipers,116,119,5,3a9b3866,cdb82f1c,c2554b59,1,0,1,0,
Southern Vipers,117,120,5,c2554b59,cdb82f1c,3a9b3866,0,1,1,0,
Southern Vipers,118,120,5,3a9b3866,cdb82f1c,c2554b59,0,0,0,0,
Southern Vipers,119,121,5,3a9b3866,cdb82f1c,c2554b59,1,0,1,0,
Southern Vipers,120,121,6,c2554b59,cdb82f1c,3a9b3866,0,0,0,1,run out
Southern Vipers,121,125,6,9b3bcca4,02181d9a,3a9b3866,4,0,4,0,
Southern Vipers,122,129,6,9b3bcca4,02181d9a,3a9b3866,4,0,4,0,
Southern Vipers,123,129,7,9b3bcca4,02181d9a,3a9b3866,0,0,0,1,stumped
Southern Vipers,124,131,7,15f609ed,02181d9a,3a9b3866,2,0,2,0,
Southern Vipers,125,131,8,15f609ed,02181d9a,3a9b3866,0,0,0,1,bowled
Southern Vipers,126,132,8,290af2b3,02181d9a,3a9b3866,1,0,1,0,
