batting_team,ball_number,total_team_runs,total_team_wickets,striker_ID,bowler_ID,nonstriker_ID,batter_runs,extras_runs,total_delivery_runs,wicket,wicket_type
Puducherry,1,0,0,7daedf2f,c2ed5822,37fec668,0,0,0,0,
Puducherry,2,1,0,7daedf2f,c2ed5822,37fec668,1,0,1,0,
Puducherry,3,1,0,37fec668,c2ed5822,7daedf2f,0,0,0,0,
Puducherry,4,2,0,37fec668,c2ed5822,7daedf2f,1,0,1,0,
Puducherry,5,2,0,7daedf2f,c2ed5822,37fec668,0,0,0,0,
Puducherry,6,2,0,7daedf2f,c2ed5822,37fec668,0,0,0,0,
Puducherry,7,2,0,37fec668,301762cd,7daedf2f,0,0,0,0,
Puducherry,8,3,0,37fec668,301762cd,7daedf2f,1,0,1,0,
Puducherry,9,3,0,7daedf2f,301762cd,37fec668,0,0,0,0,
Puducherry,10,3,1,7daedf2f,301762cd,37fec668,0,0,0,1,caught
Puducherry,11,7,1,37fec668,301762cd,8b470bea,4,0,4,0,
Puducherry,12,7,1,37fec668,301762cd,8b470bea,0,0,0,0,
Puducherry,13,8,1,8b470bea,c2ed5822,37fec668,1,0,1,0,
Puducherry,14,8,1,37fec668,c2ed5822,8b470bea,0,0,0,0,
Puducherry,15,8,1,37fec668,c2ed5822,8b470bea,0,0,0,0,
Puducherry,16,12,1,37fec668,c2ed5822,8b470bea,4,0,4,0,
Puducherry,17,16,1,37fec668,c2ed5822,8b470bea,4,0,4,0,
Puducherry,18,16,1,37fec668,c2ed5822,8b470bea,0,0,0,0,
Puducherry,19,16,1,8b470bea,301762cd,37fec668,0,0,0,0,
Puducherry,20,17,1,8b470bea,301762cd,37fec668,1,0,1,0,
Puducherry,21,17,1,37fec668,301762cd,8b470bea,0,0,0,0,
Puducherry,22,17,1,37fec668,301762cd,8b470bea,0,0,0,0,
Puducherry,23,17,1,37fec668,301762cd,8b470bea,0,0,0,0,
Puducherry,24,21,1,37fec668,301762cd,8b470bea,4,0,4,0,
Puducherry,25,25,1,8b470bea,54a0e487,37fec668,4,0,4,0,
Puducherry,26,25,1,8b470bea,54a0e487,37fec668,0,0,0,0,
Puducherry,27,25,1,8b470bea,54a0e487,37fec668,0,0,0,0,
Puducherry,28,25,1,8b470bea,54a0e487,37fec668,0,0,0,0,
Puducherry,29,26,1,8b470bea,54a0e487,37fec668,0,1,1,0,
Puducherry,30,30,1,8b470bea,54a0e487,37fec668,4,0,4,0,
Puducherry,31,30,1,8b470bea,54a0e487,37fec668,0,0,0,0,
Puducherry,32,31,1,37fec668,301762cd,8b470bea,1,0,1,0,
Puducherry,33,35,1,8b470bea,301762cd,37fec668,4,0,4,0,
Puducherry,34,41,1,8b470bea,301762cd,37fec668,6,0,6,0,
Puducherry,35,42,1,8b470bea,301762cd,37fec668,0,1,1,0,
Puducherry,36,42,1,8b470bea,301762cd,37fec668,0,0,0,0,
Puducherry,37,43,1,8b470bea,301762cd,37fec668,1,0,1,0,
Puducherry,38,43,1,37fec668,301762cd,8b470bea,0,0,0,0,
Puducherry,39,44,1,8b470bea,15bbe51b,37fec668,1,0,1,0,
Puducherry,40,45,1,37fec668,15bbe51b,8b470bea,1,0,1,0,
Puducherry,41,45,1,8b470bea,15bbe51b,37fec668,0,0,0,0,
Puducherry,42,45,1,8b470bea,15bbe51b,37fec668,0,0,0,0,
Puducherry,43,47,1,8b470bea,15bbe51b,37fec668,2,0,2,0,
Puducherry,44,48,1,8b470bea,15bbe51b,37fec668,1,0,1,0,
Puducherry,45,48,1,8b470bea,66ea7420,37fec668,0,0,0,0,
Puducherry,46,49,1,8b470bea,66ea7420,37fec668,1,0,1,0,
Puducherry,47,50,1,37fec668,66ea7420,8b470bea,1,0,1,0,
Puducherry,48,51,1,8b470bea,66ea7420,37fec668,1,0,1,0,
Puducherry,49,55,1,37fec668,66ea7420,8b470bea,4,0,4,0,
Puducherry,50,55,1,37fec668,66ea7420,8b470bea,0,0,0,0,
Puducherry,51,56,1,8b470bea,15bbe51b,37fec668,1,0,1,0,
Puducherry,52,57,1,37fec668,15bbe51b,8b470bea,1,0,1,0,
Puducherry,53,57,1,8b470bea,15bbe51b,37fec668,0,0,0,0,
Puducherry,54,61,1,8b470bea,15bbe51b,37fec668,4,0,4,0,
Puducherry,55,62,1,8b470bea,15bbe51b,37fec668,1,0,1,0,
Puducherry,56,63,1,37fec668,15bbe51b,8b470bea,1,0,1,0,
Puducherry,57,67,1,37fec668,66ea7420,8b470bea,4,0,4,0,
Puducherry,58,71,1,37fec668,66ea7420,8b470bea,4,0,4,0,
Puducherry,59,71,1,37fec668,66ea7420,8b470bea,0,0,0,0,
Puducherry,60,71,1,37fec668,66ea7420,8b470bea,0,0,0,0,
Puducherry,61,75,1,37fec668,66ea7420,8b470bea,4,0,4,0,
Puducherry,62,75,1,37fec668,66ea7420,8b470bea,0,0,0,0,
Puducherry,63,76,1,8b470bea,15bbe51b,37fec668,1,0,1,0,
Puducherry,64,76,2,37fec668,15bbe51b,8b470bea,0,0,0,1,caught
Puducherry,65,77,2,2728e7e9,15bbe51b,8b470bea,1,0,1,0,
Puducherry,66,83,2,8b470bea,15bbe51b,2728e7e9,6,0,6,0,
Puducherry,67,84,2,8b470bea,15bbe51b,2728e7e9,1,0,1,0,
Puducherry,68,87,2,2728e7e9,15bbe51b,8b470bea,3,0,3,0,
Puducherry,69,88,2,2728e7e9,857b9be7,8b470bea,1,0,1,0,
Puducherry,70,89,2,8b470bea,857b9be7,2728e7e9,1,0,1,0,
Puducherry,71,93,2,2728e7e9,857b9be7,8b470bea,4,0,4,0,
Puducherry,72,93,2,2728e7e9,857b9be7,8b470bea,0,0,0,0,
Puducherry,73,99,2,2728e7e9,857b9be7,8b470bea,6,0,6,0,
Puducherry,74,100,2,2728e7e9,857b9be7,8b470bea,1,0,1,0,
Puducherry,75,101,2,2728e7e9,15bbe51b,8b470bea,1,0,1,0,
Puducherry,76,101,2,8b470bea,15bbe51b,2728e7e9,0,0,0,0,
Puducherry,77,101,3,8b470bea,15bbe51b,2728e7e9,0,0,0,1,caught
Puducherry,78,102,3,2728e7e9,15bbe51b,ee2ac9d7,1,0,1,0,
Puducherry,79,102,3,ee2ac9d7,15bbe51b,2728e7e9,0,0,0,0,
Puducherry,80,102,3,ee2ac9d7,15bbe51b,2728e7e9,0,0,0,0,
Puducherry,81,103,3,2728e7e9,54a0e487,ee2ac9d7,1,0,1,0,
Puducherry,82,104,3,ee2ac9d7,54a0e487,2728e7e9,1,0,1,0,
Puducherry,83,110,3,2728e7e9,54a0e487,ee2ac9d7,6,0,6,0,
Puducherry,84,110,3,2728e7e9,54a0e487,ee2ac9d7,0,0,0,0,
Puducherry,85,110,3,2728e7e9,54a0e487,ee2ac9d7,0,0,0,0,
Puducherry,86,116,3,2728e7e9,54a0e487,ee2ac9d7,6,0,6,0,
Puducherry,87,116,3,ee2ac9d7,4cfda770,2728e7e9,0,0,0,0,
Puducherry,88,117,3,ee2ac9d7,4cfda770,2728e7e9,1,0,1,0,
Puducherry,89,117,4,2728e7e9,4cfda770,ee2ac9d7,0,0,0,1,caught
Puducherry,90,118,4,8da6dbf1,4cfda770,ee2ac9d7,1,0,1,0,
Puducherry,91,119,4,ee2ac9d7,4cfda770,8da6dbf1,1,0,1,0,
Puducherry,92,119,4,8da6dbf1,4cfda770,ee2ac9d7,0,0,0,0,
Puducherry,93,119,4,ee2ac9d7,301762cd,8da6dbf1,0,0,0,0,
Puducherry,94,120,4,ee2ac9d7,301762cd,8da6dbf1,1,0,1,0,
Puducherry,95,121,4,8da6dbf1,301762cd,ee2ac9d7,1,0,1,0,
Puducherry,96,121,5,ee2ac9d7,301762cd,8da6dbf1,0,0,0,1,caught
Puducherry,97,121,5,8da6dbf1,301762cd,f705d984,0,0,0,0,
Puducherry,98,121,6,8da6dbf1,301762cd,f705d984,0,0,0,1,caught
Puducherry,99,121,6,41eb4a4f,4cfda770,f705d984,0,0,0,0,
Puducherry,100,122,6,41eb4a4f,4cfda770,f705d984,1,0,1,0,
Puducherry,101,123,6,f705d984,4cfda770,41eb4a4f,1,0,1,0,
Puducherry,102,123,6,41eb4a4f,4cfda770,f705d984,0,0,0,0,
Puducherry,103,123,6,41eb4a4f,4cfda770,f705d984,0,0,0,0,
Puducherry,104,124,6,41eb4a4f,4cfda770,f705d984,1,0,1,0,
Puducherry,105,126,6,41eb4a4f,c2ed5822,f705d984,2,0,2,0,
Puducherry,106,127,6,41eb4a4f,c2ed5822,f705d984,1,0,1,0,
Puducherry,107,128,6,f705d984,c2ed5822,41eb4a4f,1,0,1,0,
Puducherry,108,129,6,41eb4a4f,c2ed5822,f705d984,1,0,1,0,
Puducherry,109,130,6,f705d984,c2ed5822,41eb4a4f,1,0,1,0,
Puducherry,110,131,6,41eb4a4f,c2ed5822,f705d984,1,0,1,0,
Puducherry,111,131,6,41eb4a4f,4cfda770,f705d984,0,0,0,0,
Puducherry,112,132,7,41eb4a4f,4cfda770,f705d984,1,0,1,1,run out
Puducherry,113,133,7,502056e3,4cfda770,41eb4a4f,1,0,1,0,
Puducherry,114,134,7,41eb4a4f,4cfda770,502056e3,0,1,1,0,
Puducherry,115,135,7,41eb4a4f,4cfda770,502056e3,1,0,1,0,
Puducherry,116,136,7,502056e3,4cfda770,41eb4a4f,1,0,1,0,
Puducherry,117,137,7,41eb4a4f,4cfda770,502056e3,1,0,1,0,
Puducherry,118,143,7,41eb4a4f,c2ed5822,502056e3,6,0,6,0,
Puducherry,119,143,7,41eb4a4f,c2ed5822,502056e3,0,0,0,0,
Puducherry,120,144,7,41eb4a4f,c2ed5822,502056e3,1,0,1,0,
Puducherry,121,145,7,502056e3,c2ed5822,41eb4a4f,1,0,1,0,
Puducherry,122,149,7,41eb4a4f,c2ed5822,502056e3,4,0,4,0,
Puducherry,123,155,7,41eb4a4f,c2ed5822,502056e3,6,0,6,0,
Mizoram,1,0,0,40caa465,41eb4a4f,15bbe51b,0,0,0,0,
Mizoram,2,3,0,40caa465,41eb4a4f,15bbe51b,3,0,3,0,
Mizoram,3,3,0,15bbe51b,41eb4a4f,40caa465,0,0,0,0,
Mizoram,4,3,0,15bbe51b,41eb4a4f,40caa465,0,0,0,0,
Mizoram,5,7,0,15bbe51b,41eb4a4f,40caa465,4,0,4,0,
Mizoram,6,8,0,15bbe51b,41eb4a4f,40caa465,1,0,1,0,
Mizoram,7,8,0,15bbe51b,f705d984,40caa465,0,0,0,0,
Mizoram,8,8,0,15bbe51b,f705d984,40caa465,0,0,0,0,
Mizoram,9,8,1,15bbe51b,f705d984,40caa465,0,0,0,1,caught
Mizoram,10,8,1,40caa465,f705d984,4cfda770,0,0,0,0,
Mizoram,11,8,1,40caa465,f705d984,4cfda770,0,0,0,0,
Mizoram,12,9,1,40caa465,f705d984,4cfda770,1,0,1,0,
Mizoram,13,10,1,40caa465,41eb4a4f,4cfda770,1,0,1,0,
Mizoram,14,10,1,4cfda770,41eb4a4f,40caa465,0,0,0,0,
Mizoram,15,10,1,4cfda770,41eb4a4f,40caa465,0,0,0,0,
Mizoram,16,10,1,4cfda770,41eb4a4f,40caa465,0,0,0,0,
Mizoram,17,10,1,4cfda770,41eb4a4f,40caa465,0,0,0,0,
Mizoram,18,10,1,4cfda770,41eb4a4f,40caa465,0,0,0,0,
Mizoram,19,10,1,40caa465,f705d984,4cfda770,0,0,0,0,
Mizoram,20,10,1,40caa465,f705d984,4cfda770,0,0,0,0,
Mizoram,21,10,1,40caa465,f705d984,4cfda770,0,0,0,0,
Mizoram,22,11,1,40caa465,f705d984,4cfda770,1,0,1,0,
Mizoram,23,11,1,4cfda770,f705d984,40caa465,0,0,0,0,
Mizoram,24,12,1,4cfda770,f705d984,40caa465,1,0,1,0,
Mizoram,25,12,1,4cfda770,502056e3,40caa465,0,0,0,0,
Mizoram,26,13,1,4cfda770,502056e3,40caa465,1,0,1,0,
Mizoram,27,15,1,40caa465,502056e3,4cfda770,2,0,2,0,
Mizoram,28,16,1,40caa465,502056e3,4cfda770,1,0,1,0,
Mizoram,29,17,1,4cfda770,502056e3,40caa465,1,0,1,0,
Mizoram,30,18,1,40caa465,502056e3,4cfda770,1,0,1,0,
Mizoram,31,18,1,40caa465,8db0c0e1,4cfda770,0,0,0,0,
Mizoram,32,18,1,40caa465,8db0c0e1,4cfda770,0,0,0,0,
Mizoram,33,18,1,40caa465,8db0c0e1,4cfda770,0,0,0,0,
Mizoram,34,18,1,40caa465,8db0c0e1,4cfda770,0,0,0,0,
Mizoram,35,19,1,40caa465,8db0c0e1,4cfda770,1,0,1,0,
Mizoram,36,19,1,4cfda770,8db0c0e1,40caa465,0,0,0,0,
Mizoram,37,23,1,40caa465,502056e3,4cfda770,4,0,4,0,
Mizoram,38,24,1,40caa465,502056e3,4cfda770,1,0,1,0,
Mizoram,39,24,2,4cfda770,502056e3,40caa465,0,0,0,1,caught
Mizoram,40,24,2,40caa465,502056e3,62dad180,0,0,0,0,
Mizoram,41,24,2,40caa465,502056e3,62dad180,0,0,0,0,
Mizoram,42,24,2,40caa465,502056e3,62dad180,0,0,0,0,
Mizoram,43,25,2,62dad180,8db0c0e1,40caa465,1,0,1,0,
Mizoram,44,25,2,40caa465,8db0c0e1,62dad180,0,0,0,0,
Mizoram,45,29,2,40caa465,8db0c0e1,62dad180,4,0,4,0,
Mizoram,46,30,2,40caa465,8db0c0e1,62dad180,1,0,1,0,
Mizoram,47,30,2,62dad180,8db0c0e1,40caa465,0,0,0,0,
Mizoram,48,34,2,62dad180,8db0c0e1,40caa465,4,0,4,0,
Mizoram,49,35,2,40caa465,21d38d47,62dad180,1,0,1,0,
Mizoram,50,35,2,62dad180,21d38d47,40caa465,0,0,0,0,
Mizoram,51,35,2,62dad180,21d38d47,40caa465,0,0,0,0,
Mizoram,52,36,2,62dad180,21d38d47,40caa465,1,0,1,0,
Mizoram,53,37,2,40caa465,21d38d47,62dad180,1,0,1,0,
Mizoram,54,37,2,62dad180,21d38d47,40caa465,0,0,0,0,
Mizoram,55,38,2,40caa465,f705d984,62dad180,1,0,1,0,
Mizoram,56,39,2,62dad180,f705d984,40caa465,1,0,1,0,
Mizoram,57,45,2,40caa465,f705d984,62dad180,6,0,6,0,
Mizoram,58,46,2,40caa465,f705d984,62dad180,1,0,1,0,
Mizoram,59,47,2,62dad180,f705d984,40caa465,1,0,1,0,
Mizoram,60,49,2,40caa465,f705d984,62dad180,2,0,2,0,
Mizoram,61,50,2,62dad180,21d38d47,40caa465,1,0,1,0,
Mizoram,62,51,2,40caa465,21d38d47,62dad180,1,0,1,0,
Mizoram,63,52,2,62dad180,21d38d47,40caa465,1,0,1,0,
Mizoram,64,53,2,40caa465,21d38d47,62dad180,1,0,1,0,
Mizoram,65,54,2,62dad180,21d38d47,40caa465,1,0,1,0,
Mizoram,66,54,2,40caa465,21d38d47,62dad180,0,0,0,0,
Mizoram,67,54,2,62dad180,ee2ac9d7,40caa465,0,0,0,0,
Mizoram,68,58,2,62dad180,ee2ac9d7,40caa465,4,0,4,0,
Mizoram,69,59,2,62dad180,ee2ac9d7,40caa465,1,0,1,0,
Mizoram,70,60,2,40caa465,ee2ac9d7,62dad180,1,0,1,0,
Mizoram,71,61,2,62dad180,ee2ac9d7,40caa465,1,0,1,0,
Mizoram,72,65,2,40caa465,ee2ac9d7,62dad180,4,0,4,0,
Mizoram,73,65,2,62dad180,8db0c0e1,40caa465,0,0,0,0,
Mizoram,74,65,2,62dad180,8db0c0e1,40caa465,0,0,0,0,
Mizoram,75,65,2,62dad180,8db0c0e1,40caa465,0,0,0,0,
Mizoram,76,66,2,62dad180,8db0c0e1,40caa465,1,0,1,0,
Mizoram,77,67,2,40caa465,8db0c0e1,62dad180,1,0,1,0,
Mizoram,78,68,2,62dad180,8db0c0e1,40caa465,1,0,1,0,
Mizoram,79,74,2,62dad180,502056e3,40caa465,6,0,6,0,
Mizoram,80,75,2,62dad180,502056e3,40caa465,1,0,1,0,
Mizoram,81,76,2,40caa465,502056e3,62dad180,1,0,1,0,
Mizoram,82,76,2,62dad180,502056e3,40caa465,0,0,0,0,
Mizoram,83,76,3,62dad180,502056e3,40caa465,0,0,0,1,caught
Mizoram,84,77,3,40caa465,502056e3,857b9be7,1,0,1,0,
Mizoram,85,78,3,40caa465,21d38d47,857b9be7,1,0,1,0,
Mizoram,86,78,3,857b9be7,21d38d47,40caa465,0,0,0,0,
Mizoram,87,78,3,857b9be7,21d38d47,40caa465,0,0,0,0,
Mizoram,88,78,3,857b9be7,21d38d47,40caa465,0,0,0,0,
Mizoram,89,79,3,857b9be7,21d38d47,40caa465,1,0,1,0,
Mizoram,90,80,3,40caa465,21d38d47,857b9be7,1,0,1,0,
Mizoram,91,81,3,40caa465,8db0c0e1,857b9be7,1,0,1,0,
Mizoram,92,81,3,857b9be7,8db0c0e1,40caa465,0,0,0,0,
Mizoram,93,81,3,857b9be7,8db0c0e1,40caa465,0,0,0,0,
Mizoram,94,82,3,857b9be7,8db0c0e1,40caa465,1,0,1,0,
Mizoram,95,86,3,40caa465,8db0c0e1,857b9be7,4,0,4,0,
Mizoram,96,87,3,40caa465,8db0c0e1,857b9be7,1,0,1,0,
Mizoram,97,88,3,40caa465,41eb4a4f,857b9be7,1,0,1,0,
Mizoram,98,89,3,857b9be7,41eb4a4f,40caa465,1,0,1,0,
Mizoram,99,93,3,40caa465,41eb4a4f,857b9be7,4,0,4,0,
Mizoram,100,93,3,40caa465,41eb4a4f,857b9be7,0,0,0,0,
Mizoram,101,94,3,40caa465,41eb4a4f,857b9be7,1,0,1,0,
Mizoram,102,95,4,857b9be7,41eb4a4f,40caa465,1,0,1,1,run out
Mizoram,103,95,4,40caa465,502056e3,54a0e487,0,0,0,0,
Mizoram,104,96,4,40caa465,502056e3,54a0e487,1,0,1,0,
Mizoram,105,97,4,54a0e487,502056e3,40caa465,1,0,1,0,
Mizoram,106,98,4,40caa465,502056e3,54a0e487,1,0,1,0,
Mizoram,107,100,4,54a0e487,502056e3,40caa465,2,0,2,0,
Mizoram,108,100,4,54a0e487,502056e3,40caa465,0,0,0,0,
Mizoram,109,101,4,40caa465,41eb4a4f,54a0e487,0,1,1,0,
Mizoram,110,101,4,40caa465,41eb4a4f,54a0e487,0,0,0,0,
Mizoram,111,105,4,40caa465,41eb4a4f,54a0e487,4,0,4,0,
Mizoram,112,107,4,40caa465,41eb4a4f,54a0e487,2,0,2,0,
Mizoram,113,107,4,40caa465,41eb4a4f,54a0e487,0,0,0,0,
Mizoram,114,108,4,40caa465,41eb4a4f,54a0e487,0,1,1,0,
Mizoram,115,109,4,40caa465,41eb4a4f,54a0e487,0,1,1,0,
Mizoram,116,110,4,40caa465,41eb4a4f,54a0e487,1,0,1,0,
Mizoram,117,112,4,54a0e487,41eb4a4f,40caa465,2,0,2,0,
Mizoram,118,114,4,40caa465,21d38d47,54a0e487,2,0,2,0,
Mizoram,119,120,4,40caa465,21d38d47,54a0e487,6,0,6,0,
Mizoram,120,121,4,40caa465,21d38d47,54a0e487,1,0,1,0,
Mizoram,121,122,4,54a0e487,21d38d47,40caa465,1,0,1,0,
Mizoram,122,123,4,40caa465,21d38d47,54a0e487,1,0,1,0,
Mizoram,123,124,4,54a0e487,21d38d47,40caa465,1,0,1,0,
