batting_team,ball_number,total_team_runs,total_team_wickets,striker_ID,bowler_ID,nonstriker_ID,batter_runs,extras_runs,total_delivery_runs,wicket,wicket_type
Melbourne Renegades,1,0,0,a756e61a,808f425a,b8d490fd,0,0,0,0,
Melbourne Renegades,2,0,0,a756e61a,808f425a,b8d490fd,0,0,0,0,
Melbourne Renegades,3,0,1,a756e61a,808f425a,b8d490fd,0,0,0,1,caught
Melbourne Renegades,4,0,1,508a1ea7,808f425a,b8d490fd,0,0,0,0,
Melbourne Renegades,5,0,1,508a1ea7,808f425a,b8d490fd,0,0,0,0,
Melbourne Renegades,6,4,1,508a1ea7,808f425a,b8d490fd,4,0,4,0,
Melbourne Renegades,7,8,1,b8d490fd,7517d134,508a1ea7,4,0,4,0,
Melbourne Renegades,8,8,1,b8d490fd,7517d134,508a1ea7,0,0,0,0,
Melbourne Renegades,9,8,1,b8d490fd,7517d134,508a1ea7,0,0,0,0,
Melbourne Renegades,10,9,1,b8d490fd,7517d134,508a1ea7,1,0,1,0,
Melbourne Renegades,11,9,1,508a1ea7,7517d134,b8d490fd,0,0,0,0,
Melbourne Renegades,12,9,1,508a1ea7,7517d134,b8d490fd,0,0,0,0,
Melbourne Renegades,13,10,1,b8d490fd,808f425a,508a1ea7,1,0,1,0,
Melbourne Renegades,14,14,1,508a1ea7,808f425a,b8d490fd,4,0,4,0,
Melbourne Renegades,15,14,1,508a1ea7,808f425a,b8d490fd,0,0,0,0,
Melbourne Renegades,16,18,1,508a1ea7,808f425a,b8d490fd,4,0,4,0,
Melbourne Renegades,17,19,1,508a1ea7,808f425a,b8d490fd,1,0,1,0,
Melbourne Renegades,18,23,1,b8d490fd,808f425a,508a1ea7,4,0,4,0,
Melbourne Renegades,19,24,1,508a1ea7,7517d134,b8d490fd,1,0,1,0,
Melbourne Renegades,20,28,1,b8d490fd,7517d134,508a1ea7,4,0,4,0,
Melbourne Renegades,21,29,1,b8d490fd,7517d134,508a1ea7,1,0,1,0,
Melbourne Renegades,22,30,1,508a1ea7,7517d134,b8d490fd,1,0,1,0,
Melbourne Renegades,23,31,1,b8d490fd,7517d134,508a1ea7,1,0,1,0,
Melbourne Renegades,24,35,1,508a1ea7,7517d134,b8d490fd,4,0,4,0,
Melbourne Renegades,25,35,1,b8d490fd,9eb1455b,508a1ea7,0,0,0,0,
Melbourne Renegades,26,36,1,b8d490fd,9eb1455b,508a1ea7,1,0,1,0,
Melbourne Renegades,27,36,1,508a1ea7,9eb1455b,b8d490fd,0,0,0,0,
Melbourne Renegades,28,37,1,508a1ea7,9eb1455b,b8d490fd,1,0,1,0,
Melbourne Renegades,29,39,1,b8d490fd,9eb1455b,508a1ea7,2,0,2,0,
Melbourne Renegades,30,39,1,b8d490fd,9eb1455b,508a1ea7,0,0,0,0,
Melbourne Renegades,31,45,1,508a1ea7,64775749,b8d490fd,6,0,6,0,
Melbourne Renegades,32,46,1,508a1ea7,64775749,b8d490fd,1,0,1,0,
Melbourne Renegades,33,47,1,b8d490fd,64775749,508a1ea7,1,0,1,0,
Melbourne Renegades,34,48,1,508a1ea7,64775749,b8d490fd,0,1,1,0,
Melbourne Renegades,35,48,1,508a1ea7,64775749,b8d490fd,0,0,0,0,
Melbourne Renegades,36,49,1,508a1ea7,64775749,b8d490fd,1,0,1,0,
Melbourne Renegades,37,50,1,b8d490fd,64775749,508a1ea7,1,0,1,0,
Melbourne Renegades,38,51,1,b8d490fd,8d5d991e,508a1ea7,1,0,1,0,
Melbourne Renegades,39,52,1,508a1ea7,8d5d991e,b8d490fd,1,0,1,0,
Melbourne Renegades,40,53,1,b8d490fd,8d5d991e,508a1ea7,1,0,1,0,
Melbourne Renegades,41,54,1,508a1ea7,8d5d991e,b8d490fd,1,0,1,0,
Melbourne Renegades,42,56,1,b8d490fd,8d5d991e,508a1ea7,2,0,2,0,
Melbourne Renegades,43,56,1,b8d490fd,8d5d991e,508a1ea7,0,0,0,0,
Melbourne Renegades,44,56,1,508a1ea7,64775749,b8d490fd,0,0,0,0,
Melbourne Renegades,45,57,1,508a1ea7,64775749,b8d490fd,1,0,1,0,
Melbourne Renegades,46,57,1,b8d490fd,64775749,508a1ea7,0,0,0,0,
Melbourne Renegades,47,57,1,b8d490fd,64775749,508a1ea7,0,0,0,0,
Melbourne Renegades,48,58,1,b8d490fd,64775749,508a1ea7,1,0,1,0,
Melbourne Renegades,49,58,1,508a1ea7,64775749,b8d490fd,0,0,0,0,
Melbourne Renegades,50,59,1,b8d490fd,8d5d991e,508a1ea7,1,0,1,0,
Melbourne Renegades,51,63,1,508a1ea7,8d5d991e,b8d490fd,0,4,4,0,
Melbourne Renegades,52,64,1,508a1ea7,8d5d991e,b8d490fd,1,0,1,0,
Melbourne Renegades,53,66,1,b8d490fd,8d5d991e,508a1ea7,2,0,2,0,
Melbourne Renegades,54,67,1,b8d490fd,8d5d991e,508a1ea7,1,0,1,0,
Melbourne Renegades,55,68,1,508a1ea7,8d5d991e,b8d490fd,0,1,1,0,
Melbourne Renegades,56,68,1,508a1ea7,9eb1455b,b8d490fd,0,0,0,0,
Melbourne Renegades,57,69,1,508a1ea7,9eb1455b,b8d490fd,1,0,1,0,
Melbourne Renegades,58,70,1,b8d490fd,9eb1455b,508a1ea7,1,0,1,0,
Melbourne Renegades,59,74,1,508a1ea7,9eb1455b,b8d490fd,4,0,4,0,
Melbourne Renegades,60,74,2,508a1ea7,9eb1455b,b8d490fd,0,0,0,1,caught
Melbourne Renegades,61,75,2,9e85455c,9eb1455b,b8d490fd,1,0,1,0,
Melbourne Renegades,62,75,2,9e85455c,7517d134,b8d490fd,0,0,0,0,
Melbourne Renegades,63,76,2,9e85455c,7517d134,b8d490fd,1,0,1,0,
Melbourne Renegades,64,77,2,b8d490fd,7517d134,9e85455c,1,0,1,0,
Melbourne Renegades,65,80,2,9e85455c,7517d134,b8d490fd,3,0,3,0,
Melbourne Renegades,66,81,2,b8d490fd,7517d134,9e85455c,1,0,1,0,
Melbourne Renegades,67,82,2,9e85455c,7517d134,b8d490fd,1,0,1,0,
Melbourne Renegades,68,88,2,9e85455c,1a156c88,b8d490fd,6,0,6,0,
Melbourne Renegades,69,89,2,9e85455c,1a156c88,b8d490fd,1,0,1,0,
Melbourne Renegades,70,89,2,b8d490fd,1a156c88,9e85455c,0,0,0,0,
Melbourne Renegades,71,89,2,b8d490fd,1a156c88,9e85455c,0,0,0,0,
Melbourne Renegades,72,93,2,b8d490fd,1a156c88,9e85455c,4,0,4,0,
Melbourne Renegades,73,95,2,b8d490fd,1a156c88,9e85455c,2,0,2,0,
Melbourne Renegades,74,96,2,9e85455c,7517d134,b8d490fd,1,0,1,0,
Melbourne Renegades,75,100,2,b8d490fd,7517d134,9e85455c,4,0,4,0,
Melbourne Renegades,76,102,2,b8d490fd,7517d134,9e85455c,2,0,2,0,
Melbourne Renegades,77,106,2,b8d490fd,7517d134,9e85455c,4,0,4,0,
Melbourne Renegades,78,107,2,b8d490fd,7517d134,9e85455c,1,0,1,0,
Melbourne Renegades,79,108,2,9e85455c,7517d134,b8d490fd,1,0,1,0,
Melbourne Renegades,80,109,2,9e85455c,64775749,b8d490fd,1,0,1,0,
Melbourne Renegades,81,109,3,b8d490fd,64775749,9e85455c,0,0,0,1,caught
Melbourne Renegades,82,111,3,56b93d46,64775749,9e85455c,2,0,2,0,
Melbourne Renegades,83,111,3,56b93d46,64775749,9e85455c,0,0,0,0,
Melbourne Renegades,84,112,3,56b93d46,64775749,9e85455c,1,0,1,0,
Melbourne Renegades,85,113,3,9e85455c,64775749,56b93d46,1,0,1,0,
Melbourne Renegades,86,114,3,9e85455c,8d5d991e,56b93d46,1,0,1,0,
Melbourne Renegades,87,115,3,56b93d46,8d5d991e,9e85455c,1,0,1,0,
Melbourne Renegades,88,116,3,9e85455c,8d5d991e,56b93d46,1,0,1,0,
Melbourne Renegades,89,117,3,56b93d46,8d5d991e,9e85455c,1,0,1,0,
Melbourne Renegades,90,118,3,9e85455c,8d5d991e,56b93d46,1,0,1,0,
Melbourne Renegades,91,121,3,56b93d46,8d5d991e,9e85455c,3,0,3,0,
Melbourne Renegades,92,122,3,56b93d46,808f425a,9e85455c,1,0,1,0,
Melbourne Renegades,93,122,4,9e85455c,808f425a,56b93d46,0,0,0,1,caught
Melbourne Renegades,94,123,4,56b93d46,808f425a,2a2e6343,1,0,1,0,
Melbourne Renegades,95,123,4,2a2e6343,808f425a,56b93d46,0,0,0,0,
Melbourne Renegades,96,125,4,2a2e6343,808f425a,56b93d46,2,0,2,0,
Melbourne Renegades,97,129,4,2a2e6343,808f425a,56b93d46,4,0,4,0,
Melbourne Renegades,98,131,4,56b93d46,8d5d991e,2a2e6343,0,2,2,0,
Melbourne Renegades,99,132,4,56b93d46,8d5d991e,2a2e6343,1,0,1,0,
Melbourne Renegades,100,133,4,2a2e6343,8d5d991e,56b93d46,1,0,1,0,
Melbourne Renegades,101,133,5,56b93d46,8d5d991e,2a2e6343,0,0,0,1,lbw
Melbourne Renegades,102,134,5,2318ba22,8d5d991e,2a2e6343,1,0,1,0,
Melbourne Renegades,103,135,5,2a2e6343,8d5d991e,2318ba22,1,0,1,0,
Melbourne Renegades,104,139,5,2a2e6343,64775749,2318ba22,4,0,4,0,
Melbourne Renegades,105,139,6,2a2e6343,64775749,2318ba22,0,0,0,1,caught
Melbourne Renegades,106,140,6,51a60c16,64775749,2318ba22,1,0,1,0,
Melbourne Renegades,107,141,6,2318ba22,64775749,51a60c16,0,1,1,0,
Melbourne Renegades,108,141,7,2318ba22,64775749,51a60c16,0,0,0,1,lbw
Melbourne Renegades,109,142,7,dfc4d8b5,64775749,51a60c16,1,0,1,0,
Melbourne Renegades,110,143,7,51a60c16,64775749,dfc4d8b5,1,0,1,0,
Melbourne Renegades,111,144,7,51a60c16,9eb1455b,dfc4d8b5,1,0,1,0,
Melbourne Renegades,112,145,7,dfc4d8b5,9eb1455b,51a60c16,1,0,1,0,
Melbourne Renegades,113,147,7,51a60c16,9eb1455b,dfc4d8b5,2,0,2,0,
Melbourne Renegades,114,147,8,51a60c16,9eb1455b,dfc4d8b5,0,0,0,1,caught
Melbourne Renegades,115,147,9,402f8494,9eb1455b,dfc4d8b5,0,0,0,1,bowled
Melbourne Renegades,116,147,9,e412cb64,9eb1455b,dfc4d8b5,0,0,0,0,
Melbourne Renegades,117,147,10,dfc4d8b5,808f425a,e412cb64,0,0,0,1,caught
Hobart Hurricanes,1,0,0,1a156c88,dfc4d8b5,479f9b04,0,0,0,0,
Hobart Hurricanes,2,0,0,1a156c88,dfc4d8b5,479f9b04,0,0,0,0,
Hobart Hurricanes,3,4,0,1a156c88,dfc4d8b5,479f9b04,4,0,4,0,
Hobart Hurricanes,4,4,0,1a156c88,dfc4d8b5,479f9b04,0,0,0,0,
Hobart Hurricanes,5,6,0,1a156c88,dfc4d8b5,479f9b04,2,0,2,0,
Hobart Hurricanes,6,7,0,1a156c88,dfc4d8b5,479f9b04,1,0,1,0,
Hobart Hurricanes,7,8,0,1a156c88,402f8494,479f9b04,1,0,1,0,
Hobart Hurricanes,8,8,0,479f9b04,402f8494,1a156c88,0,0,0,0,
Hobart Hurricanes,9,9,0,479f9b04,402f8494,1a156c88,0,1,1,0,
Hobart Hurricanes,10,10,0,1a156c88,402f8494,479f9b04,0,1,1,0,
Hobart Hurricanes,11,14,0,1a156c88,402f8494,479f9b04,0,4,4,0,
Hobart Hurricanes,12,18,0,1a156c88,402f8494,479f9b04,4,0,4,0,
Hobart Hurricanes,13,19,0,1a156c88,402f8494,479f9b04,1,0,1,0,
Hobart Hurricanes,14,19,0,1a156c88,dfc4d8b5,479f9b04,0,0,0,0,
Hobart Hurricanes,15,23,0,1a156c88,dfc4d8b5,479f9b04,4,0,4,0,
Hobart Hurricanes,16,23,0,1a156c88,dfc4d8b5,479f9b04,0,0,0,0,
Hobart Hurricanes,17,24,0,1a156c88,dfc4d8b5,479f9b04,1,0,1,0,
Hobart Hurricanes,18,24,0,479f9b04,dfc4d8b5,1a156c88,0,0,0,0,
Hobart Hurricanes,19,24,0,479f9b04,dfc4d8b5,1a156c88,0,0,0,0,
Hobart Hurricanes,20,25,0,1a156c88,2318ba22,479f9b04,1,0,1,0,
Hobart Hurricanes,21,25,0,479f9b04,2318ba22,1a156c88,0,0,0,0,
Hobart Hurricanes,22,25,1,479f9b04,2318ba22,1a156c88,0,0,0,1,caught
Hobart Hurricanes,23,25,2,806c4e58,2318ba22,1a156c88,0,0,0,1,caught
Hobart Hurricanes,24,26,2,c41043e6,2318ba22,1a156c88,1,0,1,0,
Hobart Hurricanes,25,26,2,1a156c88,2318ba22,c41043e6,0,0,0,0,
Hobart Hurricanes,26,26,2,c41043e6,56b93d46,1a156c88,0,0,0,0,
Hobart Hurricanes,27,28,2,c41043e6,56b93d46,1a156c88,2,0,2,0,
Hobart Hurricanes,28,29,2,c41043e6,56b93d46,1a156c88,1,0,1,0,
Hobart Hurricanes,29,29,2,1a156c88,56b93d46,c41043e6,0,0,0,0,
Hobart Hurricanes,30,30,2,1a156c88,56b93d46,c41043e6,1,0,1,0,
Hobart Hurricanes,31,31,2,c41043e6,56b93d46,1a156c88,1,0,1,0,
Hobart Hurricanes,32,32,2,c41043e6,2318ba22,1a156c88,1,0,1,0,
Hobart Hurricanes,33,33,2,1a156c88,2318ba22,c41043e6,1,0,1,0,
Hobart Hurricanes,34,34,2,c41043e6,2318ba22,1a156c88,1,0,1,0,
Hobart Hurricanes,35,40,2,1a156c88,2318ba22,c41043e6,6,0,6,0,
Hobart Hurricanes,36,44,2,1a156c88,2318ba22,c41043e6,4,0,4,0,
Hobart Hurricanes,37,45,2,1a156c88,2318ba22,c41043e6,1,0,1,0,
Hobart Hurricanes,38,46,2,1a156c88,56b93d46,c41043e6,1,0,1,0,
Hobart Hurricanes,39,47,2,c41043e6,56b93d46,1a156c88,1,0,1,0,
Hobart Hurricanes,40,47,2,1a156c88,56b93d46,c41043e6,0,0,0,0,
Hobart Hurricanes,41,48,2,1a156c88,56b93d46,c41043e6,1,0,1,0,
Hobart Hurricanes,42,50,2,c41043e6,56b93d46,1a156c88,2,0,2,0,
Hobart Hurricanes,43,51,2,c41043e6,56b93d46,1a156c88,1,0,1,0,
Hobart Hurricanes,44,52,2,c41043e6,51a60c16,1a156c88,1,0,1,0,
Hobart Hurricanes,45,53,2,1a156c88,51a60c16,c41043e6,1,0,1,0,
Hobart Hurricanes,46,53,2,c41043e6,51a60c16,1a156c88,0,0,0,0,
Hobart Hurricanes,47,53,2,c41043e6,51a60c16,1a156c88,0,0,0,0,
Hobart Hurricanes,48,53,2,c41043e6,51a60c16,1a156c88,0,0,0,0,
Hobart Hurricanes,49,53,2,c41043e6,51a60c16,1a156c88,0,0,0,0,
Hobart Hurricanes,50,54,2,1a156c88,56b93d46,c41043e6,1,0,1,0,
Hobart Hurricanes,51,56,2,c41043e6,56b93d46,1a156c88,2,0,2,0,
Hobart Hurricanes,52,57,2,c41043e6,56b93d46,1a156c88,1,0,1,0,
Hobart Hurricanes,53,58,2,1a156c88,56b93d46,c41043e6,1,0,1,0,
Hobart Hurricanes,54,59,2,c41043e6,56b93d46,1a156c88,1,0,1,0,
Hobart Hurricanes,55,60,2,1a156c88,56b93d46,c41043e6,1,0,1,0,
Hobart Hurricanes,56,60,2,1a156c88,51a60c16,c41043e6,0,0,0,0,
Hobart Hurricanes,57,61,2,1a156c88,51a60c16,c41043e6,1,0,1,0,
Hobart Hurricanes,58,62,2,c41043e6,51a60c16,1a156c88,1,0,1,0,
Hobart Hurricanes,59,63,2,1a156c88,51a60c16,c41043e6,1,0,1,0,
Hobart Hurricanes,60,64,2,c41043e6,51a60c16,1a156c88,1,0,1,0,
Hobart Hurricanes,61,65,2,1a156c88,51a60c16,c41043e6,1,0,1,0,
Hobart Hurricanes,62,66,2,1a156c88,e412cb64,c41043e6,1,0,1,0,
Hobart Hurricanes,63,67,2,c41043e6,e412cb64,1a156c88,1,0,1,0,
Hobart Hurricanes,64,68,2,1a156c88,e412cb64,c41043e6,1,0,1,0,
Hobart Hurricanes,65,69,2,c41043e6,e412cb64,1a156c88,1,0,1,0,
Hobart Hurricanes,66,73,2,1a156c88,e412cb64,c41043e6,4,0,4,0,
Hobart Hurricanes,67,77,2,1a156c88,e412cb64,c41043e6,4,0,4,0,
Hobart Hurricanes,68,78,2,c41043e6,51a60c16,1a156c88,1,0,1,0,
Hobart Hurricanes,69,78,2,1a156c88,51a60c16,c41043e6,0,0,0,0,
Hobart Hurricanes,70,79,2,1a156c88,51a60c16,c41043e6,0,1,1,0,
Hobart Hurricanes,71,80,2,1a156c88,51a60c16,c41043e6,1,0,1,0,
Hobart Hurricanes,72,81,2,c41043e6,51a60c16,1a156c88,1,0,1,0,
Hobart Hurricanes,73,82,2,1a156c88,51a60c16,c41043e6,1,0,1,0,
Hobart Hurricanes,74,83,2,c41043e6,51a60c16,1a156c88,1,0,1,0,
Hobart Hurricanes,75,87,2,c41043e6,2318ba22,1a156c88,4,0,4,0,
Hobart Hurricanes,76,88,2,c41043e6,2318ba22,1a156c88,1,0,1,0,
Hobart Hurricanes,77,89,2,1a156c88,2318ba22,c41043e6,1,0,1,0,
Hobart Hurricanes,78,90,2,c41043e6,2318ba22,1a156c88,1,0,1,0,
Hobart Hurricanes,79,91,2,1a156c88,2318ba22,c41043e6,1,0,1,0,
Hobart Hurricanes,80,92,2,c41043e6,2318ba22,1a156c88,1,0,1,0,
Hobart Hurricanes,81,93,2,c41043e6,51a60c16,1a156c88,1,0,1,0,
Hobart Hurricanes,82,97,2,1a156c88,51a60c16,c41043e6,4,0,4,0,
Hobart Hurricanes,83,98,2,1a156c88,51a60c16,c41043e6,1,0,1,0,
Hobart Hurricanes,84,99,2,c41043e6,51a60c16,1a156c88,1,0,1,0,
Hobart Hurricanes,85,99,3,1a156c88,51a60c16,c41043e6,0,0,0,1,lbw
Hobart Hurricanes,86,99,3,d67d5f00,51a60c16,c41043e6,0,0,0,0,
Hobart Hurricanes,87,100,3,c41043e6,2318ba22,d67d5f00,1,0,1,0,
Hobart Hurricanes,88,102,3,d67d5f00,2318ba22,c41043e6,2,0,2,0,
Hobart Hurricanes,89,103,3,d67d5f00,2318ba22,c41043e6,1,0,1,0,
Hobart Hurricanes,90,104,3,c41043e6,2318ba22,d67d5f00,1,0,1,0,
Hobart Hurricanes,91,105,3,d67d5f00,2318ba22,c41043e6,1,0,1,0,
Hobart Hurricanes,92,106,3,c41043e6,2318ba22,d67d5f00,1,0,1,0,
Hobart Hurricanes,93,107,3,c41043e6,56b93d46,d67d5f00,1,0,1,0,
Hobart Hurricanes,94,109,3,d67d5f00,56b93d46,c41043e6,2,0,2,0,
Hobart Hurricanes,95,110,3,d67d5f00,56b93d46,c41043e6,1,0,1,0,
Hobart Hurricanes,96,111,3,c41043e6,56b93d46,d67d5f00,1,0,1,0,
Hobart Hurricanes,97,111,3,d67d5f00,56b93d46,c41043e6,0,0,0,0,
Hobart Hurricanes,98,112,3,d67d5f00,56b93d46,c41043e6,1,0,1,0,
Hobart Hurricanes,99,113,3,d67d5f00,e412cb64,c41043e6,0,1,1,0,
Hobart Hurricanes,100,114,3,d67d5f00,e412cb64,c41043e6,1,0,1,0,
Hobart Hurricanes,101,115,3,c41043e6,e412cb64,d67d5f00,1,0,1,0,
Hobart Hurricanes,102,121,3,d67d5f00,e412cb64,c41043e6,6,0,6,0,
Hobart Hurricanes,103,122,3,d67d5f00,e412cb64,c41043e6,1,0,1,0,
Hobart Hurricanes,104,124,3,c41043e6,e412cb64,d67d5f00,2,0,2,0,
Hobart Hurricanes,105,125,3,c41043e6,e412cb64,d67d5f00,1,0,1,0,
Hobart Hurricanes,106,127,3,c41043e6,dfc4d8b5,d67d5f00,2,0,2,0,
Hobart Hurricanes,107,129,3,c41043e6,dfc4d8b5,d67d5f00,2,0,2,0,
Hobart Hurricanes,108,131,3,c41043e6,dfc4d8b5,d67d5f00,2,0,2,0,
Hobart Hurricanes,109,132,3,c41043e6,dfc4d8b5,d67d5f00,1,0,1,0,
Hobart Hurricanes,110,133,3,d67d5f00,dfc4d8b5,c41043e6,1,0,1,0,
Hobart Hurricanes,111,137,3,c41043e6,dfc4d8b5,d67d5f00,0,4,4,0,
Hobart Hurricanes,112,143,3,d67d5f00,e412cb64,c41043e6,6,0,6,0,
Hobart Hurricanes,113,144,3,d67d5f00,e412cb64,c41043e6,1,0,1,0,
Hobart Hurricanes,114,145,3,c41043e6,e412cb64,d67d5f00,1,0,1,0,
Hobart Hurricanes,115,146,3,d67d5f00,e412cb64,c41043e6,1,0,1,0,
Hobart Hurricanes,116,146,3,c41043e6,e412cb64,d67d5f00,0,0,0,0,
Hobart Hurricanes,117,147,3,c41043e6,e412cb64,d67d5f00,1,0,1,0,
Hobart Hurricanes,118,148,3,c41043e6,dfc4d8b5,d67d5f00,1,0,1,0,
