batting_team,ball_number,total_team_runs,total_team_wickets,striker_ID,bowler_ID,nonstriker_ID,batter_runs,extras_runs,total_delivery_runs,wicket,wicket_type
Thailand,1,0,0,de896b79,b410bd3d,25bc2d36,0,0,0,0,
Thailand,2,0,0,de896b79,b410bd3d,25bc2d36,0,0,0,0,
Thailand,3,0,0,de896b79,b410bd3d,25bc2d36,0,0,0,0,
Thailand,4,0,0,de896b79,b410bd3d,25bc2d36,0,0,0,0,
Thailand,5,0,0,de896b79,b410bd3d,25bc2d36,0,0,0,0,
Thailand,6,0,0,de896b79,b410bd3d,25bc2d36,0,0,0,0,
Thailand,7,0,0,25bc2d36,f53b3e1d,de896b79,0,0,0,0,
Thailand,8,0,0,25bc2d36,f53b3e1d,de896b79,0,0,0,0,
Thailand,9,4,0,25bc2d36,f53b3e1d,de896b79,4,0,4,0,
Thailand,10,5,0,25bc2d36,f53b3e1d,de896b79,0,1,1,0,
Thailand,11,9,0,25bc2d36,f53b3e1d,de896b79,4,0,4,0,
Thailand,12,9,1,25bc2d36,f53b3e1d,de896b79,0,0,0,1,caught
Thailand,13,9,1,b8f10b60,f53b3e1d,de896b79,0,0,0,0,
Thailand,14,9,1,de896b79,12c3ba4d,b8f10b60,0,0,0,0,
Thailand,15,9,1,de896b79,12c3ba4d,b8f10b60,0,0,0,0,
Thailand,16,9,1,de896b79,12c3ba4d,b8f10b60,0,0,0,0,
Thailand,17,9,2,de896b79,12c3ba4d,b8f10b60,0,0,0,1,run out
Thailand,18,9,2,b8f10b60,12c3ba4d,f20e7aac,0,0,0,0,
Thailand,19,10,2,b8f10b60,12c3ba4d,f20e7aac,1,0,1,0,
Thailand,20,10,2,b8f10b60,b410bd3d,f20e7aac,0,0,0,0,
Thailand,21,10,2,b8f10b60,b410bd3d,f20e7aac,0,0,0,0,
Thailand,22,10,2,b8f10b60,b410bd3d,f20e7aac,0,0,0,0,
Thailand,23,10,2,b8f10b60,b410bd3d,f20e7aac,0,0,0,0,
Thailand,24,10,2,b8f10b60,b410bd3d,f20e7aac,0,0,0,0,
Thailand,25,10,2,b8f10b60,b410bd3d,f20e7aac,0,0,0,0,
Thailand,26,11,2,f20e7aac,12c3ba4d,b8f10b60,0,1,1,0,
Thailand,27,11,2,f20e7aac,12c3ba4d,b8f10b60,0,0,0,0,
Thailand,28,11,2,f20e7aac,12c3ba4d,b8f10b60,0,0,0,0,
Thailand,29,11,2,f20e7aac,12c3ba4d,b8f10b60,0,0,0,0,
Thailand,30,12,2,f20e7aac,12c3ba4d,b8f10b60,1,0,1,0,
Thailand,31,12,2,b8f10b60,12c3ba4d,f20e7aac,0,0,0,0,
Thailand,32,12,2,b8f10b60,12c3ba4d,f20e7aac,0,0,0,0,
Thailand,33,12,2,f20e7aac,b410bd3d,b8f10b60,0,0,0,0,
Thailand,34,12,2,f20e7aac,b410bd3d,b8f10b60,0,0,0,0,
Thailand,35,12,2,f20e7aac,b410bd3d,b8f10b60,0,0,0,0,
Thailand,36,12,2,f20e7aac,b410bd3d,b8f10b60,0,0,0,0,
Thailand,37,12,2,f20e7aac,b410bd3d,b8f10b60,0,0,0,0,
Thailand,38,13,2,f20e7aac,b410bd3d,b8f10b60,0,1,1,0,
Thailand,39,13,2,f20e7aac,b410bd3d,b8f10b60,0,0,0,0,
Thailand,40,13,2,b8f10b60,edc2a9c6,f20e7aac,0,0,0,0,
Thailand,41,14,2,b8f10b60,edc2a9c6,f20e7aac,1,0,1,0,
Thailand,42,14,2,f20e7aac,edc2a9c6,b8f10b60,0,0,0,0,
Thailand,43,15,2,f20e7aac,edc2a9c6,b8f10b60,1,0,1,0,
Thailand,44,15,2,b8f10b60,edc2a9c6,f20e7aac,0,0,0,0,
Thailand,45,15,2,b8f10b60,edc2a9c6,f20e7aac,0,0,0,0,
Thailand,46,15,2,f20e7aac,f53b3e1d,b8f10b60,0,0,0,0,
Thailand,47,15,2,f20e7aac,f53b3e1d,b8f10b60,0,0,0,0,
Thailand,48,19,2,f20e7aac,f53b3e1d,b8f10b60,0,4,4,0,
Thailand,49,19,2,f20e7aac,f53b3e1d,b8f10b60,0,0,0,0,
Thailand,50,19,2,f20e7aac,f53b3e1d,b8f10b60,0,0,0,0,
Thailand,51,19,3,f20e7aac,f53b3e1d,b8f10b60,0,0,0,1,bowled
Thailand,52,20,3,b8f10b60,edc2a9c6,8e38d470,0,1,1,0,
Thailand,53,20,3,8e38d470,edc2a9c6,b8f10b60,0,0,0,0,
Thailand,54,20,3,8e38d470,edc2a9c6,b8f10b60,0,0,0,0,
Thailand,55,20,3,8e38d470,edc2a9c6,b8f10b60,0,0,0,0,
Thailand,56,21,3,8e38d470,edc2a9c6,b8f10b60,1,0,1,0,
Thailand,57,22,3,b8f10b60,edc2a9c6,8e38d470,1,0,1,0,
Thailand,58,23,3,b8f10b60,f53b3e1d,8e38d470,1,0,1,0,
Thailand,59,23,4,8e38d470,f53b3e1d,b8f10b60,0,0,0,1,bowled
Thailand,60,24,4,68f500c8,f53b3e1d,b8f10b60,1,0,1,0,
Thailand,61,25,4,b8f10b60,f53b3e1d,68f500c8,1,0,1,0,
Thailand,62,25,4,68f500c8,f53b3e1d,b8f10b60,0,0,0,0,
Thailand,63,25,4,68f500c8,f53b3e1d,b8f10b60,0,0,0,0,
Thailand,64,25,4,b8f10b60,edc2a9c6,68f500c8,0,0,0,0,
Thailand,65,26,4,b8f10b60,edc2a9c6,68f500c8,1,0,1,0,
Thailand,66,26,4,68f500c8,edc2a9c6,b8f10b60,0,0,0,0,
Thailand,67,30,4,68f500c8,edc2a9c6,b8f10b60,0,4,4,0,
Thailand,68,31,4,68f500c8,edc2a9c6,b8f10b60,1,0,1,0,
Thailand,69,31,4,b8f10b60,edc2a9c6,68f500c8,0,0,0,0,
Thailand,70,32,4,68f500c8,64fb6b15,b8f10b60,1,0,1,0,
Thailand,71,32,4,b8f10b60,64fb6b15,68f500c8,0,0,0,0,
Thailand,72,38,4,b8f10b60,64fb6b15,68f500c8,6,0,6,0,
Thailand,73,39,4,b8f10b60,64fb6b15,68f500c8,1,0,1,0,
Thailand,74,39,4,68f500c8,64fb6b15,b8f10b60,0,0,0,0,
Thailand,75,39,4,68f500c8,64fb6b15,b8f10b60,0,0,0,0,
Thailand,76,39,4,b8f10b60,edc2a9c6,68f500c8,0,0,0,0,
Thailand,77,39,4,b8f10b60,edc2a9c6,68f500c8,0,0,0,0,
Thailand,78,39,4,b8f10b60,edc2a9c6,68f500c8,0,0,0,0,
Thailand,79,39,5,b8f10b60,edc2a9c6,68f500c8,0,0,0,1,bowled
Thailand,80,39,5,caa18d8b,edc2a9c6,68f500c8,0,0,0,0,
Thailand,81,39,5,caa18d8b,edc2a9c6,68f500c8,0,0,0,0,
Thailand,82,41,5,68f500c8,b410bd3d,caa18d8b,2,0,2,0,
Thailand,83,41,5,68f500c8,b410bd3d,caa18d8b,0,0,0,0,
Thailand,84,41,5,68f500c8,b410bd3d,caa18d8b,0,0,0,0,
Thailand,85,46,5,68f500c8,b410bd3d,caa18d8b,0,5,5,0,
Thailand,86,46,5,68f500c8,b410bd3d,caa18d8b,0,0,0,0,
Thailand,87,46,6,68f500c8,b410bd3d,caa18d8b,0,0,0,1,lbw
Thailand,88,47,6,b3540b2a,b410bd3d,caa18d8b,1,0,1,0,
Thailand,89,48,6,b3540b2a,7e9f1cde,caa18d8b,1,0,1,0,
Thailand,90,48,6,caa18d8b,7e9f1cde,b3540b2a,0,0,0,0,
Thailand,91,48,6,caa18d8b,7e9f1cde,b3540b2a,0,0,0,0,
Thailand,92,48,6,caa18d8b,7e9f1cde,b3540b2a,0,0,0,0,
Thailand,93,49,6,caa18d8b,7e9f1cde,b3540b2a,1,0,1,0,
Thailand,94,49,6,b3540b2a,7e9f1cde,caa18d8b,0,0,0,0,
Thailand,95,50,6,caa18d8b,64fb6b15,b3540b2a,1,0,1,0,
Thailand,96,51,6,b3540b2a,64fb6b15,caa18d8b,1,0,1,0,
Thailand,97,51,6,caa18d8b,64fb6b15,b3540b2a,0,0,0,0,
Thailand,98,51,7,caa18d8b,64fb6b15,b3540b2a,0,0,0,1,bowled
Thailand,99,51,7,e6948355,64fb6b15,b3540b2a,0,0,0,0,
Thailand,100,51,7,e6948355,64fb6b15,b3540b2a,0,0,0,0,
Thailand,101,51,7,b3540b2a,7e9f1cde,e6948355,0,0,0,0,
Thailand,102,51,7,b3540b2a,7e9f1cde,e6948355,0,0,0,0,
Thailand,103,51,7,b3540b2a,7e9f1cde,e6948355,0,0,0,0,
Thailand,104,51,7,b3540b2a,7e9f1cde,e6948355,0,0,0,0,
Thailand,105,52,7,b3540b2a,7e9f1cde,e6948355,1,0,1,0,
Thailand,106,53,7,e6948355,7e9f1cde,b3540b2a,1,0,1,0,
Thailand,107,53,7,e6948355,64fb6b15,b3540b2a,0,0,0,0,
Thailand,108,54,7,e6948355,64fb6b15,b3540b2a,1,0,1,0,
Thailand,109,54,8,b3540b2a,64fb6b15,e6948355,0,0,0,1,caught
Thailand,110,54,8,e6948355,64fb6b15,44e00a4c,0,0,0,0,
Thailand,111,54,8,e6948355,64fb6b15,44e00a4c,0,0,0,0,
Thailand,112,54,8,e6948355,64fb6b15,44e00a4c,0,0,0,0,
Thailand,113,54,8,44e00a4c,f53b3e1d,e6948355,0,0,0,0,
Thailand,114,54,8,44e00a4c,f53b3e1d,e6948355,0,0,0,0,
Thailand,115,54,9,44e00a4c,f53b3e1d,e6948355,0,0,0,1,run out
Thailand,116,54,9,e6948355,f53b3e1d,dfa6db1a,0,0,0,0,
Thailand,117,54,9,e6948355,f53b3e1d,dfa6db1a,0,0,0,0,
Thailand,118,54,9,e6948355,f53b3e1d,dfa6db1a,0,0,0,0,
Thailand,119,55,9,dfa6db1a,64fb6b15,e6948355,1,0,1,0,
Thailand,120,57,9,e6948355,64fb6b15,dfa6db1a,2,0,2,0,
Thailand,121,57,9,e6948355,64fb6b15,dfa6db1a,0,0,0,0,
Thailand,122,59,9,e6948355,64fb6b15,dfa6db1a,2,0,2,0,
Thailand,123,65,9,e6948355,64fb6b15,dfa6db1a,6,0,6,0,
Thailand,124,66,10,e6948355,64fb6b15,dfa6db1a,1,0,1,1,run out
Nepal,1,0,0,7e9f1cde,f20e7aac,12c3ba4d,0,0,0,0,
Nepal,2,4,0,7e9f1cde,f20e7aac,12c3ba4d,4,0,4,0,
Nepal,3,5,0,7e9f1cde,f20e7aac,12c3ba4d,1,0,1,0,
Nepal,4,9,0,12c3ba4d,f20e7aac,7e9f1cde,4,0,4,0,
Nepal,5,10,0,12c3ba4d,f20e7aac,7e9f1cde,1,0,1,0,
Nepal,6,10,0,7e9f1cde,f20e7aac,12c3ba4d,0,0,0,0,
Nepal,7,10,0,12c3ba4d,44e00a4c,7e9f1cde,0,0,0,0,
Nepal,8,14,0,12c3ba4d,44e00a4c,7e9f1cde,4,0,4,0,
Nepal,9,14,1,12c3ba4d,44e00a4c,7e9f1cde,0,0,0,1,stumped
Nepal,10,14,1,82294960,44e00a4c,7e9f1cde,0,0,0,0,
Nepal,11,14,1,82294960,44e00a4c,7e9f1cde,0,0,0,0,
Nepal,12,14,1,82294960,44e00a4c,7e9f1cde,0,0,0,0,
Nepal,13,18,1,7e9f1cde,f20e7aac,82294960,4,0,4,0,
Nepal,14,22,1,7e9f1cde,f20e7aac,82294960,4,0,4,0,
Nepal,15,26,1,7e9f1cde,f20e7aac,82294960,4,0,4,0,
Nepal,16,26,1,7e9f1cde,f20e7aac,82294960,0,0,0,0,
Nepal,17,26,1,7e9f1cde,f20e7aac,82294960,0,0,0,0,
Nepal,18,32,1,7e9f1cde,f20e7aac,82294960,6,0,6,0,
Nepal,19,36,1,82294960,44e00a4c,7e9f1cde,4,0,4,0,
Nepal,20,37,1,82294960,44e00a4c,7e9f1cde,1,0,1,0,
Nepal,21,37,1,7e9f1cde,44e00a4c,82294960,0,0,0,0,
Nepal,22,43,1,7e9f1cde,44e00a4c,82294960,6,0,6,0,
Nepal,23,44,1,7e9f1cde,44e00a4c,82294960,1,0,1,0,
Nepal,24,44,1,82294960,44e00a4c,7e9f1cde,0,0,0,0,
Nepal,25,44,1,7e9f1cde,68f500c8,82294960,0,0,0,0,
Nepal,26,44,1,7e9f1cde,68f500c8,82294960,0,0,0,0,
Nepal,27,45,1,7e9f1cde,68f500c8,82294960,1,0,1,0,
Nepal,28,51,1,82294960,68f500c8,7e9f1cde,6,0,6,0,
Nepal,29,55,1,82294960,68f500c8,7e9f1cde,4,0,4,0,
Nepal,30,61,1,82294960,68f500c8,7e9f1cde,6,0,6,0,
Nepal,31,65,1,7e9f1cde,44e00a4c,82294960,4,0,4,0,
Nepal,32,66,1,7e9f1cde,44e00a4c,82294960,1,0,1,0,
Nepal,33,72,1,82294960,44e00a4c,7e9f1cde,6,0,6,0,
