batting_team,ball_number,total_team_runs,total_team_wickets,striker_ID,bowler_ID,nonstriker_ID,batter_runs,extras_runs,total_delivery_runs,wicket,wicket_type
Kings XI Punjab,1,0,0,b17e2f24,5574750c,c3a96caf,0,0,0,0,
Kings XI Punjab,2,0,0,b17e2f24,5574750c,c3a96caf,0,0,0,0,
Kings XI Punjab,3,0,0,b17e2f24,5574750c,c3a96caf,0,0,0,0,
Kings XI Punjab,4,0,0,b17e2f24,5574750c,c3a96caf,0,0,0,0,
Kings XI Punjab,5,1,0,b17e2f24,5574750c,c3a96caf,1,0,1,0,
Kings XI Punjab,6,1,1,c3a96caf,5574750c,b17e2f24,0,0,0,1,caught
Kings XI Punjab,7,3,1,b17e2f24,0a3d54b9,db584dad,0,2,2,0,
Kings XI Punjab,8,3,1,db584dad,0a3d54b9,b17e2f24,0,0,0,0,
Kings XI Punjab,9,3,1,db584dad,0a3d54b9,b17e2f24,0,0,0,0,
Kings XI Punjab,10,3,1,db584dad,0a3d54b9,b17e2f24,0,0,0,0,
Kings XI Punjab,11,3,1,db584dad,0a3d54b9,b17e2f24,0,0,0,0,
Kings XI Punjab,12,3,1,db584dad,0a3d54b9,b17e2f24,0,0,0,0,
Kings XI Punjab,13,4,1,db584dad,0a3d54b9,b17e2f24,0,1,1,0,
Kings XI Punjab,14,5,1,db584dad,0a3d54b9,b17e2f24,0,1,1,0,
Kings XI Punjab,15,9,1,db584dad,0a3d54b9,b17e2f24,4,0,4,0,
Kings XI Punjab,16,9,1,b17e2f24,5574750c,db584dad,0,0,0,0,
Kings XI Punjab,17,13,1,b17e2f24,5574750c,db584dad,4,0,4,0,
Kings XI Punjab,18,13,1,b17e2f24,5574750c,db584dad,0,0,0,0,
Kings XI Punjab,19,13,1,b17e2f24,5574750c,db584dad,0,0,0,0,
Kings XI Punjab,20,14,1,b17e2f24,5574750c,db584dad,1,0,1,0,
Kings XI Punjab,21,14,1,db584dad,5574750c,b17e2f24,0,0,0,0,
Kings XI Punjab,22,14,1,b17e2f24,0a3d54b9,db584dad,0,0,0,0,
Kings XI Punjab,23,15,1,b17e2f24,0a3d54b9,db584dad,1,0,1,0,
Kings XI Punjab,24,16,1,db584dad,0a3d54b9,b17e2f24,0,1,1,0,
Kings XI Punjab,25,22,1,db584dad,0a3d54b9,b17e2f24,6,0,6,0,
Kings XI Punjab,26,24,1,db584dad,0a3d54b9,b17e2f24,2,0,2,0,
Kings XI Punjab,27,25,1,db584dad,0a3d54b9,b17e2f24,1,0,1,0,
Kings XI Punjab,28,25,1,b17e2f24,0a3d54b9,db584dad,0,0,0,0,
Kings XI Punjab,29,25,1,db584dad,5d2eea49,b17e2f24,0,0,0,0,
Kings XI Punjab,30,29,1,db584dad,5d2eea49,b17e2f24,4,0,4,0,
Kings XI Punjab,31,35,1,db584dad,5d2eea49,b17e2f24,6,0,6,0,
Kings XI Punjab,32,39,1,db584dad,5d2eea49,b17e2f24,4,0,4,0,
Kings XI Punjab,33,39,1,db584dad,5d2eea49,b17e2f24,0,0,0,0,
Kings XI Punjab,34,39,1,db584dad,5d2eea49,b17e2f24,0,0,0,0,
Kings XI Punjab,35,41,1,b17e2f24,0a3d54b9,db584dad,2,0,2,0,
Kings XI Punjab,36,47,1,b17e2f24,0a3d54b9,db584dad,6,0,6,0,
Kings XI Punjab,37,47,1,b17e2f24,0a3d54b9,db584dad,0,0,0,0,
Kings XI Punjab,38,49,1,b17e2f24,0a3d54b9,db584dad,2,0,2,0,
Kings XI Punjab,39,49,1,b17e2f24,0a3d54b9,db584dad,0,0,0,0,
Kings XI Punjab,40,53,1,b17e2f24,0a3d54b9,db584dad,4,0,4,0,
Kings XI Punjab,41,53,1,db584dad,7a8bd078,b17e2f24,0,0,0,0,
Kings XI Punjab,42,54,1,db584dad,7a8bd078,b17e2f24,1,0,1,0,
Kings XI Punjab,43,55,1,b17e2f24,7a8bd078,db584dad,1,0,1,0,
Kings XI Punjab,44,61,1,db584dad,7a8bd078,b17e2f24,6,0,6,0,
Kings XI Punjab,45,62,1,db584dad,7a8bd078,b17e2f24,1,0,1,0,
Kings XI Punjab,46,63,1,b17e2f24,7a8bd078,db584dad,1,0,1,0,
Kings XI Punjab,47,64,1,b17e2f24,e087956b,db584dad,1,0,1,0,
Kings XI Punjab,48,68,1,db584dad,e087956b,b17e2f24,4,0,4,0,
Kings XI Punjab,49,69,1,db584dad,e087956b,b17e2f24,1,0,1,0,
Kings XI Punjab,50,70,1,b17e2f24,e087956b,db584dad,1,0,1,0,
Kings XI Punjab,51,70,1,db584dad,e087956b,b17e2f24,0,0,0,0,
Kings XI Punjab,52,71,1,db584dad,e087956b,b17e2f24,1,0,1,0,
Kings XI Punjab,53,71,1,db584dad,39a2dfa8,b17e2f24,0,0,0,0,
Kings XI Punjab,54,71,1,db584dad,39a2dfa8,b17e2f24,0,0,0,0,
Kings XI Punjab,55,72,1,db584dad,39a2dfa8,b17e2f24,1,0,1,0,
Kings XI Punjab,56,73,1,b17e2f24,39a2dfa8,db584dad,1,0,1,0,
Kings XI Punjab,57,73,1,db584dad,39a2dfa8,b17e2f24,0,0,0,0,
Kings XI Punjab,58,73,1,db584dad,39a2dfa8,b17e2f24,0,0,0,0,
Kings XI Punjab,59,73,1,b17e2f24,5d2eea49,db584dad,0,0,0,0,
Kings XI Punjab,60,79,1,b17e2f24,5d2eea49,db584dad,6,0,6,0,
Kings XI Punjab,61,80,1,b17e2f24,5d2eea49,db584dad,1,0,1,0,
Kings XI Punjab,62,80,1,db584dad,5d2eea49,b17e2f24,0,0,0,0,
Kings XI Punjab,63,81,1,db584dad,5d2eea49,b17e2f24,1,0,1,0,
Kings XI Punjab,64,81,1,b17e2f24,5d2eea49,db584dad,0,0,0,0,
Kings XI Punjab,65,82,1,db584dad,39a2dfa8,b17e2f24,1,0,1,0,
Kings XI Punjab,66,83,1,b17e2f24,39a2dfa8,db584dad,1,0,1,0,
Kings XI Punjab,67,89,1,db584dad,39a2dfa8,b17e2f24,6,0,6,0,
Kings XI Punjab,68,89,1,db584dad,39a2dfa8,b17e2f24,0,0,0,0,
Kings XI Punjab,69,90,1,db584dad,39a2dfa8,b17e2f24,1,0,1,0,
Kings XI Punjab,70,91,1,b17e2f24,39a2dfa8,db584dad,1,0,1,0,
Kings XI Punjab,71,92,1,b17e2f24,e087956b,db584dad,1,0,1,0,
Kings XI Punjab,72,93,1,db584dad,e087956b,b17e2f24,1,0,1,0,
Kings XI Punjab,73,94,1,b17e2f24,e087956b,db584dad,1,0,1,0,
Kings XI Punjab,74,95,1,db584dad,e087956b,b17e2f24,1,0,1,0,
Kings XI Punjab,75,96,1,b17e2f24,e087956b,db584dad,1,0,1,0,
Kings XI Punjab,76,97,1,db584dad,e087956b,b17e2f24,1,0,1,0,
Kings XI Punjab,77,97,1,db584dad,39a2dfa8,b17e2f24,0,0,0,0,
Kings XI Punjab,78,98,1,db584dad,39a2dfa8,b17e2f24,1,0,1,0,
Kings XI Punjab,79,99,1,b17e2f24,39a2dfa8,db584dad,1,0,1,0,
Kings XI Punjab,80,105,1,db584dad,39a2dfa8,b17e2f24,6,0,6,0,
Kings XI Punjab,81,106,1,db584dad,39a2dfa8,b17e2f24,1,0,1,0,
Kings XI Punjab,82,107,1,b17e2f24,39a2dfa8,db584dad,1,0,1,0,
Kings XI Punjab,83,107,1,b17e2f24,5574750c,db584dad,0,0,0,0,
Kings XI Punjab,84,111,1,b17e2f24,5574750c,db584dad,4,0,4,0,
Kings XI Punjab,85,112,1,b17e2f24,5574750c,db584dad,1,0,1,0,
Kings XI Punjab,86,116,1,db584dad,5574750c,b17e2f24,4,0,4,0,
Kings XI Punjab,87,118,1,db584dad,5574750c,b17e2f24,2,0,2,0,
Kings XI Punjab,88,118,1,db584dad,5574750c,b17e2f24,0,0,0,0,
Kings XI Punjab,89,118,1,b17e2f24,e087956b,db584dad,0,0,0,0,
Kings XI Punjab,90,119,1,b17e2f24,e087956b,db584dad,1,0,1,0,
Kings XI Punjab,91,120,1,db584dad,e087956b,b17e2f24,0,1,1,0,
Kings XI Punjab,92,121,1,db584dad,e087956b,b17e2f24,1,0,1,0,
Kings XI Punjab,93,121,2,b17e2f24,e087956b,db584dad,0,0,0,1,caught
Kings XI Punjab,94,122,2,db584dad,e087956b,3241e3fd,0,1,1,0,
Kings XI Punjab,95,123,2,db584dad,e087956b,3241e3fd,1,0,1,0,
Kings XI Punjab,96,123,2,3241e3fd,e087956b,db584dad,0,0,0,0,
Kings XI Punjab,97,123,2,db584dad,0a3d54b9,3241e3fd,0,0,0,0,
Kings XI Punjab,98,123,2,db584dad,0a3d54b9,3241e3fd,0,0,0,0,
Kings XI Punjab,99,124,2,db584dad,0a3d54b9,3241e3fd,1,0,1,0,
Kings XI Punjab,100,130,2,3241e3fd,0a3d54b9,db584dad,6,0,6,0,
Kings XI Punjab,101,130,2,3241e3fd,0a3d54b9,db584dad,0,0,0,0,
Kings XI Punjab,102,131,2,3241e3fd,0a3d54b9,db584dad,0,1,1,0,
Kings XI Punjab,103,137,2,3241e3fd,0a3d54b9,db584dad,6,0,6,0,
Kings XI Punjab,104,137,2,db584dad,5d2eea49,3241e3fd,0,0,0,0,
Kings XI Punjab,105,138,2,db584dad,5d2eea49,3241e3fd,1,0,1,0,
Kings XI Punjab,106,139,2,3241e3fd,5d2eea49,db584dad,1,0,1,0,
Kings XI Punjab,107,140,2,db584dad,5d2eea49,3241e3fd,1,0,1,0,
Kings XI Punjab,108,142,2,3241e3fd,5d2eea49,db584dad,2,0,2,0,
Kings XI Punjab,109,148,2,3241e3fd,5d2eea49,db584dad,6,0,6,0,
Kings XI Punjab,110,152,2,db584dad,e087956b,3241e3fd,4,0,4,0,
Kings XI Punjab,111,153,2,db584dad,e087956b,3241e3fd,0,1,1,0,
Kings XI Punjab,112,154,2,db584dad,e087956b,3241e3fd,0,1,1,0,
Kings XI Punjab,113,155,2,3241e3fd,e087956b,db584dad,1,0,1,0,
Kings XI Punjab,114,161,2,db584dad,e087956b,3241e3fd,6,0,6,0,
Kings XI Punjab,115,162,2,db584dad,e087956b,3241e3fd,1,0,1,0,
Kings XI Punjab,116,162,3,3241e3fd,e087956b,db584dad,0,0,0,1,caught
Kings XI Punjab,117,163,3,db584dad,5d2eea49,b681e71e,1,0,1,0,
Kings XI Punjab,118,168,3,b681e71e,5d2eea49,db584dad,4,1,5,0,
Kings XI Punjab,119,168,3,b681e71e,5d2eea49,db584dad,0,0,0,0,
Kings XI Punjab,120,168,3,b681e71e,5d2eea49,db584dad,0,0,0,0,
Kings XI Punjab,121,169,3,b681e71e,5d2eea49,db584dad,1,0,1,0,
Kings XI Punjab,122,175,3,db584dad,5d2eea49,b681e71e,6,0,6,0,
Kings XI Punjab,123,176,3,db584dad,5d2eea49,b681e71e,1,0,1,0,
Kings XI Punjab,124,177,3,db584dad,5574750c,b681e71e,1,0,1,0,
Kings XI Punjab,125,178,3,b681e71e,5574750c,db584dad,1,0,1,0,
Kings XI Punjab,126,184,3,db584dad,5574750c,b681e71e,6,0,6,0,
Kings XI Punjab,127,184,4,db584dad,5574750c,b681e71e,0,0,0,1,bowled
Kings XI Punjab,128,185,4,73ad96ed,5574750c,b681e71e,1,0,1,0,
Kings XI Punjab,129,185,4,b681e71e,5574750c,73ad96ed,0,0,0,0,
Rajasthan Royals,1,0,0,1c17e270,244048f6,e087956b,0,0,0,0,
Rajasthan Royals,2,1,0,1c17e270,244048f6,e087956b,1,0,1,0,
Rajasthan Royals,3,3,0,e087956b,244048f6,1c17e270,2,0,2,0,
Rajasthan Royals,4,5,0,e087956b,244048f6,1c17e270,2,0,2,0,
Rajasthan Royals,5,5,0,e087956b,244048f6,1c17e270,0,0,0,0,
Rajasthan Royals,6,9,0,e087956b,244048f6,1c17e270,4,0,4,0,
Rajasthan Royals,7,10,0,1c17e270,8cf9814c,e087956b,0,1,1,0,
Rajasthan Royals,8,14,0,e087956b,8cf9814c,1c17e270,4,0,4,0,
Rajasthan Royals,9,14,0,e087956b,8cf9814c,1c17e270,0,0,0,0,
Rajasthan Royals,10,14,0,e087956b,8cf9814c,1c17e270,0,0,0,0,
Rajasthan Royals,11,15,0,e087956b,8cf9814c,1c17e270,1,0,1,0,
Rajasthan Royals,12,21,0,1c17e270,8cf9814c,e087956b,6,0,6,0,
Rajasthan Royals,13,21,0,e087956b,244048f6,1c17e270,0,0,0,0,
Rajasthan Royals,14,25,0,e087956b,244048f6,1c17e270,4,0,4,0,
Rajasthan Royals,15,26,0,e087956b,244048f6,1c17e270,1,0,1,0,
Rajasthan Royals,16,27,0,1c17e270,244048f6,e087956b,1,0,1,0,
Rajasthan Royals,17,31,0,e087956b,244048f6,1c17e270,4,0,4,0,
Rajasthan Royals,18,32,0,e087956b,244048f6,1c17e270,1,0,1,0,
Rajasthan Royals,19,32,0,e087956b,e2db2409,1c17e270,0,0,0,0,
Rajasthan Royals,20,32,0,e087956b,e2db2409,1c17e270,0,0,0,0,
Rajasthan Royals,21,36,0,e087956b,e2db2409,1c17e270,4,0,4,0,
Rajasthan Royals,22,42,0,e087956b,e2db2409,1c17e270,6,0,6,0,
Rajasthan Royals,23,48,0,e087956b,e2db2409,1c17e270,6,0,6,0,
Rajasthan Royals,24,48,0,e087956b,e2db2409,1c17e270,0,0,0,0,
Rajasthan Royals,25,49,0,1c17e270,8cf9814c,e087956b,1,0,1,0,
Rajasthan Royals,26,53,0,e087956b,8cf9814c,1c17e270,4,0,4,0,
Rajasthan Royals,27,53,0,e087956b,8cf9814c,1c17e270,0,0,0,0,
Rajasthan Royals,28,53,0,e087956b,8cf9814c,1c17e270,0,0,0,0,
Rajasthan Royals,29,54,0,e087956b,8cf9814c,1c17e270,1,0,1,0,
Rajasthan Royals,30,54,0,1c17e270,8cf9814c,e087956b,0,0,0,0,
Rajasthan Royals,31,60,0,e087956b,ffe699c0,1c17e270,6,0,6,0,
Rajasthan Royals,32,60,0,e087956b,ffe699c0,1c17e270,0,0,0,0,
Rajasthan Royals,33,60,1,e087956b,ffe699c0,1c17e270,0,0,0,1,caught
Rajasthan Royals,34,61,1,a4cc73aa,ffe699c0,1c17e270,1,0,1,0,
Rajasthan Royals,35,62,1,1c17e270,ffe699c0,a4cc73aa,1,0,1,0,
Rajasthan Royals,36,66,1,a4cc73aa,ffe699c0,1c17e270,4,0,4,0,
Rajasthan Royals,37,67,1,1c17e270,e2db2409,a4cc73aa,1,0,1,0,
Rajasthan Royals,38,67,1,a4cc73aa,e2db2409,1c17e270,0,0,0,0,
Rajasthan Royals,39,68,1,a4cc73aa,e2db2409,1c17e270,1,0,1,0,
Rajasthan Royals,40,69,1,1c17e270,e2db2409,a4cc73aa,1,0,1,0,
Rajasthan Royals,41,70,1,a4cc73aa,e2db2409,1c17e270,1,0,1,0,
Rajasthan Royals,42,71,1,1c17e270,e2db2409,a4cc73aa,1,0,1,0,
Rajasthan Royals,43,72,1,1c17e270,df064e1a,a4cc73aa,1,0,1,0,
Rajasthan Royals,44,72,1,a4cc73aa,df064e1a,1c17e270,0,0,0,0,
Rajasthan Royals,45,73,1,a4cc73aa,df064e1a,1c17e270,1,0,1,0,
Rajasthan Royals,46,74,1,1c17e270,df064e1a,a4cc73aa,1,0,1,0,
Rajasthan Royals,47,75,1,a4cc73aa,df064e1a,1c17e270,1,0,1,0,
Rajasthan Royals,48,79,1,1c17e270,df064e1a,a4cc73aa,4,0,4,0,
Rajasthan Royals,49,85,1,a4cc73aa,244048f6,1c17e270,6,0,6,0,
Rajasthan Royals,50,86,1,a4cc73aa,244048f6,1c17e270,1,0,1,0,
Rajasthan Royals,51,87,1,1c17e270,244048f6,a4cc73aa,1,0,1,0,
Rajasthan Royals,52,88,1,a4cc73aa,244048f6,1c17e270,1,0,1,0,
Rajasthan Royals,53,89,1,1c17e270,244048f6,a4cc73aa,1,0,1,0,
Rajasthan Royals,54,93,1,a4cc73aa,244048f6,1c17e270,4,0,4,0,
Rajasthan Royals,55,94,1,1c17e270,df064e1a,a4cc73aa,0,1,1,0,
Rajasthan Royals,56,94,1,1c17e270,df064e1a,a4cc73aa,0,0,0,0,
Rajasthan Royals,57,95,1,1c17e270,df064e1a,a4cc73aa,1,0,1,0,
Rajasthan Royals,58,101,1,a4cc73aa,df064e1a,1c17e270,6,0,6,0,
Rajasthan Royals,59,101,1,a4cc73aa,df064e1a,1c17e270,0,0,0,0,
Rajasthan Royals,60,102,1,a4cc73aa,df064e1a,1c17e270,1,0,1,0,
Rajasthan Royals,61,103,1,1c17e270,df064e1a,a4cc73aa,1,0,1,0,
Rajasthan Royals,62,104,1,1c17e270,e2db2409,a4cc73aa,1,0,1,0,
Rajasthan Royals,63,105,1,a4cc73aa,e2db2409,1c17e270,1,0,1,0,
Rajasthan Royals,64,105,1,1c17e270,e2db2409,a4cc73aa,0,0,0,0,
Rajasthan Royals,65,111,1,1c17e270,e2db2409,a4cc73aa,6,0,6,0,
Rajasthan Royals,66,111,2,1c17e270,e2db2409,a4cc73aa,0,0,0,1,caught
Rajasthan Royals,67,112,2,30a45b23,e2db2409,a4cc73aa,1,0,1,0,
Rajasthan Royals,68,114,2,30a45b23,df064e1a,a4cc73aa,2,0,2,0,
Rajasthan Royals,69,118,2,30a45b23,df064e1a,a4cc73aa,4,0,4,0,
Rajasthan Royals,70,118,2,30a45b23,df064e1a,a4cc73aa,0,0,0,0,
Rajasthan Royals,71,118,2,30a45b23,df064e1a,a4cc73aa,0,0,0,0,
Rajasthan Royals,72,119,2,30a45b23,df064e1a,a4cc73aa,1,0,1,0,
Rajasthan Royals,73,119,2,a4cc73aa,df064e1a,30a45b23,0,0,0,0,
Rajasthan Royals,74,120,2,30a45b23,e2db2409,a4cc73aa,1,0,1,0,
Rajasthan Royals,75,121,2,a4cc73aa,e2db2409,30a45b23,1,0,1,0,
Rajasthan Royals,76,122,2,30a45b23,e2db2409,a4cc73aa,1,0,1,0,
Rajasthan Royals,77,122,2,a4cc73aa,e2db2409,30a45b23,0,0,0,0,
Rajasthan Royals,78,128,2,a4cc73aa,e2db2409,30a45b23,6,0,6,0,
Rajasthan Royals,79,132,2,a4cc73aa,e2db2409,30a45b23,4,0,4,0,
Rajasthan Royals,80,132,2,30a45b23,ffe699c0,a4cc73aa,0,0,0,0,
Rajasthan Royals,81,133,2,30a45b23,ffe699c0,a4cc73aa,1,0,1,0,
Rajasthan Royals,82,137,2,a4cc73aa,ffe699c0,30a45b23,4,0,4,0,
Rajasthan Royals,83,139,2,a4cc73aa,ffe699c0,30a45b23,2,0,2,0,
Rajasthan Royals,84,140,2,a4cc73aa,ffe699c0,30a45b23,1,0,1,0,
Rajasthan Royals,85,144,2,30a45b23,ffe699c0,a4cc73aa,4,0,4,0,
Rajasthan Royals,86,145,2,a4cc73aa,df064e1a,30a45b23,1,0,1,0,
Rajasthan Royals,87,145,3,30a45b23,df064e1a,a4cc73aa,0,0,0,1,run out
Rajasthan Royals,88,145,3,99b75528,df064e1a,30a45b23,0,0,0,0,
Rajasthan Royals,89,145,3,99b75528,df064e1a,30a45b23,0,0,0,0,
Rajasthan Royals,90,146,3,99b75528,df064e1a,30a45b23,1,0,1,0,
Rajasthan Royals,91,146,3,30a45b23,df064e1a,99b75528,0,0,0,0,
Rajasthan Royals,92,148,3,99b75528,ffe699c0,30a45b23,2,0,2,0,
Rajasthan Royals,93,149,3,99b75528,ffe699c0,30a45b23,1,0,1,0,
Rajasthan Royals,94,150,3,30a45b23,ffe699c0,99b75528,0,1,1,0,
Rajasthan Royals,95,150,3,99b75528,ffe699c0,30a45b23,0,0,0,0,
Rajasthan Royals,96,150,3,99b75528,ffe699c0,30a45b23,0,0,0,0,
Rajasthan Royals,97,156,3,99b75528,ffe699c0,30a45b23,6,0,6,0,
Rajasthan Royals,98,160,3,30a45b23,8cf9814c,99b75528,4,0,4,0,
Rajasthan Royals,99,164,3,30a45b23,8cf9814c,99b75528,4,0,4,0,
Rajasthan Royals,100,166,3,30a45b23,8cf9814c,99b75528,2,0,2,0,
Rajasthan Royals,101,170,3,30a45b23,8cf9814c,99b75528,4,0,4,0,
Rajasthan Royals,102,171,3,30a45b23,8cf9814c,99b75528,1,0,1,0,
Rajasthan Royals,103,175,3,99b75528,8cf9814c,30a45b23,4,0,4,0,
Rajasthan Royals,104,176,3,30a45b23,ffe699c0,99b75528,0,1,1,0,
Rajasthan Royals,105,177,3,30a45b23,ffe699c0,99b75528,1,0,1,0,
Rajasthan Royals,106,183,3,99b75528,ffe699c0,30a45b23,6,0,6,0,
Rajasthan Royals,107,185,3,99b75528,ffe699c0,30a45b23,2,0,2,0,
Rajasthan Royals,108,186,3,99b75528,ffe699c0,30a45b23,0,1,1,0,
