batting_team,ball_number,total_team_runs,total_team_wickets,striker_ID,bowler_ID,nonstriker_ID,batter_runs,extras_runs,total_delivery_runs,wicket,wicket_type
Brisbane Heat,1,1,0,25f7b7d6,808f425a,f32012f4,1,0,1,0,
Brisbane Heat,2,2,0,f32012f4,808f425a,25f7b7d6,0,1,1,0,
Brisbane Heat,3,2,0,f32012f4,808f425a,25f7b7d6,0,0,0,0,
Brisbane Heat,4,3,0,f32012f4,808f425a,25f7b7d6,1,0,1,0,
Brisbane Heat,5,4,0,25f7b7d6,808f425a,f32012f4,0,1,1,0,
Brisbane Heat,6,5,0,25f7b7d6,808f425a,f32012f4,1,0,1,0,
Brisbane Heat,7,5,0,f32012f4,808f425a,25f7b7d6,0,0,0,0,
Brisbane Heat,8,9,0,f32012f4,808f425a,25f7b7d6,4,0,4,0,
Brisbane Heat,9,13,0,25f7b7d6,64775749,f32012f4,4,0,4,0,
Brisbane Heat,10,15,0,25f7b7d6,64775749,f32012f4,2,0,2,0,
Brisbane Heat,11,15,1,25f7b7d6,64775749,f32012f4,0,0,0,1,caught
Brisbane Heat,12,15,1,f32012f4,64775749,45eda7c8,0,0,0,0,
Brisbane Heat,13,17,1,f32012f4,64775749,45eda7c8,2,0,2,0,
Brisbane Heat,14,17,1,f32012f4,64775749,45eda7c8,0,0,0,0,
Brisbane Heat,15,17,1,45eda7c8,808f425a,f32012f4,0,0,0,0,
Brisbane Heat,16,21,1,45eda7c8,808f425a,f32012f4,4,0,4,0,
Brisbane Heat,17,21,1,45eda7c8,808f425a,f32012f4,0,0,0,0,
Brisbane Heat,18,25,1,45eda7c8,808f425a,f32012f4,4,0,4,0,
Brisbane Heat,19,29,1,45eda7c8,808f425a,f32012f4,4,0,4,0,
Brisbane Heat,20,30,1,45eda7c8,808f425a,f32012f4,1,0,1,0,
Brisbane Heat,21,30,1,45eda7c8,7517d134,f32012f4,0,0,0,0,
Brisbane Heat,22,32,1,45eda7c8,7517d134,f32012f4,2,0,2,0,
Brisbane Heat,23,32,1,45eda7c8,7517d134,f32012f4,0,0,0,0,
Brisbane Heat,24,36,1,45eda7c8,7517d134,f32012f4,4,0,4,0,
Brisbane Heat,25,36,1,45eda7c8,7517d134,f32012f4,0,0,0,0,
Brisbane Heat,26,36,1,45eda7c8,7517d134,f32012f4,0,0,0,0,
Brisbane Heat,27,40,1,f32012f4,8d5d991e,45eda7c8,4,0,4,0,
Brisbane Heat,28,40,1,f32012f4,8d5d991e,45eda7c8,0,0,0,0,
Brisbane Heat,29,44,1,f32012f4,8d5d991e,45eda7c8,4,0,4,0,
Brisbane Heat,30,44,1,f32012f4,8d5d991e,45eda7c8,0,0,0,0,
Brisbane Heat,31,45,1,f32012f4,8d5d991e,45eda7c8,1,0,1,0,
Brisbane Heat,32,45,1,45eda7c8,8d5d991e,f32012f4,0,0,0,0,
Brisbane Heat,33,45,1,f32012f4,7517d134,45eda7c8,0,0,0,0,
Brisbane Heat,34,49,1,f32012f4,7517d134,45eda7c8,4,0,4,0,
Brisbane Heat,35,49,1,f32012f4,7517d134,45eda7c8,0,0,0,0,
Brisbane Heat,36,55,1,f32012f4,7517d134,45eda7c8,6,0,6,0,
Brisbane Heat,37,56,1,f32012f4,7517d134,45eda7c8,1,0,1,0,
Brisbane Heat,38,60,1,45eda7c8,7517d134,f32012f4,4,0,4,0,
Brisbane Heat,39,60,1,f32012f4,8d5d991e,45eda7c8,0,0,0,0,
Brisbane Heat,40,61,1,f32012f4,8d5d991e,45eda7c8,1,0,1,0,
Brisbane Heat,41,61,1,45eda7c8,8d5d991e,f32012f4,0,0,0,0,
Brisbane Heat,42,62,1,45eda7c8,8d5d991e,f32012f4,1,0,1,0,
Brisbane Heat,43,66,1,f32012f4,8d5d991e,45eda7c8,4,0,4,0,
Brisbane Heat,44,67,1,f32012f4,8d5d991e,45eda7c8,1,0,1,0,
Brisbane Heat,45,68,1,f32012f4,9eb1455b,45eda7c8,1,0,1,0,
Brisbane Heat,46,72,1,45eda7c8,9eb1455b,f32012f4,4,0,4,0,
Brisbane Heat,47,73,1,45eda7c8,9eb1455b,f32012f4,1,0,1,0,
Brisbane Heat,48,73,1,f32012f4,9eb1455b,45eda7c8,0,0,0,0,
Brisbane Heat,49,77,1,f32012f4,9eb1455b,45eda7c8,4,0,4,0,
Brisbane Heat,50,81,1,f32012f4,9eb1455b,45eda7c8,4,0,4,0,
Brisbane Heat,51,81,1,45eda7c8,1a156c88,f32012f4,0,0,0,0,
Brisbane Heat,52,82,1,45eda7c8,1a156c88,f32012f4,1,0,1,0,
Brisbane Heat,53,83,1,f32012f4,1a156c88,45eda7c8,1,0,1,0,
Brisbane Heat,54,84,1,45eda7c8,1a156c88,f32012f4,1,0,1,0,
Brisbane Heat,55,88,1,f32012f4,1a156c88,45eda7c8,4,0,4,0,
Brisbane Heat,56,89,1,f32012f4,1a156c88,45eda7c8,1,0,1,0,
Brisbane Heat,57,90,1,f32012f4,64775749,45eda7c8,1,0,1,0,
Brisbane Heat,58,91,1,45eda7c8,64775749,f32012f4,1,0,1,0,
Brisbane Heat,59,95,1,f32012f4,64775749,45eda7c8,4,0,4,0,
Brisbane Heat,60,95,1,f32012f4,64775749,45eda7c8,0,0,0,0,
Brisbane Heat,61,99,1,f32012f4,64775749,45eda7c8,4,0,4,0,
Brisbane Heat,62,100,1,f32012f4,64775749,45eda7c8,1,0,1,0,
Brisbane Heat,63,101,1,f32012f4,1a156c88,45eda7c8,1,0,1,0,
Brisbane Heat,64,103,1,45eda7c8,1a156c88,f32012f4,2,0,2,0,
Brisbane Heat,65,104,1,45eda7c8,1a156c88,f32012f4,1,0,1,0,
Brisbane Heat,66,110,1,f32012f4,1a156c88,45eda7c8,6,0,6,0,
Brisbane Heat,67,110,2,f32012f4,1a156c88,45eda7c8,0,0,0,1,caught
Brisbane Heat,68,111,2,218d4d78,1a156c88,45eda7c8,1,0,1,0,
Brisbane Heat,69,114,2,218d4d78,8d5d991e,45eda7c8,3,0,3,0,
Brisbane Heat,70,115,2,45eda7c8,8d5d991e,218d4d78,1,0,1,0,
Brisbane Heat,71,116,2,218d4d78,8d5d991e,45eda7c8,1,0,1,0,
Brisbane Heat,72,120,2,45eda7c8,8d5d991e,218d4d78,4,0,4,0,
Brisbane Heat,73,126,2,45eda7c8,8d5d991e,218d4d78,6,0,6,0,
Brisbane Heat,74,127,2,45eda7c8,8d5d991e,218d4d78,1,0,1,0,
Brisbane Heat,75,127,2,45eda7c8,1a156c88,218d4d78,0,0,0,0,
Brisbane Heat,76,128,2,45eda7c8,1a156c88,218d4d78,1,0,1,0,
Brisbane Heat,77,129,2,218d4d78,1a156c88,45eda7c8,1,0,1,0,
Brisbane Heat,78,129,2,45eda7c8,1a156c88,218d4d78,0,0,0,0,
Brisbane Heat,79,130,2,45eda7c8,1a156c88,218d4d78,1,0,1,0,
Brisbane Heat,80,131,2,218d4d78,1a156c88,45eda7c8,1,0,1,0,
Brisbane Heat,81,131,2,218d4d78,9eb1455b,45eda7c8,0,0,0,0,
Brisbane Heat,82,132,2,218d4d78,9eb1455b,45eda7c8,1,0,1,0,
Brisbane Heat,83,132,2,45eda7c8,9eb1455b,218d4d78,0,0,0,0,
Brisbane Heat,84,136,2,45eda7c8,9eb1455b,218d4d78,4,0,4,0,
Brisbane Heat,85,136,2,45eda7c8,9eb1455b,218d4d78,0,0,0,0,
Brisbane Heat,86,136,2,45eda7c8,9eb1455b,218d4d78,0,0,0,0,
Brisbane Heat,87,137,2,218d4d78,1a156c88,45eda7c8,1,0,1,0,
Brisbane Heat,88,141,2,45eda7c8,1a156c88,218d4d78,4,0,4,0,
Brisbane Heat,89,141,2,45eda7c8,1a156c88,218d4d78,0,0,0,0,
Brisbane Heat,90,142,2,45eda7c8,1a156c88,218d4d78,1,0,1,0,
Brisbane Heat,91,148,2,218d4d78,1a156c88,45eda7c8,6,0,6,0,
Brisbane Heat,92,154,2,218d4d78,1a156c88,45eda7c8,6,0,6,0,
Brisbane Heat,93,156,2,45eda7c8,64775749,218d4d78,1,1,2,0,
Brisbane Heat,94,160,2,218d4d78,64775749,45eda7c8,4,0,4,0,
Brisbane Heat,95,160,2,218d4d78,64775749,45eda7c8,0,0,0,0,
Brisbane Heat,96,162,2,218d4d78,64775749,45eda7c8,2,0,2,0,
Brisbane Heat,97,163,2,218d4d78,64775749,45eda7c8,1,0,1,0,
Brisbane Heat,98,164,2,45eda7c8,64775749,218d4d78,1,0,1,0,
Brisbane Heat,99,165,2,218d4d78,64775749,45eda7c8,1,0,1,0,
Brisbane Heat,100,166,2,218d4d78,8d5d991e,45eda7c8,1,0,1,0,
Brisbane Heat,101,172,2,45eda7c8,8d5d991e,218d4d78,6,0,6,0,
Brisbane Heat,102,172,2,45eda7c8,8d5d991e,218d4d78,0,0,0,0,
Brisbane Heat,103,173,2,45eda7c8,8d5d991e,218d4d78,1,0,1,0,
Brisbane Heat,104,173,3,218d4d78,8d5d991e,45eda7c8,0,0,0,1,caught
Brisbane Heat,105,174,3,45eda7c8,8d5d991e,2e11c706,1,0,1,0,
Brisbane Heat,106,178,3,45eda7c8,9eb1455b,2e11c706,4,0,4,0,
Brisbane Heat,107,184,3,45eda7c8,9eb1455b,2e11c706,6,0,6,0,
Brisbane Heat,108,188,3,45eda7c8,9eb1455b,2e11c706,4,0,4,0,
Brisbane Heat,109,189,3,45eda7c8,9eb1455b,2e11c706,1,0,1,0,
Brisbane Heat,110,190,3,2e11c706,9eb1455b,45eda7c8,1,0,1,0,
Brisbane Heat,111,190,3,45eda7c8,9eb1455b,2e11c706,0,0,0,0,
Brisbane Heat,112,191,3,2e11c706,64775749,45eda7c8,1,0,1,0,
Brisbane Heat,113,192,3,45eda7c8,64775749,2e11c706,1,0,1,0,
Brisbane Heat,114,192,3,2e11c706,64775749,45eda7c8,0,0,0,0,
Brisbane Heat,115,193,3,2e11c706,64775749,45eda7c8,1,0,1,0,
Brisbane Heat,116,194,3,45eda7c8,64775749,2e11c706,1,0,1,0,
Brisbane Heat,117,198,3,2e11c706,64775749,45eda7c8,4,0,4,0,
Brisbane Heat,118,200,3,45eda7c8,9eb1455b,2e11c706,2,0,2,0,
Brisbane Heat,119,200,3,45eda7c8,9eb1455b,2e11c706,0,0,0,0,
Brisbane Heat,120,201,3,45eda7c8,9eb1455b,2e11c706,1,0,1,0,
Brisbane Heat,121,207,3,2e11c706,9eb1455b,45eda7c8,6,0,6,0,
Brisbane Heat,122,211,3,2e11c706,9eb1455b,45eda7c8,4,0,4,0,
Brisbane Heat,123,212,3,2e11c706,9eb1455b,45eda7c8,1,0,1,0,
Hobart Hurricanes,1,1,0,1a156c88,88209c84,806c4e58,1,0,1,0,
Hobart Hurricanes,2,5,0,806c4e58,88209c84,1a156c88,4,0,4,0,
Hobart Hurricanes,3,5,0,806c4e58,88209c84,1a156c88,0,0,0,0,
Hobart Hurricanes,4,5,0,806c4e58,88209c84,1a156c88,0,0,0,0,
Hobart Hurricanes,5,5,0,806c4e58,88209c84,1a156c88,0,0,0,0,
Hobart Hurricanes,6,6,0,806c4e58,88209c84,1a156c88,1,0,1,0,
Hobart Hurricanes,7,12,0,806c4e58,218d4d78,1a156c88,6,0,6,0,
Hobart Hurricanes,8,16,0,806c4e58,218d4d78,1a156c88,4,0,4,0,
Hobart Hurricanes,9,17,0,806c4e58,218d4d78,1a156c88,1,0,1,0,
Hobart Hurricanes,10,18,0,1a156c88,218d4d78,806c4e58,0,1,1,0,
Hobart Hurricanes,11,19,0,1a156c88,218d4d78,806c4e58,1,0,1,0,
Hobart Hurricanes,12,19,0,806c4e58,218d4d78,1a156c88,0,0,0,0,
Hobart Hurricanes,13,19,0,806c4e58,218d4d78,1a156c88,0,0,0,0,
Hobart Hurricanes,14,19,0,1a156c88,88209c84,806c4e58,0,0,0,0,
Hobart Hurricanes,15,20,0,1a156c88,88209c84,806c4e58,1,0,1,0,
Hobart Hurricanes,16,21,0,806c4e58,88209c84,1a156c88,1,0,1,0,
Hobart Hurricanes,17,21,0,1a156c88,88209c84,806c4e58,0,0,0,0,
Hobart Hurricanes,18,25,0,1a156c88,88209c84,806c4e58,4,0,4,0,
Hobart Hurricanes,19,25,0,1a156c88,88209c84,806c4e58,0,0,0,0,
Hobart Hurricanes,20,27,0,806c4e58,786b7fe8,1a156c88,2,0,2,0,
Hobart Hurricanes,21,30,0,806c4e58,786b7fe8,1a156c88,3,0,3,0,
Hobart Hurricanes,22,32,0,1a156c88,786b7fe8,806c4e58,2,0,2,0,
Hobart Hurricanes,23,32,0,1a156c88,786b7fe8,806c4e58,0,0,0,0,
Hobart Hurricanes,24,36,0,1a156c88,786b7fe8,806c4e58,4,0,4,0,
Hobart Hurricanes,25,40,0,1a156c88,786b7fe8,806c4e58,4,0,4,0,
Hobart Hurricanes,26,44,0,806c4e58,903560ed,1a156c88,4,0,4,0,
Hobart Hurricanes,27,45,0,806c4e58,903560ed,1a156c88,1,0,1,0,
Hobart Hurricanes,28,46,0,1a156c88,903560ed,806c4e58,1,0,1,0,
Hobart Hurricanes,29,46,1,806c4e58,903560ed,1a156c88,0,0,0,1,caught
Hobart Hurricanes,30,46,1,c41043e6,903560ed,1a156c88,0,0,0,0,
Hobart Hurricanes,31,47,1,c41043e6,903560ed,1a156c88,1,0,1,0,
Hobart Hurricanes,32,48,1,c41043e6,786b7fe8,1a156c88,1,0,1,0,
Hobart Hurricanes,33,49,1,1a156c88,786b7fe8,c41043e6,1,0,1,0,
Hobart Hurricanes,34,49,1,c41043e6,786b7fe8,1a156c88,0,0,0,0,
Hobart Hurricanes,35,49,1,c41043e6,786b7fe8,1a156c88,0,0,0,0,
Hobart Hurricanes,36,49,1,c41043e6,786b7fe8,1a156c88,0,0,0,0,
Hobart Hurricanes,37,51,1,c41043e6,786b7fe8,1a156c88,0,2,2,0,
Hobart Hurricanes,38,52,1,1a156c88,903560ed,c41043e6,0,1,1,0,
Hobart Hurricanes,39,58,1,c41043e6,903560ed,1a156c88,6,0,6,0,
Hobart Hurricanes,40,64,1,c41043e6,903560ed,1a156c88,6,0,6,0,
Hobart Hurricanes,41,65,1,c41043e6,903560ed,1a156c88,1,0,1,0,
Hobart Hurricanes,42,65,1,1a156c88,903560ed,c41043e6,0,0,0,0,
Hobart Hurricanes,43,65,1,1a156c88,903560ed,c41043e6,0,0,0,0,
Hobart Hurricanes,44,69,1,c41043e6,786b7fe8,1a156c88,4,0,4,0,
Hobart Hurricanes,45,70,1,c41043e6,786b7fe8,1a156c88,1,0,1,0,
Hobart Hurricanes,46,70,1,1a156c88,786b7fe8,c41043e6,0,0,0,0,
Hobart Hurricanes,47,71,1,1a156c88,786b7fe8,c41043e6,1,0,1,0,
Hobart Hurricanes,48,72,1,c41043e6,786b7fe8,1a156c88,1,0,1,0,
Hobart Hurricanes,49,73,1,1a156c88,786b7fe8,c41043e6,0,1,1,0,
Hobart Hurricanes,50,75,1,1a156c88,b2a79f17,c41043e6,2,0,2,0,
Hobart Hurricanes,51,76,1,1a156c88,b2a79f17,c41043e6,1,0,1,0,
Hobart Hurricanes,52,76,1,c41043e6,b2a79f17,1a156c88,0,0,0,0,
Hobart Hurricanes,53,77,1,c41043e6,b2a79f17,1a156c88,1,0,1,0,
Hobart Hurricanes,54,78,1,1a156c88,b2a79f17,c41043e6,1,0,1,0,
Hobart Hurricanes,55,79,1,c41043e6,b2a79f17,1a156c88,1,0,1,0,
Hobart Hurricanes,56,79,1,c41043e6,2e11c706,1a156c88,0,0,0,0,
Hobart Hurricanes,57,79,2,c41043e6,2e11c706,1a156c88,0,0,0,1,caught
Hobart Hurricanes,58,79,2,d67d5f00,2e11c706,1a156c88,0,0,0,0,
Hobart Hurricanes,59,80,2,d67d5f00,2e11c706,1a156c88,1,0,1,0,
Hobart Hurricanes,60,81,2,1a156c88,2e11c706,d67d5f00,1,0,1,0,
Hobart Hurricanes,61,83,2,d67d5f00,2e11c706,1a156c88,2,0,2,0,
Hobart Hurricanes,62,83,3,1a156c88,218d4d78,d67d5f00,0,0,0,1,bowled
Hobart Hurricanes,63,84,3,5056011d,218d4d78,d67d5f00,1,0,1,0,
Hobart Hurricanes,64,85,3,d67d5f00,218d4d78,5056011d,1,0,1,0,
Hobart Hurricanes,65,86,3,5056011d,218d4d78,d67d5f00,1,0,1,0,
Hobart Hurricanes,66,87,3,d67d5f00,218d4d78,5056011d,1,0,1,0,
Hobart Hurricanes,67,89,3,5056011d,218d4d78,d67d5f00,2,0,2,0,
Hobart Hurricanes,68,90,3,d67d5f00,2e11c706,5056011d,0,1,1,0,
Hobart Hurricanes,69,92,3,d67d5f00,2e11c706,5056011d,2,0,2,0,
Hobart Hurricanes,70,92,3,d67d5f00,2e11c706,5056011d,0,0,0,0,
Hobart Hurricanes,71,94,3,d67d5f00,2e11c706,5056011d,2,0,2,0,
Hobart Hurricanes,72,98,3,d67d5f00,2e11c706,5056011d,4,0,4,0,
Hobart Hurricanes,73,100,3,d67d5f00,2e11c706,5056011d,2,0,2,0,
Hobart Hurricanes,74,106,3,d67d5f00,2e11c706,5056011d,6,0,6,0,
Hobart Hurricanes,75,108,3,5056011d,b2a79f17,d67d5f00,2,0,2,0,
Hobart Hurricanes,76,109,3,5056011d,b2a79f17,d67d5f00,1,0,1,0,
Hobart Hurricanes,77,111,3,d67d5f00,b2a79f17,5056011d,2,0,2,0,
Hobart Hurricanes,78,111,4,d67d5f00,b2a79f17,5056011d,0,0,0,1,caught
Hobart Hurricanes,79,111,4,479f9b04,b2a79f17,5056011d,0,0,0,0,
Hobart Hurricanes,80,112,4,479f9b04,b2a79f17,5056011d,1,0,1,0,
Hobart Hurricanes,81,114,4,479f9b04,786b7fe8,5056011d,2,0,2,0,
Hobart Hurricanes,82,118,4,479f9b04,786b7fe8,5056011d,4,0,4,0,
Hobart Hurricanes,83,118,5,479f9b04,786b7fe8,5056011d,0,0,0,1,caught
Hobart Hurricanes,84,118,5,5056011d,786b7fe8,9eb1455b,0,0,0,0,
Hobart Hurricanes,85,120,5,5056011d,786b7fe8,9eb1455b,2,0,2,0,
Hobart Hurricanes,86,121,5,5056011d,786b7fe8,9eb1455b,1,0,1,0,
Hobart Hurricanes,87,125,5,5056011d,88209c84,9eb1455b,4,0,4,0,
Hobart Hurricanes,88,126,5,5056011d,88209c84,9eb1455b,1,0,1,0,
Hobart Hurricanes,89,126,5,9eb1455b,88209c84,5056011d,0,0,0,0,
Hobart Hurricanes,90,126,6,9eb1455b,88209c84,5056011d,0,0,0,1,caught
Hobart Hurricanes,91,132,6,5056011d,88209c84,7517d134,6,0,6,0,
Hobart Hurricanes,92,133,6,5056011d,88209c84,7517d134,0,1,1,0,
Hobart Hurricanes,93,134,6,5056011d,88209c84,7517d134,1,0,1,0,
Hobart Hurricanes,94,140,6,5056011d,903560ed,7517d134,6,0,6,0,
Hobart Hurricanes,95,140,7,5056011d,903560ed,7517d134,0,0,0,1,caught
Hobart Hurricanes,96,141,7,8d5d991e,903560ed,7517d134,1,0,1,0,
Hobart Hurricanes,97,142,7,7517d134,903560ed,8d5d991e,1,0,1,0,
Hobart Hurricanes,98,143,7,8d5d991e,903560ed,7517d134,1,0,1,0,
Hobart Hurricanes,99,143,7,7517d134,903560ed,8d5d991e,0,0,0,0,
Hobart Hurricanes,100,144,7,8d5d991e,b2a79f17,7517d134,1,0,1,0,
Hobart Hurricanes,101,148,7,7517d134,b2a79f17,8d5d991e,4,0,4,0,
Hobart Hurricanes,102,149,7,7517d134,b2a79f17,8d5d991e,1,0,1,0,
Hobart Hurricanes,103,149,7,8d5d991e,b2a79f17,7517d134,0,0,0,0,
Hobart Hurricanes,104,150,7,8d5d991e,b2a79f17,7517d134,0,1,1,0,
Hobart Hurricanes,105,152,7,7517d134,b2a79f17,8d5d991e,2,0,2,0,
Hobart Hurricanes,106,154,7,8d5d991e,5f317fd4,7517d134,2,0,2,0,
Hobart Hurricanes,107,156,7,8d5d991e,5f317fd4,7517d134,2,0,2,0,
Hobart Hurricanes,108,156,7,8d5d991e,5f317fd4,7517d134,0,0,0,0,
Hobart Hurricanes,109,157,7,8d5d991e,5f317fd4,7517d134,0,1,1,0,
Hobart Hurricanes,110,161,7,7517d134,5f317fd4,8d5d991e,4,0,4,0,
Hobart Hurricanes,111,165,7,7517d134,5f317fd4,8d5d991e,4,0,4,0,
Hobart Hurricanes,112,165,7,7517d134,5f317fd4,8d5d991e,0,0,0,0,
Hobart Hurricanes,113,165,7,8d5d991e,b2a79f17,7517d134,0,0,0,0,
Hobart Hurricanes,114,166,7,8d5d991e,b2a79f17,7517d134,1,0,1,0,
Hobart Hurricanes,115,167,7,7517d134,b2a79f17,8d5d991e,1,0,1,0,
Hobart Hurricanes,116,168,7,8d5d991e,b2a79f17,7517d134,1,0,1,0,
Hobart Hurricanes,117,174,7,7517d134,b2a79f17,8d5d991e,6,0,6,0,
Hobart Hurricanes,118,178,7,7517d134,b2a79f17,8d5d991e,4,0,4,0,
Hobart Hurricanes,119,179,7,8d5d991e,5f317fd4,7517d134,1,0,1,0,
Hobart Hurricanes,120,180,7,7517d134,5f317fd4,8d5d991e,0,1,1,0,
Hobart Hurricanes,121,180,7,7517d134,5f317fd4,8d5d991e,0,0,0,0,
Hobart Hurricanes,122,180,8,7517d134,5f317fd4,8d5d991e,0,0,0,1,caught
Hobart Hurricanes,123,181,8,8d5d991e,5f317fd4,64775749,1,0,1,0,
Hobart Hurricanes,124,181,9,64775749,5f317fd4,8d5d991e,0,0,0,1,bowled
Hobart Hurricanes,125,181,9,808f425a,5f317fd4,8d5d991e,0,0,0,0,
