batting_team,ball_number,total_team_runs,total_team_wickets,striker_ID,bowler_ID,nonstriker_ID,batter_runs,extras_runs,total_delivery_runs,wicket,wicket_type
Melbourne Stars,1,0,0,d9273ee7,45f56920,44afbf2d,0,0,0,0,
Melbourne Stars,2,6,0,d9273ee7,45f56920,44afbf2d,6,0,6,0,
Melbourne Stars,3,6,0,d9273ee7,45f56920,44afbf2d,0,0,0,0,
Melbourne Stars,4,7,0,d9273ee7,45f56920,44afbf2d,1,0,1,0,
Melbourne Stars,5,8,0,44afbf2d,45f56920,d9273ee7,1,0,1,0,
Melbourne Stars,6,11,0,d9273ee7,45f56920,44afbf2d,3,0,3,0,
Melbourne Stars,7,14,0,d9273ee7,96824e68,44afbf2d,3,0,3,0,
Melbourne Stars,8,14,0,44afbf2d,96824e68,d9273ee7,0,0,0,0,
Melbourne Stars,9,18,0,44afbf2d,96824e68,d9273ee7,0,4,4,0,
Melbourne Stars,10,22,0,44afbf2d,96824e68,d9273ee7,4,0,4,0,
Melbourne Stars,11,22,0,44afbf2d,96824e68,d9273ee7,0,0,0,0,
Melbourne Stars,12,26,0,44afbf2d,96824e68,d9273ee7,0,4,4,0,
Melbourne Stars,13,30,0,d9273ee7,caf69bf7,44afbf2d,4,0,4,0,
Melbourne Stars,14,30,0,d9273ee7,caf69bf7,44afbf2d,0,0,0,0,
Melbourne Stars,15,31,0,d9273ee7,caf69bf7,44afbf2d,1,0,1,0,
Melbourne Stars,16,31,0,44afbf2d,caf69bf7,d9273ee7,0,0,0,0,
Melbourne Stars,17,33,0,44afbf2d,caf69bf7,d9273ee7,2,0,2,0,
Melbourne Stars,18,33,0,44afbf2d,caf69bf7,d9273ee7,0,0,0,0,
Melbourne Stars,19,34,0,d9273ee7,fb66ce1f,44afbf2d,1,0,1,0,
Melbourne Stars,20,38,0,44afbf2d,fb66ce1f,d9273ee7,4,0,4,0,
Melbourne Stars,21,38,1,44afbf2d,fb66ce1f,d9273ee7,0,0,0,1,caught
Melbourne Stars,22,38,1,d9273ee7,fb66ce1f,02bce9a8,0,0,0,0,
Melbourne Stars,23,38,1,d9273ee7,fb66ce1f,02bce9a8,0,0,0,0,
Melbourne Stars,24,39,1,d9273ee7,fb66ce1f,02bce9a8,1,0,1,0,
Melbourne Stars,25,43,1,d9273ee7,38c276e1,02bce9a8,4,0,4,0,
Melbourne Stars,26,43,1,d9273ee7,38c276e1,02bce9a8,0,0,0,0,
Melbourne Stars,27,43,1,d9273ee7,38c276e1,02bce9a8,0,0,0,0,
Melbourne Stars,28,43,1,d9273ee7,38c276e1,02bce9a8,0,0,0,0,
Melbourne Stars,29,44,1,d9273ee7,38c276e1,02bce9a8,1,0,1,0,
Melbourne Stars,30,45,1,02bce9a8,38c276e1,d9273ee7,1,0,1,0,
Melbourne Stars,31,45,1,02bce9a8,fb66ce1f,d9273ee7,0,0,0,0,
Melbourne Stars,32,46,1,02bce9a8,fb66ce1f,d9273ee7,0,1,1,0,
Melbourne Stars,33,50,1,d9273ee7,fb66ce1f,02bce9a8,4,0,4,0,
Melbourne Stars,34,51,1,d9273ee7,fb66ce1f,02bce9a8,0,1,1,0,
Melbourne Stars,35,51,1,d9273ee7,fb66ce1f,02bce9a8,0,0,0,0,
Melbourne Stars,36,52,1,d9273ee7,fb66ce1f,02bce9a8,1,0,1,0,
Melbourne Stars,37,52,1,02bce9a8,fb66ce1f,d9273ee7,0,0,0,0,
Melbourne Stars,38,52,1,d9273ee7,96824e68,02bce9a8,0,0,0,0,
Melbourne Stars,39,53,1,d9273ee7,96824e68,02bce9a8,1,0,1,0,
Melbourne Stars,40,54,1,02bce9a8,96824e68,d9273ee7,1,0,1,0,
Melbourne Stars,41,57,1,d9273ee7,96824e68,02bce9a8,3,0,3,0,
Melbourne Stars,42,57,1,02bce9a8,96824e68,d9273ee7,0,0,0,0,
Melbourne Stars,43,57,1,02bce9a8,96824e68,d9273ee7,0,0,0,0,
Melbourne Stars,44,57,1,d9273ee7,4ba2c04d,02bce9a8,0,0,0,0,
Melbourne Stars,45,57,1,d9273ee7,4ba2c04d,02bce9a8,0,0,0,0,
Melbourne Stars,46,61,1,d9273ee7,4ba2c04d,02bce9a8,4,0,4,0,
Melbourne Stars,47,61,1,d9273ee7,4ba2c04d,02bce9a8,0,0,0,0,
Melbourne Stars,48,63,1,d9273ee7,4ba2c04d,02bce9a8,2,0,2,0,
Melbourne Stars,49,64,1,d9273ee7,4ba2c04d,02bce9a8,1,0,1,0,
Melbourne Stars,50,65,1,d9273ee7,38c276e1,02bce9a8,1,0,1,0,
Melbourne Stars,51,65,1,02bce9a8,38c276e1,d9273ee7,0,0,0,0,
Melbourne Stars,52,69,1,02bce9a8,38c276e1,d9273ee7,4,0,4,0,
Melbourne Stars,53,71,1,02bce9a8,38c276e1,d9273ee7,2,0,2,0,
Melbourne Stars,54,71,1,02bce9a8,38c276e1,d9273ee7,0,0,0,0,
Melbourne Stars,55,75,1,02bce9a8,38c276e1,d9273ee7,4,0,4,0,
Melbourne Stars,56,75,1,d9273ee7,45f56920,02bce9a8,0,0,0,0,
Melbourne Stars,57,76,1,d9273ee7,45f56920,02bce9a8,1,0,1,0,
Melbourne Stars,58,77,1,02bce9a8,45f56920,d9273ee7,1,0,1,0,
Melbourne Stars,59,78,1,d9273ee7,45f56920,02bce9a8,1,0,1,0,
Melbourne Stars,60,78,1,02bce9a8,45f56920,d9273ee7,0,0,0,0,
Melbourne Stars,61,82,1,02bce9a8,45f56920,d9273ee7,4,0,4,0,
Melbourne Stars,62,83,1,d9273ee7,4ba2c04d,02bce9a8,1,0,1,0,
Melbourne Stars,63,87,1,02bce9a8,4ba2c04d,d9273ee7,4,0,4,0,
Melbourne Stars,64,87,1,02bce9a8,4ba2c04d,d9273ee7,0,0,0,0,
Melbourne Stars,65,88,1,02bce9a8,4ba2c04d,d9273ee7,1,0,1,0,
Melbourne Stars,66,89,1,d9273ee7,4ba2c04d,02bce9a8,1,0,1,0,
Melbourne Stars,67,90,1,02bce9a8,4ba2c04d,d9273ee7,1,0,1,0,
Melbourne Stars,68,91,1,02bce9a8,caf69bf7,d9273ee7,1,0,1,0,
Melbourne Stars,69,92,1,d9273ee7,caf69bf7,02bce9a8,1,0,1,0,
Melbourne Stars,70,92,1,02bce9a8,caf69bf7,d9273ee7,0,0,0,0,
Melbourne Stars,71,92,1,02bce9a8,caf69bf7,d9273ee7,0,0,0,0,
Melbourne Stars,72,93,1,02bce9a8,caf69bf7,d9273ee7,1,0,1,0,
Melbourne Stars,73,94,1,d9273ee7,caf69bf7,02bce9a8,1,0,1,0,
Melbourne Stars,74,94,1,d9273ee7,96824e68,02bce9a8,0,0,0,0,
Melbourne Stars,75,95,1,d9273ee7,96824e68,02bce9a8,1,0,1,0,
Melbourne Stars,76,95,1,02bce9a8,96824e68,d9273ee7,0,0,0,0,
Melbourne Stars,77,99,1,02bce9a8,96824e68,d9273ee7,4,0,4,0,
Melbourne Stars,78,100,1,02bce9a8,96824e68,d9273ee7,1,0,1,0,
Melbourne Stars,79,101,1,d9273ee7,96824e68,02bce9a8,1,0,1,0,
Melbourne Stars,80,105,1,d9273ee7,45f56920,02bce9a8,4,0,4,0,
Melbourne Stars,81,107,1,d9273ee7,45f56920,02bce9a8,2,0,2,0,
Melbourne Stars,82,108,1,d9273ee7,45f56920,02bce9a8,1,0,1,0,
Melbourne Stars,83,112,1,02bce9a8,45f56920,d9273ee7,4,0,4,0,
Melbourne Stars,84,113,1,02bce9a8,45f56920,d9273ee7,1,0,1,0,
Melbourne Stars,85,119,1,d9273ee7,45f56920,02bce9a8,6,0,6,0,
Melbourne Stars,86,120,1,02bce9a8,4ba2c04d,d9273ee7,0,1,1,0,
Melbourne Stars,87,126,1,02bce9a8,4ba2c04d,d9273ee7,6,0,6,0,
Melbourne Stars,88,130,1,02bce9a8,4ba2c04d,d9273ee7,4,0,4,0,
Melbourne Stars,89,131,1,02bce9a8,4ba2c04d,d9273ee7,1,0,1,0,
Melbourne Stars,90,132,1,d9273ee7,4ba2c04d,02bce9a8,1,0,1,0,
Melbourne Stars,91,132,1,02bce9a8,4ba2c04d,d9273ee7,0,0,0,0,
Melbourne Stars,92,133,1,02bce9a8,4ba2c04d,d9273ee7,1,0,1,0,
Melbourne Stars,93,134,1,02bce9a8,96824e68,d9273ee7,1,0,1,0,
Melbourne Stars,94,138,1,d9273ee7,96824e68,02bce9a8,4,0,4,0,
Melbourne Stars,95,142,1,d9273ee7,96824e68,02bce9a8,4,0,4,0,
Melbourne Stars,96,143,1,d9273ee7,96824e68,02bce9a8,1,0,1,0,
Melbourne Stars,97,144,1,02bce9a8,96824e68,d9273ee7,1,0,1,0,
Melbourne Stars,98,145,1,d9273ee7,96824e68,02bce9a8,1,0,1,0,
Melbourne Stars,99,147,1,d9273ee7,fb66ce1f,02bce9a8,2,0,2,0,
Melbourne Stars,100,153,1,d9273ee7,fb66ce1f,02bce9a8,6,0,6,0,
Melbourne Stars,101,154,1,d9273ee7,fb66ce1f,02bce9a8,1,0,1,0,
Melbourne Stars,102,155,1,02bce9a8,fb66ce1f,d9273ee7,1,0,1,0,
Melbourne Stars,103,155,2,d9273ee7,fb66ce1f,02bce9a8,0,0,0,1,bowled
Melbourne Stars,104,156,2,b681e71e,fb66ce1f,02bce9a8,1,0,1,0,
Melbourne Stars,105,157,2,b681e71e,caf69bf7,02bce9a8,1,0,1,0,
Melbourne Stars,106,158,2,02bce9a8,caf69bf7,b681e71e,1,0,1,0,
Melbourne Stars,107,159,2,b681e71e,caf69bf7,02bce9a8,1,0,1,0,
Melbourne Stars,108,163,2,02bce9a8,caf69bf7,b681e71e,4,0,4,0,
Melbourne Stars,109,169,2,02bce9a8,caf69bf7,b681e71e,6,0,6,0,
Melbourne Stars,110,170,2,02bce9a8,caf69bf7,b681e71e,1,0,1,0,
Melbourne Stars,111,172,2,02bce9a8,fb66ce1f,b681e71e,2,0,2,0,
Melbourne Stars,112,173,2,02bce9a8,fb66ce1f,b681e71e,1,0,1,0,
Melbourne Stars,113,173,2,b681e71e,fb66ce1f,02bce9a8,0,0,0,0,
Melbourne Stars,114,174,2,b681e71e,fb66ce1f,02bce9a8,1,0,1,0,
Melbourne Stars,115,176,2,02bce9a8,fb66ce1f,b681e71e,2,0,2,0,
Melbourne Stars,116,177,2,02bce9a8,fb66ce1f,b681e71e,1,0,1,0,
Melbourne Stars,117,179,2,02bce9a8,caf69bf7,b681e71e,2,0,2,0,
Melbourne Stars,118,180,2,02bce9a8,caf69bf7,b681e71e,0,1,1,0,
Melbourne Stars,119,184,2,02bce9a8,caf69bf7,b681e71e,4,0,4,0,
Melbourne Stars,120,190,2,02bce9a8,caf69bf7,b681e71e,6,0,6,0,
Melbourne Stars,121,192,2,02bce9a8,caf69bf7,b681e71e,2,0,2,0,
Melbourne Stars,122,193,2,02bce9a8,caf69bf7,b681e71e,1,0,1,0,
Melbourne Stars,123,194,2,b681e71e,caf69bf7,02bce9a8,0,1,1,0,
Sydney Thunder,1,4,0,331ea488,208f22ea,92aeac25,4,0,4,0,
Sydney Thunder,2,4,0,331ea488,208f22ea,92aeac25,0,0,0,0,
Sydney Thunder,3,5,0,331ea488,208f22ea,92aeac25,1,0,1,0,
Sydney Thunder,4,6,0,92aeac25,208f22ea,331ea488,1,0,1,0,
Sydney Thunder,5,6,0,331ea488,208f22ea,92aeac25,0,0,0,0,
Sydney Thunder,6,6,0,331ea488,208f22ea,92aeac25,0,0,0,0,
Sydney Thunder,7,7,0,92aeac25,b681e71e,331ea488,1,0,1,0,
Sydney Thunder,8,8,0,331ea488,b681e71e,92aeac25,1,0,1,0,
Sydney Thunder,9,8,0,92aeac25,b681e71e,331ea488,0,0,0,0,
Sydney Thunder,10,10,0,92aeac25,b681e71e,331ea488,2,0,2,0,
Sydney Thunder,11,12,0,92aeac25,b681e71e,331ea488,2,0,2,0,
Sydney Thunder,12,14,0,92aeac25,b681e71e,331ea488,2,0,2,0,
Sydney Thunder,13,14,0,331ea488,208f22ea,92aeac25,0,0,0,0,
Sydney Thunder,14,18,0,331ea488,208f22ea,92aeac25,4,0,4,0,
Sydney Thunder,15,21,0,331ea488,208f22ea,92aeac25,3,0,3,0,
Sydney Thunder,16,21,0,92aeac25,208f22ea,331ea488,0,0,0,0,
Sydney Thunder,17,21,1,92aeac25,208f22ea,331ea488,0,0,0,1,run out
Sydney Thunder,18,22,1,331ea488,208f22ea,9b4935c8,1,0,1,0,
Sydney Thunder,19,23,1,331ea488,b681e71e,9b4935c8,1,0,1,0,
Sydney Thunder,20,24,1,9b4935c8,b681e71e,331ea488,1,0,1,0,
Sydney Thunder,21,27,1,331ea488,b681e71e,9b4935c8,3,0,3,0,
Sydney Thunder,22,28,1,9b4935c8,b681e71e,331ea488,1,0,1,0,
Sydney Thunder,23,32,1,331ea488,b681e71e,9b4935c8,4,0,4,0,
Sydney Thunder,24,33,1,331ea488,b681e71e,9b4935c8,1,0,1,0,
Sydney Thunder,25,33,2,331ea488,56ab442f,9b4935c8,0,0,0,1,bowled
Sydney Thunder,26,35,2,fb0d68b4,56ab442f,9b4935c8,2,0,2,0,
Sydney Thunder,27,35,2,fb0d68b4,56ab442f,9b4935c8,0,0,0,0,
Sydney Thunder,28,36,2,fb0d68b4,56ab442f,9b4935c8,1,0,1,0,
Sydney Thunder,29,36,2,9b4935c8,56ab442f,fb0d68b4,0,0,0,0,
Sydney Thunder,30,37,2,9b4935c8,56ab442f,fb0d68b4,1,0,1,0,
Sydney Thunder,31,37,2,9b4935c8,24bb1c2f,fb0d68b4,0,0,0,0,
Sydney Thunder,32,41,2,9b4935c8,24bb1c2f,fb0d68b4,4,0,4,0,
Sydney Thunder,33,41,3,9b4935c8,24bb1c2f,fb0d68b4,0,0,0,1,caught
Sydney Thunder,34,44,3,fb66ce1f,24bb1c2f,fb0d68b4,3,0,3,0,
Sydney Thunder,35,46,3,fb0d68b4,24bb1c2f,fb66ce1f,2,0,2,0,
Sydney Thunder,36,46,3,fb0d68b4,24bb1c2f,fb66ce1f,0,0,0,0,
Sydney Thunder,37,46,3,fb66ce1f,14f96089,fb0d68b4,0,0,0,0,
Sydney Thunder,38,48,3,fb66ce1f,14f96089,fb0d68b4,2,0,2,0,
Sydney Thunder,39,50,3,fb66ce1f,14f96089,fb0d68b4,2,0,2,0,
Sydney Thunder,40,51,3,fb66ce1f,14f96089,fb0d68b4,1,0,1,0,
Sydney Thunder,41,55,3,fb0d68b4,14f96089,fb66ce1f,4,0,4,0,
Sydney Thunder,42,55,3,fb0d68b4,14f96089,fb66ce1f,0,0,0,0,
Sydney Thunder,43,55,3,fb66ce1f,56ab442f,fb0d68b4,0,0,0,0,
Sydney Thunder,44,57,3,fb66ce1f,56ab442f,fb0d68b4,2,0,2,0,
Sydney Thunder,45,58,3,fb66ce1f,56ab442f,fb0d68b4,1,0,1,0,
Sydney Thunder,46,58,3,fb0d68b4,56ab442f,fb66ce1f,0,0,0,0,
Sydney Thunder,47,64,3,fb0d68b4,56ab442f,fb66ce1f,6,0,6,0,
Sydney Thunder,48,65,3,fb0d68b4,56ab442f,fb66ce1f,1,0,1,0,
Sydney Thunder,49,66,3,fb0d68b4,14f96089,fb66ce1f,1,0,1,0,
Sydney Thunder,50,72,3,fb66ce1f,14f96089,fb0d68b4,6,0,6,0,
Sydney Thunder,51,73,3,fb66ce1f,14f96089,fb0d68b4,1,0,1,0,
Sydney Thunder,52,74,3,fb0d68b4,14f96089,fb66ce1f,1,0,1,0,
Sydney Thunder,53,74,3,fb66ce1f,14f96089,fb0d68b4,0,0,0,0,
Sydney Thunder,54,74,3,fb66ce1f,14f96089,fb0d68b4,0,0,0,0,
Sydney Thunder,55,75,3,fb0d68b4,8891669e,fb66ce1f,1,0,1,0,
Sydney Thunder,56,76,3,fb66ce1f,8891669e,fb0d68b4,1,0,1,0,
Sydney Thunder,57,76,3,fb0d68b4,8891669e,fb66ce1f,0,0,0,0,
Sydney Thunder,58,82,3,fb0d68b4,8891669e,fb66ce1f,6,0,6,0,
Sydney Thunder,59,83,3,fb0d68b4,8891669e,fb66ce1f,1,0,1,0,
Sydney Thunder,60,84,3,fb66ce1f,8891669e,fb0d68b4,1,0,1,0,
Sydney Thunder,61,85,3,fb66ce1f,24bb1c2f,fb0d68b4,1,0,1,0,
Sydney Thunder,62,85,3,fb0d68b4,24bb1c2f,fb66ce1f,0,0,0,0,
Sydney Thunder,63,86,3,fb0d68b4,24bb1c2f,fb66ce1f,1,0,1,0,
Sydney Thunder,64,86,4,fb66ce1f,24bb1c2f,fb0d68b4,0,0,0,1,bowled
Sydney Thunder,65,87,4,4ba2c04d,24bb1c2f,fb0d68b4,1,0,1,0,
Sydney Thunder,66,88,4,fb0d68b4,24bb1c2f,4ba2c04d,1,0,1,0,
Sydney Thunder,67,88,4,fb0d68b4,208f22ea,4ba2c04d,0,0,0,0,
Sydney Thunder,68,89,4,fb0d68b4,208f22ea,4ba2c04d,1,0,1,0,
Sydney Thunder,69,90,4,4ba2c04d,208f22ea,fb0d68b4,0,1,1,0,
Sydney Thunder,70,92,4,fb0d68b4,208f22ea,4ba2c04d,2,0,2,0,
Sydney Thunder,71,93,4,fb0d68b4,208f22ea,4ba2c04d,1,0,1,0,
Sydney Thunder,72,93,4,4ba2c04d,208f22ea,fb0d68b4,0,0,0,0,
Sydney Thunder,73,94,4,fb0d68b4,d9273ee7,4ba2c04d,1,0,1,0,
Sydney Thunder,74,95,4,4ba2c04d,d9273ee7,fb0d68b4,1,0,1,0,
Sydney Thunder,75,99,4,fb0d68b4,d9273ee7,4ba2c04d,4,0,4,0,
Sydney Thunder,76,100,4,fb0d68b4,d9273ee7,4ba2c04d,1,0,1,0,
Sydney Thunder,77,104,4,4ba2c04d,d9273ee7,fb0d68b4,4,0,4,0,
Sydney Thunder,78,108,4,4ba2c04d,d9273ee7,fb0d68b4,4,0,4,0,
Sydney Thunder,79,112,4,fb0d68b4,14f96089,4ba2c04d,4,0,4,0,
Sydney Thunder,80,113,4,fb0d68b4,14f96089,4ba2c04d,1,0,1,0,
Sydney Thunder,81,114,4,4ba2c04d,14f96089,fb0d68b4,1,0,1,0,
Sydney Thunder,82,116,4,fb0d68b4,14f96089,4ba2c04d,2,0,2,0,
Sydney Thunder,83,116,4,fb0d68b4,14f96089,4ba2c04d,0,0,0,0,
Sydney Thunder,84,117,4,fb0d68b4,14f96089,4ba2c04d,1,0,1,0,
Sydney Thunder,85,118,4,fb0d68b4,208f22ea,4ba2c04d,1,0,1,0,
Sydney Thunder,86,124,4,4ba2c04d,208f22ea,fb0d68b4,6,0,6,0,
Sydney Thunder,87,125,4,4ba2c04d,208f22ea,fb0d68b4,1,0,1,0,
Sydney Thunder,88,127,4,fb0d68b4,208f22ea,4ba2c04d,2,0,2,0,
Sydney Thunder,89,128,4,fb0d68b4,208f22ea,4ba2c04d,0,1,1,0,
Sydney Thunder,90,129,4,4ba2c04d,208f22ea,fb0d68b4,1,0,1,0,
Sydney Thunder,91,129,4,4ba2c04d,56ab442f,fb0d68b4,0,0,0,0,
Sydney Thunder,92,133,4,4ba2c04d,56ab442f,fb0d68b4,4,0,4,0,
Sydney Thunder,93,134,4,4ba2c04d,56ab442f,fb0d68b4,1,0,1,0,
Sydney Thunder,94,135,4,fb0d68b4,56ab442f,4ba2c04d,1,0,1,0,
Sydney Thunder,95,135,4,4ba2c04d,56ab442f,fb0d68b4,0,0,0,0,
Sydney Thunder,96,135,4,4ba2c04d,56ab442f,fb0d68b4,0,0,0,0,
Sydney Thunder,97,137,4,fb0d68b4,14f96089,4ba2c04d,2,0,2,0,
Sydney Thunder,98,143,4,fb0d68b4,14f96089,4ba2c04d,6,0,6,0,
Sydney Thunder,99,144,4,fb0d68b4,14f96089,4ba2c04d,0,1,1,0,
Sydney Thunder,100,144,5,fb0d68b4,14f96089,4ba2c04d,0,0,0,1,caught
Sydney Thunder,101,150,5,4ba2c04d,14f96089,caf69bf7,6,0,6,0,
Sydney Thunder,102,150,6,4ba2c04d,14f96089,caf69bf7,0,0,0,1,caught
Sydney Thunder,103,151,6,caf69bf7,14f96089,8820c9ef,1,0,1,0,
Sydney Thunder,104,152,6,caf69bf7,24bb1c2f,8820c9ef,1,0,1,0,
Sydney Thunder,105,152,6,8820c9ef,24bb1c2f,caf69bf7,0,0,0,0,
Sydney Thunder,106,153,6,8820c9ef,24bb1c2f,caf69bf7,1,0,1,0,
Sydney Thunder,107,153,6,caf69bf7,24bb1c2f,8820c9ef,0,0,0,0,
Sydney Thunder,108,153,6,caf69bf7,24bb1c2f,8820c9ef,0,0,0,0,
Sydney Thunder,109,154,6,caf69bf7,24bb1c2f,8820c9ef,1,0,1,0,
Sydney Thunder,110,154,7,caf69bf7,56ab442f,8820c9ef,0,0,0,1,caught
Sydney Thunder,111,158,7,8820c9ef,56ab442f,38c276e1,4,0,4,0,
Sydney Thunder,112,160,7,8820c9ef,56ab442f,38c276e1,2,0,2,0,
Sydney Thunder,113,161,7,8820c9ef,56ab442f,38c276e1,1,0,1,0,
Sydney Thunder,114,162,7,38c276e1,56ab442f,8820c9ef,0,1,1,0,
Sydney Thunder,115,164,7,8820c9ef,56ab442f,38c276e1,2,0,2,0,
Sydney Thunder,116,165,7,38c276e1,24bb1c2f,8820c9ef,0,1,1,0,
Sydney Thunder,117,165,8,8820c9ef,24bb1c2f,38c276e1,0,0,0,1,caught
Sydney Thunder,118,166,8,38c276e1,24bb1c2f,96824e68,1,0,1,0,
Sydney Thunder,119,166,8,96824e68,24bb1c2f,38c276e1,0,0,0,0,
Sydney Thunder,120,166,8,96824e68,24bb1c2f,38c276e1,0,0,0,0,
Sydney Thunder,121,166,8,96824e68,24bb1c2f,38c276e1,0,0,0,0,
