batting_team,ball_number,total_team_runs,total_team_wickets,striker_ID,bowler_ID,nonstriker_ID,batter_runs,extras_runs,total_delivery_runs,wicket,wicket_type
Colombo Kings,1,0,0,8dd02a98,dabbd0ae,1c513d54,0,0,0,0,
Colombo Kings,2,0,0,8dd02a98,dabbd0ae,1c513d54,0,0,0,0,
Colombo Kings,3,4,0,8dd02a98,dabbd0ae,1c513d54,4,0,4,0,
Colombo Kings,4,4,0,8dd02a98,dabbd0ae,1c513d54,0,0,0,0,
Colombo Kings,5,8,0,8dd02a98,dabbd0ae,1c513d54,4,0,4,0,
Colombo Kings,6,8,0,8dd02a98,dabbd0ae,1c513d54,0,0,0,0,
Colombo Kings,7,9,0,1c513d54,2f28dc94,8dd02a98,1,0,1,0,
Colombo Kings,8,9,0,8dd02a98,2f28dc94,1c513d54,0,0,0,0,
Colombo Kings,9,9,0,8dd02a98,2f28dc94,1c513d54,0,0,0,0,
Colombo Kings,10,10,0,8dd02a98,2f28dc94,1c513d54,1,0,1,0,
Colombo Kings,11,10,0,1c513d54,2f28dc94,8dd02a98,0,0,0,0,
Colombo Kings,12,11,0,1c513d54,2f28dc94,8dd02a98,1,0,1,0,
Colombo Kings,13,12,0,1c513d54,f24c6701,8dd02a98,0,1,1,0,
Colombo Kings,14,13,0,1c513d54,f24c6701,8dd02a98,1,0,1,0,
Colombo Kings,15,13,0,8dd02a98,f24c6701,1c513d54,0,0,0,0,
Colombo Kings,16,14,0,8dd02a98,f24c6701,1c513d54,1,0,1,0,
Colombo Kings,17,15,0,1c513d54,f24c6701,8dd02a98,1,0,1,0,
Colombo Kings,18,16,0,8dd02a98,f24c6701,1c513d54,1,0,1,0,
Colombo Kings,19,17,0,1c513d54,f24c6701,8dd02a98,0,1,1,0,
Colombo Kings,20,17,0,1c513d54,2f28dc94,8dd02a98,0,0,0,0,
Colombo Kings,21,18,0,1c513d54,2f28dc94,8dd02a98,1,0,1,0,
Colombo Kings,22,18,1,8dd02a98,2f28dc94,1c513d54,0,0,0,1,caught
Colombo Kings,23,19,1,1c513d54,2f28dc94,8f938a32,1,0,1,0,
Colombo Kings,24,19,1,8f938a32,2f28dc94,1c513d54,0,0,0,0,
Colombo Kings,25,19,1,8f938a32,2f28dc94,1c513d54,0,0,0,0,
Colombo Kings,26,20,1,1c513d54,f24c6701,8f938a32,1,0,1,0,
Colombo Kings,27,20,1,8f938a32,f24c6701,1c513d54,0,0,0,0,
Colombo Kings,28,20,1,8f938a32,f24c6701,1c513d54,0,0,0,0,
Colombo Kings,29,20,1,8f938a32,f24c6701,1c513d54,0,0,0,0,
Colombo Kings,30,21,1,8f938a32,f24c6701,1c513d54,1,0,1,0,
Colombo Kings,31,22,1,1c513d54,f24c6701,8f938a32,1,0,1,0,
Colombo Kings,32,23,1,1c513d54,2f28dc94,8f938a32,1,0,1,0,
Colombo Kings,33,24,1,8f938a32,2f28dc94,1c513d54,1,0,1,0,
Colombo Kings,34,28,1,1c513d54,2f28dc94,8f938a32,4,0,4,0,
Colombo Kings,35,29,1,1c513d54,2f28dc94,8f938a32,1,0,1,0,
Colombo Kings,36,30,1,8f938a32,2f28dc94,1c513d54,1,0,1,0,
Colombo Kings,37,31,1,1c513d54,2f28dc94,8f938a32,1,0,1,0,
Colombo Kings,38,33,1,1c513d54,a97c8ec2,8f938a32,2,0,2,0,
Colombo Kings,39,37,1,1c513d54,a97c8ec2,8f938a32,4,0,4,0,
Colombo Kings,40,38,1,1c513d54,a97c8ec2,8f938a32,1,0,1,0,
Colombo Kings,41,39,1,8f938a32,a97c8ec2,1c513d54,1,0,1,0,
Colombo Kings,42,40,1,1c513d54,a97c8ec2,8f938a32,1,0,1,0,
Colombo Kings,43,41,1,8f938a32,a97c8ec2,1c513d54,1,0,1,0,
Colombo Kings,44,42,1,8f938a32,0f12f9df,1c513d54,1,0,1,0,
Colombo Kings,45,44,1,1c513d54,0f12f9df,8f938a32,2,0,2,0,
Colombo Kings,46,45,1,1c513d54,0f12f9df,8f938a32,1,0,1,0,
Colombo Kings,47,46,1,8f938a32,0f12f9df,1c513d54,1,0,1,0,
Colombo Kings,48,47,1,1c513d54,0f12f9df,8f938a32,1,0,1,0,
Colombo Kings,49,51,1,8f938a32,0f12f9df,1c513d54,4,0,4,0,
Colombo Kings,50,52,1,1c513d54,a97c8ec2,8f938a32,0,1,1,0,
Colombo Kings,51,52,1,8f938a32,a97c8ec2,1c513d54,0,0,0,0,
Colombo Kings,52,53,1,8f938a32,a97c8ec2,1c513d54,1,0,1,0,
Colombo Kings,53,53,2,1c513d54,a97c8ec2,8f938a32,0,0,0,1,run out
Colombo Kings,54,53,2,1c513d54,a97c8ec2,896d78ad,0,0,0,0,
Colombo Kings,55,57,2,1c513d54,a97c8ec2,896d78ad,4,0,4,0,
Colombo Kings,56,57,2,896d78ad,b40ee8a8,1c513d54,0,0,0,0,
Colombo Kings,57,57,2,896d78ad,b40ee8a8,1c513d54,0,0,0,0,
Colombo Kings,58,58,2,896d78ad,b40ee8a8,1c513d54,1,0,1,0,
Colombo Kings,59,58,2,1c513d54,b40ee8a8,896d78ad,0,0,0,0,
Colombo Kings,60,62,2,1c513d54,b40ee8a8,896d78ad,4,0,4,0,
Colombo Kings,61,63,2,1c513d54,b40ee8a8,896d78ad,1,0,1,0,
Colombo Kings,62,67,2,1c513d54,a8e56914,896d78ad,4,0,4,0,
Colombo Kings,63,68,2,1c513d54,a8e56914,896d78ad,1,0,1,0,
Colombo Kings,64,69,2,896d78ad,a8e56914,1c513d54,1,0,1,0,
Colombo Kings,65,75,2,1c513d54,a8e56914,896d78ad,6,0,6,0,
Colombo Kings,66,75,2,1c513d54,a8e56914,896d78ad,0,0,0,0,
Colombo Kings,67,79,2,1c513d54,a8e56914,896d78ad,4,0,4,0,
Colombo Kings,68,79,2,896d78ad,b40ee8a8,1c513d54,0,0,0,0,
Colombo Kings,69,79,2,896d78ad,b40ee8a8,1c513d54,0,0,0,0,
Colombo Kings,70,80,2,896d78ad,b40ee8a8,1c513d54,1,0,1,0,
Colombo Kings,71,81,2,1c513d54,b40ee8a8,896d78ad,1,0,1,0,
Colombo Kings,72,82,2,896d78ad,b40ee8a8,1c513d54,1,0,1,0,
Colombo Kings,73,83,2,1c513d54,b40ee8a8,896d78ad,1,0,1,0,
Colombo Kings,74,89,2,1c513d54,f24c6701,896d78ad,6,0,6,0,
Colombo Kings,75,90,2,1c513d54,f24c6701,896d78ad,1,0,1,0,
Colombo Kings,76,91,2,896d78ad,f24c6701,1c513d54,1,0,1,0,
Colombo Kings,77,91,2,1c513d54,f24c6701,896d78ad,0,0,0,0,
Colombo Kings,78,91,2,1c513d54,f24c6701,896d78ad,0,0,0,0,
Colombo Kings,79,92,2,1c513d54,f24c6701,896d78ad,1,0,1,0,
Colombo Kings,80,92,2,1c513d54,b40ee8a8,896d78ad,0,0,0,0,
Colombo Kings,81,93,2,1c513d54,b40ee8a8,896d78ad,1,0,1,0,
Colombo Kings,82,99,2,896d78ad,b40ee8a8,1c513d54,6,0,6,0,
Colombo Kings,83,101,2,896d78ad,b40ee8a8,1c513d54,2,0,2,0,
Colombo Kings,84,102,2,896d78ad,b40ee8a8,1c513d54,1,0,1,0,
Colombo Kings,85,103,2,1c513d54,b40ee8a8,896d78ad,1,0,1,0,
Colombo Kings,86,109,2,1c513d54,dabbd0ae,896d78ad,6,0,6,0,
Colombo Kings,87,110,2,1c513d54,dabbd0ae,896d78ad,1,0,1,0,
Colombo Kings,88,111,2,896d78ad,dabbd0ae,1c513d54,1,0,1,0,
Colombo Kings,89,112,2,1c513d54,dabbd0ae,896d78ad,0,1,1,0,
Colombo Kings,90,119,2,1c513d54,dabbd0ae,896d78ad,6,1,7,0,
Colombo Kings,91,123,2,1c513d54,dabbd0ae,896d78ad,4,0,4,0,
Colombo Kings,92,127,2,1c513d54,dabbd0ae,896d78ad,4,0,4,0,
Colombo Kings,93,128,2,1c513d54,dabbd0ae,896d78ad,1,0,1,0,
Colombo Kings,94,130,2,1c513d54,a97c8ec2,896d78ad,2,0,2,0,
Colombo Kings,95,136,2,1c513d54,a97c8ec2,896d78ad,6,0,6,0,
Colombo Kings,96,137,2,1c513d54,a97c8ec2,896d78ad,1,0,1,0,
Colombo Kings,97,137,3,896d78ad,a97c8ec2,1c513d54,0,0,0,1,caught
Colombo Kings,98,137,3,1c513d54,a97c8ec2,bbd41817,0,0,0,0,
Colombo Kings,99,138,3,1c513d54,a97c8ec2,bbd41817,1,0,1,0,
Colombo Kings,100,139,3,1c513d54,a8e56914,bbd41817,1,0,1,0,
Colombo Kings,101,140,3,bbd41817,a8e56914,1c513d54,1,0,1,0,
Colombo Kings,102,141,3,1c513d54,a8e56914,bbd41817,1,0,1,0,
Colombo Kings,103,145,3,bbd41817,a8e56914,1c513d54,4,0,4,0,
Colombo Kings,104,145,3,bbd41817,a8e56914,1c513d54,0,0,0,0,
Colombo Kings,105,145,3,bbd41817,a8e56914,1c513d54,0,0,0,0,
Colombo Kings,106,146,3,1c513d54,a97c8ec2,bbd41817,1,0,1,0,
Colombo Kings,107,147,3,bbd41817,a97c8ec2,1c513d54,1,0,1,0,
Colombo Kings,108,147,3,1c513d54,a97c8ec2,bbd41817,0,0,0,0,
Colombo Kings,109,149,3,1c513d54,a97c8ec2,bbd41817,2,0,2,0,
Colombo Kings,110,150,3,1c513d54,a97c8ec2,bbd41817,1,0,1,0,
Colombo Kings,111,151,3,bbd41817,a97c8ec2,1c513d54,1,0,1,0,
Colombo Kings,112,153,3,bbd41817,a8e56914,1c513d54,2,0,2,0,
Colombo Kings,113,159,3,bbd41817,a8e56914,1c513d54,6,0,6,0,
Colombo Kings,114,160,3,bbd41817,a8e56914,1c513d54,1,0,1,0,
Colombo Kings,115,161,3,1c513d54,a8e56914,bbd41817,1,0,1,0,
Colombo Kings,116,161,3,bbd41817,a8e56914,1c513d54,0,0,0,0,
Colombo Kings,117,161,3,bbd41817,a8e56914,1c513d54,0,0,0,0,
Colombo Kings,118,165,3,1c513d54,2f28dc94,bbd41817,4,0,4,0,
Colombo Kings,119,166,3,1c513d54,2f28dc94,bbd41817,1,0,1,0,
Colombo Kings,120,167,3,bbd41817,2f28dc94,1c513d54,0,1,1,0,
Colombo Kings,121,168,3,bbd41817,2f28dc94,1c513d54,1,0,1,0,
Colombo Kings,122,169,3,1c513d54,2f28dc94,bbd41817,1,0,1,0,
Colombo Kings,123,173,3,bbd41817,2f28dc94,1c513d54,4,0,4,0,
Colombo Kings,124,173,4,bbd41817,2f28dc94,1c513d54,0,0,0,1,run out
Jaffna Stallions,1,0,0,09a9d073,896d78ad,85dcb721,0,0,0,0,
Jaffna Stallions,2,1,0,09a9d073,896d78ad,85dcb721,1,0,1,0,
Jaffna Stallions,3,5,0,85dcb721,896d78ad,09a9d073,4,0,4,0,
Jaffna Stallions,4,5,0,85dcb721,896d78ad,09a9d073,0,0,0,0,
Jaffna Stallions,5,5,0,85dcb721,896d78ad,09a9d073,0,0,0,0,
Jaffna Stallions,6,5,0,85dcb721,896d78ad,09a9d073,0,0,0,0,
Jaffna Stallions,7,5,0,09a9d073,ac5ae4af,85dcb721,0,0,0,0,
Jaffna Stallions,8,6,0,09a9d073,ac5ae4af,85dcb721,1,0,1,0,
Jaffna Stallions,9,7,0,85dcb721,ac5ae4af,09a9d073,1,0,1,0,
Jaffna Stallions,10,8,0,09a9d073,ac5ae4af,85dcb721,1,0,1,0,
Jaffna Stallions,11,8,0,85dcb721,ac5ae4af,09a9d073,0,0,0,0,
Jaffna Stallions,12,8,0,85dcb721,ac5ae4af,09a9d073,0,0,0,0,
Jaffna Stallions,13,9,0,09a9d073,327b58d3,85dcb721,1,0,1,0,
Jaffna Stallions,14,10,0,85dcb721,327b58d3,09a9d073,1,0,1,0,
Jaffna Stallions,15,14,0,09a9d073,327b58d3,85dcb721,4,0,4,0,
Jaffna Stallions,16,14,1,09a9d073,327b58d3,85dcb721,0,0,0,1,bowled
Jaffna Stallions,17,14,1,732c038e,327b58d3,85dcb721,0,0,0,0,
Jaffna Stallions,18,14,1,732c038e,327b58d3,85dcb721,0,0,0,0,
Jaffna Stallions,19,15,1,85dcb721,fec50c96,732c038e,1,0,1,0,
Jaffna Stallions,20,16,1,732c038e,fec50c96,85dcb721,1,0,1,0,
Jaffna Stallions,21,20,1,85dcb721,fec50c96,732c038e,4,0,4,0,
Jaffna Stallions,22,21,1,85dcb721,fec50c96,732c038e,1,0,1,0,
Jaffna Stallions,23,22,1,732c038e,fec50c96,85dcb721,1,0,1,0,
Jaffna Stallions,24,22,1,85dcb721,fec50c96,732c038e,0,0,0,0,
Jaffna Stallions,25,23,1,732c038e,896d78ad,85dcb721,1,0,1,0,
Jaffna Stallions,26,24,1,85dcb721,896d78ad,732c038e,0,1,1,0,
Jaffna Stallions,27,28,1,732c038e,896d78ad,85dcb721,4,0,4,0,
Jaffna Stallions,28,28,1,732c038e,896d78ad,85dcb721,0,0,0,0,
Jaffna Stallions,29,29,1,732c038e,896d78ad,85dcb721,1,0,1,0,
Jaffna Stallions,30,35,1,85dcb721,896d78ad,732c038e,6,0,6,0,
Jaffna Stallions,31,36,1,732c038e,fec50c96,85dcb721,1,0,1,0,
Jaffna Stallions,32,36,1,85dcb721,fec50c96,732c038e,0,0,0,0,
Jaffna Stallions,33,40,1,85dcb721,fec50c96,732c038e,4,0,4,0,
Jaffna Stallions,34,40,1,85dcb721,fec50c96,732c038e,0,0,0,0,
Jaffna Stallions,35,40,1,85dcb721,fec50c96,732c038e,0,0,0,0,
Jaffna Stallions,36,40,1,85dcb721,fec50c96,732c038e,0,0,0,0,
Jaffna Stallions,37,41,1,732c038e,8d5d991e,85dcb721,1,0,1,0,
Jaffna Stallions,38,42,1,85dcb721,8d5d991e,732c038e,1,0,1,0,
Jaffna Stallions,39,42,1,732c038e,8d5d991e,85dcb721,0,0,0,0,
Jaffna Stallions,40,46,1,732c038e,8d5d991e,85dcb721,4,0,4,0,
Jaffna Stallions,41,47,1,732c038e,8d5d991e,85dcb721,1,0,1,0,
Jaffna Stallions,42,47,2,85dcb721,8d5d991e,732c038e,0,0,0,1,caught
Jaffna Stallions,43,48,2,732c038e,fec50c96,64c34cd0,1,0,1,0,
Jaffna Stallions,44,49,2,64c34cd0,fec50c96,732c038e,0,1,1,0,
Jaffna Stallions,45,49,2,64c34cd0,fec50c96,732c038e,0,0,0,0,
Jaffna Stallions,46,53,2,64c34cd0,fec50c96,732c038e,0,4,4,0,
Jaffna Stallions,47,54,2,64c34cd0,fec50c96,732c038e,1,0,1,0,
Jaffna Stallions,48,55,2,732c038e,fec50c96,64c34cd0,1,0,1,0,
Jaffna Stallions,49,56,2,64c34cd0,fec50c96,732c038e,1,0,1,0,
Jaffna Stallions,50,57,2,64c34cd0,8d5d991e,732c038e,1,0,1,0,
Jaffna Stallions,51,58,2,732c038e,8d5d991e,64c34cd0,1,0,1,0,
Jaffna Stallions,52,59,2,64c34cd0,8d5d991e,732c038e,1,0,1,0,
Jaffna Stallions,53,60,2,732c038e,8d5d991e,64c34cd0,1,0,1,0,
Jaffna Stallions,54,60,2,64c34cd0,8d5d991e,732c038e,0,0,0,0,
Jaffna Stallions,55,61,2,64c34cd0,8d5d991e,732c038e,1,0,1,0,
Jaffna Stallions,56,62,2,64c34cd0,ef6aea67,732c038e,1,0,1,0,
Jaffna Stallions,57,63,2,732c038e,ef6aea67,64c34cd0,1,0,1,0,
Jaffna Stallions,58,64,2,64c34cd0,ef6aea67,732c038e,1,0,1,0,
Jaffna Stallions,59,64,2,732c038e,ef6aea67,64c34cd0,0,0,0,0,
Jaffna Stallions,60,65,2,732c038e,ef6aea67,64c34cd0,1,0,1,0,
Jaffna Stallions,61,66,2,64c34cd0,ef6aea67,732c038e,1,0,1,0,
Jaffna Stallions,62,68,2,64c34cd0,8d5d991e,732c038e,2,0,2,0,
Jaffna Stallions,63,68,2,64c34cd0,8d5d991e,732c038e,0,0,0,0,
Jaffna Stallions,64,68,2,64c34cd0,8d5d991e,732c038e,0,0,0,0,
Jaffna Stallions,65,69,2,64c34cd0,8d5d991e,732c038e,1,0,1,0,
Jaffna Stallions,66,69,2,732c038e,8d5d991e,64c34cd0,0,0,0,0,
Jaffna Stallions,67,69,2,732c038e,8d5d991e,64c34cd0,0,0,0,0,
Jaffna Stallions,68,70,2,64c34cd0,ef6aea67,732c038e,1,0,1,0,
Jaffna Stallions,69,74,2,732c038e,ef6aea67,64c34cd0,4,0,4,0,
Jaffna Stallions,70,78,2,732c038e,ef6aea67,64c34cd0,4,0,4,0,
Jaffna Stallions,71,79,2,732c038e,ef6aea67,64c34cd0,1,0,1,0,
Jaffna Stallions,72,80,2,64c34cd0,ef6aea67,732c038e,1,0,1,0,
Jaffna Stallions,73,82,2,732c038e,ef6aea67,64c34cd0,2,0,2,0,
Jaffna Stallions,74,83,2,64c34cd0,bbd41817,732c038e,0,1,1,0,
Jaffna Stallions,75,83,3,732c038e,bbd41817,64c34cd0,0,0,0,1,caught
Jaffna Stallions,76,85,3,64c34cd0,bbd41817,b40ee8a8,2,0,2,0,
Jaffna Stallions,77,86,3,64c34cd0,bbd41817,b40ee8a8,1,0,1,0,
Jaffna Stallions,78,86,3,b40ee8a8,bbd41817,64c34cd0,0,0,0,0,
Jaffna Stallions,79,90,3,b40ee8a8,bbd41817,64c34cd0,4,0,4,0,
Jaffna Stallions,80,91,3,64c34cd0,ac5ae4af,b40ee8a8,1,0,1,0,
Jaffna Stallions,81,91,4,b40ee8a8,ac5ae4af,64c34cd0,0,0,0,1,caught
Jaffna Stallions,82,95,4,0f12f9df,ac5ae4af,64c34cd0,4,0,4,0,
Jaffna Stallions,83,99,4,0f12f9df,ac5ae4af,64c34cd0,4,0,4,0,
Jaffna Stallions,84,99,4,0f12f9df,ac5ae4af,64c34cd0,0,0,0,0,
Jaffna Stallions,85,99,4,0f12f9df,ac5ae4af,64c34cd0,0,0,0,0,
Jaffna Stallions,86,100,4,64c34cd0,327b58d3,0f12f9df,1,0,1,0,
Jaffna Stallions,87,101,4,0f12f9df,327b58d3,64c34cd0,1,0,1,0,
Jaffna Stallions,88,102,4,64c34cd0,327b58d3,0f12f9df,1,0,1,0,
Jaffna Stallions,89,108,4,0f12f9df,327b58d3,64c34cd0,6,0,6,0,
Jaffna Stallions,90,109,4,0f12f9df,327b58d3,64c34cd0,1,0,1,0,
Jaffna Stallions,91,110,4,64c34cd0,327b58d3,0f12f9df,1,0,1,0,
Jaffna Stallions,92,114,4,64c34cd0,bbd41817,0f12f9df,4,0,4,0,
Jaffna Stallions,93,118,4,64c34cd0,bbd41817,0f12f9df,4,0,4,0,
Jaffna Stallions,94,119,4,64c34cd0,bbd41817,0f12f9df,1,0,1,0,
Jaffna Stallions,95,125,4,0f12f9df,bbd41817,64c34cd0,6,0,6,0,
Jaffna Stallions,96,125,5,0f12f9df,bbd41817,64c34cd0,0,0,0,1,caught
Jaffna Stallions,97,125,6,64c34cd0,bbd41817,a97c8ec2,0,0,0,1,caught
Jaffna Stallions,98,126,6,a97c8ec2,327b58d3,2f28dc94,1,0,1,0,
Jaffna Stallions,99,130,6,2f28dc94,327b58d3,a97c8ec2,4,0,4,0,
Jaffna Stallions,100,131,6,2f28dc94,327b58d3,a97c8ec2,1,0,1,0,
Jaffna Stallions,101,132,6,a97c8ec2,327b58d3,2f28dc94,1,0,1,0,
Jaffna Stallions,102,133,6,2f28dc94,327b58d3,a97c8ec2,1,0,1,0,
Jaffna Stallions,103,134,6,a97c8ec2,327b58d3,2f28dc94,1,0,1,0,
Jaffna Stallions,104,135,6,a97c8ec2,bbd41817,2f28dc94,1,0,1,0,
Jaffna Stallions,105,135,6,2f28dc94,bbd41817,a97c8ec2,0,0,0,0,
Jaffna Stallions,106,135,6,2f28dc94,bbd41817,a97c8ec2,0,0,0,0,
Jaffna Stallions,107,136,6,2f28dc94,bbd41817,a97c8ec2,1,0,1,0,
Jaffna Stallions,108,137,6,a97c8ec2,bbd41817,2f28dc94,1,0,1,0,
Jaffna Stallions,109,141,6,2f28dc94,bbd41817,a97c8ec2,4,0,4,0,
Jaffna Stallions,110,142,6,a97c8ec2,ac5ae4af,2f28dc94,1,0,1,0,
Jaffna Stallions,111,146,6,2f28dc94,ac5ae4af,a97c8ec2,4,0,4,0,
Jaffna Stallions,112,147,6,2f28dc94,ac5ae4af,a97c8ec2,1,0,1,0,
Jaffna Stallions,113,148,6,a97c8ec2,ac5ae4af,2f28dc94,1,0,1,0,
Jaffna Stallions,114,149,6,2f28dc94,ac5ae4af,a97c8ec2,1,0,1,0,
Jaffna Stallions,115,149,6,a97c8ec2,ac5ae4af,2f28dc94,0,0,0,0,
Jaffna Stallions,116,150,6,2f28dc94,bbd41817,a97c8ec2,0,1,1,0,
Jaffna Stallions,117,156,6,a97c8ec2,bbd41817,2f28dc94,6,0,6,0,
Jaffna Stallions,118,156,6,a97c8ec2,bbd41817,2f28dc94,0,0,0,0,
Jaffna Stallions,119,156,6,a97c8ec2,bbd41817,2f28dc94,0,0,0,0,
Jaffna Stallions,120,163,6,a97c8ec2,bbd41817,2f28dc94,6,1,7,0,
Jaffna Stallions,121,163,6,a97c8ec2,bbd41817,2f28dc94,0,0,0,0,
Jaffna Stallions,122,167,6,a97c8ec2,bbd41817,2f28dc94,4,0,4,0,
