batting_team,ball_number,total_team_runs,total_team_wickets,striker_ID,bowler_ID,nonstriker_ID,batter_runs,extras_runs,total_delivery_runs,wicket,wicket_type
Canterbury,1,1,0,45df0e72,dadbdb68,4c895bc1,1,0,1,0,
Canterbury,2,2,0,4c895bc1,dadbdb68,45df0e72,1,0,1,0,
Canterbury,3,6,0,45df0e72,dadbdb68,4c895bc1,4,0,4,0,
Canterbury,4,6,0,45df0e72,dadbdb68,4c895bc1,0,0,0,0,
Canterbury,5,6,0,45df0e72,dadbdb68,4c895bc1,0,0,0,0,
Canterbury,6,6,0,45df0e72,dadbdb68,4c895bc1,0,0,0,0,
Canterbury,7,6,0,4c895bc1,51a3c5ef,45df0e72,0,0,0,0,
Canterbury,8,12,0,4c895bc1,51a3c5ef,45df0e72,6,0,6,0,
Canterbury,9,15,0,4c895bc1,51a3c5ef,45df0e72,0,3,3,0,
Canterbury,10,15,0,45df0e72,51a3c5ef,4c895bc1,0,0,0,0,
Canterbury,11,17,0,45df0e72,51a3c5ef,4c895bc1,2,0,2,0,
Canterbury,12,17,0,45df0e72,51a3c5ef,4c895bc1,0,0,0,0,
Canterbury,13,19,0,4c895bc1,90701232,45df0e72,2,0,2,0,
Canterbury,14,23,0,4c895bc1,90701232,45df0e72,4,0,4,0,
Canterbury,15,24,0,4c895bc1,90701232,45df0e72,1,0,1,0,
Canterbury,16,25,0,45df0e72,90701232,4c895bc1,1,0,1,0,
Canterbury,17,25,0,4c895bc1,90701232,45df0e72,0,0,0,0,
Canterbury,18,29,0,4c895bc1,90701232,45df0e72,4,0,4,0,
Canterbury,19,33,0,45df0e72,63a1874a,4c895bc1,4,0,4,0,
Canterbury,20,33,0,45df0e72,63a1874a,4c895bc1,0,0,0,0,
Canterbury,21,37,0,45df0e72,63a1874a,4c895bc1,4,0,4,0,
Canterbury,22,39,0,45df0e72,63a1874a,4c895bc1,2,0,2,0,
Canterbury,23,43,0,45df0e72,63a1874a,4c895bc1,4,0,4,0,
Canterbury,24,44,0,45df0e72,63a1874a,4c895bc1,1,0,1,0,
Canterbury,25,45,0,45df0e72,dadbdb68,4c895bc1,1,0,1,0,
Canterbury,26,49,0,4c895bc1,dadbdb68,45df0e72,4,0,4,0,
Canterbury,27,51,0,4c895bc1,dadbdb68,45df0e72,2,0,2,0,
Canterbury,28,52,0,4c895bc1,dadbdb68,45df0e72,1,0,1,0,
Canterbury,29,53,0,45df0e72,dadbdb68,4c895bc1,0,1,1,0,
Canterbury,30,54,0,45df0e72,dadbdb68,4c895bc1,1,0,1,0,
Canterbury,31,55,0,4c895bc1,dadbdb68,45df0e72,0,1,1,0,
Canterbury,32,56,0,4c895bc1,dadbdb68,45df0e72,1,0,1,0,
Canterbury,33,56,0,4c895bc1,51a3c5ef,45df0e72,0,0,0,0,
Canterbury,34,60,0,4c895bc1,51a3c5ef,45df0e72,4,0,4,0,
Canterbury,35,61,0,4c895bc1,51a3c5ef,45df0e72,1,0,1,0,
Canterbury,36,62,0,45df0e72,51a3c5ef,4c895bc1,1,0,1,0,
Canterbury,37,64,0,4c895bc1,51a3c5ef,45df0e72,2,0,2,0,
Canterbury,38,65,0,4c895bc1,51a3c5ef,45df0e72,0,1,1,0,
Canterbury,39,66,0,4c895bc1,51a3c5ef,45df0e72,1,0,1,0,
Canterbury,40,68,0,4c895bc1,b03db6fa,45df0e72,0,2,2,0,
Canterbury,41,69,0,4c895bc1,b03db6fa,45df0e72,1,0,1,0,
Canterbury,42,69,0,45df0e72,b03db6fa,4c895bc1,0,0,0,0,
Canterbury,43,69,0,45df0e72,b03db6fa,4c895bc1,0,0,0,0,
Canterbury,44,70,0,45df0e72,b03db6fa,4c895bc1,1,0,1,0,
Canterbury,45,71,0,4c895bc1,b03db6fa,45df0e72,1,0,1,0,
Canterbury,46,72,0,4c895bc1,63a1874a,45df0e72,1,0,1,0,
Canterbury,47,73,0,45df0e72,63a1874a,4c895bc1,1,0,1,0,
Canterbury,48,74,0,4c895bc1,63a1874a,45df0e72,1,0,1,0,
Canterbury,49,75,0,45df0e72,63a1874a,4c895bc1,1,0,1,0,
Canterbury,50,75,0,4c895bc1,63a1874a,45df0e72,0,0,0,0,
Canterbury,51,76,0,4c895bc1,63a1874a,45df0e72,1,0,1,0,
Canterbury,52,77,0,4c895bc1,b03db6fa,45df0e72,1,0,1,0,
Canterbury,53,77,1,45df0e72,b03db6fa,4c895bc1,0,0,0,1,run out
Canterbury,54,78,1,45df0e72,b03db6fa,f7b3d625,1,0,1,0,
Canterbury,55,79,1,f7b3d625,b03db6fa,45df0e72,1,0,1,0,
Canterbury,56,80,1,45df0e72,b03db6fa,f7b3d625,1,0,1,0,
Canterbury,57,81,1,f7b3d625,b03db6fa,45df0e72,1,0,1,0,
Canterbury,58,81,1,f7b3d625,63a1874a,45df0e72,0,0,0,0,
Canterbury,59,82,1,f7b3d625,63a1874a,45df0e72,1,0,1,0,
Canterbury,60,84,1,45df0e72,63a1874a,f7b3d625,2,0,2,0,
Canterbury,61,90,1,45df0e72,63a1874a,f7b3d625,6,0,6,0,
Canterbury,62,90,1,45df0e72,63a1874a,f7b3d625,0,0,0,0,
Canterbury,63,92,1,45df0e72,63a1874a,f7b3d625,2,0,2,0,
Canterbury,64,92,1,f7b3d625,90701232,45df0e72,0,0,0,0,
Canterbury,65,92,1,f7b3d625,90701232,45df0e72,0,0,0,0,
Canterbury,66,93,1,f7b3d625,90701232,45df0e72,1,0,1,0,
Canterbury,67,93,1,45df0e72,90701232,f7b3d625,0,0,0,0,
Canterbury,68,94,1,45df0e72,90701232,f7b3d625,1,0,1,0,
Canterbury,69,94,2,f7b3d625,90701232,45df0e72,0,0,0,1,caught
Canterbury,70,100,2,45df0e72,1ccf9e7e,d285acaf,6,0,6,0,
Canterbury,71,106,2,45df0e72,1ccf9e7e,d285acaf,6,0,6,0,
Canterbury,72,107,2,45df0e72,1ccf9e7e,d285acaf,1,0,1,0,
Canterbury,73,108,2,d285acaf,1ccf9e7e,45df0e72,1,0,1,0,
Canterbury,74,109,2,45df0e72,1ccf9e7e,d285acaf,1,0,1,0,
Canterbury,75,111,2,d285acaf,1ccf9e7e,45df0e72,2,0,2,0,
Canterbury,76,112,2,45df0e72,b03db6fa,d285acaf,1,0,1,0,
Canterbury,77,114,2,d285acaf,b03db6fa,45df0e72,2,0,2,0,
Canterbury,78,115,2,d285acaf,b03db6fa,45df0e72,1,0,1,0,
Canterbury,79,117,2,45df0e72,b03db6fa,d285acaf,2,0,2,0,
Canterbury,80,118,2,45df0e72,b03db6fa,d285acaf,1,0,1,0,
Canterbury,81,120,2,d285acaf,b03db6fa,45df0e72,2,0,2,0,
Canterbury,82,121,2,45df0e72,51a3c5ef,d285acaf,1,0,1,0,
Canterbury,83,122,2,d285acaf,51a3c5ef,45df0e72,1,0,1,0,
Canterbury,84,126,2,45df0e72,51a3c5ef,d285acaf,4,0,4,0,
Canterbury,85,130,2,45df0e72,51a3c5ef,d285acaf,4,0,4,0,
Canterbury,86,131,2,45df0e72,51a3c5ef,d285acaf,1,0,1,0,
Canterbury,87,131,3,d285acaf,51a3c5ef,45df0e72,0,0,0,1,caught
Canterbury,88,132,3,dfb51f40,63a1874a,45df0e72,1,0,1,0,
Canterbury,89,132,3,45df0e72,63a1874a,dfb51f40,0,0,0,0,
Canterbury,90,133,3,45df0e72,63a1874a,dfb51f40,1,0,1,0,
Canterbury,91,134,3,dfb51f40,63a1874a,45df0e72,1,0,1,0,
Canterbury,92,134,3,45df0e72,63a1874a,dfb51f40,0,0,0,0,
Canterbury,93,135,3,45df0e72,63a1874a,dfb51f40,1,0,1,0,
Canterbury,94,135,4,45df0e72,b03db6fa,dfb51f40,0,0,0,1,bowled
Canterbury,95,136,4,4af9f5d4,b03db6fa,dfb51f40,1,0,1,0,
Canterbury,96,136,4,dfb51f40,b03db6fa,4af9f5d4,0,0,0,0,
Canterbury,97,137,4,dfb51f40,b03db6fa,4af9f5d4,1,0,1,0,
Canterbury,98,138,4,4af9f5d4,b03db6fa,dfb51f40,1,0,1,0,
Canterbury,99,139,4,dfb51f40,b03db6fa,4af9f5d4,0,1,1,0,
Canterbury,100,140,4,dfb51f40,b03db6fa,4af9f5d4,1,0,1,0,
Canterbury,101,140,4,dfb51f40,90701232,4af9f5d4,0,0,0,0,
Canterbury,102,141,4,dfb51f40,90701232,4af9f5d4,1,0,1,0,
Canterbury,103,143,4,4af9f5d4,90701232,dfb51f40,2,0,2,0,
Canterbury,104,143,4,4af9f5d4,90701232,dfb51f40,0,0,0,0,
Canterbury,105,150,4,4af9f5d4,90701232,dfb51f40,6,1,7,0,
Canterbury,106,154,4,4af9f5d4,90701232,dfb51f40,4,0,4,0,
Canterbury,107,155,4,4af9f5d4,90701232,dfb51f40,1,0,1,0,
Canterbury,108,155,4,4af9f5d4,dadbdb68,dfb51f40,0,0,0,0,
Canterbury,109,155,4,4af9f5d4,dadbdb68,dfb51f40,0,0,0,0,
Canterbury,110,156,4,4af9f5d4,dadbdb68,dfb51f40,1,0,1,0,
Canterbury,111,157,4,dfb51f40,dadbdb68,4af9f5d4,0,1,1,0,
Canterbury,112,159,4,dfb51f40,dadbdb68,4af9f5d4,2,0,2,0,
Canterbury,113,159,4,dfb51f40,dadbdb68,4af9f5d4,0,0,0,0,
Canterbury,114,159,4,dfb51f40,dadbdb68,4af9f5d4,0,0,0,0,
Canterbury,115,161,4,4af9f5d4,90701232,dfb51f40,2,0,2,0,
Canterbury,116,162,4,4af9f5d4,90701232,dfb51f40,1,0,1,0,
Canterbury,117,164,4,dfb51f40,90701232,4af9f5d4,1,1,2,0,
Canterbury,118,170,4,4af9f5d4,90701232,dfb51f40,6,0,6,0,
Canterbury,119,174,4,4af9f5d4,90701232,dfb51f40,4,0,4,0,
Canterbury,120,174,4,4af9f5d4,90701232,dfb51f40,0,0,0,0,
Canterbury,121,178,4,4af9f5d4,90701232,dfb51f40,4,0,4,0,
Canterbury,122,179,4,dfb51f40,dadbdb68,4af9f5d4,1,0,1,0,
Canterbury,123,180,4,4af9f5d4,dadbdb68,dfb51f40,1,0,1,0,
Canterbury,124,181,4,dfb51f40,dadbdb68,4af9f5d4,1,0,1,0,
Canterbury,125,182,4,4af9f5d4,dadbdb68,dfb51f40,1,0,1,0,
Canterbury,126,184,4,dfb51f40,dadbdb68,4af9f5d4,2,0,2,0,
Canterbury,127,185,4,dfb51f40,dadbdb68,4af9f5d4,0,1,1,0,
Otago,1,4,0,a354c917,d285acaf,0605de92,4,0,4,0,
Otago,2,7,0,a354c917,d285acaf,0605de92,3,0,3,0,
Otago,3,7,0,0605de92,d285acaf,a354c917,0,0,0,0,
Otago,4,8,0,0605de92,d285acaf,a354c917,1,0,1,0,
Otago,5,9,0,a354c917,d285acaf,0605de92,1,0,1,0,
Otago,6,15,0,0605de92,d285acaf,a354c917,6,0,6,0,
Otago,7,16,0,a354c917,e84ac20c,0605de92,1,0,1,0,
Otago,8,18,0,0605de92,e84ac20c,a354c917,2,0,2,0,
Otago,9,18,0,0605de92,e84ac20c,a354c917,0,0,0,0,
Otago,10,22,0,0605de92,e84ac20c,a354c917,4,0,4,0,
Otago,11,22,0,0605de92,e84ac20c,a354c917,0,0,0,0,
Otago,12,22,1,0605de92,e84ac20c,a354c917,0,0,0,1,caught
Otago,13,23,1,97f437ed,c9bb898a,a354c917,1,0,1,0,
Otago,14,24,1,a354c917,c9bb898a,97f437ed,1,0,1,0,
Otago,15,24,1,97f437ed,c9bb898a,a354c917,0,0,0,0,
Otago,16,24,1,97f437ed,c9bb898a,a354c917,0,0,0,0,
Otago,17,24,1,97f437ed,c9bb898a,a354c917,0,0,0,0,
Otago,18,24,1,97f437ed,c9bb898a,a354c917,0,0,0,0,
Otago,19,24,1,a354c917,e84ac20c,97f437ed,0,0,0,0,
Otago,20,24,1,a354c917,e84ac20c,97f437ed,0,0,0,0,
Otago,21,28,1,a354c917,e84ac20c,97f437ed,4,0,4,0,
Otago,22,30,1,a354c917,e84ac20c,97f437ed,2,0,2,0,
Otago,23,31,1,a354c917,e84ac20c,97f437ed,1,0,1,0,
Otago,24,32,1,97f437ed,e84ac20c,a354c917,1,0,1,0,
Otago,25,32,1,97f437ed,c9bb898a,a354c917,0,0,0,0,
Otago,26,32,1,97f437ed,c9bb898a,a354c917,0,0,0,0,
Otago,27,33,1,97f437ed,c9bb898a,a354c917,0,1,1,0,
Otago,28,33,2,97f437ed,c9bb898a,a354c917,0,0,0,1,caught
Otago,29,34,2,a354c917,c9bb898a,a573ad7a,1,0,1,0,
Otago,30,35,2,a573ad7a,c9bb898a,a354c917,1,0,1,0,
Otago,31,36,2,a354c917,c9bb898a,a573ad7a,1,0,1,0,
Otago,32,37,2,a354c917,861eed37,a573ad7a,1,0,1,0,
Otago,33,38,2,a573ad7a,861eed37,a354c917,1,0,1,0,
Otago,34,38,2,a354c917,861eed37,a573ad7a,0,0,0,0,
Otago,35,39,2,a354c917,861eed37,a573ad7a,1,0,1,0,
Otago,36,40,2,a573ad7a,861eed37,a354c917,1,0,1,0,
Otago,37,44,2,a354c917,861eed37,a573ad7a,4,0,4,0,
Otago,38,45,2,a573ad7a,383dd431,a354c917,1,0,1,0,
Otago,39,45,2,a354c917,383dd431,a573ad7a,0,0,0,0,
Otago,40,46,2,a354c917,383dd431,a573ad7a,1,0,1,0,
Otago,41,48,2,a573ad7a,383dd431,a354c917,2,0,2,0,
Otago,42,48,2,a573ad7a,383dd431,a354c917,0,0,0,0,
Otago,43,48,2,a573ad7a,383dd431,a354c917,0,0,0,0,
Otago,44,49,2,a354c917,d285acaf,a573ad7a,1,0,1,0,
Otago,45,49,2,a573ad7a,d285acaf,a354c917,0,0,0,0,
Otago,46,49,3,a573ad7a,d285acaf,a354c917,0,0,0,1,caught
Otago,47,50,3,b862ef08,d285acaf,a354c917,1,0,1,0,
Otago,48,52,3,a354c917,d285acaf,b862ef08,2,0,2,0,
Otago,49,52,3,a354c917,d285acaf,b862ef08,0,0,0,0,
Otago,50,54,3,b862ef08,383dd431,a354c917,2,0,2,0,
Otago,51,54,3,b862ef08,383dd431,a354c917,0,0,0,0,
Otago,52,55,3,b862ef08,383dd431,a354c917,1,0,1,0,
Otago,53,56,3,a354c917,383dd431,b862ef08,1,0,1,0,
Otago,54,56,3,b862ef08,383dd431,a354c917,0,0,0,0,
Otago,55,58,3,b862ef08,383dd431,a354c917,2,0,2,0,
Otago,56,59,3,a354c917,d285acaf,b862ef08,1,0,1,0,
Otago,57,60,3,b862ef08,d285acaf,a354c917,1,0,1,0,
Otago,58,61,3,a354c917,d285acaf,b862ef08,1,0,1,0,
Otago,59,62,3,b862ef08,d285acaf,a354c917,1,0,1,0,
Otago,60,68,3,a354c917,d285acaf,b862ef08,6,0,6,0,
Otago,61,70,3,a354c917,d285acaf,b862ef08,2,0,2,0,
Otago,62,70,3,b862ef08,383dd431,a354c917,0,0,0,0,
Otago,63,70,3,b862ef08,383dd431,a354c917,0,0,0,0,
Otago,64,71,3,b862ef08,383dd431,a354c917,1,0,1,0,
Otago,65,72,3,a354c917,383dd431,b862ef08,1,0,1,0,
Otago,66,73,3,b862ef08,383dd431,a354c917,1,0,1,0,
Otago,67,73,4,a354c917,383dd431,b862ef08,0,0,0,1,caught
Otago,68,74,4,b862ef08,d285acaf,63a1874a,1,0,1,0,
Otago,69,74,4,63a1874a,d285acaf,b862ef08,0,0,0,0,
Otago,70,74,4,63a1874a,d285acaf,b862ef08,0,0,0,0,
Otago,71,75,4,63a1874a,d285acaf,b862ef08,1,0,1,0,
Otago,72,77,4,b862ef08,d285acaf,63a1874a,2,0,2,0,
Otago,73,78,4,b862ef08,d285acaf,63a1874a,1,0,1,0,
Otago,74,78,4,b862ef08,c9bb898a,63a1874a,0,0,0,0,
Otago,75,79,4,b862ef08,c9bb898a,63a1874a,1,0,1,0,
Otago,76,80,4,63a1874a,c9bb898a,b862ef08,1,0,1,0,
Otago,77,81,4,b862ef08,c9bb898a,63a1874a,1,0,1,0,
Otago,78,85,4,63a1874a,c9bb898a,b862ef08,4,0,4,0,
Otago,79,85,5,63a1874a,c9bb898a,b862ef08,0,0,0,1,caught
Otago,80,86,5,b862ef08,861eed37,b03db6fa,1,0,1,0,
Otago,81,87,5,b03db6fa,861eed37,b862ef08,1,0,1,0,
Otago,82,88,5,b862ef08,861eed37,b03db6fa,1,0,1,0,
Otago,83,89,5,b03db6fa,861eed37,b862ef08,1,0,1,0,
Otago,84,90,5,b862ef08,861eed37,b03db6fa,1,0,1,0,
Otago,85,91,5,b03db6fa,861eed37,b862ef08,1,0,1,0,
Otago,86,92,5,b03db6fa,383dd431,b862ef08,1,0,1,0,
Otago,87,93,5,b862ef08,383dd431,b03db6fa,1,0,1,0,
Otago,88,94,5,b03db6fa,383dd431,b862ef08,1,0,1,0,
Otago,89,95,5,b862ef08,383dd431,b03db6fa,1,0,1,0,
Otago,90,99,5,b03db6fa,383dd431,b862ef08,4,0,4,0,
Otago,91,101,5,b03db6fa,383dd431,b862ef08,2,0,2,0,
Otago,92,102,5,b862ef08,e84ac20c,b03db6fa,1,0,1,0,
Otago,93,103,5,b03db6fa,e84ac20c,b862ef08,1,0,1,0,
Otago,94,103,6,b862ef08,e84ac20c,b03db6fa,0,0,0,1,caught
Otago,95,104,6,b03db6fa,e84ac20c,1ccf9e7e,1,0,1,0,
Otago,96,105,6,1ccf9e7e,e84ac20c,b03db6fa,1,0,1,0,
Otago,97,109,6,b03db6fa,e84ac20c,1ccf9e7e,4,0,4,0,
Otago,98,110,6,1ccf9e7e,c9bb898a,b03db6fa,1,0,1,0,
Otago,99,110,7,b03db6fa,c9bb898a,1ccf9e7e,0,0,0,1,caught
Otago,100,111,7,1ccf9e7e,c9bb898a,51a3c5ef,1,0,1,0,
Otago,101,112,7,51a3c5ef,c9bb898a,1ccf9e7e,1,0,1,0,
Otago,102,113,7,1ccf9e7e,c9bb898a,51a3c5ef,1,0,1,0,
Otago,103,114,7,51a3c5ef,c9bb898a,1ccf9e7e,1,0,1,0,
Otago,104,120,7,51a3c5ef,861eed37,1ccf9e7e,6,0,6,0,
Otago,105,120,8,51a3c5ef,861eed37,1ccf9e7e,0,0,0,1,bowled
Otago,106,121,8,90701232,861eed37,1ccf9e7e,1,0,1,0,
Otago,107,122,8,1ccf9e7e,861eed37,90701232,1,0,1,0,
Otago,108,122,8,90701232,861eed37,1ccf9e7e,0,0,0,0,
Otago,109,122,9,90701232,861eed37,1ccf9e7e,0,0,0,1,run out
Otago,110,123,9,1ccf9e7e,e84ac20c,dadbdb68,1,0,1,0,
Otago,111,124,9,dadbdb68,e84ac20c,1ccf9e7e,1,0,1,0,
Otago,112,124,9,1ccf9e7e,e84ac20c,dadbdb68,0,0,0,0,
Otago,113,124,10,1ccf9e7e,e84ac20c,dadbdb68,0,0,0,1,caught
