batting_team,ball_number,total_team_runs,total_team_wickets,striker_ID,bowler_ID,nonstriker_ID,batter_runs,extras_runs,total_delivery_runs,wicket,wicket_type
Birmingham Bears,1,1,0,d6663a9a,e1b9f3a9,104e88a4,0,1,1,0,
Birmingham Bears,2,5,0,d6663a9a,e1b9f3a9,104e88a4,4,0,4,0,
Birmingham Bears,3,5,0,d6663a9a,e1b9f3a9,104e88a4,0,0,0,0,
Birmingham Bears,4,5,0,d6663a9a,e1b9f3a9,104e88a4,0,0,0,0,
Birmingham Bears,5,5,1,d6663a9a,e1b9f3a9,104e88a4,0,0,0,1,bowled
Birmingham Bears,6,5,1,f54dbda7,e1b9f3a9,104e88a4,0,0,0,0,
Birmingham Bears,7,6,1,f54dbda7,e1b9f3a9,104e88a4,1,0,1,0,
Birmingham Bears,8,6,1,f54dbda7,219cc59e,104e88a4,0,0,0,0,
Birmingham Bears,9,7,1,f54dbda7,219cc59e,104e88a4,1,0,1,0,
Birmingham Bears,10,7,1,104e88a4,219cc59e,f54dbda7,0,0,0,0,
Birmingham Bears,11,7,2,104e88a4,219cc59e,f54dbda7,0,0,0,1,bowled
Birmingham Bears,12,8,2,67b9536c,219cc59e,f54dbda7,1,0,1,0,
Birmingham Bears,13,9,2,f54dbda7,219cc59e,67b9536c,1,0,1,0,
Birmingham Bears,14,10,2,f54dbda7,5db1c288,67b9536c,1,0,1,0,
Birmingham Bears,15,10,2,67b9536c,5db1c288,f54dbda7,0,0,0,0,
Birmingham Bears,16,10,2,67b9536c,5db1c288,f54dbda7,0,0,0,0,
Birmingham Bears,17,14,2,67b9536c,5db1c288,f54dbda7,4,0,4,0,
Birmingham Bears,18,15,2,67b9536c,5db1c288,f54dbda7,0,1,1,0,
Birmingham Bears,19,16,2,f54dbda7,5db1c288,67b9536c,1,0,1,0,
Birmingham Bears,20,20,2,f54dbda7,e1b9f3a9,67b9536c,4,0,4,0,
Birmingham Bears,21,21,2,f54dbda7,e1b9f3a9,67b9536c,1,0,1,0,
Birmingham Bears,22,27,2,67b9536c,e1b9f3a9,f54dbda7,6,0,6,0,
Birmingham Bears,23,28,2,67b9536c,e1b9f3a9,f54dbda7,1,0,1,0,
Birmingham Bears,24,29,2,f54dbda7,e1b9f3a9,67b9536c,0,1,1,0,
Birmingham Bears,25,30,2,f54dbda7,e1b9f3a9,67b9536c,1,0,1,0,
Birmingham Bears,26,31,2,67b9536c,e1b9f3a9,f54dbda7,1,0,1,0,
Birmingham Bears,27,31,2,67b9536c,219cc59e,f54dbda7,0,0,0,0,
Birmingham Bears,28,35,2,67b9536c,219cc59e,f54dbda7,4,0,4,0,
Birmingham Bears,29,36,2,67b9536c,219cc59e,f54dbda7,1,0,1,0,
Birmingham Bears,30,36,3,f54dbda7,219cc59e,67b9536c,0,0,0,1,caught
Birmingham Bears,31,37,3,73c18486,219cc59e,67b9536c,1,0,1,0,
Birmingham Bears,32,39,3,67b9536c,219cc59e,73c18486,2,0,2,0,
Birmingham Bears,33,40,3,73c18486,5db1c288,67b9536c,1,0,1,0,
Birmingham Bears,34,40,3,67b9536c,5db1c288,73c18486,0,0,0,0,
Birmingham Bears,35,41,3,67b9536c,5db1c288,73c18486,1,0,1,0,
Birmingham Bears,36,42,3,73c18486,5db1c288,67b9536c,1,0,1,0,
Birmingham Bears,37,42,3,67b9536c,5db1c288,73c18486,0,0,0,0,
Birmingham Bears,38,43,3,67b9536c,5db1c288,73c18486,1,0,1,0,
Birmingham Bears,39,44,3,67b9536c,641ac5ff,73c18486,1,0,1,0,
Birmingham Bears,40,45,3,73c18486,641ac5ff,67b9536c,1,0,1,0,
Birmingham Bears,41,46,3,67b9536c,641ac5ff,73c18486,1,0,1,0,
Birmingham Bears,42,47,3,73c18486,641ac5ff,67b9536c,1,0,1,0,
Birmingham Bears,43,48,3,67b9536c,641ac5ff,73c18486,1,0,1,0,
Birmingham Bears,44,49,3,73c18486,641ac5ff,67b9536c,1,0,1,0,
Birmingham Bears,45,55,3,73c18486,a510bdd3,67b9536c,6,0,6,0,
Birmingham Bears,46,56,3,73c18486,a510bdd3,67b9536c,1,0,1,0,
Birmingham Bears,47,57,3,67b9536c,a510bdd3,73c18486,1,0,1,0,
Birmingham Bears,48,57,3,73c18486,a510bdd3,67b9536c,0,0,0,0,
Birmingham Bears,49,57,4,73c18486,a510bdd3,67b9536c,0,0,0,1,caught
Birmingham Bears,50,58,4,67b9536c,a510bdd3,3581a798,1,0,1,0,
Birmingham Bears,51,60,4,67b9536c,9679838c,3581a798,2,0,2,0,
Birmingham Bears,52,61,4,67b9536c,9679838c,3581a798,1,0,1,0,
Birmingham Bears,53,62,4,3581a798,9679838c,67b9536c,1,0,1,0,
Birmingham Bears,54,63,4,67b9536c,9679838c,3581a798,1,0,1,0,
Birmingham Bears,55,63,5,3581a798,9679838c,67b9536c,0,0,0,1,caught and bowled
Birmingham Bears,56,64,5,e342e5fb,9679838c,67b9536c,1,0,1,0,
Birmingham Bears,57,64,5,e342e5fb,641ac5ff,67b9536c,0,0,0,0,
Birmingham Bears,58,65,5,e342e5fb,641ac5ff,67b9536c,1,0,1,0,
Birmingham Bears,59,66,5,67b9536c,641ac5ff,e342e5fb,1,0,1,0,
Birmingham Bears,60,68,5,e342e5fb,641ac5ff,67b9536c,2,0,2,0,
Birmingham Bears,61,68,5,e342e5fb,641ac5ff,67b9536c,0,0,0,0,
Birmingham Bears,62,68,5,e342e5fb,641ac5ff,67b9536c,0,0,0,0,
Birmingham Bears,63,69,5,67b9536c,9679838c,e342e5fb,1,0,1,0,
Birmingham Bears,64,70,5,e342e5fb,9679838c,67b9536c,0,1,1,0,
Birmingham Bears,65,72,5,67b9536c,9679838c,e342e5fb,2,0,2,0,
Birmingham Bears,66,72,5,67b9536c,9679838c,e342e5fb,0,0,0,0,
Birmingham Bears,67,73,5,67b9536c,9679838c,e342e5fb,1,0,1,0,
Birmingham Bears,68,74,5,e342e5fb,9679838c,67b9536c,1,0,1,0,
Birmingham Bears,69,75,5,e342e5fb,8108e2d2,67b9536c,1,0,1,0,
Birmingham Bears,70,76,5,67b9536c,8108e2d2,e342e5fb,1,0,1,0,
Birmingham Bears,71,78,5,e342e5fb,8108e2d2,67b9536c,2,0,2,0,
Birmingham Bears,72,79,5,e342e5fb,8108e2d2,67b9536c,1,0,1,0,
Birmingham Bears,73,80,5,67b9536c,8108e2d2,e342e5fb,1,0,1,0,
Birmingham Bears,74,81,5,e342e5fb,8108e2d2,67b9536c,1,0,1,0,
Birmingham Bears,75,81,5,e342e5fb,641ac5ff,67b9536c,0,0,0,0,
Birmingham Bears,76,82,5,e342e5fb,641ac5ff,67b9536c,1,0,1,0,
Birmingham Bears,77,83,5,67b9536c,641ac5ff,e342e5fb,1,0,1,0,
Birmingham Bears,78,83,5,e342e5fb,641ac5ff,67b9536c,0,0,0,0,
Birmingham Bears,79,83,5,e342e5fb,641ac5ff,67b9536c,0,0,0,0,
Birmingham Bears,80,84,5,e342e5fb,641ac5ff,67b9536c,1,0,1,0,
Birmingham Bears,81,84,5,e342e5fb,9679838c,67b9536c,0,0,0,0,
Birmingham Bears,82,85,5,e342e5fb,9679838c,67b9536c,1,0,1,0,
Birmingham Bears,83,86,5,67b9536c,9679838c,e342e5fb,1,0,1,0,
Birmingham Bears,84,87,5,e342e5fb,9679838c,67b9536c,1,0,1,0,
Birmingham Bears,85,88,5,67b9536c,9679838c,e342e5fb,1,0,1,0,
Birmingham Bears,86,89,5,e342e5fb,9679838c,67b9536c,1,0,1,0,
Birmingham Bears,87,90,5,e342e5fb,641ac5ff,67b9536c,1,0,1,0,
Birmingham Bears,88,96,5,67b9536c,641ac5ff,e342e5fb,6,0,6,0,
Birmingham Bears,89,98,5,67b9536c,641ac5ff,e342e5fb,2,0,2,0,
Birmingham Bears,90,98,5,67b9536c,641ac5ff,e342e5fb,0,0,0,0,
Birmingham Bears,91,99,5,67b9536c,641ac5ff,e342e5fb,1,0,1,0,
Birmingham Bears,92,100,5,e342e5fb,641ac5ff,67b9536c,1,0,1,0,
Birmingham Bears,93,101,5,e342e5fb,9679838c,67b9536c,1,0,1,0,
Birmingham Bears,94,102,5,67b9536c,9679838c,e342e5fb,1,0,1,0,
Birmingham Bears,95,102,5,e342e5fb,9679838c,67b9536c,0,0,0,0,
Birmingham Bears,96,102,5,e342e5fb,9679838c,67b9536c,0,0,0,0,
Birmingham Bears,97,103,5,e342e5fb,9679838c,67b9536c,1,0,1,0,
Birmingham Bears,98,107,5,67b9536c,9679838c,e342e5fb,4,0,4,0,
Birmingham Bears,99,108,5,e342e5fb,e1b9f3a9,67b9536c,1,0,1,0,
Birmingham Bears,100,109,5,67b9536c,e1b9f3a9,e342e5fb,0,1,1,0,
Birmingham Bears,101,110,5,67b9536c,e1b9f3a9,e342e5fb,1,0,1,0,
Birmingham Bears,102,111,5,e342e5fb,e1b9f3a9,67b9536c,1,0,1,0,
Birmingham Bears,103,111,5,67b9536c,e1b9f3a9,e342e5fb,0,0,0,0,
Birmingham Bears,104,115,5,67b9536c,e1b9f3a9,e342e5fb,4,0,4,0,
Birmingham Bears,105,116,5,67b9536c,e1b9f3a9,e342e5fb,1,0,1,0,
Birmingham Bears,106,117,5,67b9536c,a510bdd3,e342e5fb,1,0,1,0,
Birmingham Bears,107,118,5,e342e5fb,a510bdd3,67b9536c,1,0,1,0,
Birmingham Bears,108,119,5,67b9536c,a510bdd3,e342e5fb,1,0,1,0,
Birmingham Bears,109,119,5,e342e5fb,a510bdd3,67b9536c,0,0,0,0,
Birmingham Bears,110,123,5,e342e5fb,a510bdd3,67b9536c,4,0,4,0,
Birmingham Bears,111,129,5,e342e5fb,a510bdd3,67b9536c,6,0,6,0,
Birmingham Bears,112,131,5,67b9536c,e1b9f3a9,e342e5fb,2,0,2,0,
Birmingham Bears,113,135,5,67b9536c,e1b9f3a9,e342e5fb,4,0,4,0,
Birmingham Bears,114,139,5,67b9536c,e1b9f3a9,e342e5fb,4,0,4,0,
Birmingham Bears,115,143,5,67b9536c,e1b9f3a9,e342e5fb,4,0,4,0,
Birmingham Bears,116,144,5,67b9536c,e1b9f3a9,e342e5fb,1,0,1,0,
Birmingham Bears,117,150,5,e342e5fb,e1b9f3a9,67b9536c,6,0,6,0,
Birmingham Bears,118,154,5,67b9536c,5db1c288,e342e5fb,4,0,4,0,
Birmingham Bears,119,155,5,67b9536c,5db1c288,e342e5fb,1,0,1,0,
Birmingham Bears,120,157,5,e342e5fb,5db1c288,67b9536c,2,0,2,0,
Birmingham Bears,121,163,5,e342e5fb,5db1c288,67b9536c,6,0,6,0,
Birmingham Bears,122,165,5,e342e5fb,5db1c288,67b9536c,2,0,2,0,
Birmingham Bears,123,169,5,e342e5fb,5db1c288,67b9536c,4,0,4,0,
Worcestershire,1,1,0,fe4ebca0,f3abd0c9,9679838c,1,0,1,0,
Worcestershire,2,1,0,9679838c,f3abd0c9,fe4ebca0,0,0,0,0,
Worcestershire,3,2,0,9679838c,f3abd0c9,fe4ebca0,1,0,1,0,
Worcestershire,4,3,0,fe4ebca0,f3abd0c9,9679838c,1,0,1,0,
Worcestershire,5,3,0,9679838c,f3abd0c9,fe4ebca0,0,0,0,0,
Worcestershire,6,3,1,9679838c,f3abd0c9,fe4ebca0,0,0,0,1,bowled
Worcestershire,7,4,1,fe4ebca0,3581a798,0d61d8f0,1,0,1,0,
Worcestershire,8,5,1,0d61d8f0,3581a798,fe4ebca0,1,0,1,0,
Worcestershire,9,5,1,fe4ebca0,3581a798,0d61d8f0,0,0,0,0,
Worcestershire,10,5,1,fe4ebca0,3581a798,0d61d8f0,0,0,0,0,
Worcestershire,11,7,1,fe4ebca0,3581a798,0d61d8f0,2,0,2,0,
Worcestershire,12,8,1,fe4ebca0,3581a798,0d61d8f0,1,0,1,0,
Worcestershire,13,9,1,fe4ebca0,e342e5fb,0d61d8f0,1,0,1,0,
Worcestershire,14,9,1,0d61d8f0,e342e5fb,fe4ebca0,0,0,0,0,
Worcestershire,15,10,1,0d61d8f0,e342e5fb,fe4ebca0,1,0,1,0,
Worcestershire,16,14,1,fe4ebca0,e342e5fb,0d61d8f0,4,0,4,0,
Worcestershire,17,17,1,fe4ebca0,e342e5fb,0d61d8f0,3,0,3,0,
Worcestershire,18,18,1,0d61d8f0,e342e5fb,fe4ebca0,1,0,1,0,
Worcestershire,19,19,1,0d61d8f0,f3abd0c9,fe4ebca0,1,0,1,0,
Worcestershire,20,19,1,fe4ebca0,f3abd0c9,0d61d8f0,0,0,0,0,
Worcestershire,21,20,1,fe4ebca0,f3abd0c9,0d61d8f0,1,0,1,0,
Worcestershire,22,21,1,0d61d8f0,f3abd0c9,fe4ebca0,1,0,1,0,
Worcestershire,23,21,2,fe4ebca0,f3abd0c9,0d61d8f0,0,0,0,1,caught
Worcestershire,24,22,2,0d61d8f0,f3abd0c9,8108e2d2,1,0,1,0,
Worcestershire,25,22,2,0d61d8f0,e342e5fb,8108e2d2,0,0,0,0,
Worcestershire,26,23,2,0d61d8f0,e342e5fb,8108e2d2,1,0,1,0,
Worcestershire,27,25,2,8108e2d2,e342e5fb,0d61d8f0,2,0,2,0,
Worcestershire,28,25,2,8108e2d2,e342e5fb,0d61d8f0,0,0,0,0,
Worcestershire,29,25,2,8108e2d2,e342e5fb,0d61d8f0,0,0,0,0,
Worcestershire,30,26,2,8108e2d2,e342e5fb,0d61d8f0,0,1,1,0,
Worcestershire,31,26,2,8108e2d2,3581a798,0d61d8f0,0,0,0,0,
Worcestershire,32,27,2,8108e2d2,3581a798,0d61d8f0,1,0,1,0,
Worcestershire,33,31,2,0d61d8f0,3581a798,8108e2d2,4,0,4,0,
Worcestershire,34,33,2,0d61d8f0,3581a798,8108e2d2,0,2,2,0,
Worcestershire,35,34,2,8108e2d2,3581a798,0d61d8f0,1,0,1,0,
Worcestershire,36,35,2,0d61d8f0,3581a798,8108e2d2,1,0,1,0,
Worcestershire,37,37,2,8108e2d2,3581a798,0d61d8f0,2,0,2,0,
Worcestershire,38,38,2,0d61d8f0,5fed6272,8108e2d2,1,0,1,0,
Worcestershire,39,39,2,8108e2d2,5fed6272,0d61d8f0,0,1,1,0,
Worcestershire,40,39,2,8108e2d2,5fed6272,0d61d8f0,0,0,0,0,
Worcestershire,41,40,2,8108e2d2,5fed6272,0d61d8f0,1,0,1,0,
Worcestershire,42,41,2,0d61d8f0,5fed6272,8108e2d2,1,0,1,0,
Worcestershire,43,42,2,8108e2d2,5fed6272,0d61d8f0,1,0,1,0,
Worcestershire,44,43,2,0d61d8f0,5fed6272,8108e2d2,0,1,1,0,
Worcestershire,45,43,2,0d61d8f0,5fed6272,8108e2d2,0,0,0,0,
Worcestershire,46,45,2,8108e2d2,e5218454,0d61d8f0,2,0,2,0,
Worcestershire,47,46,2,8108e2d2,e5218454,0d61d8f0,1,0,1,0,
Worcestershire,48,46,2,0d61d8f0,e5218454,8108e2d2,0,0,0,0,
Worcestershire,49,48,2,0d61d8f0,e5218454,8108e2d2,2,0,2,0,
Worcestershire,50,50,2,0d61d8f0,e5218454,8108e2d2,2,0,2,0,
Worcestershire,51,51,2,0d61d8f0,e5218454,8108e2d2,1,0,1,0,
Worcestershire,52,52,2,0d61d8f0,3581a798,8108e2d2,1,0,1,0,
Worcestershire,53,56,2,8108e2d2,3581a798,0d61d8f0,4,0,4,0,
Worcestershire,54,57,2,8108e2d2,3581a798,0d61d8f0,1,0,1,0,
Worcestershire,55,58,2,0d61d8f0,3581a798,8108e2d2,1,0,1,0,
Worcestershire,56,60,2,8108e2d2,3581a798,0d61d8f0,2,0,2,0,
Worcestershire,57,62,2,8108e2d2,3581a798,0d61d8f0,2,0,2,0,
Worcestershire,58,63,2,0d61d8f0,e5218454,8108e2d2,1,0,1,0,
Worcestershire,59,64,2,8108e2d2,e5218454,0d61d8f0,1,0,1,0,
Worcestershire,60,64,2,0d61d8f0,e5218454,8108e2d2,0,0,0,0,
Worcestershire,61,65,2,0d61d8f0,e5218454,8108e2d2,1,0,1,0,
Worcestershire,62,69,2,8108e2d2,e5218454,0d61d8f0,4,0,4,0,
Worcestershire,63,73,2,8108e2d2,e5218454,0d61d8f0,4,0,4,0,
Worcestershire,64,74,2,0d61d8f0,5fed6272,8108e2d2,1,0,1,0,
Worcestershire,65,74,3,8108e2d2,5fed6272,0d61d8f0,0,0,0,1,caught
Worcestershire,66,76,3,0d61d8f0,5fed6272,324a6ee1,2,0,2,0,
Worcestershire,67,78,3,0d61d8f0,5fed6272,324a6ee1,2,0,2,0,
Worcestershire,68,79,3,0d61d8f0,5fed6272,324a6ee1,1,0,1,0,
Worcestershire,69,80,3,324a6ee1,5fed6272,0d61d8f0,1,0,1,0,
Worcestershire,70,81,3,324a6ee1,e5218454,0d61d8f0,1,0,1,0,
Worcestershire,71,82,3,0d61d8f0,e5218454,324a6ee1,1,0,1,0,
Worcestershire,72,84,3,324a6ee1,e5218454,0d61d8f0,2,0,2,0,
Worcestershire,73,84,3,324a6ee1,e5218454,0d61d8f0,0,0,0,0,
Worcestershire,74,85,3,324a6ee1,e5218454,0d61d8f0,1,0,1,0,
Worcestershire,75,87,3,0d61d8f0,e5218454,324a6ee1,2,0,2,0,
Worcestershire,76,88,3,324a6ee1,f3abd0c9,0d61d8f0,1,0,1,0,
Worcestershire,77,90,3,0d61d8f0,f3abd0c9,324a6ee1,2,0,2,0,
Worcestershire,78,90,3,0d61d8f0,f3abd0c9,324a6ee1,0,0,0,0,
Worcestershire,79,91,3,0d61d8f0,f3abd0c9,324a6ee1,1,0,1,0,
Worcestershire,80,91,3,324a6ee1,f3abd0c9,0d61d8f0,0,0,0,0,
Worcestershire,81,91,3,324a6ee1,f3abd0c9,0d61d8f0,0,0,0,0,
Worcestershire,82,92,3,0d61d8f0,f54dbda7,324a6ee1,1,0,1,0,
Worcestershire,83,93,3,324a6ee1,f54dbda7,0d61d8f0,1,0,1,0,
Worcestershire,84,93,4,0d61d8f0,f54dbda7,324a6ee1,0,0,0,1,caught
Worcestershire,85,93,4,324a6ee1,f54dbda7,d346d939,0,0,0,0,
Worcestershire,86,94,4,324a6ee1,f54dbda7,d346d939,1,0,1,0,
Worcestershire,87,95,4,d346d939,f54dbda7,324a6ee1,1,0,1,0,
Worcestershire,88,96,4,d346d939,f3abd0c9,324a6ee1,1,0,1,0,
Worcestershire,89,97,4,324a6ee1,f3abd0c9,d346d939,1,0,1,0,
Worcestershire,90,98,4,d346d939,f3abd0c9,324a6ee1,1,0,1,0,
Worcestershire,91,99,4,324a6ee1,f3abd0c9,d346d939,1,0,1,0,
Worcestershire,92,100,4,d346d939,f3abd0c9,324a6ee1,1,0,1,0,
Worcestershire,93,102,4,324a6ee1,f3abd0c9,d346d939,2,0,2,0,
Worcestershire,94,102,4,d346d939,e5218454,324a6ee1,0,0,0,0,
Worcestershire,95,103,4,d346d939,e5218454,324a6ee1,1,0,1,0,
Worcestershire,96,107,4,324a6ee1,e5218454,d346d939,4,0,4,0,
Worcestershire,97,107,5,324a6ee1,e5218454,d346d939,0,0,0,1,caught
Worcestershire,98,109,5,a510bdd3,e5218454,d346d939,2,0,2,0,
Worcestershire,99,111,5,a510bdd3,e5218454,d346d939,2,0,2,0,
Worcestershire,100,112,5,d346d939,e342e5fb,a510bdd3,1,0,1,0,
Worcestershire,101,114,5,a510bdd3,e342e5fb,d346d939,2,0,2,0,
Worcestershire,102,120,5,a510bdd3,e342e5fb,d346d939,6,0,6,0,
Worcestershire,103,121,5,a510bdd3,e342e5fb,d346d939,1,0,1,0,
Worcestershire,104,125,5,d346d939,e342e5fb,a510bdd3,4,0,4,0,
Worcestershire,105,131,5,d346d939,e342e5fb,a510bdd3,6,0,6,0,
Worcestershire,106,131,6,a510bdd3,5fed6272,d346d939,0,0,0,1,bowled
Worcestershire,107,132,6,e1b9f3a9,5fed6272,d346d939,1,0,1,0,
Worcestershire,108,133,6,d346d939,5fed6272,e1b9f3a9,0,1,1,0,
Worcestershire,109,134,6,e1b9f3a9,5fed6272,d346d939,1,0,1,0,
Worcestershire,110,140,6,d346d939,5fed6272,e1b9f3a9,6,0,6,0,
Worcestershire,111,141,6,d346d939,5fed6272,e1b9f3a9,1,0,1,0,
Worcestershire,112,142,6,d346d939,e342e5fb,e1b9f3a9,1,0,1,0,
Worcestershire,113,143,6,e1b9f3a9,e342e5fb,d346d939,1,0,1,0,
Worcestershire,114,143,6,d346d939,e342e5fb,e1b9f3a9,0,0,0,0,
Worcestershire,115,144,6,d346d939,e342e5fb,e1b9f3a9,1,0,1,0,
Worcestershire,116,145,6,e1b9f3a9,e342e5fb,d346d939,1,0,1,0,
Worcestershire,117,147,6,d346d939,e342e5fb,e1b9f3a9,2,0,2,0,
Worcestershire,118,149,6,e1b9f3a9,5fed6272,d346d939,2,0,2,0,
Worcestershire,119,150,6,e1b9f3a9,5fed6272,d346d939,1,0,1,0,
Worcestershire,120,150,6,d346d939,5fed6272,e1b9f3a9,0,0,0,0,
Worcestershire,121,150,6,d346d939,5fed6272,e1b9f3a9,0,0,0,0,
Worcestershire,122,151,6,d346d939,5fed6272,e1b9f3a9,1,0,1,0,
Worcestershire,123,152,6,e1b9f3a9,5fed6272,d346d939,1,0,1,0,
