batting_team,ball_number,total_team_runs,total_team_wickets,striker_ID,bowler_ID,nonstriker_ID,batter_runs,extras_runs,total_delivery_runs,wicket,wicket_type
Mumbai Indians,1,1,0,740742ef,62af8546,752f7486,1,0,1,0,
Mumbai Indians,2,7,0,752f7486,62af8546,740742ef,6,0,6,0,
Mumbai Indians,3,7,0,752f7486,62af8546,740742ef,0,0,0,0,
Mumbai Indians,4,8,0,752f7486,62af8546,740742ef,1,0,1,0,
Mumbai Indians,5,8,0,740742ef,62af8546,752f7486,0,0,0,0,
Mumbai Indians,6,8,0,740742ef,62af8546,752f7486,0,0,0,0,
Mumbai Indians,7,8,0,752f7486,dcf81436,740742ef,0,0,0,0,
Mumbai Indians,8,12,0,752f7486,dcf81436,740742ef,4,0,4,0,
Mumbai Indians,9,16,0,752f7486,dcf81436,740742ef,4,0,4,0,
Mumbai Indians,10,20,0,752f7486,dcf81436,740742ef,4,0,4,0,
Mumbai Indians,11,24,0,752f7486,dcf81436,740742ef,4,0,4,0,
Mumbai Indians,12,26,0,752f7486,dcf81436,740742ef,2,0,2,0,
Mumbai Indians,13,30,0,740742ef,62af8546,752f7486,4,0,4,0,
Mumbai Indians,14,31,0,740742ef,62af8546,752f7486,1,0,1,0,
Mumbai Indians,15,35,0,752f7486,62af8546,740742ef,4,0,4,0,
Mumbai Indians,16,36,0,752f7486,62af8546,740742ef,1,0,1,0,
Mumbai Indians,17,37,0,740742ef,62af8546,752f7486,1,0,1,0,
Mumbai Indians,18,41,0,752f7486,62af8546,740742ef,4,0,4,0,
Mumbai Indians,19,45,0,740742ef,0f721006,752f7486,4,0,4,0,
Mumbai Indians,20,46,0,740742ef,0f721006,752f7486,1,0,1,0,
Mumbai Indians,21,48,0,752f7486,0f721006,740742ef,2,0,2,0,
Mumbai Indians,22,54,0,752f7486,0f721006,740742ef,6,0,6,0,
Mumbai Indians,23,55,0,752f7486,0f721006,740742ef,0,1,1,0,
Mumbai Indians,24,59,0,752f7486,0f721006,740742ef,4,0,4,0,
Mumbai Indians,25,63,0,752f7486,0f721006,740742ef,4,0,4,0,
Mumbai Indians,26,63,0,740742ef,81c08fa3,752f7486,0,0,0,0,
Mumbai Indians,27,67,0,740742ef,81c08fa3,752f7486,4,0,4,0,
Mumbai Indians,28,68,0,740742ef,81c08fa3,752f7486,1,0,1,0,
Mumbai Indians,29,72,0,752f7486,81c08fa3,740742ef,4,0,4,0,
Mumbai Indians,30,74,0,752f7486,81c08fa3,740742ef,2,0,2,0,
Mumbai Indians,31,78,0,752f7486,81c08fa3,740742ef,4,0,4,0,
Mumbai Indians,32,79,0,740742ef,5f547c8b,752f7486,1,0,1,0,
Mumbai Indians,33,80,0,752f7486,5f547c8b,740742ef,1,0,1,0,
Mumbai Indians,34,80,1,740742ef,5f547c8b,752f7486,0,0,0,1,caught
Mumbai Indians,35,81,1,752f7486,5f547c8b,dbe50b21,1,0,1,0,
Mumbai Indians,36,82,1,dbe50b21,5f547c8b,752f7486,1,0,1,0,
Mumbai Indians,37,83,1,752f7486,5f547c8b,dbe50b21,1,0,1,0,
Mumbai Indians,38,83,1,752f7486,81c08fa3,dbe50b21,0,0,0,0,
Mumbai Indians,39,87,1,752f7486,81c08fa3,dbe50b21,4,0,4,0,
Mumbai Indians,40,88,1,752f7486,81c08fa3,dbe50b21,1,0,1,0,
Mumbai Indians,41,89,1,dbe50b21,81c08fa3,752f7486,1,0,1,0,
Mumbai Indians,42,95,1,752f7486,81c08fa3,dbe50b21,6,0,6,0,
Mumbai Indians,43,96,1,752f7486,81c08fa3,dbe50b21,1,0,1,0,
Mumbai Indians,44,102,1,752f7486,5f547c8b,dbe50b21,6,0,6,0,
Mumbai Indians,45,103,1,752f7486,5f547c8b,dbe50b21,1,0,1,0,
Mumbai Indians,46,104,1,dbe50b21,5f547c8b,752f7486,1,0,1,0,
Mumbai Indians,47,105,1,752f7486,5f547c8b,dbe50b21,1,0,1,0,
Mumbai Indians,48,111,1,dbe50b21,5f547c8b,752f7486,6,0,6,0,
Mumbai Indians,49,112,1,dbe50b21,5f547c8b,752f7486,1,0,1,0,
Mumbai Indians,50,113,1,dbe50b21,0f721006,752f7486,0,1,1,0,
Mumbai Indians,51,113,1,dbe50b21,0f721006,752f7486,0,0,0,0,
Mumbai Indians,52,113,1,dbe50b21,0f721006,752f7486,0,0,0,0,
Mumbai Indians,53,113,2,dbe50b21,0f721006,752f7486,0,0,0,1,caught
Mumbai Indians,54,118,2,a757b0d8,0f721006,752f7486,0,5,5,0,
Mumbai Indians,55,122,2,a757b0d8,0f721006,752f7486,4,0,4,0,
Mumbai Indians,56,123,2,a757b0d8,0f721006,752f7486,1,0,1,0,
Mumbai Indians,57,124,2,752f7486,0f721006,a757b0d8,1,0,1,0,
Mumbai Indians,58,124,3,752f7486,81c08fa3,a757b0d8,0,0,0,1,caught
Mumbai Indians,59,128,3,271f83cd,81c08fa3,a757b0d8,4,0,4,0,
Mumbai Indians,60,128,3,271f83cd,81c08fa3,a757b0d8,0,0,0,0,
Mumbai Indians,61,129,3,271f83cd,81c08fa3,a757b0d8,1,0,1,0,
Mumbai Indians,62,130,3,a757b0d8,81c08fa3,271f83cd,1,0,1,0,
Mumbai Indians,63,131,3,271f83cd,81c08fa3,a757b0d8,1,0,1,0,
Mumbai Indians,64,132,3,271f83cd,dcf81436,a757b0d8,1,0,1,0,
Mumbai Indians,65,132,3,a757b0d8,dcf81436,271f83cd,0,0,0,0,
Mumbai Indians,66,133,3,a757b0d8,dcf81436,271f83cd,1,0,1,0,
Mumbai Indians,67,137,3,271f83cd,dcf81436,a757b0d8,4,0,4,0,
Mumbai Indians,68,138,3,271f83cd,dcf81436,a757b0d8,1,0,1,0,
Mumbai Indians,69,139,3,a757b0d8,dcf81436,271f83cd,1,0,1,0,
Mumbai Indians,70,139,3,a757b0d8,5f547c8b,271f83cd,0,0,0,0,
Mumbai Indians,71,140,3,a757b0d8,5f547c8b,271f83cd,1,0,1,0,
Mumbai Indians,72,141,3,271f83cd,5f547c8b,a757b0d8,0,1,1,0,
Mumbai Indians,73,142,3,a757b0d8,5f547c8b,271f83cd,1,0,1,0,
Mumbai Indians,74,146,3,271f83cd,5f547c8b,a757b0d8,4,0,4,0,
Mumbai Indians,75,146,3,271f83cd,5f547c8b,a757b0d8,0,0,0,0,
Mumbai Indians,76,148,3,a757b0d8,f29185a1,271f83cd,2,0,2,0,
Mumbai Indians,77,149,3,a757b0d8,f29185a1,271f83cd,1,0,1,0,
Mumbai Indians,78,149,3,271f83cd,f29185a1,a757b0d8,0,0,0,0,
Mumbai Indians,79,150,3,271f83cd,f29185a1,a757b0d8,0,1,1,0,
Mumbai Indians,80,151,3,a757b0d8,f29185a1,271f83cd,0,1,1,0,
Mumbai Indians,81,151,4,a757b0d8,f29185a1,271f83cd,0,0,0,1,caught
Mumbai Indians,82,151,5,9219eff0,f29185a1,271f83cd,0,0,0,1,caught
Mumbai Indians,83,155,5,271f83cd,dcf81436,5b8c830e,4,0,4,0,
Mumbai Indians,84,161,5,271f83cd,dcf81436,5b8c830e,6,0,6,0,
Mumbai Indians,85,162,5,271f83cd,dcf81436,5b8c830e,1,0,1,0,
Mumbai Indians,86,162,5,5b8c830e,dcf81436,271f83cd,0,0,0,0,
Mumbai Indians,87,166,5,5b8c830e,dcf81436,271f83cd,4,0,4,0,
Mumbai Indians,88,167,5,5b8c830e,dcf81436,271f83cd,1,0,1,0,
Mumbai Indians,89,169,5,5b8c830e,62af8546,271f83cd,2,0,2,0,
Mumbai Indians,90,170,5,5b8c830e,62af8546,271f83cd,1,0,1,0,
Mumbai Indians,91,171,5,271f83cd,62af8546,5b8c830e,1,0,1,0,
Mumbai Indians,92,172,5,5b8c830e,62af8546,271f83cd,1,0,1,0,
Mumbai Indians,93,176,5,271f83cd,62af8546,5b8c830e,4,0,4,0,
Mumbai Indians,94,177,5,271f83cd,62af8546,5b8c830e,1,0,1,0,
Mumbai Indians,95,183,5,271f83cd,5f547c8b,5b8c830e,6,0,6,0,
Mumbai Indians,96,184,5,271f83cd,5f547c8b,5b8c830e,1,0,1,0,
Mumbai Indians,97,184,6,5b8c830e,5f547c8b,271f83cd,0,0,0,1,caught
Mumbai Indians,98,185,6,56ab442f,5f547c8b,271f83cd,1,0,1,0,
Mumbai Indians,99,189,6,271f83cd,5f547c8b,56ab442f,4,0,4,0,
Mumbai Indians,100,190,6,271f83cd,5f547c8b,56ab442f,1,0,1,0,
Mumbai Indians,101,192,6,271f83cd,dcf81436,56ab442f,2,0,2,0,
Mumbai Indians,102,196,6,271f83cd,dcf81436,56ab442f,4,0,4,0,
Mumbai Indians,103,196,6,271f83cd,dcf81436,56ab442f,0,0,0,0,
Mumbai Indians,104,200,6,271f83cd,dcf81436,56ab442f,4,0,4,0,
Mumbai Indians,105,200,6,271f83cd,dcf81436,56ab442f,0,0,0,0,
Mumbai Indians,106,204,6,271f83cd,dcf81436,56ab442f,4,0,4,0,
Mumbai Indians,107,206,6,56ab442f,0f721006,271f83cd,2,0,2,0,
Mumbai Indians,108,206,7,56ab442f,0f721006,271f83cd,0,0,0,1,caught
Mumbai Indians,109,210,7,271f83cd,0f721006,98ae73b1,4,0,4,0,
Mumbai Indians,110,216,7,271f83cd,0f721006,98ae73b1,6,0,6,0,
Mumbai Indians,111,217,7,271f83cd,0f721006,98ae73b1,1,0,1,0,
Mumbai Indians,112,217,7,98ae73b1,0f721006,271f83cd,0,0,0,0,
Mumbai Indians,113,218,7,271f83cd,81c08fa3,98ae73b1,0,1,1,0,
Mumbai Indians,114,218,7,271f83cd,81c08fa3,98ae73b1,0,0,0,0,
Mumbai Indians,115,222,7,271f83cd,81c08fa3,98ae73b1,4,0,4,0,
Mumbai Indians,116,226,7,271f83cd,81c08fa3,98ae73b1,4,0,4,0,
Mumbai Indians,117,230,7,271f83cd,81c08fa3,98ae73b1,4,0,4,0,
Mumbai Indians,118,230,7,271f83cd,81c08fa3,98ae73b1,0,0,0,0,
Mumbai Indians,119,230,7,271f83cd,81c08fa3,98ae73b1,0,0,0,0,
Mumbai Indians,120,230,8,98ae73b1,0f721006,271f83cd,0,0,0,1,caught
Mumbai Indians,121,230,8,271f83cd,0f721006,462411b3,0,0,0,0,
Mumbai Indians,122,230,8,271f83cd,0f721006,462411b3,0,0,0,0,
Mumbai Indians,123,230,9,271f83cd,0f721006,462411b3,0,0,0,1,caught
Mumbai Indians,124,234,9,462411b3,0f721006,a818c1be,4,0,4,0,
Mumbai Indians,125,235,9,462411b3,0f721006,a818c1be,1,0,1,0,
Sunrisers Hyderabad,1,0,0,d1c36f5c,a818c1be,f29185a1,0,0,0,0,
Sunrisers Hyderabad,2,0,0,d1c36f5c,a818c1be,f29185a1,0,0,0,0,
Sunrisers Hyderabad,3,2,0,d1c36f5c,a818c1be,f29185a1,2,0,2,0,
Sunrisers Hyderabad,4,3,0,d1c36f5c,a818c1be,f29185a1,1,0,1,0,
Sunrisers Hyderabad,5,3,0,f29185a1,a818c1be,d1c36f5c,0,0,0,0,
Sunrisers Hyderabad,6,5,0,f29185a1,a818c1be,d1c36f5c,2,0,2,0,
Sunrisers Hyderabad,7,6,0,d1c36f5c,462411b3,f29185a1,1,0,1,0,
Sunrisers Hyderabad,8,7,0,f29185a1,462411b3,d1c36f5c,1,0,1,0,
Sunrisers Hyderabad,9,11,0,d1c36f5c,462411b3,f29185a1,4,0,4,0,
Sunrisers Hyderabad,10,11,0,d1c36f5c,462411b3,f29185a1,0,0,0,0,
Sunrisers Hyderabad,11,15,0,d1c36f5c,462411b3,f29185a1,4,0,4,0,
Sunrisers Hyderabad,12,15,0,d1c36f5c,462411b3,f29185a1,0,0,0,0,
Sunrisers Hyderabad,13,16,0,f29185a1,98ae73b1,d1c36f5c,1,0,1,0,
Sunrisers Hyderabad,14,20,0,d1c36f5c,98ae73b1,f29185a1,4,0,4,0,
Sunrisers Hyderabad,15,24,0,d1c36f5c,98ae73b1,f29185a1,4,0,4,0,
Sunrisers Hyderabad,16,24,0,d1c36f5c,98ae73b1,f29185a1,0,0,0,0,
Sunrisers Hyderabad,17,25,0,d1c36f5c,98ae73b1,f29185a1,1,0,1,0,
Sunrisers Hyderabad,18,31,0,f29185a1,98ae73b1,d1c36f5c,6,0,6,0,
Sunrisers Hyderabad,19,34,0,d1c36f5c,462411b3,f29185a1,3,0,3,0,
Sunrisers Hyderabad,20,35,0,f29185a1,462411b3,d1c36f5c,1,0,1,0,
Sunrisers Hyderabad,21,35,0,d1c36f5c,462411b3,f29185a1,0,0,0,0,
Sunrisers Hyderabad,22,40,0,d1c36f5c,462411b3,f29185a1,0,5,5,0,
Sunrisers Hyderabad,23,44,0,d1c36f5c,462411b3,f29185a1,4,0,4,0,
Sunrisers Hyderabad,24,45,0,d1c36f5c,462411b3,f29185a1,1,0,1,0,
Sunrisers Hyderabad,25,47,0,f29185a1,462411b3,d1c36f5c,2,0,2,0,
Sunrisers Hyderabad,26,47,0,d1c36f5c,56ab442f,f29185a1,0,0,0,0,
Sunrisers Hyderabad,27,48,0,d1c36f5c,56ab442f,f29185a1,1,0,1,0,
Sunrisers Hyderabad,28,52,0,f29185a1,56ab442f,d1c36f5c,4,0,4,0,
Sunrisers Hyderabad,29,56,0,f29185a1,56ab442f,d1c36f5c,4,0,4,0,
Sunrisers Hyderabad,30,60,0,f29185a1,56ab442f,d1c36f5c,4,0,4,0,
Sunrisers Hyderabad,31,60,0,f29185a1,56ab442f,d1c36f5c,0,0,0,0,
Sunrisers Hyderabad,32,64,0,d1c36f5c,a818c1be,f29185a1,4,0,4,0,
Sunrisers Hyderabad,33,64,1,d1c36f5c,a818c1be,f29185a1,0,0,0,1,caught
Sunrisers Hyderabad,34,65,1,f29185a1,a818c1be,93b4fc78,1,0,1,0,
Sunrisers Hyderabad,35,65,1,93b4fc78,a818c1be,f29185a1,0,0,0,0,
Sunrisers Hyderabad,36,66,1,93b4fc78,a818c1be,f29185a1,1,0,1,0,
Sunrisers Hyderabad,37,70,1,f29185a1,a818c1be,93b4fc78,4,0,4,0,
Sunrisers Hyderabad,38,71,1,93b4fc78,9219eff0,f29185a1,0,1,1,0,
Sunrisers Hyderabad,39,72,1,f29185a1,9219eff0,93b4fc78,1,0,1,0,
Sunrisers Hyderabad,40,76,1,93b4fc78,9219eff0,f29185a1,4,0,4,0,
Sunrisers Hyderabad,41,77,1,93b4fc78,9219eff0,f29185a1,1,0,1,0,
Sunrisers Hyderabad,42,79,1,f29185a1,9219eff0,93b4fc78,2,0,2,0,
Sunrisers Hyderabad,43,79,2,f29185a1,9219eff0,93b4fc78,0,0,0,1,caught
Sunrisers Hyderabad,44,80,2,62af8546,5b8c830e,93b4fc78,1,0,1,0,
Sunrisers Hyderabad,45,81,2,93b4fc78,5b8c830e,62af8546,1,0,1,0,
Sunrisers Hyderabad,46,82,2,62af8546,5b8c830e,93b4fc78,1,0,1,0,
Sunrisers Hyderabad,47,89,2,93b4fc78,5b8c830e,62af8546,6,1,7,0,
Sunrisers Hyderabad,48,93,2,93b4fc78,5b8c830e,62af8546,4,0,4,0,
Sunrisers Hyderabad,49,95,2,93b4fc78,5b8c830e,62af8546,2,0,2,0,
Sunrisers Hyderabad,50,95,2,93b4fc78,5b8c830e,62af8546,0,0,0,0,
Sunrisers Hyderabad,51,96,2,62af8546,98ae73b1,93b4fc78,1,0,1,0,
Sunrisers Hyderabad,52,97,2,93b4fc78,98ae73b1,62af8546,1,0,1,0,
Sunrisers Hyderabad,53,97,3,62af8546,98ae73b1,93b4fc78,0,0,0,1,caught
Sunrisers Hyderabad,54,98,3,8e514b4c,98ae73b1,93b4fc78,1,0,1,0,
Sunrisers Hyderabad,55,99,3,93b4fc78,98ae73b1,8e514b4c,1,0,1,0,
Sunrisers Hyderabad,56,100,3,8e514b4c,98ae73b1,93b4fc78,1,0,1,0,
Sunrisers Hyderabad,57,100,4,8e514b4c,9219eff0,93b4fc78,0,0,0,1,caught
Sunrisers Hyderabad,58,101,4,bb965e9a,9219eff0,93b4fc78,0,1,1,0,
Sunrisers Hyderabad,59,102,4,93b4fc78,9219eff0,bb965e9a,1,0,1,0,
Sunrisers Hyderabad,60,103,4,bb965e9a,9219eff0,93b4fc78,1,0,1,0,
Sunrisers Hyderabad,61,104,4,93b4fc78,9219eff0,bb965e9a,1,0,1,0,
Sunrisers Hyderabad,62,105,4,bb965e9a,9219eff0,93b4fc78,1,0,1,0,
Sunrisers Hyderabad,63,105,4,bb965e9a,98ae73b1,93b4fc78,0,0,0,0,
Sunrisers Hyderabad,64,106,4,bb965e9a,98ae73b1,93b4fc78,1,0,1,0,
Sunrisers Hyderabad,65,107,4,93b4fc78,98ae73b1,bb965e9a,1,0,1,0,
Sunrisers Hyderabad,66,109,4,bb965e9a,98ae73b1,93b4fc78,2,0,2,0,
Sunrisers Hyderabad,67,110,4,bb965e9a,98ae73b1,93b4fc78,1,0,1,0,
Sunrisers Hyderabad,68,111,4,93b4fc78,98ae73b1,bb965e9a,1,0,1,0,
Sunrisers Hyderabad,69,115,4,93b4fc78,9219eff0,bb965e9a,4,0,4,0,
Sunrisers Hyderabad,70,116,4,93b4fc78,9219eff0,bb965e9a,1,0,1,0,
Sunrisers Hyderabad,71,120,4,bb965e9a,9219eff0,93b4fc78,4,0,4,0,
Sunrisers Hyderabad,72,126,4,bb965e9a,9219eff0,93b4fc78,6,0,6,0,
Sunrisers Hyderabad,73,127,4,bb965e9a,9219eff0,93b4fc78,1,0,1,0,
Sunrisers Hyderabad,74,127,4,93b4fc78,9219eff0,bb965e9a,0,0,0,0,
Sunrisers Hyderabad,75,131,4,bb965e9a,98ae73b1,93b4fc78,4,0,4,0,
Sunrisers Hyderabad,76,132,4,bb965e9a,98ae73b1,93b4fc78,1,0,1,0,
Sunrisers Hyderabad,77,134,4,93b4fc78,98ae73b1,bb965e9a,2,0,2,0,
Sunrisers Hyderabad,78,135,4,93b4fc78,98ae73b1,bb965e9a,1,0,1,0,
Sunrisers Hyderabad,79,137,4,bb965e9a,98ae73b1,93b4fc78,2,0,2,0,
Sunrisers Hyderabad,80,138,4,bb965e9a,98ae73b1,93b4fc78,1,0,1,0,
Sunrisers Hyderabad,81,138,4,bb965e9a,a818c1be,93b4fc78,0,0,0,0,
Sunrisers Hyderabad,82,139,4,bb965e9a,a818c1be,93b4fc78,1,0,1,0,
Sunrisers Hyderabad,83,140,4,93b4fc78,a818c1be,bb965e9a,1,0,1,0,
Sunrisers Hyderabad,84,140,4,bb965e9a,a818c1be,93b4fc78,0,0,0,0,
Sunrisers Hyderabad,85,141,4,bb965e9a,a818c1be,93b4fc78,1,0,1,0,
Sunrisers Hyderabad,86,142,4,93b4fc78,a818c1be,bb965e9a,1,0,1,0,
Sunrisers Hyderabad,87,143,4,93b4fc78,56ab442f,bb965e9a,1,0,1,0,
Sunrisers Hyderabad,88,144,4,bb965e9a,56ab442f,93b4fc78,1,0,1,0,
Sunrisers Hyderabad,89,150,4,93b4fc78,56ab442f,bb965e9a,6,0,6,0,
Sunrisers Hyderabad,90,154,4,93b4fc78,56ab442f,bb965e9a,4,0,4,0,
Sunrisers Hyderabad,91,155,4,93b4fc78,56ab442f,bb965e9a,1,0,1,0,
Sunrisers Hyderabad,92,156,4,bb965e9a,56ab442f,93b4fc78,1,0,1,0,
Sunrisers Hyderabad,93,156,5,bb965e9a,462411b3,93b4fc78,0,0,0,1,caught
Sunrisers Hyderabad,94,156,5,93b4fc78,462411b3,0f721006,0,0,0,0,
Sunrisers Hyderabad,95,157,5,93b4fc78,462411b3,0f721006,1,0,1,0,
Sunrisers Hyderabad,96,158,5,0f721006,462411b3,93b4fc78,1,0,1,0,
Sunrisers Hyderabad,97,159,5,93b4fc78,462411b3,0f721006,0,1,1,0,
Sunrisers Hyderabad,98,160,5,93b4fc78,462411b3,0f721006,0,1,1,0,
Sunrisers Hyderabad,99,162,5,93b4fc78,462411b3,0f721006,2,0,2,0,
Sunrisers Hyderabad,100,166,5,93b4fc78,462411b3,0f721006,4,0,4,0,
Sunrisers Hyderabad,101,166,6,0f721006,56ab442f,93b4fc78,0,0,0,1,caught
Sunrisers Hyderabad,102,166,6,5f547c8b,56ab442f,93b4fc78,0,0,0,0,
Sunrisers Hyderabad,103,170,6,5f547c8b,56ab442f,93b4fc78,4,0,4,0,
Sunrisers Hyderabad,104,174,6,5f547c8b,56ab442f,93b4fc78,4,0,4,0,
Sunrisers Hyderabad,105,175,6,5f547c8b,56ab442f,93b4fc78,1,0,1,0,
Sunrisers Hyderabad,106,176,6,93b4fc78,56ab442f,5f547c8b,1,0,1,0,
Sunrisers Hyderabad,107,177,6,93b4fc78,462411b3,5f547c8b,1,0,1,0,
Sunrisers Hyderabad,108,177,7,5f547c8b,462411b3,93b4fc78,0,0,0,1,caught and bowled
Sunrisers Hyderabad,109,177,7,fe11caa6,462411b3,93b4fc78,0,0,0,0,
Sunrisers Hyderabad,110,177,7,fe11caa6,462411b3,93b4fc78,0,0,0,0,
Sunrisers Hyderabad,111,178,7,fe11caa6,462411b3,93b4fc78,1,0,1,0,
Sunrisers Hyderabad,112,179,7,93b4fc78,462411b3,fe11caa6,1,0,1,0,
Sunrisers Hyderabad,113,180,7,93b4fc78,56ab442f,fe11caa6,1,0,1,0,
Sunrisers Hyderabad,114,181,7,fe11caa6,56ab442f,93b4fc78,1,0,1,0,
Sunrisers Hyderabad,115,182,7,93b4fc78,56ab442f,fe11caa6,1,0,1,0,
Sunrisers Hyderabad,116,182,8,fe11caa6,56ab442f,93b4fc78,0,0,0,1,caught and bowled
Sunrisers Hyderabad,117,182,8,dcf81436,56ab442f,93b4fc78,0,0,0,0,
Sunrisers Hyderabad,118,182,8,dcf81436,56ab442f,93b4fc78,0,0,0,0,
Sunrisers Hyderabad,119,182,8,93b4fc78,a818c1be,dcf81436,0,0,0,0,
Sunrisers Hyderabad,120,186,8,93b4fc78,a818c1be,dcf81436,4,0,4,0,
Sunrisers Hyderabad,121,187,8,93b4fc78,a818c1be,dcf81436,1,0,1,0,
Sunrisers Hyderabad,122,188,8,dcf81436,a818c1be,93b4fc78,1,0,1,0,
Sunrisers Hyderabad,123,192,8,93b4fc78,a818c1be,dcf81436,4,0,4,0,
Sunrisers Hyderabad,124,193,8,93b4fc78,a818c1be,dcf81436,1,0,1,0,
