batting_team,ball_number,total_team_runs,total_team_wickets,striker_ID,bowler_ID,nonstriker_ID,batter_runs,extras_runs,total_delivery_runs,wicket,wicket_type
North-West Warriors,1,1,0,ec02b798,6232e1ed,4992d6f6,1,0,1,0,
North-West Warriors,2,4,0,4992d6f6,6232e1ed,ec02b798,0,3,3,0,
North-West Warriors,3,4,0,4992d6f6,6232e1ed,ec02b798,0,0,0,0,
North-West Warriors,4,4,0,4992d6f6,6232e1ed,ec02b798,0,0,0,0,
North-West Warriors,5,8,0,4992d6f6,6232e1ed,ec02b798,4,0,4,0,
North-West Warriors,6,14,0,4992d6f6,6232e1ed,ec02b798,6,0,6,0,
North-West Warriors,7,15,0,4992d6f6,6232e1ed,ec02b798,1,0,1,0,
North-West Warriors,8,15,0,4992d6f6,fc55ec67,ec02b798,0,0,0,0,
North-West Warriors,9,15,0,4992d6f6,fc55ec67,ec02b798,0,0,0,0,
North-West Warriors,10,15,0,4992d6f6,fc55ec67,ec02b798,0,0,0,0,
North-West Warriors,11,15,0,4992d6f6,fc55ec67,ec02b798,0,0,0,0,
North-West Warriors,12,19,0,4992d6f6,fc55ec67,ec02b798,4,0,4,0,
North-West Warriors,13,19,0,4992d6f6,fc55ec67,ec02b798,0,0,0,0,
North-West Warriors,14,20,0,ec02b798,8ff85f5c,4992d6f6,1,0,1,0,
North-West Warriors,15,20,0,4992d6f6,8ff85f5c,ec02b798,0,0,0,0,
North-West Warriors,16,21,0,4992d6f6,8ff85f5c,ec02b798,1,0,1,0,
North-West Warriors,17,21,0,ec02b798,8ff85f5c,4992d6f6,0,0,0,0,
North-West Warriors,18,22,0,ec02b798,8ff85f5c,4992d6f6,0,1,1,0,
North-West Warriors,19,22,0,ec02b798,8ff85f5c,4992d6f6,0,0,0,0,
North-West Warriors,20,24,0,ec02b798,8ff85f5c,4992d6f6,2,0,2,0,
North-West Warriors,21,24,1,4992d6f6,6232e1ed,ec02b798,0,0,0,1,caught
North-West Warriors,22,24,1,ec02b798,6232e1ed,f8748f79,0,0,0,0,
North-West Warriors,23,24,1,ec02b798,6232e1ed,f8748f79,0,0,0,0,
North-West Warriors,24,24,1,ec02b798,6232e1ed,f8748f79,0,0,0,0,
North-West Warriors,25,25,1,ec02b798,6232e1ed,f8748f79,1,0,1,0,
North-West Warriors,26,25,1,f8748f79,6232e1ed,ec02b798,0,0,0,0,
North-West Warriors,27,26,1,ec02b798,1a448be0,f8748f79,1,0,1,0,
North-West Warriors,28,26,2,f8748f79,1a448be0,ec02b798,0,0,0,1,caught
North-West Warriors,29,26,2,c8065f31,1a448be0,ec02b798,0,0,0,0,
North-West Warriors,30,27,2,c8065f31,1a448be0,ec02b798,1,0,1,0,
North-West Warriors,31,27,2,ec02b798,1a448be0,c8065f31,0,0,0,0,
North-West Warriors,32,27,2,ec02b798,1a448be0,c8065f31,0,0,0,0,
North-West Warriors,33,28,2,c8065f31,fc55ec67,ec02b798,0,1,1,0,
North-West Warriors,34,28,2,ec02b798,fc55ec67,c8065f31,0,0,0,0,
North-West Warriors,35,29,2,ec02b798,fc55ec67,c8065f31,1,0,1,0,
North-West Warriors,36,29,2,c8065f31,fc55ec67,ec02b798,0,0,0,0,
North-West Warriors,37,30,2,c8065f31,fc55ec67,ec02b798,1,0,1,0,
North-West Warriors,38,31,2,ec02b798,fc55ec67,c8065f31,1,0,1,0,
North-West Warriors,39,31,3,ec02b798,8ff85f5c,c8065f31,0,0,0,1,caught
North-West Warriors,40,31,3,b16ddb79,8ff85f5c,c8065f31,0,0,0,0,
North-West Warriors,41,31,3,b16ddb79,8ff85f5c,c8065f31,0,0,0,0,
North-West Warriors,42,31,3,b16ddb79,8ff85f5c,c8065f31,0,0,0,0,
North-West Warriors,43,37,3,b16ddb79,8ff85f5c,c8065f31,6,0,6,0,
North-West Warriors,44,37,3,b16ddb79,8ff85f5c,c8065f31,0,0,0,0,
North-West Warriors,45,37,3,c8065f31,59ea70a4,b16ddb79,0,0,0,0,
North-West Warriors,46,38,3,c8065f31,59ea70a4,b16ddb79,1,0,1,0,
North-West Warriors,47,39,3,b16ddb79,59ea70a4,c8065f31,1,0,1,0,
North-West Warriors,48,40,3,c8065f31,59ea70a4,b16ddb79,1,0,1,0,
North-West Warriors,49,40,3,b16ddb79,59ea70a4,c8065f31,0,0,0,0,
North-West Warriors,50,44,3,b16ddb79,59ea70a4,c8065f31,4,0,4,0,
North-West Warriors,51,44,3,c8065f31,1a448be0,b16ddb79,0,0,0,0,
North-West Warriors,52,48,3,c8065f31,1a448be0,b16ddb79,4,0,4,0,
North-West Warriors,53,49,3,c8065f31,1a448be0,b16ddb79,1,0,1,0,
North-West Warriors,54,49,3,b16ddb79,1a448be0,c8065f31,0,0,0,0,
North-West Warriors,55,49,3,b16ddb79,1a448be0,c8065f31,0,0,0,0,
North-West Warriors,56,49,3,b16ddb79,1a448be0,c8065f31,0,0,0,0,
North-West Warriors,57,50,3,c8065f31,59ea70a4,b16ddb79,1,0,1,0,
North-West Warriors,58,51,3,b16ddb79,59ea70a4,c8065f31,1,0,1,0,
North-West Warriors,59,53,3,c8065f31,59ea70a4,b16ddb79,2,0,2,0,
North-West Warriors,60,54,3,c8065f31,59ea70a4,b16ddb79,1,0,1,0,
North-West Warriors,61,55,3,b16ddb79,59ea70a4,c8065f31,1,0,1,0,
North-West Warriors,62,59,3,c8065f31,59ea70a4,b16ddb79,4,0,4,0,
North-West Warriors,63,60,3,b16ddb79,1a448be0,c8065f31,1,0,1,0,
North-West Warriors,64,64,3,c8065f31,1a448be0,b16ddb79,4,0,4,0,
North-West Warriors,65,65,3,c8065f31,1a448be0,b16ddb79,1,0,1,0,
North-West Warriors,66,69,3,b16ddb79,1a448be0,c8065f31,4,0,4,0,
North-West Warriors,67,71,3,b16ddb79,1a448be0,c8065f31,2,0,2,0,
North-West Warriors,68,75,3,b16ddb79,1a448be0,c8065f31,4,0,4,0,
North-West Warriors,69,76,3,c8065f31,fc55ec67,b16ddb79,0,1,1,0,
North-West Warriors,70,77,3,b16ddb79,fc55ec67,c8065f31,0,1,1,0,
North-West Warriors,71,78,3,c8065f31,fc55ec67,b16ddb79,0,1,1,0,
North-West Warriors,72,79,3,b16ddb79,fc55ec67,c8065f31,1,0,1,0,
North-West Warriors,73,80,3,c8065f31,fc55ec67,b16ddb79,1,0,1,0,
North-West Warriors,74,81,3,b16ddb79,fc55ec67,c8065f31,1,0,1,0,
North-West Warriors,75,83,3,b16ddb79,8ff85f5c,c8065f31,2,0,2,0,
North-West Warriors,76,84,3,b16ddb79,8ff85f5c,c8065f31,1,0,1,0,
North-West Warriors,77,84,3,c8065f31,8ff85f5c,b16ddb79,0,0,0,0,
North-West Warriors,78,85,3,c8065f31,8ff85f5c,b16ddb79,1,0,1,0,
North-West Warriors,79,91,3,b16ddb79,8ff85f5c,c8065f31,6,0,6,0,
North-West Warriors,80,92,3,b16ddb79,8ff85f5c,c8065f31,1,0,1,0,
North-West Warriors,81,93,3,b16ddb79,6232e1ed,c8065f31,1,0,1,0,
North-West Warriors,82,94,3,c8065f31,6232e1ed,b16ddb79,1,0,1,0,
North-West Warriors,83,100,3,b16ddb79,6232e1ed,c8065f31,6,0,6,0,
North-West Warriors,84,100,3,b16ddb79,6232e1ed,c8065f31,0,0,0,0,
North-West Warriors,85,101,3,b16ddb79,6232e1ed,c8065f31,1,0,1,0,
North-West Warriors,86,105,3,c8065f31,6232e1ed,b16ddb79,4,0,4,0,
North-West Warriors,87,111,3,b16ddb79,6be7b49d,c8065f31,6,0,6,0,
North-West Warriors,88,113,3,b16ddb79,6be7b49d,c8065f31,2,0,2,0,
North-West Warriors,89,115,3,b16ddb79,6be7b49d,c8065f31,2,0,2,0,
North-West Warriors,90,115,4,b16ddb79,6be7b49d,c8065f31,0,0,0,1,bowled
North-West Warriors,91,116,4,e957b38f,6be7b49d,c8065f31,1,0,1,0,
North-West Warriors,92,117,4,c8065f31,6be7b49d,e957b38f,1,0,1,0,
North-West Warriors,93,118,4,c8065f31,8ff85f5c,e957b38f,1,0,1,0,
North-West Warriors,94,119,4,e957b38f,8ff85f5c,c8065f31,1,0,1,0,
North-West Warriors,95,123,4,c8065f31,8ff85f5c,e957b38f,4,0,4,0,
North-West Warriors,96,124,4,c8065f31,8ff85f5c,e957b38f,1,0,1,0,
North-West Warriors,97,124,4,e957b38f,8ff85f5c,c8065f31,0,0,0,0,
North-West Warriors,98,125,4,e957b38f,8ff85f5c,c8065f31,0,1,1,0,
North-West Warriors,99,126,4,e957b38f,6be7b49d,c8065f31,1,0,1,0,
North-West Warriors,100,126,5,c8065f31,6be7b49d,e957b38f,0,0,0,1,caught
North-West Warriors,101,128,5,e957b38f,6be7b49d,574b4c01,2,0,2,0,
North-West Warriors,102,129,5,e957b38f,6be7b49d,574b4c01,1,0,1,0,
North-West Warriors,103,130,5,574b4c01,6be7b49d,e957b38f,1,0,1,0,
North-West Warriors,104,131,5,e957b38f,6be7b49d,574b4c01,1,0,1,0,
North-West Warriors,105,132,5,e957b38f,6232e1ed,574b4c01,1,0,1,0,
North-West Warriors,106,133,5,574b4c01,6232e1ed,e957b38f,1,0,1,0,
North-West Warriors,107,134,5,e957b38f,6232e1ed,574b4c01,1,0,1,0,
North-West Warriors,108,135,5,574b4c01,6232e1ed,e957b38f,1,0,1,0,
North-West Warriors,109,135,5,e957b38f,6232e1ed,574b4c01,0,0,0,0,
North-West Warriors,110,135,5,e957b38f,6232e1ed,574b4c01,0,0,0,0,
North-West Warriors,111,136,5,574b4c01,6be7b49d,e957b38f,1,0,1,0,
North-West Warriors,112,137,5,e957b38f,6be7b49d,574b4c01,1,0,1,0,
North-West Warriors,113,138,5,574b4c01,6be7b49d,e957b38f,0,1,1,0,
North-West Warriors,114,140,5,e957b38f,6be7b49d,574b4c01,2,0,2,0,
North-West Warriors,115,146,5,e957b38f,6be7b49d,574b4c01,6,0,6,0,
North-West Warriors,116,148,5,e957b38f,6be7b49d,574b4c01,2,0,2,0,
North-West Warriors,117,149,5,574b4c01,fc55ec67,e957b38f,0,1,1,0,
North-West Warriors,118,149,6,574b4c01,fc55ec67,e957b38f,0,0,0,1,caught
North-West Warriors,119,150,6,e957b38f,fc55ec67,25550d06,0,1,1,0,
North-West Warriors,120,151,6,25550d06,fc55ec67,e957b38f,1,0,1,0,
North-West Warriors,121,157,6,e957b38f,fc55ec67,25550d06,6,0,6,0,
North-West Warriors,122,158,6,e957b38f,fc55ec67,25550d06,1,0,1,0,
North-West Warriors,123,160,6,25550d06,fc55ec67,e957b38f,2,0,2,0,
Northern Knights,1,0,0,cf494ffe,bd0a4a7d,c7105dab,0,0,0,0,
Northern Knights,2,1,0,cf494ffe,bd0a4a7d,c7105dab,1,0,1,0,
Northern Knights,3,2,0,c7105dab,bd0a4a7d,cf494ffe,1,0,1,0,
Northern Knights,4,2,1,cf494ffe,bd0a4a7d,c7105dab,0,0,0,1,caught
Northern Knights,5,2,1,a7e20a07,bd0a4a7d,c7105dab,0,0,0,0,
Northern Knights,6,3,1,a7e20a07,bd0a4a7d,c7105dab,1,0,1,0,
Northern Knights,7,4,1,a7e20a07,25550d06,c7105dab,1,0,1,0,
Northern Knights,8,4,1,c7105dab,25550d06,a7e20a07,0,0,0,0,
Northern Knights,9,4,1,c7105dab,25550d06,a7e20a07,0,0,0,0,
Northern Knights,10,8,1,c7105dab,25550d06,a7e20a07,4,0,4,0,
Northern Knights,11,12,1,c7105dab,25550d06,a7e20a07,4,0,4,0,
Northern Knights,12,12,1,c7105dab,25550d06,a7e20a07,0,0,0,0,
Northern Knights,13,12,1,a7e20a07,bd0a4a7d,c7105dab,0,0,0,0,
Northern Knights,14,16,1,a7e20a07,bd0a4a7d,c7105dab,4,0,4,0,
Northern Knights,15,22,1,a7e20a07,bd0a4a7d,c7105dab,6,0,6,0,
Northern Knights,16,22,1,a7e20a07,bd0a4a7d,c7105dab,0,0,0,0,
Northern Knights,17,28,1,a7e20a07,bd0a4a7d,c7105dab,6,0,6,0,
Northern Knights,18,28,1,a7e20a07,bd0a4a7d,c7105dab,0,0,0,0,
Northern Knights,19,29,1,c7105dab,e957b38f,a7e20a07,1,0,1,0,
Northern Knights,20,33,1,a7e20a07,e957b38f,c7105dab,4,0,4,0,
Northern Knights,21,34,1,a7e20a07,e957b38f,c7105dab,1,0,1,0,
Northern Knights,22,35,1,c7105dab,e957b38f,a7e20a07,1,0,1,0,
Northern Knights,23,35,1,a7e20a07,e957b38f,c7105dab,0,0,0,0,
Northern Knights,24,35,1,a7e20a07,e957b38f,c7105dab,0,0,0,0,
Northern Knights,25,35,2,c7105dab,25550d06,a7e20a07,0,0,0,1,caught
Northern Knights,26,36,2,59ea70a4,25550d06,a7e20a07,1,0,1,0,
Northern Knights,27,36,2,a7e20a07,25550d06,59ea70a4,0,0,0,0,
Northern Knights,28,37,2,a7e20a07,25550d06,59ea70a4,1,0,1,0,
Northern Knights,29,38,2,59ea70a4,25550d06,a7e20a07,1,0,1,0,
Northern Knights,30,38,2,a7e20a07,25550d06,59ea70a4,0,0,0,0,
Northern Knights,31,39,2,59ea70a4,574b4c01,a7e20a07,1,0,1,0,
Northern Knights,32,40,2,a7e20a07,574b4c01,59ea70a4,1,0,1,0,
Northern Knights,33,40,3,59ea70a4,574b4c01,a7e20a07,0,0,0,1,caught
Northern Knights,34,40,3,a7e20a07,574b4c01,fc55ec67,0,0,0,0,
Northern Knights,35,40,3,a7e20a07,574b4c01,fc55ec67,0,0,0,0,
Northern Knights,36,41,3,a7e20a07,574b4c01,fc55ec67,1,0,1,0,
Northern Knights,37,41,3,a7e20a07,b4402d8a,fc55ec67,0,0,0,0,
Northern Knights,38,43,3,a7e20a07,b4402d8a,fc55ec67,2,0,2,0,
Northern Knights,39,43,4,a7e20a07,b4402d8a,fc55ec67,0,0,0,1,run out
Northern Knights,40,43,4,43f4087c,b4402d8a,fc55ec67,0,0,0,0,
Northern Knights,41,44,4,43f4087c,b4402d8a,fc55ec67,1,0,1,0,
Northern Knights,42,44,4,fc55ec67,b4402d8a,43f4087c,0,0,0,0,
Northern Knights,43,45,4,43f4087c,e957b38f,fc55ec67,1,0,1,0,
Northern Knights,44,46,4,fc55ec67,e957b38f,43f4087c,0,1,1,0,
Northern Knights,45,46,4,fc55ec67,e957b38f,43f4087c,0,0,0,0,
Northern Knights,46,46,4,fc55ec67,e957b38f,43f4087c,0,0,0,0,
Northern Knights,47,47,4,fc55ec67,e957b38f,43f4087c,1,0,1,0,
Northern Knights,48,47,4,43f4087c,e957b38f,fc55ec67,0,0,0,0,
Northern Knights,49,47,4,43f4087c,e957b38f,fc55ec67,0,0,0,0,
Northern Knights,50,48,4,fc55ec67,b4402d8a,43f4087c,1,0,1,0,
Northern Knights,51,49,4,43f4087c,b4402d8a,fc55ec67,1,0,1,0,
Northern Knights,52,49,4,fc55ec67,b4402d8a,43f4087c,0,0,0,0,
Northern Knights,53,49,4,fc55ec67,b4402d8a,43f4087c,0,0,0,0,
Northern Knights,54,55,4,fc55ec67,b4402d8a,43f4087c,6,0,6,0,
Northern Knights,55,56,4,fc55ec67,b4402d8a,43f4087c,1,0,1,0,
Northern Knights,56,56,4,fc55ec67,e957b38f,43f4087c,0,0,0,0,
Northern Knights,57,56,4,fc55ec67,e957b38f,43f4087c,0,0,0,0,
Northern Knights,58,57,4,fc55ec67,e957b38f,43f4087c,1,0,1,0,
Northern Knights,59,58,4,43f4087c,e957b38f,fc55ec67,1,0,1,0,
Northern Knights,60,59,4,fc55ec67,e957b38f,43f4087c,1,0,1,0,
Northern Knights,61,60,4,43f4087c,e957b38f,fc55ec67,1,0,1,0,
Northern Knights,62,66,4,43f4087c,bd0a4a7d,fc55ec67,6,0,6,0,
Northern Knights,63,67,4,43f4087c,bd0a4a7d,fc55ec67,0,1,1,0,
Northern Knights,64,67,4,fc55ec67,bd0a4a7d,43f4087c,0,0,0,0,
Northern Knights,65,67,4,fc55ec67,bd0a4a7d,43f4087c,0,0,0,0,
Northern Knights,66,69,4,fc55ec67,bd0a4a7d,43f4087c,2,0,2,0,
Northern Knights,67,70,4,fc55ec67,bd0a4a7d,43f4087c,1,0,1,0,
Northern Knights,68,71,4,fc55ec67,415e5c01,43f4087c,1,0,1,0,
Northern Knights,69,72,4,43f4087c,415e5c01,fc55ec67,1,0,1,0,
Northern Knights,70,72,4,fc55ec67,415e5c01,43f4087c,0,0,0,0,
Northern Knights,71,73,4,fc55ec67,415e5c01,43f4087c,1,0,1,0,
Northern Knights,72,75,4,43f4087c,415e5c01,fc55ec67,2,0,2,0,
Northern Knights,73,81,4,43f4087c,415e5c01,fc55ec67,6,0,6,0,
Northern Knights,74,82,4,fc55ec67,25550d06,43f4087c,1,0,1,0,
Northern Knights,75,83,4,43f4087c,25550d06,fc55ec67,1,0,1,0,
Northern Knights,76,85,4,fc55ec67,25550d06,43f4087c,2,0,2,0,
Northern Knights,77,85,4,fc55ec67,25550d06,43f4087c,0,0,0,0,
Northern Knights,78,86,4,fc55ec67,25550d06,43f4087c,1,0,1,0,
Northern Knights,79,86,4,43f4087c,25550d06,fc55ec67,0,0,0,0,
Northern Knights,80,88,4,fc55ec67,e957b38f,43f4087c,2,0,2,0,
Northern Knights,81,88,4,fc55ec67,e957b38f,43f4087c,0,0,0,0,
Northern Knights,82,89,4,fc55ec67,e957b38f,43f4087c,1,0,1,0,
Northern Knights,83,90,4,43f4087c,e957b38f,fc55ec67,1,0,1,0,
Northern Knights,84,90,5,fc55ec67,e957b38f,43f4087c,0,0,0,1,lbw
Northern Knights,85,91,5,8ff85f5c,e957b38f,43f4087c,1,0,1,0,
Northern Knights,86,92,5,8ff85f5c,c8065f31,43f4087c,1,0,1,0,
Northern Knights,87,93,5,43f4087c,c8065f31,8ff85f5c,1,0,1,0,
Northern Knights,88,94,5,8ff85f5c,c8065f31,43f4087c,0,1,1,0,
Northern Knights,89,95,5,8ff85f5c,c8065f31,43f4087c,1,0,1,0,
Northern Knights,90,96,5,43f4087c,c8065f31,8ff85f5c,1,0,1,0,
Northern Knights,91,97,5,8ff85f5c,c8065f31,43f4087c,1,0,1,0,
Northern Knights,92,98,5,43f4087c,c8065f31,8ff85f5c,1,0,1,0,
Northern Knights,93,99,5,43f4087c,b4402d8a,8ff85f5c,1,0,1,0,
Northern Knights,94,100,5,8ff85f5c,b4402d8a,43f4087c,1,0,1,0,
Northern Knights,95,101,5,43f4087c,b4402d8a,8ff85f5c,1,0,1,0,
Northern Knights,96,103,5,8ff85f5c,b4402d8a,43f4087c,2,0,2,0,
Northern Knights,97,104,5,8ff85f5c,b4402d8a,43f4087c,0,1,1,0,
Northern Knights,98,104,5,8ff85f5c,b4402d8a,43f4087c,0,0,0,0,
Northern Knights,99,105,5,8ff85f5c,b4402d8a,43f4087c,1,0,1,0,
Northern Knights,100,105,5,8ff85f5c,c8065f31,43f4087c,0,0,0,0,
Northern Knights,101,111,5,8ff85f5c,c8065f31,43f4087c,6,0,6,0,
Northern Knights,102,111,6,8ff85f5c,c8065f31,43f4087c,0,0,0,1,caught
Northern Knights,103,112,6,4ec96094,c8065f31,43f4087c,1,0,1,0,
Northern Knights,104,113,6,43f4087c,c8065f31,4ec96094,1,0,1,0,
Northern Knights,105,114,6,4ec96094,c8065f31,43f4087c,1,0,1,0,
Northern Knights,106,120,6,4ec96094,bd0a4a7d,43f4087c,6,0,6,0,
Northern Knights,107,124,6,4ec96094,bd0a4a7d,43f4087c,4,0,4,0,
Northern Knights,108,125,6,4ec96094,bd0a4a7d,43f4087c,1,0,1,0,
Northern Knights,109,126,6,43f4087c,bd0a4a7d,4ec96094,0,1,1,0,
Northern Knights,110,132,6,43f4087c,bd0a4a7d,4ec96094,6,0,6,0,
Northern Knights,111,132,6,43f4087c,bd0a4a7d,4ec96094,0,0,0,0,
Northern Knights,112,138,6,43f4087c,bd0a4a7d,4ec96094,6,0,6,0,
Northern Knights,113,139,6,4ec96094,25550d06,43f4087c,1,0,1,0,
Northern Knights,114,141,6,43f4087c,25550d06,4ec96094,2,0,2,0,
Northern Knights,115,142,6,43f4087c,25550d06,4ec96094,1,0,1,0,
Northern Knights,116,142,6,4ec96094,25550d06,43f4087c,0,0,0,0,
Northern Knights,117,143,6,4ec96094,25550d06,43f4087c,0,1,1,0,
Northern Knights,118,144,6,4ec96094,25550d06,43f4087c,1,0,1,0,
Northern Knights,119,145,6,43f4087c,25550d06,4ec96094,1,0,1,0,
Northern Knights,120,146,6,43f4087c,c8065f31,4ec96094,1,0,1,0,
Northern Knights,121,147,7,4ec96094,c8065f31,43f4087c,0,1,1,1,run out
Northern Knights,122,148,7,4ec96094,c8065f31,6be7b49d,1,0,1,0,
Northern Knights,123,149,7,6be7b49d,c8065f31,4ec96094,1,0,1,0,
Northern Knights,124,153,7,4ec96094,c8065f31,6be7b49d,4,0,4,0,
Northern Knights,125,157,7,4ec96094,c8065f31,6be7b49d,4,0,4,0,
Northern Knights,126,159,8,4ec96094,c8065f31,6be7b49d,2,0,2,1,run out
