batting_team,ball_number,total_team_runs,total_team_wickets,striker_ID,bowler_ID,nonstriker_ID,batter_runs,extras_runs,total_delivery_runs,wicket,wicket_type
Auckland,1,0,0,2be41edb,eec5fe00,51a36d3e,0,0,0,0,
Auckland,2,0,0,2be41edb,eec5fe00,51a36d3e,0,0,0,0,
Auckland,3,0,0,2be41edb,eec5fe00,51a36d3e,0,0,0,0,
Auckland,4,0,0,2be41edb,eec5fe00,51a36d3e,0,0,0,0,
Auckland,5,1,0,2be41edb,eec5fe00,51a36d3e,1,0,1,0,
Auckland,6,2,0,51a36d3e,eec5fe00,2be41edb,1,0,1,0,
Auckland,7,2,0,51a36d3e,8e9a5d20,2be41edb,0,0,0,0,
Auckland,8,6,0,51a36d3e,8e9a5d20,2be41edb,4,0,4,0,
Auckland,9,6,1,51a36d3e,8e9a5d20,2be41edb,0,0,0,1,caught
Auckland,10,6,1,2be41edb,8e9a5d20,7fa12533,0,0,0,0,
Auckland,11,7,1,2be41edb,8e9a5d20,7fa12533,1,0,1,0,
Auckland,12,8,1,7fa12533,8e9a5d20,2be41edb,1,0,1,0,
Auckland,13,12,1,7fa12533,eec5fe00,2be41edb,4,0,4,0,
Auckland,14,13,1,7fa12533,eec5fe00,2be41edb,1,0,1,0,
Auckland,15,17,1,2be41edb,eec5fe00,7fa12533,0,4,4,0,
Auckland,16,17,1,2be41edb,eec5fe00,7fa12533,0,0,0,0,
Auckland,17,18,1,2be41edb,eec5fe00,7fa12533,1,0,1,0,
Auckland,18,19,1,7fa12533,eec5fe00,2be41edb,0,1,1,0,
Auckland,19,20,1,7fa12533,eec5fe00,2be41edb,0,1,1,0,
Auckland,20,21,1,7fa12533,eec5fe00,2be41edb,1,0,1,0,
Auckland,21,22,1,7fa12533,8e9a5d20,2be41edb,1,0,1,0,
Auckland,22,22,1,2be41edb,8e9a5d20,7fa12533,0,0,0,0,
Auckland,23,23,1,2be41edb,8e9a5d20,7fa12533,1,0,1,0,
Auckland,24,23,2,7fa12533,8e9a5d20,2be41edb,0,0,0,1,run out
Auckland,25,23,3,2be41edb,8e9a5d20,6c3dd24e,0,0,0,1,bowled
Auckland,26,23,3,2742086d,8e9a5d20,6c3dd24e,0,0,0,0,
Auckland,27,24,3,6c3dd24e,eec5fe00,2742086d,1,0,1,0,
Auckland,28,24,3,2742086d,eec5fe00,6c3dd24e,0,0,0,0,
Auckland,29,24,3,2742086d,eec5fe00,6c3dd24e,0,0,0,0,
Auckland,30,28,3,2742086d,eec5fe00,6c3dd24e,4,0,4,0,
Auckland,31,28,3,2742086d,eec5fe00,6c3dd24e,0,0,0,0,
Auckland,32,28,3,2742086d,eec5fe00,6c3dd24e,0,0,0,0,
Auckland,33,28,3,6c3dd24e,7068c81e,2742086d,0,0,0,0,
Auckland,34,28,4,6c3dd24e,7068c81e,2742086d,0,0,0,1,caught
Auckland,35,28,4,2742086d,7068c81e,5d99a16a,0,0,0,0,
Auckland,36,28,4,2742086d,7068c81e,5d99a16a,0,0,0,0,
Auckland,37,28,4,2742086d,7068c81e,5d99a16a,0,0,0,0,
Auckland,38,28,4,2742086d,7068c81e,5d99a16a,0,0,0,0,
Auckland,39,28,4,5d99a16a,e6e154e3,2742086d,0,0,0,0,
Auckland,40,29,4,5d99a16a,e6e154e3,2742086d,1,0,1,0,
Auckland,41,29,4,2742086d,e6e154e3,5d99a16a,0,0,0,0,
Auckland,42,30,4,2742086d,e6e154e3,5d99a16a,1,0,1,0,
Auckland,43,32,4,5d99a16a,e6e154e3,2742086d,2,0,2,0,
Auckland,44,33,4,5d99a16a,e6e154e3,2742086d,1,0,1,0,
Auckland,45,34,4,5d99a16a,7068c81e,2742086d,1,0,1,0,
Auckland,46,34,4,2742086d,7068c81e,5d99a16a,0,0,0,0,
Auckland,47,35,4,2742086d,7068c81e,5d99a16a,1,0,1,0,
Auckland,48,37,4,5d99a16a,7068c81e,2742086d,2,0,2,0,
Auckland,49,38,4,5d99a16a,7068c81e,2742086d,1,0,1,0,
Auckland,50,39,4,2742086d,7068c81e,5d99a16a,1,0,1,0,
Auckland,51,39,5,2742086d,e6e154e3,5d99a16a,0,0,0,1,caught
Auckland,52,40,5,fd9f43bb,e6e154e3,5d99a16a,1,0,1,0,
Auckland,53,40,5,5d99a16a,e6e154e3,fd9f43bb,0,0,0,0,
Auckland,54,40,6,5d99a16a,e6e154e3,fd9f43bb,0,0,0,1,caught
Auckland,55,42,6,fd9f43bb,e6e154e3,2f9d0389,2,0,2,0,
Auckland,56,42,6,fd9f43bb,e6e154e3,2f9d0389,0,0,0,0,
Auckland,57,43,6,2f9d0389,641ac5ff,fd9f43bb,0,1,1,0,
Auckland,58,43,6,fd9f43bb,641ac5ff,2f9d0389,0,0,0,0,
Auckland,59,44,6,fd9f43bb,641ac5ff,2f9d0389,1,0,1,0,
Auckland,60,44,6,2f9d0389,641ac5ff,fd9f43bb,0,0,0,0,
Auckland,61,44,6,2f9d0389,641ac5ff,fd9f43bb,0,0,0,0,
Auckland,62,44,6,2f9d0389,641ac5ff,fd9f43bb,0,0,0,0,
Auckland,63,45,6,fd9f43bb,7068c81e,2f9d0389,1,0,1,0,
Auckland,64,49,6,2f9d0389,7068c81e,fd9f43bb,4,0,4,0,
Auckland,65,53,6,2f9d0389,7068c81e,fd9f43bb,4,0,4,0,
Auckland,66,53,6,2f9d0389,7068c81e,fd9f43bb,0,0,0,0,
Auckland,67,54,6,2f9d0389,7068c81e,fd9f43bb,1,0,1,0,
Auckland,68,54,6,fd9f43bb,7068c81e,2f9d0389,0,0,0,0,
Auckland,69,54,6,2f9d0389,641ac5ff,fd9f43bb,0,0,0,0,
Auckland,70,54,6,2f9d0389,641ac5ff,fd9f43bb,0,0,0,0,
Auckland,71,54,6,2f9d0389,641ac5ff,fd9f43bb,0,0,0,0,
Auckland,72,55,6,2f9d0389,641ac5ff,fd9f43bb,1,0,1,0,
Auckland,73,55,6,fd9f43bb,641ac5ff,2f9d0389,0,0,0,0,
Auckland,74,55,7,fd9f43bb,641ac5ff,2f9d0389,0,0,0,1,lbw
Auckland,75,55,7,2f9d0389,8e9a5d20,2c1438ef,0,0,0,0,
Auckland,76,56,7,2f9d0389,8e9a5d20,2c1438ef,1,0,1,0,
Auckland,77,57,7,2c1438ef,8e9a5d20,2f9d0389,1,0,1,0,
Auckland,78,58,7,2f9d0389,8e9a5d20,2c1438ef,1,0,1,0,
Auckland,79,60,7,2c1438ef,8e9a5d20,2f9d0389,2,0,2,0,
Auckland,80,61,7,2c1438ef,8e9a5d20,2f9d0389,0,1,1,0,
Auckland,81,61,8,2c1438ef,8e9a5d20,2f9d0389,0,0,0,1,caught
Auckland,82,61,8,321be7e3,641ac5ff,2f9d0389,0,0,0,0,
Auckland,83,61,8,321be7e3,641ac5ff,2f9d0389,0,0,0,0,
Auckland,84,61,8,321be7e3,641ac5ff,2f9d0389,0,0,0,0,
Auckland,85,61,9,321be7e3,641ac5ff,2f9d0389,0,0,0,1,bowled
Auckland,86,61,9,79f5bc26,641ac5ff,2f9d0389,0,0,0,0,
Auckland,87,62,9,79f5bc26,641ac5ff,2f9d0389,1,0,1,0,
Auckland,88,63,9,79f5bc26,7068c81e,2f9d0389,1,0,1,0,
Auckland,89,67,9,2f9d0389,7068c81e,79f5bc26,4,0,4,0,
Auckland,90,67,9,2f9d0389,7068c81e,79f5bc26,0,0,0,0,
Auckland,91,71,9,2f9d0389,7068c81e,79f5bc26,4,0,4,0,
Auckland,92,72,9,2f9d0389,7068c81e,79f5bc26,1,0,1,0,
Auckland,93,73,9,79f5bc26,7068c81e,2f9d0389,1,0,1,0,
Auckland,94,73,9,79f5bc26,641ac5ff,2f9d0389,0,0,0,0,
Auckland,95,73,9,79f5bc26,641ac5ff,2f9d0389,0,0,0,0,
Auckland,96,73,9,79f5bc26,641ac5ff,2f9d0389,0,0,0,0,
Auckland,97,74,9,79f5bc26,641ac5ff,2f9d0389,1,0,1,0,
Auckland,98,75,9,2f9d0389,641ac5ff,79f5bc26,1,0,1,0,
Auckland,99,75,9,79f5bc26,641ac5ff,2f9d0389,0,0,0,0,
Auckland,100,76,9,2f9d0389,eec5fe00,79f5bc26,1,0,1,0,
Auckland,101,76,9,79f5bc26,eec5fe00,2f9d0389,0,0,0,0,
Auckland,102,82,9,79f5bc26,eec5fe00,2f9d0389,6,0,6,0,
Auckland,103,83,9,79f5bc26,eec5fe00,2f9d0389,1,0,1,0,
Auckland,104,84,9,2f9d0389,eec5fe00,79f5bc26,1,0,1,0,
Auckland,105,90,9,79f5bc26,eec5fe00,2f9d0389,6,0,6,0,
Auckland,106,92,9,2f9d0389,e6e154e3,79f5bc26,2,0,2,0,
Auckland,107,92,10,2f9d0389,e6e154e3,79f5bc26,0,0,0,1,caught
Northern Districts,1,0,0,7a12be0a,79f5bc26,4663bd23,0,0,0,0,
Northern Districts,2,0,0,7a12be0a,79f5bc26,4663bd23,0,0,0,0,
Northern Districts,3,1,0,7a12be0a,79f5bc26,4663bd23,0,1,1,0,
Northern Districts,4,1,0,7a12be0a,79f5bc26,4663bd23,0,0,0,0,
Northern Districts,5,1,0,7a12be0a,79f5bc26,4663bd23,0,0,0,0,
Northern Districts,6,2,0,7a12be0a,79f5bc26,4663bd23,0,1,1,0,
Northern Districts,7,3,0,7a12be0a,79f5bc26,4663bd23,1,0,1,0,
Northern Districts,8,3,0,4663bd23,79f5bc26,7a12be0a,0,0,0,0,
Northern Districts,9,6,0,7a12be0a,2f9d0389,4663bd23,3,0,3,0,
Northern Districts,10,6,0,4663bd23,2f9d0389,7a12be0a,0,0,0,0,
Northern Districts,11,6,0,4663bd23,2f9d0389,7a12be0a,0,0,0,0,
Northern Districts,12,7,0,4663bd23,2f9d0389,7a12be0a,1,0,1,0,
Northern Districts,13,8,0,7a12be0a,2f9d0389,4663bd23,1,0,1,0,
Northern Districts,14,8,0,4663bd23,2f9d0389,7a12be0a,0,0,0,0,
Northern Districts,15,8,0,7a12be0a,79f5bc26,4663bd23,0,0,0,0,
Northern Districts,16,9,0,7a12be0a,79f5bc26,4663bd23,1,0,1,0,
Northern Districts,17,10,0,4663bd23,79f5bc26,7a12be0a,0,1,1,0,
Northern Districts,18,10,0,4663bd23,79f5bc26,7a12be0a,0,0,0,0,
Northern Districts,19,14,0,4663bd23,79f5bc26,7a12be0a,4,0,4,0,
Northern Districts,20,14,0,4663bd23,79f5bc26,7a12be0a,0,0,0,0,
Northern Districts,21,16,0,4663bd23,79f5bc26,7a12be0a,2,0,2,0,
Northern Districts,22,16,0,7a12be0a,2f9d0389,4663bd23,0,0,0,0,
Northern Districts,23,16,0,7a12be0a,2f9d0389,4663bd23,0,0,0,0,
Northern Districts,24,20,0,7a12be0a,2f9d0389,4663bd23,4,0,4,0,
Northern Districts,25,20,0,7a12be0a,2f9d0389,4663bd23,0,0,0,0,
Northern Districts,26,20,0,7a12be0a,2f9d0389,4663bd23,0,0,0,0,
Northern Districts,27,20,0,7a12be0a,2f9d0389,4663bd23,0,0,0,0,
Northern Districts,28,21,0,4663bd23,321be7e3,7a12be0a,1,0,1,0,
Northern Districts,29,21,0,7a12be0a,321be7e3,4663bd23,0,0,0,0,
Northern Districts,30,22,0,7a12be0a,321be7e3,4663bd23,1,0,1,0,
Northern Districts,31,22,0,4663bd23,321be7e3,7a12be0a,0,0,0,0,
Northern Districts,32,23,0,4663bd23,321be7e3,7a12be0a,1,0,1,0,
Northern Districts,33,24,0,7a12be0a,321be7e3,4663bd23,1,0,1,0,
Northern Districts,34,25,0,7a12be0a,2c1438ef,4663bd23,0,1,1,0,
Northern Districts,35,25,0,7a12be0a,2c1438ef,4663bd23,0,0,0,0,
Northern Districts,36,29,0,7a12be0a,2c1438ef,4663bd23,4,0,4,0,
Northern Districts,37,30,0,7a12be0a,2c1438ef,4663bd23,1,0,1,0,
Northern Districts,38,30,0,4663bd23,2c1438ef,7a12be0a,0,0,0,0,
Northern Districts,39,34,0,4663bd23,2c1438ef,7a12be0a,4,0,4,0,
Northern Districts,40,35,0,4663bd23,2c1438ef,7a12be0a,0,1,1,0,
Northern Districts,41,37,0,4663bd23,2c1438ef,7a12be0a,2,0,2,0,
Northern Districts,42,38,0,7a12be0a,321be7e3,4663bd23,1,0,1,0,
Northern Districts,43,44,0,4663bd23,321be7e3,7a12be0a,6,0,6,0,
Northern Districts,44,45,0,4663bd23,321be7e3,7a12be0a,1,0,1,0,
Northern Districts,45,46,0,7a12be0a,321be7e3,4663bd23,1,0,1,0,
Northern Districts,46,46,0,4663bd23,321be7e3,7a12be0a,0,0,0,0,
Northern Districts,47,48,0,4663bd23,321be7e3,7a12be0a,1,1,2,0,
Northern Districts,48,49,0,7a12be0a,321be7e3,4663bd23,1,0,1,0,
Northern Districts,49,49,0,7a12be0a,2f9d0389,4663bd23,0,0,0,0,
Northern Districts,50,49,0,7a12be0a,2f9d0389,4663bd23,0,0,0,0,
Northern Districts,51,50,0,7a12be0a,2f9d0389,4663bd23,1,0,1,0,
Northern Districts,52,54,0,4663bd23,2f9d0389,7a12be0a,4,0,4,0,
Northern Districts,53,54,0,4663bd23,2f9d0389,7a12be0a,0,0,0,0,
Northern Districts,54,55,0,4663bd23,2f9d0389,7a12be0a,1,0,1,0,
Northern Districts,55,56,0,4663bd23,79f5bc26,7a12be0a,1,0,1,0,
Northern Districts,56,57,0,7a12be0a,79f5bc26,4663bd23,0,1,1,0,
Northern Districts,57,63,0,7a12be0a,79f5bc26,4663bd23,6,0,6,0,
Northern Districts,58,64,0,7a12be0a,79f5bc26,4663bd23,1,0,1,0,
Northern Districts,59,64,0,4663bd23,79f5bc26,7a12be0a,0,0,0,0,
Northern Districts,60,64,0,4663bd23,79f5bc26,7a12be0a,0,0,0,0,
Northern Districts,61,64,0,4663bd23,79f5bc26,7a12be0a,0,0,0,0,
Northern Districts,62,64,0,7a12be0a,fd9f43bb,4663bd23,0,0,0,0,
Northern Districts,63,65,0,7a12be0a,fd9f43bb,4663bd23,0,1,1,0,
Northern Districts,64,65,0,7a12be0a,fd9f43bb,4663bd23,0,0,0,0,
Northern Districts,65,65,1,7a12be0a,fd9f43bb,4663bd23,0,0,0,1,bowled
Northern Districts,66,66,1,5f966ec0,fd9f43bb,4663bd23,1,0,1,0,
Northern Districts,67,66,1,4663bd23,fd9f43bb,5f966ec0,0,0,0,0,
Northern Districts,68,67,1,4663bd23,fd9f43bb,5f966ec0,0,1,1,0,
Northern Districts,69,68,1,4663bd23,fd9f43bb,5f966ec0,1,0,1,0,
Northern Districts,70,69,1,4663bd23,2c1438ef,5f966ec0,1,0,1,0,
Northern Districts,71,69,1,5f966ec0,2c1438ef,4663bd23,0,0,0,0,
Northern Districts,72,69,2,5f966ec0,2c1438ef,4663bd23,0,0,0,1,caught
Northern Districts,73,69,2,125fa4de,2c1438ef,4663bd23,0,0,0,0,
Northern Districts,74,70,2,125fa4de,2c1438ef,4663bd23,1,0,1,0,
Northern Districts,75,70,2,4663bd23,2c1438ef,125fa4de,0,0,0,0,
Northern Districts,76,70,2,125fa4de,fd9f43bb,4663bd23,0,0,0,0,
Northern Districts,77,71,2,125fa4de,fd9f43bb,4663bd23,1,0,1,0,
Northern Districts,78,72,2,4663bd23,fd9f43bb,125fa4de,0,1,1,0,
Northern Districts,79,73,2,4663bd23,fd9f43bb,125fa4de,1,0,1,0,
Northern Districts,80,73,2,125fa4de,fd9f43bb,4663bd23,0,0,0,0,
Northern Districts,81,73,3,125fa4de,fd9f43bb,4663bd23,0,0,0,1,caught
Northern Districts,82,73,3,94d7f855,fd9f43bb,4663bd23,0,0,0,0,
Northern Districts,83,74,3,4663bd23,2c1438ef,94d7f855,1,0,1,0,
Northern Districts,84,75,3,94d7f855,2c1438ef,4663bd23,1,0,1,0,
Northern Districts,85,77,3,4663bd23,2c1438ef,94d7f855,2,0,2,0,
Northern Districts,86,77,3,4663bd23,2c1438ef,94d7f855,0,0,0,0,
Northern Districts,87,77,3,4663bd23,2c1438ef,94d7f855,0,0,0,0,
Northern Districts,88,77,3,4663bd23,2c1438ef,94d7f855,0,0,0,0,
Northern Districts,89,81,3,94d7f855,fd9f43bb,4663bd23,4,0,4,0,
Northern Districts,90,82,3,94d7f855,fd9f43bb,4663bd23,1,0,1,0,
Northern Districts,91,82,3,4663bd23,fd9f43bb,94d7f855,0,0,0,0,
Northern Districts,92,83,3,4663bd23,fd9f43bb,94d7f855,1,0,1,0,
Northern Districts,93,84,3,94d7f855,fd9f43bb,4663bd23,1,0,1,0,
Northern Districts,94,85,3,4663bd23,fd9f43bb,94d7f855,0,1,1,0,
Northern Districts,95,86,3,4663bd23,fd9f43bb,94d7f855,1,0,1,0,
Northern Districts,96,86,3,4663bd23,321be7e3,94d7f855,0,0,0,0,
Northern Districts,97,87,3,4663bd23,321be7e3,94d7f855,1,0,1,0,
Northern Districts,98,87,3,94d7f855,321be7e3,4663bd23,0,0,0,0,
Northern Districts,99,91,3,94d7f855,321be7e3,4663bd23,4,0,4,0,
Northern Districts,100,92,3,94d7f855,321be7e3,4663bd23,0,1,1,0,
Northern Districts,101,92,4,94d7f855,321be7e3,4663bd23,0,0,0,1,caught
Northern Districts,102,92,4,4663bd23,321be7e3,99528b4b,0,0,0,0,
Northern Districts,103,93,4,99528b4b,2c1438ef,4663bd23,1,0,1,0,
