batting_team,ball_number,total_team_runs,total_team_wickets,striker_ID,bowler_ID,nonstriker_ID,batter_runs,extras_runs,total_delivery_runs,wicket,wicket_type
Baroda,1,4,0,62e07f92,85e0cf10,2e802011,4,0,4,0,
Baroda,2,8,0,62e07f92,85e0cf10,2e802011,4,0,4,0,
Baroda,3,8,0,62e07f92,85e0cf10,2e802011,0,0,0,0,
Baroda,4,8,0,62e07f92,85e0cf10,2e802011,0,0,0,0,
Baroda,5,8,0,62e07f92,85e0cf10,2e802011,0,0,0,0,
Baroda,6,9,0,62e07f92,85e0cf10,2e802011,1,0,1,0,
Baroda,7,10,0,62e07f92,54e52590,2e802011,1,0,1,0,
Baroda,8,11,0,2e802011,54e52590,62e07f92,1,0,1,0,
Baroda,9,15,0,62e07f92,54e52590,2e802011,4,0,4,0,
Baroda,10,16,0,62e07f92,54e52590,2e802011,1,0,1,0,
Baroda,11,16,0,2e802011,54e52590,62e07f92,0,0,0,0,
Baroda,12,17,0,2e802011,54e52590,62e07f92,1,0,1,0,
Baroda,13,17,0,2e802011,4125d931,62e07f92,0,0,0,0,
Baroda,14,18,0,2e802011,4125d931,62e07f92,0,1,1,0,
Baroda,15,18,0,62e07f92,4125d931,2e802011,0,0,0,0,
Baroda,16,18,1,62e07f92,4125d931,2e802011,0,0,0,1,caught
Baroda,17,19,1,2e802011,4125d931,e85f3659,0,1,1,0,
Baroda,18,20,1,2e802011,4125d931,e85f3659,1,0,1,0,
Baroda,19,20,1,e85f3659,4125d931,2e802011,0,0,0,0,
Baroda,20,24,1,2e802011,edb3d4f8,e85f3659,4,0,4,0,
Baroda,21,25,1,2e802011,edb3d4f8,e85f3659,1,0,1,0,
Baroda,22,25,1,e85f3659,edb3d4f8,2e802011,0,0,0,0,
Baroda,23,26,1,e85f3659,edb3d4f8,2e802011,1,0,1,0,
Baroda,24,27,1,2e802011,edb3d4f8,e85f3659,1,0,1,0,
Baroda,25,28,1,e85f3659,edb3d4f8,2e802011,1,0,1,0,
Baroda,26,28,1,e85f3659,4125d931,2e802011,0,0,0,0,
Baroda,27,32,1,e85f3659,4125d931,2e802011,4,0,4,0,
Baroda,28,34,1,e85f3659,4125d931,2e802011,2,0,2,0,
Baroda,29,40,1,e85f3659,4125d931,2e802011,6,0,6,0,
Baroda,30,41,1,e85f3659,4125d931,2e802011,1,0,1,0,
Baroda,31,42,1,2e802011,4125d931,e85f3659,1,0,1,0,
Baroda,32,42,1,2e802011,edb3d4f8,e85f3659,0,0,0,0,
Baroda,33,42,1,2e802011,edb3d4f8,e85f3659,0,0,0,0,
Baroda,34,43,1,2e802011,edb3d4f8,e85f3659,1,0,1,0,
Baroda,35,47,1,e85f3659,edb3d4f8,2e802011,4,0,4,0,
Baroda,36,48,1,e85f3659,edb3d4f8,2e802011,1,0,1,0,
Baroda,37,49,1,2e802011,edb3d4f8,e85f3659,1,0,1,0,
Baroda,38,49,1,2e802011,85e0cf10,e85f3659,0,0,0,0,
Baroda,39,49,1,2e802011,85e0cf10,e85f3659,0,0,0,0,
Baroda,40,50,1,2e802011,85e0cf10,e85f3659,1,0,1,0,
Baroda,41,50,1,e85f3659,85e0cf10,2e802011,0,0,0,0,
Baroda,42,50,1,e85f3659,85e0cf10,2e802011,0,0,0,0,
Baroda,43,51,1,e85f3659,85e0cf10,2e802011,1,0,1,0,
Baroda,44,53,1,e85f3659,54e52590,2e802011,2,0,2,0,
Baroda,45,53,2,e85f3659,54e52590,2e802011,0,0,0,1,caught
Baroda,46,54,2,5b8c830e,54e52590,2e802011,0,1,1,0,
Baroda,47,57,2,5b8c830e,54e52590,2e802011,3,0,3,0,
Baroda,48,58,2,2e802011,54e52590,5b8c830e,1,0,1,0,
Baroda,49,58,2,5b8c830e,54e52590,2e802011,0,0,0,0,
Baroda,50,62,2,5b8c830e,54e52590,2e802011,4,0,4,0,
Baroda,51,63,2,2e802011,90de905a,5b8c830e,1,0,1,0,
Baroda,52,63,3,5b8c830e,90de905a,2e802011,0,0,0,1,caught and bowled
Baroda,53,63,3,af863475,90de905a,2e802011,0,0,0,0,
Baroda,54,63,3,af863475,90de905a,2e802011,0,0,0,0,
Baroda,55,63,3,af863475,90de905a,2e802011,0,0,0,0,
Baroda,56,64,3,af863475,90de905a,2e802011,1,0,1,0,
Baroda,57,64,3,af863475,4125d931,2e802011,0,0,0,0,
Baroda,58,65,3,af863475,4125d931,2e802011,1,0,1,0,
Baroda,59,66,3,2e802011,4125d931,af863475,1,0,1,0,
Baroda,60,66,3,af863475,4125d931,2e802011,0,0,0,0,
Baroda,61,67,3,af863475,4125d931,2e802011,1,0,1,0,
Baroda,62,68,3,2e802011,4125d931,af863475,1,0,1,0,
Baroda,63,68,3,2e802011,90de905a,af863475,0,0,0,0,
Baroda,64,68,3,2e802011,90de905a,af863475,0,0,0,0,
Baroda,65,68,4,2e802011,90de905a,af863475,0,0,0,1,caught
Baroda,66,69,4,8e5a4e1d,90de905a,af863475,1,0,1,0,
Baroda,67,69,4,af863475,90de905a,8e5a4e1d,0,0,0,0,
Baroda,68,69,4,af863475,90de905a,8e5a4e1d,0,0,0,0,
Baroda,69,70,4,8e5a4e1d,4125d931,af863475,1,0,1,0,
Baroda,70,71,4,af863475,4125d931,8e5a4e1d,1,0,1,0,
Baroda,71,72,4,8e5a4e1d,4125d931,af863475,1,0,1,0,
Baroda,72,73,4,af863475,4125d931,8e5a4e1d,1,0,1,0,
Baroda,73,74,4,8e5a4e1d,4125d931,af863475,1,0,1,0,
Baroda,74,75,4,af863475,4125d931,8e5a4e1d,1,0,1,0,
Baroda,75,76,4,af863475,90de905a,8e5a4e1d,1,0,1,0,
Baroda,76,77,4,8e5a4e1d,90de905a,af863475,0,1,1,0,
Baroda,77,78,4,8e5a4e1d,90de905a,af863475,1,0,1,0,
Baroda,78,79,4,af863475,90de905a,8e5a4e1d,1,0,1,0,
Baroda,79,80,4,8e5a4e1d,90de905a,af863475,1,0,1,0,
Baroda,80,81,4,af863475,90de905a,8e5a4e1d,1,0,1,0,
Baroda,81,81,4,8e5a4e1d,90de905a,af863475,0,0,0,0,
Baroda,82,81,4,af863475,edb3d4f8,8e5a4e1d,0,0,0,0,
Baroda,83,81,4,af863475,edb3d4f8,8e5a4e1d,0,0,0,0,
Baroda,84,82,4,af863475,edb3d4f8,8e5a4e1d,1,0,1,0,
Baroda,85,82,4,8e5a4e1d,edb3d4f8,af863475,0,0,0,0,
Baroda,86,82,4,8e5a4e1d,edb3d4f8,af863475,0,0,0,0,
Baroda,87,83,4,8e5a4e1d,edb3d4f8,af863475,1,0,1,0,
Baroda,88,84,4,8e5a4e1d,90de905a,af863475,1,0,1,0,
Baroda,89,84,4,af863475,90de905a,8e5a4e1d,0,0,0,0,
Baroda,90,84,4,af863475,90de905a,8e5a4e1d,0,0,0,0,
Baroda,91,90,4,af863475,90de905a,8e5a4e1d,6,0,6,0,
Baroda,92,91,4,af863475,90de905a,8e5a4e1d,1,0,1,0,
Baroda,93,91,4,8e5a4e1d,90de905a,af863475,0,0,0,0,
Baroda,94,93,4,af863475,edb3d4f8,8e5a4e1d,2,0,2,0,
Baroda,95,93,4,af863475,edb3d4f8,8e5a4e1d,0,0,0,0,
Baroda,96,93,4,af863475,edb3d4f8,8e5a4e1d,0,0,0,0,
Baroda,97,94,4,af863475,edb3d4f8,8e5a4e1d,1,0,1,0,
Baroda,98,100,4,8e5a4e1d,edb3d4f8,af863475,6,0,6,0,
Baroda,99,100,4,8e5a4e1d,edb3d4f8,af863475,0,0,0,0,
Baroda,100,100,4,af863475,85e0cf10,8e5a4e1d,0,0,0,0,
Baroda,101,104,4,af863475,85e0cf10,8e5a4e1d,4,0,4,0,
Baroda,102,105,4,af863475,85e0cf10,8e5a4e1d,1,0,1,0,
Baroda,103,106,4,8e5a4e1d,85e0cf10,af863475,1,0,1,0,
Baroda,104,107,4,af863475,85e0cf10,8e5a4e1d,0,1,1,0,
Baroda,105,108,4,8e5a4e1d,85e0cf10,af863475,1,0,1,0,
Baroda,106,109,4,8e5a4e1d,54e52590,af863475,1,0,1,0,
Baroda,107,110,4,af863475,54e52590,8e5a4e1d,1,0,1,0,
Baroda,108,112,4,8e5a4e1d,54e52590,af863475,2,0,2,0,
Baroda,109,113,4,8e5a4e1d,54e52590,af863475,1,0,1,0,
Baroda,110,114,4,af863475,54e52590,8e5a4e1d,1,0,1,0,
Baroda,111,118,4,8e5a4e1d,54e52590,af863475,4,0,4,0,
Baroda,112,119,4,af863475,85e0cf10,8e5a4e1d,1,0,1,0,
Baroda,113,119,5,8e5a4e1d,85e0cf10,af863475,0,0,0,1,caught
Baroda,114,120,5,4312e8f9,85e0cf10,af863475,1,0,1,0,
Baroda,115,126,5,af863475,85e0cf10,4312e8f9,6,0,6,0,
Baroda,116,128,5,af863475,85e0cf10,4312e8f9,2,0,2,0,
Baroda,117,128,5,af863475,85e0cf10,4312e8f9,0,0,0,0,
Baroda,118,128,5,4312e8f9,54e52590,af863475,0,0,0,0,
Baroda,119,129,5,4312e8f9,54e52590,af863475,1,0,1,0,
Baroda,120,130,5,af863475,54e52590,4312e8f9,0,1,1,0,
Baroda,121,134,5,4312e8f9,54e52590,af863475,4,0,4,0,
Baroda,122,134,6,4312e8f9,54e52590,af863475,0,0,0,1,run out
Baroda,123,134,7,ba86aae4,54e52590,4312e8f9,0,0,0,1,caught
Karnataka,1,0,0,00ea847a,5b8c830e,2c25d4f5,0,0,0,0,
Karnataka,2,0,0,00ea847a,5b8c830e,2c25d4f5,0,0,0,0,
Karnataka,3,1,0,00ea847a,5b8c830e,2c25d4f5,1,0,1,0,
Karnataka,4,5,0,2c25d4f5,5b8c830e,00ea847a,4,0,4,0,
Karnataka,5,6,0,2c25d4f5,5b8c830e,00ea847a,1,0,1,0,
Karnataka,6,7,0,00ea847a,5b8c830e,2c25d4f5,0,1,1,0,
Karnataka,7,9,0,00ea847a,5b8c830e,2c25d4f5,2,0,2,0,
Karnataka,8,10,0,2c25d4f5,ba86aae4,00ea847a,1,0,1,0,
Karnataka,9,11,0,00ea847a,ba86aae4,2c25d4f5,1,0,1,0,
Karnataka,10,11,0,2c25d4f5,ba86aae4,00ea847a,0,0,0,0,
Karnataka,11,15,0,2c25d4f5,ba86aae4,00ea847a,4,0,4,0,
Karnataka,12,15,0,2c25d4f5,ba86aae4,00ea847a,0,0,0,0,
Karnataka,13,19,0,2c25d4f5,ba86aae4,00ea847a,4,0,4,0,
Karnataka,14,19,0,00ea847a,d3611425,2c25d4f5,0,0,0,0,
Karnataka,15,19,0,00ea847a,d3611425,2c25d4f5,0,0,0,0,
Karnataka,16,23,0,00ea847a,d3611425,2c25d4f5,4,0,4,0,
Karnataka,17,27,0,00ea847a,d3611425,2c25d4f5,4,0,4,0,
Karnataka,18,27,0,00ea847a,d3611425,2c25d4f5,0,0,0,0,
Karnataka,19,27,0,00ea847a,d3611425,2c25d4f5,0,0,0,0,
Karnataka,20,28,0,2c25d4f5,4312e8f9,00ea847a,1,0,1,0,
Karnataka,21,32,0,00ea847a,4312e8f9,2c25d4f5,4,0,4,0,
Karnataka,22,33,0,00ea847a,4312e8f9,2c25d4f5,1,0,1,0,
Karnataka,23,33,0,2c25d4f5,4312e8f9,00ea847a,0,0,0,0,
Karnataka,24,37,0,2c25d4f5,4312e8f9,00ea847a,4,0,4,0,
Karnataka,25,38,0,2c25d4f5,4312e8f9,00ea847a,1,0,1,0,
Karnataka,26,38,0,2c25d4f5,ba86aae4,00ea847a,0,0,0,0,
Karnataka,27,38,0,2c25d4f5,ba86aae4,00ea847a,0,0,0,0,
Karnataka,28,39,0,2c25d4f5,ba86aae4,00ea847a,1,0,1,0,
Karnataka,29,40,0,00ea847a,ba86aae4,2c25d4f5,1,0,1,0,
Karnataka,30,41,0,2c25d4f5,ba86aae4,00ea847a,1,0,1,0,
Karnataka,31,42,0,00ea847a,ba86aae4,2c25d4f5,1,0,1,0,
Karnataka,32,43,0,00ea847a,8f607eea,2c25d4f5,1,0,1,0,
Karnataka,33,44,0,2c25d4f5,8f607eea,00ea847a,1,0,1,0,
Karnataka,34,44,0,00ea847a,8f607eea,2c25d4f5,0,0,0,0,
Karnataka,35,45,0,00ea847a,8f607eea,2c25d4f5,1,0,1,0,
Karnataka,36,45,0,2c25d4f5,8f607eea,00ea847a,0,0,0,0,
Karnataka,37,46,0,2c25d4f5,8f607eea,00ea847a,1,0,1,0,
Karnataka,38,48,0,2c25d4f5,ba86aae4,00ea847a,2,0,2,0,
Karnataka,39,52,0,2c25d4f5,ba86aae4,00ea847a,4,0,4,0,
Karnataka,40,52,0,2c25d4f5,ba86aae4,00ea847a,0,0,0,0,
Karnataka,41,54,0,2c25d4f5,ba86aae4,00ea847a,2,0,2,0,
Karnataka,42,55,0,2c25d4f5,ba86aae4,00ea847a,1,0,1,0,
Karnataka,43,56,0,00ea847a,ba86aae4,2c25d4f5,1,0,1,0,
Karnataka,44,56,0,00ea847a,8f607eea,2c25d4f5,0,0,0,0,
Karnataka,45,56,0,00ea847a,8f607eea,2c25d4f5,0,0,0,0,
Karnataka,46,57,0,00ea847a,8f607eea,2c25d4f5,1,0,1,0,
Karnataka,47,57,0,2c25d4f5,8f607eea,00ea847a,0,0,0,0,
Karnataka,48,57,0,2c25d4f5,8f607eea,00ea847a,0,0,0,0,
Karnataka,49,58,0,2c25d4f5,8f607eea,00ea847a,1,0,1,0,
Karnataka,50,64,0,2c25d4f5,5b8c830e,00ea847a,6,0,6,0,
Karnataka,51,65,0,2c25d4f5,5b8c830e,00ea847a,1,0,1,0,
Karnataka,52,66,0,00ea847a,5b8c830e,2c25d4f5,0,1,1,0,
Karnataka,53,70,0,00ea847a,5b8c830e,2c25d4f5,4,0,4,0,
Karnataka,54,71,0,00ea847a,5b8c830e,2c25d4f5,1,0,1,0,
Karnataka,55,71,0,2c25d4f5,5b8c830e,00ea847a,0,0,0,0,
Karnataka,56,72,0,2c25d4f5,5b8c830e,00ea847a,1,0,1,0,
Karnataka,57,73,0,2c25d4f5,8f607eea,00ea847a,1,0,1,0,
Karnataka,58,73,1,00ea847a,8f607eea,2c25d4f5,0,0,0,1,bowled
Karnataka,59,73,1,93b4fc78,8f607eea,2c25d4f5,0,0,0,0,
Karnataka,60,74,1,93b4fc78,8f607eea,2c25d4f5,1,0,1,0,
Karnataka,61,75,1,2c25d4f5,8f607eea,93b4fc78,1,0,1,0,
Karnataka,62,75,1,93b4fc78,8f607eea,2c25d4f5,0,0,0,0,
Karnataka,63,76,1,2c25d4f5,9e76cdb3,93b4fc78,1,0,1,0,
Karnataka,64,77,1,93b4fc78,9e76cdb3,2c25d4f5,1,0,1,0,
Karnataka,65,78,1,2c25d4f5,9e76cdb3,93b4fc78,1,0,1,0,
Karnataka,66,78,1,93b4fc78,9e76cdb3,2c25d4f5,0,0,0,0,
Karnataka,67,78,1,93b4fc78,9e76cdb3,2c25d4f5,0,0,0,0,
Karnataka,68,78,1,93b4fc78,9e76cdb3,2c25d4f5,0,0,0,0,
Karnataka,69,79,1,2c25d4f5,d3611425,93b4fc78,1,0,1,0,
Karnataka,70,79,1,93b4fc78,d3611425,2c25d4f5,0,0,0,0,
Karnataka,71,80,1,93b4fc78,d3611425,2c25d4f5,1,0,1,0,
Karnataka,72,81,1,2c25d4f5,d3611425,93b4fc78,1,0,1,0,
Karnataka,73,81,2,93b4fc78,d3611425,2c25d4f5,0,0,0,1,bowled
Karnataka,74,81,2,944533a5,d3611425,2c25d4f5,0,0,0,0,
Karnataka,75,82,2,2c25d4f5,9e76cdb3,944533a5,1,0,1,0,
Karnataka,76,83,2,944533a5,9e76cdb3,2c25d4f5,1,0,1,0,
Karnataka,77,84,2,2c25d4f5,9e76cdb3,944533a5,1,0,1,0,
Karnataka,78,88,2,944533a5,9e76cdb3,2c25d4f5,4,0,4,0,
Karnataka,79,88,2,944533a5,9e76cdb3,2c25d4f5,0,0,0,0,
Karnataka,80,89,2,944533a5,9e76cdb3,2c25d4f5,1,0,1,0,
Karnataka,81,90,2,944533a5,4312e8f9,2c25d4f5,1,0,1,0,
Karnataka,82,92,2,2c25d4f5,4312e8f9,944533a5,2,0,2,0,
Karnataka,83,92,2,2c25d4f5,4312e8f9,944533a5,0,0,0,0,
Karnataka,84,92,2,2c25d4f5,4312e8f9,944533a5,0,0,0,0,
Karnataka,85,92,2,2c25d4f5,4312e8f9,944533a5,0,0,0,0,
Karnataka,86,94,2,2c25d4f5,4312e8f9,944533a5,2,0,2,0,
Karnataka,87,95,2,944533a5,ba86aae4,2c25d4f5,1,0,1,0,
Karnataka,88,95,2,2c25d4f5,ba86aae4,944533a5,0,0,0,0,
Karnataka,89,96,2,2c25d4f5,ba86aae4,944533a5,1,0,1,0,
Karnataka,90,97,2,944533a5,ba86aae4,2c25d4f5,1,0,1,0,
Karnataka,91,98,2,2c25d4f5,ba86aae4,944533a5,1,0,1,0,
Karnataka,92,99,2,944533a5,ba86aae4,2c25d4f5,1,0,1,0,
Karnataka,93,99,2,944533a5,8f607eea,2c25d4f5,0,0,0,0,
Karnataka,94,103,2,944533a5,8f607eea,2c25d4f5,4,0,4,0,
Karnataka,95,103,2,944533a5,8f607eea,2c25d4f5,0,0,0,0,
Karnataka,96,104,2,944533a5,8f607eea,2c25d4f5,1,0,1,0,
Karnataka,97,104,3,2c25d4f5,8f607eea,944533a5,0,0,0,1,caught
Karnataka,98,105,3,40c1eeeb,8f607eea,944533a5,1,0,1,0,
Karnataka,99,105,3,40c1eeeb,5b8c830e,944533a5,0,0,0,0,
Karnataka,100,106,3,40c1eeeb,5b8c830e,944533a5,1,0,1,0,
Karnataka,101,107,3,944533a5,5b8c830e,40c1eeeb,1,0,1,0,
Karnataka,102,113,3,40c1eeeb,5b8c830e,944533a5,6,0,6,0,
Karnataka,103,114,3,40c1eeeb,5b8c830e,944533a5,1,0,1,0,
Karnataka,104,115,3,944533a5,5b8c830e,40c1eeeb,1,0,1,0,
Karnataka,105,115,3,944533a5,d3611425,40c1eeeb,0,0,0,0,
Karnataka,106,116,3,944533a5,d3611425,40c1eeeb,1,0,1,0,
Karnataka,107,116,3,40c1eeeb,d3611425,944533a5,0,0,0,0,
Karnataka,108,117,3,40c1eeeb,d3611425,944533a5,1,0,1,0,
Karnataka,109,117,3,944533a5,d3611425,40c1eeeb,0,0,0,0,
Karnataka,110,118,3,944533a5,d3611425,40c1eeeb,0,1,1,0,
Karnataka,111,120,3,944533a5,4312e8f9,40c1eeeb,2,0,2,0,
Karnataka,112,126,3,944533a5,4312e8f9,40c1eeeb,6,0,6,0,
Karnataka,113,130,3,944533a5,4312e8f9,40c1eeeb,4,0,4,0,
Karnataka,114,131,3,944533a5,4312e8f9,40c1eeeb,1,0,1,0,
Karnataka,115,132,3,40c1eeeb,4312e8f9,944533a5,1,0,1,0,
Karnataka,116,133,3,944533a5,4312e8f9,40c1eeeb,1,0,1,0,
Karnataka,117,137,3,944533a5,d3611425,40c1eeeb,4,0,4,0,
