batting_team,ball_number,total_team_runs,total_team_wickets,striker_ID,bowler_ID,nonstriker_ID,batter_runs,extras_runs,total_delivery_runs,wicket,wicket_type
England,1,1,0,99b75528,13c35c9e,abb83e27,1,0,1,0,
England,2,1,0,abb83e27,13c35c9e,99b75528,0,0,0,0,
England,3,2,0,abb83e27,13c35c9e,99b75528,1,0,1,0,
England,4,2,0,99b75528,13c35c9e,abb83e27,0,0,0,0,
England,5,2,0,99b75528,13c35c9e,abb83e27,0,0,0,0,
England,6,6,0,99b75528,13c35c9e,abb83e27,4,0,4,0,
England,7,6,0,abb83e27,a818c1be,99b75528,0,0,0,0,
England,8,6,0,abb83e27,a818c1be,99b75528,0,0,0,0,
England,9,6,0,abb83e27,a818c1be,99b75528,0,0,0,0,
England,10,8,0,abb83e27,a818c1be,99b75528,2,0,2,0,
England,11,8,0,abb83e27,a818c1be,99b75528,0,0,0,0,
England,12,12,0,abb83e27,a818c1be,99b75528,4,0,4,0,
England,13,12,0,99b75528,13c35c9e,abb83e27,0,0,0,0,
England,14,13,0,99b75528,13c35c9e,abb83e27,1,0,1,0,
England,15,13,0,abb83e27,13c35c9e,99b75528,0,0,0,0,
England,16,13,0,abb83e27,13c35c9e,99b75528,0,0,0,0,
England,17,13,0,abb83e27,13c35c9e,99b75528,0,0,0,0,
England,18,13,0,abb83e27,13c35c9e,99b75528,0,0,0,0,
England,19,17,0,99b75528,a818c1be,abb83e27,4,0,4,0,
England,20,21,0,99b75528,a818c1be,abb83e27,4,0,4,0,
England,21,21,0,99b75528,a818c1be,abb83e27,0,0,0,0,
England,22,26,0,99b75528,a818c1be,abb83e27,0,5,5,0,
England,23,28,0,99b75528,a818c1be,abb83e27,2,0,2,0,
England,24,28,0,99b75528,a818c1be,abb83e27,0,0,0,0,
England,25,29,0,99b75528,a818c1be,abb83e27,1,0,1,0,
England,26,30,0,99b75528,13c35c9e,abb83e27,1,0,1,0,
England,27,34,0,abb83e27,13c35c9e,99b75528,4,0,4,0,
England,28,34,0,abb83e27,13c35c9e,99b75528,0,0,0,0,
England,29,35,0,abb83e27,13c35c9e,99b75528,1,0,1,0,
England,30,36,0,99b75528,13c35c9e,abb83e27,1,0,1,0,
England,31,37,0,abb83e27,13c35c9e,99b75528,1,0,1,0,
England,32,37,1,abb83e27,350bb1b1,99b75528,0,0,0,1,caught
England,33,38,1,ad9c32a2,350bb1b1,99b75528,1,0,1,0,
England,34,38,1,99b75528,350bb1b1,ad9c32a2,0,0,0,0,
England,35,39,1,99b75528,350bb1b1,ad9c32a2,1,0,1,0,
England,36,39,1,ad9c32a2,350bb1b1,99b75528,0,0,0,0,
England,37,40,1,ad9c32a2,350bb1b1,99b75528,0,1,1,0,
England,38,41,1,ad9c32a2,641ac5ff,99b75528,1,0,1,0,
England,39,42,1,99b75528,641ac5ff,ad9c32a2,1,0,1,0,
England,40,42,1,ad9c32a2,641ac5ff,99b75528,0,0,0,0,
England,41,43,1,ad9c32a2,641ac5ff,99b75528,1,0,1,0,
England,42,44,1,99b75528,641ac5ff,ad9c32a2,1,0,1,0,
England,43,45,1,ad9c32a2,641ac5ff,99b75528,1,0,1,0,
England,44,46,1,ad9c32a2,e4a0deae,99b75528,1,0,1,0,
England,45,46,1,99b75528,e4a0deae,ad9c32a2,0,0,0,0,
England,46,50,1,99b75528,e4a0deae,ad9c32a2,4,0,4,0,
England,47,52,1,99b75528,e4a0deae,ad9c32a2,2,0,2,0,
England,48,52,1,99b75528,e4a0deae,ad9c32a2,0,0,0,0,
England,49,53,1,99b75528,e4a0deae,ad9c32a2,1,0,1,0,
England,50,53,2,99b75528,641ac5ff,ad9c32a2,0,0,0,1,lbw
England,51,54,2,bb351c23,641ac5ff,ad9c32a2,1,0,1,0,
England,52,55,2,ad9c32a2,641ac5ff,bb351c23,1,0,1,0,
England,53,55,2,bb351c23,641ac5ff,ad9c32a2,0,0,0,0,
England,54,56,2,bb351c23,641ac5ff,ad9c32a2,1,0,1,0,
England,55,60,2,ad9c32a2,641ac5ff,bb351c23,4,0,4,0,
England,56,61,2,bb351c23,9219eff0,ad9c32a2,1,0,1,0,
England,57,61,2,ad9c32a2,9219eff0,bb351c23,0,0,0,0,
England,58,62,2,ad9c32a2,9219eff0,bb351c23,1,0,1,0,
England,59,62,2,bb351c23,9219eff0,ad9c32a2,0,0,0,0,
England,60,63,2,bb351c23,9219eff0,ad9c32a2,1,0,1,0,
England,61,67,2,ad9c32a2,9219eff0,bb351c23,4,0,4,0,
England,62,68,2,bb351c23,9a46c4e5,ad9c32a2,1,0,1,0,
England,63,72,2,ad9c32a2,9a46c4e5,bb351c23,4,0,4,0,
England,64,72,2,ad9c32a2,9a46c4e5,bb351c23,0,0,0,0,
England,65,76,2,ad9c32a2,9a46c4e5,bb351c23,4,0,4,0,
England,66,77,2,ad9c32a2,9a46c4e5,bb351c23,1,0,1,0,
England,67,78,2,bb351c23,9a46c4e5,ad9c32a2,1,0,1,0,
England,68,79,2,bb351c23,350bb1b1,ad9c32a2,1,0,1,0,
England,69,82,2,ad9c32a2,350bb1b1,bb351c23,3,0,3,0,
England,70,83,2,bb351c23,350bb1b1,ad9c32a2,1,0,1,0,
England,71,84,2,ad9c32a2,350bb1b1,bb351c23,1,0,1,0,
England,72,84,2,bb351c23,350bb1b1,ad9c32a2,0,0,0,0,
England,73,85,2,bb351c23,350bb1b1,ad9c32a2,1,0,1,0,
England,74,86,2,bb351c23,641ac5ff,ad9c32a2,0,1,1,0,
England,75,87,2,bb351c23,641ac5ff,ad9c32a2,1,0,1,0,
England,76,88,2,ad9c32a2,641ac5ff,bb351c23,1,0,1,0,
England,77,89,2,bb351c23,641ac5ff,ad9c32a2,1,0,1,0,
England,78,89,2,ad9c32a2,641ac5ff,bb351c23,0,0,0,0,
England,79,90,2,ad9c32a2,641ac5ff,bb351c23,1,0,1,0,
England,80,94,2,bb351c23,641ac5ff,ad9c32a2,4,0,4,0,
England,81,95,2,ad9c32a2,350bb1b1,bb351c23,1,0,1,0,
England,82,96,2,bb351c23,350bb1b1,ad9c32a2,1,0,1,0,
England,83,96,2,ad9c32a2,350bb1b1,bb351c23,0,0,0,0,
England,84,98,2,ad9c32a2,350bb1b1,bb351c23,2,0,2,0,
England,85,99,2,ad9c32a2,350bb1b1,bb351c23,1,0,1,0,
England,86,100,2,bb351c23,350bb1b1,ad9c32a2,1,0,1,0,
England,87,102,2,bb351c23,a818c1be,ad9c32a2,2,0,2,0,
England,88,103,2,bb351c23,a818c1be,ad9c32a2,1,0,1,0,
England,89,104,2,ad9c32a2,a818c1be,bb351c23,1,0,1,0,
England,90,108,2,bb351c23,a818c1be,ad9c32a2,4,0,4,0,
England,91,109,2,bb351c23,a818c1be,ad9c32a2,1,0,1,0,
England,92,110,2,ad9c32a2,a818c1be,bb351c23,0,1,1,0,
England,93,116,2,ad9c32a2,13c35c9e,bb351c23,6,0,6,0,
England,94,116,3,ad9c32a2,13c35c9e,bb351c23,0,0,0,1,caught
England,95,117,3,50c6bc2b,13c35c9e,bb351c23,1,0,1,0,
England,96,117,3,bb351c23,13c35c9e,50c6bc2b,0,0,0,0,
England,97,118,3,bb351c23,13c35c9e,50c6bc2b,1,0,1,0,
England,98,119,3,50c6bc2b,13c35c9e,bb351c23,1,0,1,0,
England,99,120,3,50c6bc2b,641ac5ff,bb351c23,0,1,1,0,
England,100,121,3,50c6bc2b,641ac5ff,bb351c23,1,0,1,0,
England,101,127,3,bb351c23,641ac5ff,50c6bc2b,6,0,6,0,
England,102,127,3,bb351c23,641ac5ff,50c6bc2b,0,0,0,0,
England,103,127,3,bb351c23,641ac5ff,50c6bc2b,0,0,0,0,
England,104,129,3,bb351c23,641ac5ff,50c6bc2b,2,0,2,0,
England,105,130,3,bb351c23,641ac5ff,50c6bc2b,1,0,1,0,
England,106,136,3,bb351c23,350bb1b1,50c6bc2b,6,0,6,0,
England,107,137,3,bb351c23,350bb1b1,50c6bc2b,1,0,1,0,
England,108,138,3,50c6bc2b,350bb1b1,bb351c23,1,0,1,0,
England,109,139,3,bb351c23,350bb1b1,50c6bc2b,1,0,1,0,
England,110,140,3,50c6bc2b,350bb1b1,bb351c23,0,1,1,0,
England,111,140,3,50c6bc2b,350bb1b1,bb351c23,0,0,0,0,
England,112,146,3,50c6bc2b,350bb1b1,bb351c23,6,0,6,0,
England,113,147,3,bb351c23,a818c1be,50c6bc2b,1,0,1,0,
England,114,149,3,50c6bc2b,a818c1be,bb351c23,2,0,2,0,
England,115,153,3,50c6bc2b,a818c1be,bb351c23,4,0,4,0,
England,116,154,3,50c6bc2b,a818c1be,bb351c23,1,0,1,0,
England,117,154,3,bb351c23,a818c1be,50c6bc2b,0,0,0,0,
England,118,155,3,bb351c23,a818c1be,50c6bc2b,1,0,1,0,
England,119,156,3,bb351c23,9219eff0,50c6bc2b,1,0,1,0,
England,120,156,4,50c6bc2b,9219eff0,bb351c23,0,0,0,1,caught
England,121,160,4,bb351c23,9219eff0,d2a6c0e6,4,0,4,0,
England,122,161,4,bb351c23,9219eff0,d2a6c0e6,1,0,1,0,
England,123,162,4,d2a6c0e6,9219eff0,bb351c23,0,1,1,0,
England,124,164,4,d2a6c0e6,9219eff0,bb351c23,2,0,2,0,
England,125,166,4,d2a6c0e6,9219eff0,bb351c23,2,0,2,0,
New Zealand,1,4,0,2be41edb,4c5d73db,eade4650,4,0,4,0,
New Zealand,2,4,0,2be41edb,4c5d73db,eade4650,0,0,0,0,
New Zealand,3,4,1,2be41edb,4c5d73db,eade4650,0,0,0,1,caught
New Zealand,4,5,1,eade4650,4c5d73db,d027ba9f,1,0,1,0,
New Zealand,5,5,1,d027ba9f,4c5d73db,eade4650,0,0,0,0,
New Zealand,6,8,1,d027ba9f,4c5d73db,eade4650,3,0,3,0,
New Zealand,7,8,1,d027ba9f,ffe699c0,eade4650,0,0,0,0,
New Zealand,8,8,1,d027ba9f,ffe699c0,eade4650,0,0,0,0,
New Zealand,9,8,1,d027ba9f,ffe699c0,eade4650,0,0,0,0,
New Zealand,10,9,1,d027ba9f,ffe699c0,eade4650,1,0,1,0,
New Zealand,11,12,1,eade4650,ffe699c0,d027ba9f,3,0,3,0,
New Zealand,12,13,1,d027ba9f,ffe699c0,eade4650,1,0,1,0,
New Zealand,13,13,1,d027ba9f,4c5d73db,eade4650,0,0,0,0,
New Zealand,14,13,1,d027ba9f,4c5d73db,eade4650,0,0,0,0,
New Zealand,15,13,1,d027ba9f,4c5d73db,eade4650,0,0,0,0,
New Zealand,16,13,2,d027ba9f,4c5d73db,eade4650,0,0,0,1,caught
New Zealand,17,13,2,eade4650,4c5d73db,df5a6881,0,0,0,0,
New Zealand,18,13,2,eade4650,4c5d73db,df5a6881,0,0,0,0,
New Zealand,19,13,2,df5a6881,ffe699c0,eade4650,0,0,0,0,
New Zealand,20,13,2,df5a6881,ffe699c0,eade4650,0,0,0,0,
New Zealand,21,13,2,df5a6881,ffe699c0,eade4650,0,0,0,0,
New Zealand,22,14,2,df5a6881,ffe699c0,eade4650,0,1,1,0,
New Zealand,23,14,2,df5a6881,ffe699c0,eade4650,0,0,0,0,
New Zealand,24,14,2,df5a6881,ffe699c0,eade4650,0,0,0,0,
New Zealand,25,18,2,df5a6881,ffe699c0,eade4650,4,0,4,0,
New Zealand,26,20,2,eade4650,4c5d73db,df5a6881,2,0,2,0,
New Zealand,27,24,2,eade4650,4c5d73db,df5a6881,4,0,4,0,
New Zealand,28,25,2,eade4650,4c5d73db,df5a6881,1,0,1,0,
New Zealand,29,25,2,df5a6881,4c5d73db,eade4650,0,0,0,0,
New Zealand,30,26,2,df5a6881,4c5d73db,eade4650,1,0,1,0,
New Zealand,31,26,2,eade4650,4c5d73db,df5a6881,0,0,0,0,
New Zealand,32,30,2,df5a6881,249d60c9,eade4650,4,0,4,0,
New Zealand,33,31,2,df5a6881,249d60c9,eade4650,1,0,1,0,
New Zealand,34,31,2,eade4650,249d60c9,df5a6881,0,0,0,0,
New Zealand,35,32,2,eade4650,249d60c9,df5a6881,1,0,1,0,
New Zealand,36,32,2,df5a6881,249d60c9,eade4650,0,0,0,0,
New Zealand,37,36,2,df5a6881,249d60c9,eade4650,4,0,4,0,
New Zealand,38,36,2,eade4650,8d92a2c3,df5a6881,0,0,0,0,
New Zealand,39,36,2,eade4650,8d92a2c3,df5a6881,0,0,0,0,
New Zealand,40,38,2,eade4650,8d92a2c3,df5a6881,2,0,2,0,
New Zealand,41,39,2,eade4650,8d92a2c3,df5a6881,1,0,1,0,
New Zealand,42,40,2,df5a6881,8d92a2c3,eade4650,1,0,1,0,
New Zealand,43,41,2,eade4650,8d92a2c3,df5a6881,1,0,1,0,
New Zealand,44,41,2,eade4650,249d60c9,df5a6881,0,0,0,0,
New Zealand,45,41,2,eade4650,249d60c9,df5a6881,0,0,0,0,
New Zealand,46,42,2,eade4650,249d60c9,df5a6881,1,0,1,0,
New Zealand,47,43,2,df5a6881,249d60c9,eade4650,1,0,1,0,
New Zealand,48,44,2,eade4650,249d60c9,df5a6881,1,0,1,0,
New Zealand,49,45,2,df5a6881,249d60c9,eade4650,1,0,1,0,
New Zealand,50,45,2,df5a6881,8d92a2c3,eade4650,0,0,0,0,
New Zealand,51,46,2,df5a6881,8d92a2c3,eade4650,1,0,1,0,
New Zealand,52,46,2,eade4650,8d92a2c3,df5a6881,0,0,0,0,
New Zealand,53,47,2,eade4650,8d92a2c3,df5a6881,1,0,1,0,
New Zealand,54,48,2,df5a6881,8d92a2c3,eade4650,1,0,1,0,
New Zealand,55,50,2,eade4650,8d92a2c3,df5a6881,2,0,2,0,
New Zealand,56,50,2,df5a6881,50c6bc2b,eade4650,0,0,0,0,
New Zealand,57,51,2,df5a6881,50c6bc2b,eade4650,1,0,1,0,
New Zealand,58,52,2,eade4650,50c6bc2b,df5a6881,1,0,1,0,
New Zealand,59,54,2,df5a6881,50c6bc2b,eade4650,2,0,2,0,
New Zealand,60,58,2,df5a6881,50c6bc2b,eade4650,4,0,4,0,
New Zealand,61,58,2,df5a6881,50c6bc2b,eade4650,0,0,0,0,
New Zealand,62,62,2,eade4650,8d92a2c3,df5a6881,4,0,4,0,
New Zealand,63,63,2,eade4650,8d92a2c3,df5a6881,1,0,1,0,
New Zealand,64,65,2,df5a6881,8d92a2c3,eade4650,0,2,2,0,
New Zealand,65,66,2,eade4650,8d92a2c3,df5a6881,1,0,1,0,
New Zealand,66,72,2,df5a6881,8d92a2c3,eade4650,6,0,6,0,
New Zealand,67,73,2,df5a6881,8d92a2c3,eade4650,1,0,1,0,
New Zealand,68,73,2,eade4650,8d92a2c3,df5a6881,0,0,0,0,
New Zealand,69,73,2,df5a6881,50c6bc2b,eade4650,0,0,0,0,
New Zealand,70,73,2,df5a6881,50c6bc2b,eade4650,0,0,0,0,
New Zealand,71,75,2,df5a6881,50c6bc2b,eade4650,2,0,2,0,
New Zealand,72,75,2,df5a6881,50c6bc2b,eade4650,0,0,0,0,
New Zealand,73,79,2,df5a6881,50c6bc2b,eade4650,4,0,4,0,
New Zealand,74,80,2,df5a6881,50c6bc2b,eade4650,1,0,1,0,
New Zealand,75,81,2,df5a6881,249d60c9,eade4650,1,0,1,0,
New Zealand,76,82,2,eade4650,249d60c9,df5a6881,0,1,1,0,
New Zealand,77,84,2,df5a6881,249d60c9,eade4650,2,0,2,0,
New Zealand,78,85,2,df5a6881,249d60c9,eade4650,1,0,1,0,
New Zealand,79,91,2,eade4650,249d60c9,df5a6881,6,0,6,0,
New Zealand,80,92,2,eade4650,249d60c9,df5a6881,1,0,1,0,
New Zealand,81,93,2,eade4650,50c6bc2b,df5a6881,1,0,1,0,
New Zealand,82,95,2,df5a6881,50c6bc2b,eade4650,2,0,2,0,
New Zealand,83,95,2,df5a6881,50c6bc2b,eade4650,0,0,0,0,
New Zealand,84,95,3,df5a6881,50c6bc2b,eade4650,0,0,0,1,stumped
New Zealand,85,96,3,9a46c4e5,50c6bc2b,eade4650,0,1,1,0,
New Zealand,86,97,3,eade4650,50c6bc2b,9a46c4e5,1,0,1,0,
New Zealand,87,98,3,eade4650,8d92a2c3,9a46c4e5,1,0,1,0,
New Zealand,88,99,3,9a46c4e5,8d92a2c3,eade4650,1,0,1,0,
New Zealand,89,101,3,eade4650,8d92a2c3,9a46c4e5,2,0,2,0,
New Zealand,90,105,3,eade4650,8d92a2c3,9a46c4e5,4,0,4,0,
New Zealand,91,106,3,eade4650,8d92a2c3,9a46c4e5,1,0,1,0,
New Zealand,92,107,3,9a46c4e5,8d92a2c3,eade4650,1,0,1,0,
New Zealand,93,107,4,9a46c4e5,50c6bc2b,eade4650,0,0,0,1,caught
New Zealand,94,107,4,eade4650,50c6bc2b,9219eff0,0,0,0,0,
New Zealand,95,107,4,eade4650,50c6bc2b,9219eff0,0,0,0,0,
New Zealand,96,107,4,eade4650,50c6bc2b,9219eff0,0,0,0,0,
New Zealand,97,108,4,eade4650,50c6bc2b,9219eff0,1,0,1,0,
New Zealand,98,109,4,9219eff0,50c6bc2b,eade4650,0,1,1,0,
New Zealand,99,110,4,9219eff0,50c6bc2b,eade4650,1,0,1,0,
New Zealand,100,116,4,9219eff0,ffe699c0,eade4650,6,0,6,0,
New Zealand,101,118,4,9219eff0,ffe699c0,eade4650,0,2,2,0,
New Zealand,102,119,4,9219eff0,ffe699c0,eade4650,0,1,1,0,
New Zealand,103,123,4,9219eff0,ffe699c0,eade4650,4,0,4,0,
New Zealand,104,124,4,9219eff0,ffe699c0,eade4650,0,1,1,0,
New Zealand,105,130,4,9219eff0,ffe699c0,eade4650,6,0,6,0,
New Zealand,106,132,4,9219eff0,ffe699c0,eade4650,2,0,2,0,
New Zealand,107,133,4,9219eff0,ffe699c0,eade4650,1,0,1,0,
New Zealand,108,133,4,9219eff0,249d60c9,eade4650,0,0,0,0,
New Zealand,109,139,4,9219eff0,249d60c9,eade4650,6,0,6,0,
New Zealand,110,140,4,9219eff0,249d60c9,eade4650,1,0,1,0,
New Zealand,111,146,4,eade4650,249d60c9,9219eff0,6,0,6,0,
New Zealand,112,147,4,eade4650,249d60c9,9219eff0,1,0,1,0,
New Zealand,113,147,5,9219eff0,249d60c9,eade4650,0,0,0,1,caught
New Zealand,114,149,5,eade4650,4c5d73db,e4a0deae,2,0,2,0,
New Zealand,115,155,5,eade4650,4c5d73db,e4a0deae,6,0,6,0,
New Zealand,116,161,5,eade4650,4c5d73db,e4a0deae,6,0,6,0,
New Zealand,117,162,5,eade4650,4c5d73db,e4a0deae,1,0,1,0,
New Zealand,118,163,5,e4a0deae,4c5d73db,eade4650,1,0,1,0,
New Zealand,119,167,5,eade4650,4c5d73db,e4a0deae,4,0,4,0,
