batting_team,ball_number,total_team_runs,total_team_wickets,striker_ID,bowler_ID,nonstriker_ID,batter_runs,extras_runs,total_delivery_runs,wicket,wicket_type
Bangladesh,1,1,0,7923a51d,ff1e12a0,4d9f9686,1,0,1,0,
Bangladesh,2,1,0,4d9f9686,ff1e12a0,7923a51d,0,0,0,0,
Bangladesh,3,1,0,4d9f9686,ff1e12a0,7923a51d,0,0,0,0,
Bangladesh,4,1,0,4d9f9686,ff1e12a0,7923a51d,0,0,0,0,
Bangladesh,5,1,0,4d9f9686,ff1e12a0,7923a51d,0,0,0,0,
Bangladesh,6,2,0,4d9f9686,ff1e12a0,7923a51d,1,0,1,0,
Bangladesh,7,2,0,4d9f9686,03806cf8,7923a51d,0,0,0,0,
Bangladesh,8,2,0,4d9f9686,03806cf8,7923a51d,0,0,0,0,
Bangladesh,9,2,0,4d9f9686,03806cf8,7923a51d,0,0,0,0,
Bangladesh,10,2,0,4d9f9686,03806cf8,7923a51d,0,0,0,0,
Bangladesh,11,3,0,4d9f9686,03806cf8,7923a51d,1,0,1,0,
Bangladesh,12,3,1,7923a51d,03806cf8,4d9f9686,0,0,0,1,caught
Bangladesh,13,3,2,4d9f9686,14f96089,7dc35884,0,0,0,1,lbw
Bangladesh,14,3,2,bf1d7d3e,14f96089,7dc35884,0,0,0,0,
Bangladesh,15,5,2,bf1d7d3e,14f96089,7dc35884,2,0,2,0,
Bangladesh,16,6,2,bf1d7d3e,14f96089,7dc35884,0,1,1,0,
Bangladesh,17,7,2,bf1d7d3e,14f96089,7dc35884,1,0,1,0,
Bangladesh,18,8,2,7dc35884,14f96089,bf1d7d3e,1,0,1,0,
Bangladesh,19,9,2,bf1d7d3e,14f96089,7dc35884,1,0,1,0,
Bangladesh,20,10,2,bf1d7d3e,03806cf8,7dc35884,1,0,1,0,
Bangladesh,21,11,2,7dc35884,03806cf8,bf1d7d3e,0,1,1,0,
Bangladesh,22,12,2,bf1d7d3e,03806cf8,7dc35884,1,0,1,0,
Bangladesh,23,12,2,7dc35884,03806cf8,bf1d7d3e,0,0,0,0,
Bangladesh,24,13,2,7dc35884,03806cf8,bf1d7d3e,1,0,1,0,
Bangladesh,25,15,2,bf1d7d3e,03806cf8,7dc35884,2,0,2,0,
Bangladesh,26,19,2,7dc35884,a2421394,bf1d7d3e,4,0,4,0,
Bangladesh,27,20,2,7dc35884,a2421394,bf1d7d3e,1,0,1,0,
Bangladesh,28,20,2,bf1d7d3e,a2421394,7dc35884,0,0,0,0,
Bangladesh,29,20,2,bf1d7d3e,a2421394,7dc35884,0,0,0,0,
Bangladesh,30,20,2,bf1d7d3e,a2421394,7dc35884,0,0,0,0,
Bangladesh,31,20,2,bf1d7d3e,a2421394,7dc35884,0,0,0,0,
Bangladesh,32,21,2,7dc35884,9eb1455b,bf1d7d3e,1,0,1,0,
Bangladesh,33,21,2,bf1d7d3e,9eb1455b,7dc35884,0,0,0,0,
Bangladesh,34,22,2,bf1d7d3e,9eb1455b,7dc35884,1,0,1,0,
Bangladesh,35,24,2,7dc35884,9eb1455b,bf1d7d3e,2,0,2,0,
Bangladesh,36,24,2,7dc35884,9eb1455b,bf1d7d3e,0,0,0,0,
Bangladesh,37,28,2,7dc35884,9eb1455b,bf1d7d3e,4,0,4,0,
Bangladesh,38,28,2,bf1d7d3e,a2421394,7dc35884,0,0,0,0,
Bangladesh,39,29,2,bf1d7d3e,a2421394,7dc35884,1,0,1,0,
Bangladesh,40,30,2,7dc35884,a2421394,bf1d7d3e,1,0,1,0,
Bangladesh,41,30,2,bf1d7d3e,a2421394,7dc35884,0,0,0,0,
Bangladesh,42,31,2,bf1d7d3e,a2421394,7dc35884,1,0,1,0,
Bangladesh,43,32,2,7dc35884,a2421394,bf1d7d3e,1,0,1,0,
Bangladesh,44,33,2,7dc35884,3d8feaf8,bf1d7d3e,1,0,1,0,
Bangladesh,45,37,2,bf1d7d3e,3d8feaf8,7dc35884,4,0,4,0,
Bangladesh,46,38,2,bf1d7d3e,3d8feaf8,7dc35884,1,0,1,0,
Bangladesh,47,42,2,7dc35884,3d8feaf8,bf1d7d3e,4,0,4,0,
Bangladesh,48,46,2,7dc35884,3d8feaf8,bf1d7d3e,4,0,4,0,
Bangladesh,49,47,2,7dc35884,3d8feaf8,bf1d7d3e,1,0,1,0,
Bangladesh,50,47,3,7dc35884,14f96089,bf1d7d3e,0,0,0,1,caught
Bangladesh,51,48,3,bf1d7d3e,14f96089,37138918,1,0,1,0,
Bangladesh,52,49,3,37138918,14f96089,bf1d7d3e,1,0,1,0,
Bangladesh,53,49,3,bf1d7d3e,14f96089,37138918,0,0,0,0,
Bangladesh,54,50,3,bf1d7d3e,14f96089,37138918,1,0,1,0,
Bangladesh,55,50,3,37138918,14f96089,bf1d7d3e,0,0,0,0,
Bangladesh,56,51,3,bf1d7d3e,a2421394,37138918,0,1,1,0,
Bangladesh,57,51,3,37138918,a2421394,bf1d7d3e,0,0,0,0,
Bangladesh,58,57,3,37138918,a2421394,bf1d7d3e,6,0,6,0,
Bangladesh,59,58,3,37138918,a2421394,bf1d7d3e,0,1,1,0,
Bangladesh,60,58,3,37138918,a2421394,bf1d7d3e,0,0,0,0,
Bangladesh,61,60,3,37138918,a2421394,bf1d7d3e,2,0,2,0,
Bangladesh,62,60,3,37138918,a2421394,bf1d7d3e,0,0,0,0,
Bangladesh,63,61,3,bf1d7d3e,9eb1455b,37138918,1,0,1,0,
Bangladesh,64,62,3,37138918,9eb1455b,bf1d7d3e,1,0,1,0,
Bangladesh,65,63,3,bf1d7d3e,9eb1455b,37138918,1,0,1,0,
Bangladesh,66,65,3,37138918,9eb1455b,bf1d7d3e,2,0,2,0,
Bangladesh,67,69,3,37138918,9eb1455b,bf1d7d3e,4,0,4,0,
Bangladesh,68,71,3,37138918,9eb1455b,bf1d7d3e,2,0,2,0,
Bangladesh,69,71,3,bf1d7d3e,2a2e6343,37138918,0,0,0,0,
Bangladesh,70,73,3,bf1d7d3e,2a2e6343,37138918,2,0,2,0,
Bangladesh,71,74,3,bf1d7d3e,2a2e6343,37138918,1,0,1,0,
Bangladesh,72,75,3,37138918,2a2e6343,bf1d7d3e,1,0,1,0,
Bangladesh,73,76,3,bf1d7d3e,2a2e6343,37138918,0,1,1,0,
Bangladesh,74,76,4,37138918,2a2e6343,bf1d7d3e,0,0,0,1,run out
Bangladesh,75,76,4,711249d1,14f96089,bf1d7d3e,0,0,0,0,
Bangladesh,76,76,4,711249d1,14f96089,bf1d7d3e,0,0,0,0,
Bangladesh,77,77,4,711249d1,14f96089,bf1d7d3e,1,0,1,0,
Bangladesh,78,78,4,bf1d7d3e,14f96089,711249d1,1,0,1,0,
Bangladesh,79,78,4,711249d1,14f96089,bf1d7d3e,0,0,0,0,
Bangladesh,80,79,4,711249d1,14f96089,bf1d7d3e,1,0,1,0,
Bangladesh,81,80,4,711249d1,03806cf8,bf1d7d3e,1,0,1,0,
Bangladesh,82,81,4,bf1d7d3e,03806cf8,711249d1,1,0,1,0,
Bangladesh,83,81,4,711249d1,03806cf8,bf1d7d3e,0,0,0,0,
Bangladesh,84,81,5,711249d1,03806cf8,bf1d7d3e,0,0,0,1,caught
Bangladesh,85,81,5,bf1d7d3e,03806cf8,d365d463,0,0,0,0,
Bangladesh,86,81,5,bf1d7d3e,03806cf8,d365d463,0,0,0,0,
Bangladesh,87,82,5,d365d463,14f96089,bf1d7d3e,1,0,1,0,
Bangladesh,88,83,5,bf1d7d3e,14f96089,d365d463,1,0,1,0,
Bangladesh,89,86,5,d365d463,14f96089,bf1d7d3e,3,0,3,0,
Bangladesh,90,87,5,bf1d7d3e,14f96089,d365d463,1,0,1,0,
Bangladesh,91,93,5,d365d463,14f96089,bf1d7d3e,6,0,6,0,
Bangladesh,92,93,5,d365d463,14f96089,bf1d7d3e,0,0,0,0,
Bangladesh,93,94,5,bf1d7d3e,2a2e6343,d365d463,1,0,1,0,
Bangladesh,94,95,5,d365d463,2a2e6343,bf1d7d3e,1,0,1,0,
Bangladesh,95,97,5,bf1d7d3e,2a2e6343,d365d463,2,0,2,0,
Bangladesh,96,97,6,bf1d7d3e,2a2e6343,d365d463,0,0,0,1,run out
Bangladesh,97,97,6,9dad0f2e,2a2e6343,bf1d7d3e,0,0,0,0,
Bangladesh,98,98,6,9dad0f2e,2a2e6343,bf1d7d3e,1,0,1,0,
Bangladesh,99,99,6,9dad0f2e,a2421394,bf1d7d3e,1,0,1,0,
Bangladesh,100,101,6,bf1d7d3e,a2421394,9dad0f2e,2,0,2,0,
Bangladesh,101,102,6,bf1d7d3e,a2421394,9dad0f2e,1,0,1,0,
Bangladesh,102,103,6,9dad0f2e,a2421394,bf1d7d3e,0,1,1,0,
Bangladesh,103,104,6,bf1d7d3e,a2421394,9dad0f2e,1,0,1,0,
Bangladesh,104,104,6,9dad0f2e,a2421394,bf1d7d3e,0,0,0,0,
Bangladesh,105,106,6,bf1d7d3e,9eb1455b,9dad0f2e,2,0,2,0,
Bangladesh,106,106,6,bf1d7d3e,9eb1455b,9dad0f2e,0,0,0,0,
Bangladesh,107,107,6,bf1d7d3e,9eb1455b,9dad0f2e,1,0,1,0,
Bangladesh,108,108,6,9dad0f2e,9eb1455b,bf1d7d3e,1,0,1,0,
Bangladesh,109,110,6,bf1d7d3e,9eb1455b,9dad0f2e,2,0,2,0,
Bangladesh,110,114,6,bf1d7d3e,9eb1455b,9dad0f2e,4,0,4,0,
Bangladesh,111,115,6,9dad0f2e,03806cf8,bf1d7d3e,1,0,1,0,
Bangladesh,112,116,6,bf1d7d3e,03806cf8,9dad0f2e,0,1,1,0,
Bangladesh,113,117,6,bf1d7d3e,03806cf8,9dad0f2e,1,0,1,0,
Bangladesh,114,118,6,9dad0f2e,03806cf8,bf1d7d3e,1,0,1,0,
Bangladesh,115,118,6,bf1d7d3e,03806cf8,9dad0f2e,0,0,0,0,
Bangladesh,116,122,6,bf1d7d3e,03806cf8,9dad0f2e,4,0,4,0,
Bangladesh,117,122,6,bf1d7d3e,03806cf8,9dad0f2e,0,0,0,0,
Bangladesh,118,122,6,9dad0f2e,9eb1455b,bf1d7d3e,0,0,0,0,
Bangladesh,119,123,6,9dad0f2e,9eb1455b,bf1d7d3e,1,0,1,0,
Bangladesh,120,127,6,bf1d7d3e,9eb1455b,9dad0f2e,4,0,4,0,
Bangladesh,121,127,7,bf1d7d3e,9eb1455b,9dad0f2e,0,0,0,1,bowled
Bangladesh,122,127,8,0a8fce53,9eb1455b,9dad0f2e,0,0,0,1,caught
Bangladesh,123,127,9,9dad0f2e,9eb1455b,bb34fd31,0,0,0,1,caught
Australia,1,1,0,c41043e6,9dad0f2e,afa7e784,1,0,1,0,
Australia,2,1,0,afa7e784,9dad0f2e,c41043e6,0,0,0,0,
Australia,3,2,0,afa7e784,9dad0f2e,c41043e6,1,0,1,0,
Australia,4,2,0,c41043e6,9dad0f2e,afa7e784,0,0,0,0,
Australia,5,8,0,c41043e6,9dad0f2e,afa7e784,6,0,6,0,
Australia,6,8,0,c41043e6,9dad0f2e,afa7e784,0,0,0,0,
Australia,7,8,0,afa7e784,37654b75,c41043e6,0,0,0,0,
Australia,8,8,0,afa7e784,37654b75,c41043e6,0,0,0,0,
Australia,9,8,1,afa7e784,37654b75,c41043e6,0,0,0,1,caught
Australia,10,9,1,3d8feaf8,37654b75,c41043e6,1,0,1,0,
Australia,11,9,1,c41043e6,37654b75,3d8feaf8,0,0,0,0,
Australia,12,9,1,c41043e6,37654b75,3d8feaf8,0,0,0,0,
Australia,13,10,1,3d8feaf8,7dc35884,c41043e6,1,0,1,0,
Australia,14,10,1,c41043e6,7dc35884,3d8feaf8,0,0,0,0,
Australia,15,11,1,c41043e6,7dc35884,3d8feaf8,1,0,1,0,
Australia,16,11,1,3d8feaf8,7dc35884,c41043e6,0,0,0,0,
Australia,17,11,1,3d8feaf8,7dc35884,c41043e6,0,0,0,0,
Australia,18,11,1,3d8feaf8,7dc35884,c41043e6,0,0,0,0,
Australia,19,11,1,c41043e6,37654b75,3d8feaf8,0,0,0,0,
Australia,20,11,1,c41043e6,37654b75,3d8feaf8,0,0,0,0,
Australia,21,11,1,c41043e6,37654b75,3d8feaf8,0,0,0,0,
Australia,22,11,1,c41043e6,37654b75,3d8feaf8,0,0,0,0,
Australia,23,11,1,c41043e6,37654b75,3d8feaf8,0,0,0,0,
Australia,24,11,1,c41043e6,37654b75,3d8feaf8,0,0,0,0,
Australia,25,11,1,3d8feaf8,7dc35884,c41043e6,0,0,0,0,
Australia,26,15,1,3d8feaf8,7dc35884,c41043e6,4,0,4,0,
Australia,27,15,1,3d8feaf8,7dc35884,c41043e6,0,0,0,0,
Australia,28,16,1,3d8feaf8,7dc35884,c41043e6,1,0,1,0,
Australia,29,16,1,c41043e6,7dc35884,3d8feaf8,0,0,0,0,
Australia,30,17,1,c41043e6,7dc35884,3d8feaf8,1,0,1,0,
Australia,31,17,1,c41043e6,0a8fce53,3d8feaf8,0,0,0,0,
Australia,32,18,1,c41043e6,0a8fce53,3d8feaf8,1,0,1,0,
Australia,33,19,1,3d8feaf8,0a8fce53,c41043e6,1,0,1,0,
Australia,34,20,1,c41043e6,0a8fce53,3d8feaf8,1,0,1,0,
Australia,35,20,1,3d8feaf8,0a8fce53,c41043e6,0,0,0,0,
Australia,36,20,1,3d8feaf8,0a8fce53,c41043e6,0,0,0,0,
Australia,37,22,1,c41043e6,37654b75,3d8feaf8,2,0,2,0,
Australia,38,23,1,c41043e6,37654b75,3d8feaf8,1,0,1,0,
Australia,39,23,1,3d8feaf8,37654b75,c41043e6,0,0,0,0,
Australia,40,27,1,3d8feaf8,37654b75,c41043e6,4,0,4,0,
Australia,41,33,1,3d8feaf8,37654b75,c41043e6,6,0,6,0,
Australia,42,33,1,3d8feaf8,37654b75,c41043e6,0,0,0,0,
Australia,43,33,1,c41043e6,bb34fd31,3d8feaf8,0,0,0,0,
Australia,44,34,1,c41043e6,bb34fd31,3d8feaf8,1,0,1,0,
Australia,45,34,1,3d8feaf8,bb34fd31,c41043e6,0,0,0,0,
Australia,46,34,1,3d8feaf8,bb34fd31,c41043e6,0,0,0,0,
Australia,47,35,1,3d8feaf8,bb34fd31,c41043e6,1,0,1,0,
Australia,48,36,1,c41043e6,bb34fd31,3d8feaf8,1,0,1,0,
Australia,49,37,1,c41043e6,7dc35884,3d8feaf8,1,0,1,0,
Australia,50,38,1,3d8feaf8,7dc35884,c41043e6,1,0,1,0,
Australia,51,44,1,c41043e6,7dc35884,3d8feaf8,6,0,6,0,
Australia,52,44,1,c41043e6,7dc35884,3d8feaf8,0,0,0,0,
Australia,53,44,1,c41043e6,7dc35884,3d8feaf8,0,0,0,0,
Australia,54,45,1,c41043e6,7dc35884,3d8feaf8,1,0,1,0,
Australia,55,46,1,c41043e6,bb34fd31,3d8feaf8,1,0,1,0,
Australia,56,50,1,3d8feaf8,bb34fd31,c41043e6,4,0,4,0,
Australia,57,50,1,3d8feaf8,bb34fd31,c41043e6,0,0,0,0,
Australia,58,54,1,3d8feaf8,bb34fd31,c41043e6,4,0,4,0,
Australia,59,54,1,3d8feaf8,bb34fd31,c41043e6,0,0,0,0,
Australia,60,54,1,3d8feaf8,bb34fd31,c41043e6,0,0,0,0,
Australia,61,55,1,c41043e6,4d9f9686,3d8feaf8,1,0,1,0,
Australia,62,56,1,3d8feaf8,4d9f9686,c41043e6,1,0,1,0,
Australia,63,57,1,c41043e6,4d9f9686,3d8feaf8,1,0,1,0,
Australia,64,61,1,3d8feaf8,4d9f9686,c41043e6,4,0,4,0,
Australia,65,62,1,3d8feaf8,4d9f9686,c41043e6,1,0,1,0,
Australia,66,63,1,c41043e6,4d9f9686,3d8feaf8,1,0,1,0,
Australia,67,65,1,c41043e6,37654b75,3d8feaf8,2,0,2,0,
Australia,68,65,1,c41043e6,37654b75,3d8feaf8,0,0,0,0,
Australia,69,65,1,c41043e6,37654b75,3d8feaf8,0,0,0,0,
Australia,70,66,1,c41043e6,37654b75,3d8feaf8,1,0,1,0,
Australia,71,67,1,3d8feaf8,37654b75,c41043e6,1,0,1,0,
Australia,72,68,1,c41043e6,37654b75,3d8feaf8,1,0,1,0,
Australia,73,69,1,c41043e6,0a8fce53,3d8feaf8,1,0,1,0,
Australia,74,69,1,3d8feaf8,0a8fce53,c41043e6,0,0,0,0,
Australia,75,69,1,3d8feaf8,0a8fce53,c41043e6,0,0,0,0,
Australia,76,69,1,3d8feaf8,0a8fce53,c41043e6,0,0,0,0,
Australia,77,69,1,3d8feaf8,0a8fce53,c41043e6,0,0,0,0,
Australia,78,69,1,3d8feaf8,0a8fce53,c41043e6,0,0,0,0,
Australia,79,71,1,c41043e6,7dc35884,3d8feaf8,2,0,2,0,
Australia,80,71,2,c41043e6,7dc35884,3d8feaf8,0,0,0,1,bowled
Australia,81,72,2,32198ae0,7dc35884,3d8feaf8,1,0,1,0,
Australia,82,72,2,3d8feaf8,7dc35884,32198ae0,0,0,0,0,
Australia,83,73,2,3d8feaf8,7dc35884,32198ae0,1,0,1,0,
Australia,84,74,2,32198ae0,7dc35884,3d8feaf8,1,0,1,0,
Australia,85,74,3,32198ae0,bb34fd31,3d8feaf8,0,0,0,1,caught
Australia,86,75,3,69d03465,bb34fd31,3d8feaf8,1,0,1,0,
Australia,87,76,3,3d8feaf8,bb34fd31,69d03465,1,0,1,0,
Australia,88,77,3,69d03465,bb34fd31,3d8feaf8,1,0,1,0,
Australia,89,79,3,3d8feaf8,bb34fd31,69d03465,2,0,2,0,
Australia,90,80,3,3d8feaf8,bb34fd31,69d03465,1,0,1,0,
Australia,91,80,3,3d8feaf8,9dad0f2e,69d03465,0,0,0,0,
Australia,92,81,3,3d8feaf8,9dad0f2e,69d03465,1,0,1,0,
Australia,93,82,3,69d03465,9dad0f2e,3d8feaf8,1,0,1,0,
Australia,94,86,3,3d8feaf8,9dad0f2e,69d03465,4,0,4,0,
Australia,95,88,3,3d8feaf8,9dad0f2e,69d03465,2,0,2,0,
Australia,96,90,3,3d8feaf8,9dad0f2e,69d03465,2,0,2,0,
Australia,97,90,3,69d03465,0a8fce53,3d8feaf8,0,0,0,0,
Australia,98,91,3,69d03465,0a8fce53,3d8feaf8,1,0,1,0,
Australia,99,92,3,3d8feaf8,0a8fce53,69d03465,1,0,1,0,
Australia,100,93,3,69d03465,0a8fce53,3d8feaf8,1,0,1,0,
Australia,101,94,3,3d8feaf8,0a8fce53,69d03465,1,0,1,0,
Australia,102,94,3,69d03465,0a8fce53,3d8feaf8,0,0,0,0,
Australia,103,94,4,3d8feaf8,bb34fd31,69d03465,0,0,0,1,caught
Australia,104,95,4,69d03465,bb34fd31,2a2e6343,1,0,1,0,
Australia,105,96,4,2a2e6343,bb34fd31,69d03465,1,0,1,0,
Australia,106,100,4,69d03465,bb34fd31,2a2e6343,4,0,4,0,
Australia,107,101,4,69d03465,bb34fd31,2a2e6343,1,0,1,0,
Australia,108,105,4,2a2e6343,bb34fd31,69d03465,4,0,4,0,
Australia,109,105,4,69d03465,0a8fce53,2a2e6343,0,0,0,0,
Australia,110,106,4,69d03465,0a8fce53,2a2e6343,1,0,1,0,
Australia,111,106,4,2a2e6343,0a8fce53,69d03465,0,0,0,0,
Australia,112,106,4,2a2e6343,0a8fce53,69d03465,0,0,0,0,
Australia,113,106,4,2a2e6343,0a8fce53,69d03465,0,0,0,0,
Australia,114,106,4,2a2e6343,0a8fce53,69d03465,0,0,0,0,
Australia,115,112,4,69d03465,9dad0f2e,2a2e6343,6,0,6,0,
Australia,116,113,4,69d03465,9dad0f2e,2a2e6343,1,0,1,0,
Australia,117,113,4,2a2e6343,9dad0f2e,69d03465,0,0,0,0,
Australia,118,115,4,2a2e6343,9dad0f2e,69d03465,1,1,2,0,
Australia,119,116,4,69d03465,9dad0f2e,2a2e6343,1,0,1,0,
Australia,120,116,4,2a2e6343,9dad0f2e,69d03465,0,0,0,0,
Australia,121,117,4,2a2e6343,9dad0f2e,69d03465,1,0,1,0,
