batting_team,ball_number,total_team_runs,total_team_wickets,striker_ID,bowler_ID,nonstriker_ID,batter_runs,extras_runs,total_delivery_runs,wicket,wicket_type
Chennai Super Kings,1,0,0,45a43fe2,5b7ab5a9,3355b542,0,0,0,0,
Chennai Super Kings,2,1,0,45a43fe2,5b7ab5a9,3355b542,1,0,1,0,
Chennai Super Kings,3,2,0,3355b542,5b7ab5a9,45a43fe2,1,0,1,0,
Chennai Super Kings,4,2,0,45a43fe2,5b7ab5a9,3355b542,0,0,0,0,
Chennai Super Kings,5,3,0,45a43fe2,5b7ab5a9,3355b542,1,0,1,0,
Chennai Super Kings,6,4,0,3355b542,5b7ab5a9,45a43fe2,1,0,1,0,
Chennai Super Kings,7,8,0,3355b542,ded9240e,45a43fe2,4,0,4,0,
Chennai Super Kings,8,9,0,3355b542,ded9240e,45a43fe2,1,0,1,0,
Chennai Super Kings,9,9,0,45a43fe2,ded9240e,3355b542,0,0,0,0,
Chennai Super Kings,10,13,0,45a43fe2,ded9240e,3355b542,4,0,4,0,
Chennai Super Kings,11,13,0,45a43fe2,ded9240e,3355b542,0,0,0,0,
Chennai Super Kings,12,19,0,45a43fe2,ded9240e,3355b542,6,0,6,0,
Chennai Super Kings,13,19,0,3355b542,9d430b40,45a43fe2,0,0,0,0,
Chennai Super Kings,14,19,0,3355b542,9d430b40,45a43fe2,0,0,0,0,
Chennai Super Kings,15,23,0,3355b542,9d430b40,45a43fe2,4,0,4,0,
Chennai Super Kings,16,23,0,3355b542,9d430b40,45a43fe2,0,0,0,0,
Chennai Super Kings,17,25,0,3355b542,9d430b40,45a43fe2,2,0,2,0,
Chennai Super Kings,18,25,0,3355b542,9d430b40,45a43fe2,0,0,0,0,
Chennai Super Kings,19,25,0,45a43fe2,5b7ab5a9,3355b542,0,0,0,0,
Chennai Super Kings,20,26,0,45a43fe2,5b7ab5a9,3355b542,1,0,1,0,
Chennai Super Kings,21,30,0,3355b542,5b7ab5a9,45a43fe2,4,0,4,0,
Chennai Super Kings,22,30,0,3355b542,5b7ab5a9,45a43fe2,0,0,0,0,
Chennai Super Kings,23,36,0,3355b542,5b7ab5a9,45a43fe2,6,0,6,0,
Chennai Super Kings,24,37,0,3355b542,5b7ab5a9,45a43fe2,1,0,1,0,
Chennai Super Kings,25,40,0,3355b542,85e0cf10,45a43fe2,3,0,3,0,
Chennai Super Kings,26,40,0,45a43fe2,85e0cf10,3355b542,0,0,0,0,
Chennai Super Kings,27,40,0,45a43fe2,85e0cf10,3355b542,0,0,0,0,
Chennai Super Kings,28,40,0,45a43fe2,85e0cf10,3355b542,0,0,0,0,
Chennai Super Kings,29,44,0,45a43fe2,85e0cf10,3355b542,4,0,4,0,
Chennai Super Kings,30,44,0,45a43fe2,85e0cf10,3355b542,0,0,0,0,
Chennai Super Kings,31,45,0,3355b542,ded9240e,45a43fe2,1,0,1,0,
Chennai Super Kings,32,49,0,45a43fe2,ded9240e,3355b542,4,0,4,0,
Chennai Super Kings,33,50,0,45a43fe2,ded9240e,3355b542,1,0,1,0,
Chennai Super Kings,34,51,0,3355b542,ded9240e,45a43fe2,0,1,1,0,
Chennai Super Kings,35,52,0,3355b542,ded9240e,45a43fe2,1,0,1,0,
Chennai Super Kings,36,53,0,45a43fe2,ded9240e,3355b542,1,0,1,0,
Chennai Super Kings,37,54,0,3355b542,ded9240e,45a43fe2,1,0,1,0,
Chennai Super Kings,38,54,0,3355b542,9d430b40,45a43fe2,0,0,0,0,
Chennai Super Kings,39,54,0,3355b542,9d430b40,45a43fe2,0,0,0,0,
Chennai Super Kings,40,55,0,3355b542,9d430b40,45a43fe2,1,0,1,0,
Chennai Super Kings,41,55,0,45a43fe2,9d430b40,3355b542,0,0,0,0,
Chennai Super Kings,42,59,0,45a43fe2,9d430b40,3355b542,4,0,4,0,
Chennai Super Kings,43,60,0,45a43fe2,9d430b40,3355b542,1,0,1,0,
Chennai Super Kings,44,66,0,45a43fe2,bbd41817,3355b542,6,0,6,0,
Chennai Super Kings,45,66,0,45a43fe2,bbd41817,3355b542,0,0,0,0,
Chennai Super Kings,46,67,0,45a43fe2,bbd41817,3355b542,1,0,1,0,
Chennai Super Kings,47,67,0,3355b542,bbd41817,45a43fe2,0,0,0,0,
Chennai Super Kings,48,68,0,3355b542,bbd41817,45a43fe2,1,0,1,0,
Chennai Super Kings,49,72,0,45a43fe2,bbd41817,3355b542,4,0,4,0,
Chennai Super Kings,50,73,0,3355b542,5b7ab5a9,45a43fe2,1,0,1,0,
Chennai Super Kings,51,73,0,45a43fe2,5b7ab5a9,3355b542,0,0,0,0,
Chennai Super Kings,52,74,0,45a43fe2,5b7ab5a9,3355b542,1,0,1,0,
Chennai Super Kings,53,75,0,3355b542,5b7ab5a9,45a43fe2,1,0,1,0,
Chennai Super Kings,54,76,0,45a43fe2,5b7ab5a9,3355b542,1,0,1,0,
Chennai Super Kings,55,77,0,3355b542,5b7ab5a9,45a43fe2,1,0,1,0,
Chennai Super Kings,56,78,0,3355b542,9d430b40,45a43fe2,1,0,1,0,
Chennai Super Kings,57,78,0,45a43fe2,9d430b40,3355b542,0,0,0,0,
Chennai Super Kings,58,79,0,45a43fe2,9d430b40,3355b542,1,0,1,0,
Chennai Super Kings,59,80,0,3355b542,9d430b40,45a43fe2,1,0,1,0,
Chennai Super Kings,60,81,0,45a43fe2,9d430b40,3355b542,1,0,1,0,
Chennai Super Kings,61,82,0,3355b542,9d430b40,45a43fe2,1,0,1,0,
Chennai Super Kings,62,83,0,3355b542,b4f5c2d9,45a43fe2,1,0,1,0,
Chennai Super Kings,63,89,0,45a43fe2,b4f5c2d9,3355b542,6,0,6,0,
Chennai Super Kings,64,90,0,45a43fe2,b4f5c2d9,3355b542,1,0,1,0,
Chennai Super Kings,65,91,0,3355b542,b4f5c2d9,45a43fe2,1,0,1,0,
Chennai Super Kings,66,92,0,45a43fe2,b4f5c2d9,3355b542,1,0,1,0,
Chennai Super Kings,67,98,0,3355b542,b4f5c2d9,45a43fe2,6,0,6,0,
Chennai Super Kings,68,98,0,45a43fe2,85e0cf10,3355b542,0,0,0,0,
Chennai Super Kings,69,102,0,45a43fe2,85e0cf10,3355b542,4,0,4,0,
Chennai Super Kings,70,104,0,45a43fe2,85e0cf10,3355b542,1,1,2,0,
Chennai Super Kings,71,105,0,3355b542,85e0cf10,45a43fe2,1,0,1,0,
Chennai Super Kings,72,111,0,45a43fe2,85e0cf10,3355b542,6,0,6,0,
Chennai Super Kings,73,113,0,45a43fe2,85e0cf10,3355b542,1,1,2,0,
Chennai Super Kings,74,114,0,3355b542,85e0cf10,45a43fe2,1,0,1,0,
Chennai Super Kings,75,115,0,45a43fe2,85e0cf10,3355b542,1,0,1,0,
Chennai Super Kings,76,115,0,45a43fe2,5b7ab5a9,3355b542,0,0,0,0,
Chennai Super Kings,77,115,1,45a43fe2,5b7ab5a9,3355b542,0,0,0,1,caught
Chennai Super Kings,78,116,1,bb351c23,5b7ab5a9,3355b542,1,0,1,0,
Chennai Super Kings,79,120,1,3355b542,5b7ab5a9,bb351c23,4,0,4,0,
Chennai Super Kings,80,120,1,3355b542,5b7ab5a9,bb351c23,0,0,0,0,
Chennai Super Kings,81,121,1,3355b542,5b7ab5a9,bb351c23,1,0,1,0,
Chennai Super Kings,82,122,1,3355b542,b4f5c2d9,bb351c23,1,0,1,0,
Chennai Super Kings,83,122,1,bb351c23,b4f5c2d9,3355b542,0,0,0,0,
Chennai Super Kings,84,126,1,bb351c23,b4f5c2d9,3355b542,4,0,4,0,
Chennai Super Kings,85,127,1,bb351c23,b4f5c2d9,3355b542,1,0,1,0,
Chennai Super Kings,86,130,1,3355b542,b4f5c2d9,bb351c23,3,0,3,0,
Chennai Super Kings,87,130,1,bb351c23,b4f5c2d9,3355b542,0,0,0,0,
Chennai Super Kings,88,134,1,3355b542,ded9240e,bb351c23,4,0,4,0,
Chennai Super Kings,89,135,1,3355b542,ded9240e,bb351c23,0,1,1,0,
Chennai Super Kings,90,136,1,3355b542,ded9240e,bb351c23,1,0,1,0,
Chennai Super Kings,91,141,1,bb351c23,ded9240e,3355b542,0,5,5,0,
Chennai Super Kings,92,142,1,bb351c23,ded9240e,3355b542,1,0,1,0,
Chennai Super Kings,93,143,1,3355b542,ded9240e,bb351c23,1,0,1,0,
Chennai Super Kings,94,144,1,bb351c23,ded9240e,3355b542,1,0,1,0,
Chennai Super Kings,95,144,1,3355b542,ded9240e,bb351c23,0,0,0,0,
Chennai Super Kings,96,150,1,bb351c23,85e0cf10,3355b542,6,0,6,0,
Chennai Super Kings,97,151,1,bb351c23,85e0cf10,3355b542,1,0,1,0,
Chennai Super Kings,98,151,1,3355b542,85e0cf10,bb351c23,0,0,0,0,
Chennai Super Kings,99,151,1,3355b542,85e0cf10,bb351c23,0,0,0,0,
Chennai Super Kings,100,155,1,3355b542,85e0cf10,bb351c23,4,0,4,0,
Chennai Super Kings,101,155,1,3355b542,85e0cf10,bb351c23,0,0,0,0,
Chennai Super Kings,102,159,1,bb351c23,9d430b40,3355b542,4,0,4,0,
Chennai Super Kings,103,165,1,bb351c23,9d430b40,3355b542,6,0,6,0,
Chennai Super Kings,104,165,2,bb351c23,9d430b40,3355b542,0,0,0,1,stumped
Chennai Super Kings,105,166,2,4a8a2e3b,9d430b40,3355b542,1,0,1,0,
Chennai Super Kings,106,168,2,3355b542,9d430b40,4a8a2e3b,1,1,2,0,
Chennai Super Kings,107,172,2,4a8a2e3b,9d430b40,3355b542,4,0,4,0,
Chennai Super Kings,108,172,2,4a8a2e3b,9d430b40,3355b542,0,0,0,0,
Chennai Super Kings,109,172,2,3355b542,85e0cf10,4a8a2e3b,0,0,0,0,
Chennai Super Kings,110,173,2,3355b542,85e0cf10,4a8a2e3b,1,0,1,0,
Chennai Super Kings,111,175,2,4a8a2e3b,85e0cf10,3355b542,2,0,2,0,
Chennai Super Kings,112,175,2,4a8a2e3b,85e0cf10,3355b542,0,0,0,0,
Chennai Super Kings,113,176,2,4a8a2e3b,85e0cf10,3355b542,0,1,1,0,
Chennai Super Kings,114,180,2,4a8a2e3b,85e0cf10,3355b542,4,0,4,0,
Chennai Super Kings,115,186,2,4a8a2e3b,85e0cf10,3355b542,6,0,6,0,
Chennai Super Kings,116,186,2,3355b542,bbd41817,4a8a2e3b,0,0,0,0,
Chennai Super Kings,117,190,2,3355b542,bbd41817,4a8a2e3b,4,0,4,0,
Chennai Super Kings,118,194,2,3355b542,bbd41817,4a8a2e3b,4,0,4,0,
Chennai Super Kings,119,198,2,3355b542,bbd41817,4a8a2e3b,4,0,4,0,
Chennai Super Kings,120,199,2,3355b542,bbd41817,4a8a2e3b,0,1,1,0,
Chennai Super Kings,121,200,2,3355b542,bbd41817,4a8a2e3b,1,0,1,0,
Chennai Super Kings,122,201,2,4a8a2e3b,bbd41817,3355b542,0,1,1,0,
Chennai Super Kings,123,201,3,4a8a2e3b,bbd41817,3355b542,0,0,0,1,caught
Chennai Super Kings,124,201,3,3355b542,ded9240e,fe93fd9d,0,0,0,0,
Chennai Super Kings,125,207,3,3355b542,ded9240e,fe93fd9d,6,0,6,0,
Chennai Super Kings,126,207,3,3355b542,ded9240e,fe93fd9d,0,0,0,0,
Chennai Super Kings,127,213,3,3355b542,ded9240e,fe93fd9d,6,0,6,0,
Chennai Super Kings,128,214,3,3355b542,ded9240e,fe93fd9d,1,0,1,0,
Chennai Super Kings,129,220,3,fe93fd9d,ded9240e,3355b542,6,0,6,0,
Kolkata Knight Riders,1,0,0,fb2d1dda,23eeb873,b4b99816,0,0,0,0,
Kolkata Knight Riders,2,0,0,fb2d1dda,23eeb873,b4b99816,0,0,0,0,
Kolkata Knight Riders,3,1,0,fb2d1dda,23eeb873,b4b99816,1,0,1,0,
Kolkata Knight Riders,4,1,1,b4b99816,23eeb873,fb2d1dda,0,0,0,1,caught
Kolkata Knight Riders,5,1,1,77255a9e,23eeb873,fb2d1dda,0,0,0,0,
Kolkata Knight Riders,6,5,1,77255a9e,23eeb873,fb2d1dda,4,0,4,0,
Kolkata Knight Riders,7,9,1,fb2d1dda,e94915e6,77255a9e,4,0,4,0,
Kolkata Knight Riders,8,13,1,fb2d1dda,e94915e6,77255a9e,4,0,4,0,
Kolkata Knight Riders,9,13,1,fb2d1dda,e94915e6,77255a9e,0,0,0,0,
Kolkata Knight Riders,10,13,1,fb2d1dda,e94915e6,77255a9e,0,0,0,0,
Kolkata Knight Riders,11,14,1,fb2d1dda,e94915e6,77255a9e,0,1,1,0,
Kolkata Knight Riders,12,14,1,fb2d1dda,e94915e6,77255a9e,0,0,0,0,
Kolkata Knight Riders,13,14,1,fb2d1dda,e94915e6,77255a9e,0,0,0,0,
Kolkata Knight Riders,14,15,1,77255a9e,23eeb873,fb2d1dda,1,0,1,0,
Kolkata Knight Riders,15,16,1,fb2d1dda,23eeb873,77255a9e,0,1,1,0,
Kolkata Knight Riders,16,17,1,77255a9e,23eeb873,fb2d1dda,1,0,1,0,
Kolkata Knight Riders,17,17,1,fb2d1dda,23eeb873,77255a9e,0,0,0,0,
Kolkata Knight Riders,18,17,2,fb2d1dda,23eeb873,77255a9e,0,0,0,1,caught
Kolkata Knight Riders,19,17,2,77255a9e,23eeb873,d2a6c0e6,0,0,0,0,
Kolkata Knight Riders,20,18,2,d2a6c0e6,f834dcfc,77255a9e,0,1,1,0,
Kolkata Knight Riders,21,18,2,d2a6c0e6,f834dcfc,77255a9e,0,0,0,0,
Kolkata Knight Riders,22,18,2,d2a6c0e6,f834dcfc,77255a9e,0,0,0,0,
Kolkata Knight Riders,23,18,2,d2a6c0e6,f834dcfc,77255a9e,0,0,0,0,
Kolkata Knight Riders,24,18,2,d2a6c0e6,f834dcfc,77255a9e,0,0,0,0,
Kolkata Knight Riders,25,21,2,d2a6c0e6,f834dcfc,77255a9e,3,0,3,0,
Kolkata Knight Riders,26,22,2,77255a9e,f834dcfc,d2a6c0e6,1,0,1,0,
Kolkata Knight Riders,27,23,2,77255a9e,23eeb873,d2a6c0e6,1,0,1,0,
Kolkata Knight Riders,28,27,2,d2a6c0e6,23eeb873,77255a9e,4,0,4,0,
Kolkata Knight Riders,29,27,3,d2a6c0e6,23eeb873,77255a9e,0,0,0,1,caught
Kolkata Knight Riders,30,27,3,9d430b40,23eeb873,77255a9e,0,0,0,0,
Kolkata Knight Riders,31,31,3,9d430b40,23eeb873,77255a9e,4,0,4,0,
Kolkata Knight Riders,32,31,4,9d430b40,23eeb873,77255a9e,0,0,0,1,caught
Kolkata Knight Riders,33,31,4,77255a9e,f834dcfc,c03f1114,0,0,0,0,
Kolkata Knight Riders,34,31,5,77255a9e,f834dcfc,c03f1114,0,0,0,1,caught
Kolkata Knight Riders,35,35,5,bbd41817,f834dcfc,c03f1114,4,0,4,0,
Kolkata Knight Riders,36,39,5,bbd41817,f834dcfc,c03f1114,4,0,4,0,
Kolkata Knight Riders,37,39,5,bbd41817,f834dcfc,c03f1114,0,0,0,0,
Kolkata Knight Riders,38,45,5,bbd41817,f834dcfc,c03f1114,6,0,6,0,
Kolkata Knight Riders,39,46,5,c03f1114,fe93fd9d,bbd41817,1,0,1,0,
Kolkata Knight Riders,40,47,5,bbd41817,fe93fd9d,c03f1114,1,0,1,0,
Kolkata Knight Riders,41,51,5,c03f1114,fe93fd9d,bbd41817,4,0,4,0,
Kolkata Knight Riders,42,51,5,c03f1114,fe93fd9d,bbd41817,0,0,0,0,
Kolkata Knight Riders,43,52,5,c03f1114,fe93fd9d,bbd41817,1,0,1,0,
Kolkata Knight Riders,44,53,5,bbd41817,fe93fd9d,c03f1114,1,0,1,0,
Kolkata Knight Riders,45,59,5,bbd41817,23eeb873,c03f1114,6,0,6,0,
Kolkata Knight Riders,46,60,5,bbd41817,23eeb873,c03f1114,1,0,1,0,
Kolkata Knight Riders,47,60,5,c03f1114,23eeb873,bbd41817,0,0,0,0,
Kolkata Knight Riders,48,60,5,c03f1114,23eeb873,bbd41817,0,0,0,0,
Kolkata Knight Riders,49,66,5,c03f1114,23eeb873,bbd41817,6,0,6,0,
Kolkata Knight Riders,50,66,5,c03f1114,23eeb873,bbd41817,0,0,0,0,
Kolkata Knight Riders,51,67,5,bbd41817,fe93fd9d,c03f1114,1,0,1,0,
Kolkata Knight Riders,52,67,5,c03f1114,fe93fd9d,bbd41817,0,0,0,0,
Kolkata Knight Riders,53,71,5,c03f1114,fe93fd9d,bbd41817,4,0,4,0,
Kolkata Knight Riders,54,72,5,c03f1114,fe93fd9d,bbd41817,1,0,1,0,
Kolkata Knight Riders,55,72,5,bbd41817,fe93fd9d,c03f1114,0,0,0,0,
Kolkata Knight Riders,56,73,5,bbd41817,fe93fd9d,c03f1114,1,0,1,0,
Kolkata Knight Riders,57,79,5,bbd41817,1abb78f8,c03f1114,6,0,6,0,
Kolkata Knight Riders,58,80,5,bbd41817,1abb78f8,c03f1114,0,1,1,0,
Kolkata Knight Riders,59,81,5,bbd41817,1abb78f8,c03f1114,0,1,1,0,
Kolkata Knight Riders,60,85,5,bbd41817,1abb78f8,c03f1114,4,0,4,0,
Kolkata Knight Riders,61,91,5,bbd41817,1abb78f8,c03f1114,6,0,6,0,
Kolkata Knight Riders,62,91,5,bbd41817,1abb78f8,c03f1114,0,0,0,0,
Kolkata Knight Riders,63,91,5,bbd41817,1abb78f8,c03f1114,0,0,0,0,
Kolkata Knight Riders,64,97,5,bbd41817,1abb78f8,c03f1114,6,0,6,0,
Kolkata Knight Riders,65,101,5,c03f1114,fe93fd9d,bbd41817,4,0,4,0,
Kolkata Knight Riders,66,102,5,c03f1114,fe93fd9d,bbd41817,1,0,1,0,
Kolkata Knight Riders,67,103,5,bbd41817,fe93fd9d,c03f1114,1,0,1,0,
Kolkata Knight Riders,68,104,5,c03f1114,fe93fd9d,bbd41817,1,0,1,0,
Kolkata Knight Riders,69,104,5,bbd41817,fe93fd9d,c03f1114,0,0,0,0,
Kolkata Knight Riders,70,105,5,bbd41817,fe93fd9d,c03f1114,0,1,1,0,
Kolkata Knight Riders,71,111,5,bbd41817,fe93fd9d,c03f1114,6,0,6,0,
Kolkata Knight Riders,72,112,5,c03f1114,e94915e6,bbd41817,1,0,1,0,
Kolkata Knight Riders,73,112,6,bbd41817,e94915e6,c03f1114,0,0,0,1,bowled
Kolkata Knight Riders,74,113,6,ded9240e,e94915e6,c03f1114,1,0,1,0,
Kolkata Knight Riders,75,113,6,c03f1114,e94915e6,ded9240e,0,0,0,0,
Kolkata Knight Riders,76,119,6,c03f1114,e94915e6,ded9240e,6,0,6,0,
Kolkata Knight Riders,77,123,6,c03f1114,e94915e6,ded9240e,4,0,4,0,
Kolkata Knight Riders,78,123,6,ded9240e,fe93fd9d,c03f1114,0,0,0,0,
Kolkata Knight Riders,79,123,6,ded9240e,fe93fd9d,c03f1114,0,0,0,0,
Kolkata Knight Riders,80,124,6,ded9240e,fe93fd9d,c03f1114,1,0,1,0,
Kolkata Knight Riders,81,126,6,c03f1114,fe93fd9d,ded9240e,2,0,2,0,
Kolkata Knight Riders,82,127,6,c03f1114,fe93fd9d,ded9240e,1,0,1,0,
Kolkata Knight Riders,83,127,6,ded9240e,fe93fd9d,c03f1114,0,0,0,0,
Kolkata Knight Riders,84,128,6,c03f1114,1abb78f8,ded9240e,1,0,1,0,
Kolkata Knight Riders,85,129,6,ded9240e,1abb78f8,c03f1114,1,0,1,0,
Kolkata Knight Riders,86,130,6,c03f1114,1abb78f8,ded9240e,1,0,1,0,
Kolkata Knight Riders,87,130,6,ded9240e,1abb78f8,c03f1114,0,0,0,0,
Kolkata Knight Riders,88,134,6,ded9240e,1abb78f8,c03f1114,4,0,4,0,
Kolkata Knight Riders,89,138,6,ded9240e,1abb78f8,c03f1114,4,0,4,0,
Kolkata Knight Riders,90,139,6,c03f1114,f834dcfc,ded9240e,1,0,1,0,
Kolkata Knight Riders,91,145,6,ded9240e,f834dcfc,c03f1114,6,0,6,0,
Kolkata Knight Riders,92,145,6,ded9240e,f834dcfc,c03f1114,0,0,0,0,
Kolkata Knight Riders,93,145,6,ded9240e,f834dcfc,c03f1114,0,0,0,0,
Kolkata Knight Riders,94,146,6,ded9240e,f834dcfc,c03f1114,1,0,1,0,
Kolkata Knight Riders,95,146,7,c03f1114,f834dcfc,ded9240e,0,0,0,1,lbw
Kolkata Knight Riders,96,148,7,ded9240e,e94915e6,b4f5c2d9,2,0,2,0,
Kolkata Knight Riders,97,154,7,ded9240e,e94915e6,b4f5c2d9,6,0,6,0,
Kolkata Knight Riders,98,160,7,ded9240e,e94915e6,b4f5c2d9,6,0,6,0,
Kolkata Knight Riders,99,166,7,ded9240e,e94915e6,b4f5c2d9,6,0,6,0,
Kolkata Knight Riders,100,170,7,ded9240e,e94915e6,b4f5c2d9,4,0,4,0,
Kolkata Knight Riders,101,176,7,ded9240e,e94915e6,b4f5c2d9,6,0,6,0,
Kolkata Knight Riders,102,176,7,b4f5c2d9,f834dcfc,ded9240e,0,0,0,0,
Kolkata Knight Riders,103,176,8,b4f5c2d9,f834dcfc,ded9240e,0,0,0,1,caught
Kolkata Knight Riders,104,176,8,ded9240e,f834dcfc,5b7ab5a9,0,0,0,0,
Kolkata Knight Riders,105,180,8,ded9240e,f834dcfc,5b7ab5a9,0,4,4,0,
Kolkata Knight Riders,106,181,8,ded9240e,f834dcfc,5b7ab5a9,1,0,1,0,
Kolkata Knight Riders,107,181,8,5b7ab5a9,f834dcfc,ded9240e,0,0,0,0,
Kolkata Knight Riders,108,183,8,ded9240e,1abb78f8,5b7ab5a9,2,0,2,0,
Kolkata Knight Riders,109,185,8,ded9240e,1abb78f8,5b7ab5a9,2,0,2,0,
Kolkata Knight Riders,110,185,8,ded9240e,1abb78f8,5b7ab5a9,0,0,0,0,
Kolkata Knight Riders,111,185,8,ded9240e,1abb78f8,5b7ab5a9,0,0,0,0,
Kolkata Knight Riders,112,186,8,ded9240e,1abb78f8,5b7ab5a9,0,1,1,0,
Kolkata Knight Riders,113,187,8,ded9240e,1abb78f8,5b7ab5a9,0,1,1,0,
Kolkata Knight Riders,114,188,8,ded9240e,1abb78f8,5b7ab5a9,0,1,1,0,
Kolkata Knight Riders,115,192,8,ded9240e,1abb78f8,5b7ab5a9,4,0,4,0,
Kolkata Knight Riders,116,193,8,ded9240e,1abb78f8,5b7ab5a9,1,0,1,0,
Kolkata Knight Riders,117,193,8,ded9240e,e94915e6,5b7ab5a9,0,0,0,0,
Kolkata Knight Riders,118,199,8,ded9240e,e94915e6,5b7ab5a9,6,0,6,0,
Kolkata Knight Riders,119,200,9,ded9240e,e94915e6,5b7ab5a9,1,0,1,1,run out
Kolkata Knight Riders,120,200,9,ded9240e,e94915e6,85e0cf10,0,0,0,0,
Kolkata Knight Riders,121,201,9,ded9240e,e94915e6,85e0cf10,0,1,1,0,
Kolkata Knight Riders,122,201,9,85e0cf10,e94915e6,ded9240e,0,0,0,0,
Kolkata Knight Riders,123,202,10,ded9240e,1abb78f8,85e0cf10,1,0,1,1,run out
