batting_team,ball_number,total_team_runs,total_team_wickets,striker_ID,bowler_ID,nonstriker_ID,batter_runs,extras_runs,total_delivery_runs,wicket,wicket_type
New Zealand,1,0,0,89bbc67a,6a434bd3,de69af96,0,0,0,0,
New Zealand,2,0,0,89bbc67a,6a434bd3,de69af96,0,0,0,0,
New Zealand,3,0,0,89bbc67a,6a434bd3,de69af96,0,0,0,0,
New Zealand,4,3,0,89bbc67a,6a434bd3,de69af96,3,0,3,0,
New Zealand,5,3,0,de69af96,6a434bd3,89bbc67a,0,0,0,0,
New Zealand,6,3,0,de69af96,6a434bd3,89bbc67a,0,0,0,0,
New Zealand,7,7,0,89bbc67a,15f609ed,de69af96,4,0,4,0,
New Zealand,8,7,0,89bbc67a,15f609ed,de69af96,0,0,0,0,
New Zealand,9,7,0,89bbc67a,15f609ed,de69af96,0,0,0,0,
New Zealand,10,7,0,89bbc67a,15f609ed,de69af96,0,0,0,0,
New Zealand,11,7,0,89bbc67a,15f609ed,de69af96,0,0,0,0,
New Zealand,12,11,0,89bbc67a,15f609ed,de69af96,4,0,4,0,
New Zealand,13,11,0,de69af96,f3a18a0c,89bbc67a,0,0,0,0,
New Zealand,14,15,0,de69af96,f3a18a0c,89bbc67a,4,0,4,0,
New Zealand,15,16,0,de69af96,f3a18a0c,89bbc67a,0,1,1,0,
New Zealand,16,17,0,de69af96,f3a18a0c,89bbc67a,1,0,1,0,
New Zealand,17,17,0,89bbc67a,f3a18a0c,de69af96,0,0,0,0,
New Zealand,18,21,0,89bbc67a,f3a18a0c,de69af96,4,0,4,0,
New Zealand,19,22,0,89bbc67a,f3a18a0c,de69af96,1,0,1,0,
New Zealand,20,26,0,89bbc67a,cdb82f1c,de69af96,4,0,4,0,
New Zealand,21,26,0,89bbc67a,cdb82f1c,de69af96,0,0,0,0,
New Zealand,22,26,0,89bbc67a,cdb82f1c,de69af96,0,0,0,0,
New Zealand,23,26,0,89bbc67a,cdb82f1c,de69af96,0,0,0,0,
New Zealand,24,26,0,89bbc67a,cdb82f1c,de69af96,0,0,0,0,
New Zealand,25,28,0,89bbc67a,cdb82f1c,de69af96,2,0,2,0,
New Zealand,26,29,0,de69af96,6a434bd3,89bbc67a,1,0,1,0,
New Zealand,27,29,0,89bbc67a,6a434bd3,de69af96,0,0,0,0,
New Zealand,28,29,0,89bbc67a,6a434bd3,de69af96,0,0,0,0,
New Zealand,29,33,0,89bbc67a,6a434bd3,de69af96,4,0,4,0,
New Zealand,30,33,0,89bbc67a,6a434bd3,de69af96,0,0,0,0,
New Zealand,31,33,0,89bbc67a,6a434bd3,de69af96,0,0,0,0,
New Zealand,32,33,0,de69af96,cdb82f1c,89bbc67a,0,0,0,0,
New Zealand,33,35,0,de69af96,cdb82f1c,89bbc67a,2,0,2,0,
New Zealand,34,35,0,de69af96,cdb82f1c,89bbc67a,0,0,0,0,
New Zealand,35,36,0,de69af96,cdb82f1c,89bbc67a,1,0,1,0,
New Zealand,36,36,0,89bbc67a,cdb82f1c,de69af96,0,0,0,0,
New Zealand,37,37,0,89bbc67a,cdb82f1c,de69af96,1,0,1,0,
New Zealand,38,39,0,89bbc67a,15f609ed,de69af96,2,0,2,0,
New Zealand,39,40,0,89bbc67a,15f609ed,de69af96,1,0,1,0,
New Zealand,40,41,0,de69af96,15f609ed,89bbc67a,1,0,1,0,
New Zealand,41,45,0,89bbc67a,15f609ed,de69af96,4,0,4,0,
New Zealand,42,45,1,89bbc67a,15f609ed,de69af96,0,0,0,1,bowled
New Zealand,43,46,1,72b7ed1e,15f609ed,de69af96,1,0,1,0,
New Zealand,44,46,1,72b7ed1e,b34e0c77,de69af96,0,0,0,0,
New Zealand,45,46,1,72b7ed1e,b34e0c77,de69af96,0,0,0,0,
New Zealand,46,46,1,72b7ed1e,b34e0c77,de69af96,0,0,0,0,
New Zealand,47,47,1,72b7ed1e,b34e0c77,de69af96,1,0,1,0,
New Zealand,48,48,1,de69af96,b34e0c77,72b7ed1e,1,0,1,0,
New Zealand,49,49,1,72b7ed1e,b34e0c77,de69af96,1,0,1,0,
New Zealand,50,49,1,72b7ed1e,f3a18a0c,de69af96,0,0,0,0,
New Zealand,51,50,1,72b7ed1e,f3a18a0c,de69af96,1,0,1,0,
New Zealand,52,50,1,de69af96,f3a18a0c,72b7ed1e,0,0,0,0,
New Zealand,53,51,1,de69af96,f3a18a0c,72b7ed1e,1,0,1,0,
New Zealand,54,51,1,72b7ed1e,f3a18a0c,de69af96,0,0,0,0,
New Zealand,55,51,1,72b7ed1e,f3a18a0c,de69af96,0,0,0,0,
New Zealand,56,52,1,de69af96,b34e0c77,72b7ed1e,1,0,1,0,
New Zealand,57,53,1,72b7ed1e,b34e0c77,de69af96,1,0,1,0,
New Zealand,58,54,1,de69af96,b34e0c77,72b7ed1e,1,0,1,0,
New Zealand,59,55,1,72b7ed1e,b34e0c77,de69af96,1,0,1,0,
New Zealand,60,59,1,de69af96,b34e0c77,72b7ed1e,4,0,4,0,
New Zealand,61,61,1,de69af96,b34e0c77,72b7ed1e,2,0,2,0,
New Zealand,62,63,1,72b7ed1e,15f609ed,de69af96,2,0,2,0,
New Zealand,63,64,1,72b7ed1e,15f609ed,de69af96,1,0,1,0,
New Zealand,64,64,1,de69af96,15f609ed,72b7ed1e,0,0,0,0,
New Zealand,65,65,1,de69af96,15f609ed,72b7ed1e,1,0,1,0,
New Zealand,66,66,1,72b7ed1e,15f609ed,de69af96,1,0,1,0,
New Zealand,67,67,1,de69af96,15f609ed,72b7ed1e,1,0,1,0,
New Zealand,68,68,1,de69af96,6a434bd3,72b7ed1e,1,0,1,0,
New Zealand,69,69,1,72b7ed1e,6a434bd3,de69af96,1,0,1,0,
New Zealand,70,73,1,de69af96,6a434bd3,72b7ed1e,4,0,4,0,
New Zealand,71,73,1,de69af96,6a434bd3,72b7ed1e,0,0,0,0,
New Zealand,72,74,1,de69af96,6a434bd3,72b7ed1e,1,0,1,0,
New Zealand,73,74,1,72b7ed1e,6a434bd3,de69af96,0,0,0,0,
New Zealand,74,75,1,de69af96,f3a18a0c,72b7ed1e,1,0,1,0,
New Zealand,75,76,1,72b7ed1e,f3a18a0c,de69af96,1,0,1,0,
New Zealand,76,77,1,de69af96,f3a18a0c,72b7ed1e,1,0,1,0,
New Zealand,77,81,1,72b7ed1e,f3a18a0c,de69af96,0,4,4,0,
New Zealand,78,82,1,72b7ed1e,f3a18a0c,de69af96,1,0,1,0,
New Zealand,79,83,1,de69af96,f3a18a0c,72b7ed1e,1,0,1,0,
New Zealand,80,84,1,de69af96,b34e0c77,72b7ed1e,1,0,1,0,
New Zealand,81,84,2,72b7ed1e,b34e0c77,de69af96,0,0,0,1,caught
New Zealand,82,84,2,865eae1f,b34e0c77,de69af96,0,0,0,0,
New Zealand,83,85,2,865eae1f,b34e0c77,de69af96,1,0,1,0,
New Zealand,84,86,2,de69af96,b34e0c77,865eae1f,1,0,1,0,
New Zealand,85,86,2,865eae1f,b34e0c77,de69af96,0,0,0,0,
New Zealand,86,87,2,de69af96,cdb82f1c,865eae1f,1,0,1,0,
New Zealand,87,87,2,865eae1f,cdb82f1c,de69af96,0,0,0,0,
New Zealand,88,88,2,865eae1f,cdb82f1c,de69af96,1,0,1,0,
New Zealand,89,89,2,de69af96,cdb82f1c,865eae1f,1,0,1,0,
New Zealand,90,90,2,865eae1f,cdb82f1c,de69af96,1,0,1,0,
New Zealand,91,90,3,de69af96,cdb82f1c,865eae1f,0,0,0,1,bowled
New Zealand,92,92,3,865eae1f,b34e0c77,efb6cb2a,2,0,2,0,
New Zealand,93,93,3,865eae1f,b34e0c77,efb6cb2a,1,0,1,0,
New Zealand,94,93,3,efb6cb2a,b34e0c77,865eae1f,0,0,0,0,
New Zealand,95,93,3,efb6cb2a,b34e0c77,865eae1f,0,0,0,0,
New Zealand,96,93,3,efb6cb2a,b34e0c77,865eae1f,0,0,0,0,
New Zealand,97,94,3,efb6cb2a,b34e0c77,865eae1f,1,0,1,0,
New Zealand,98,95,3,efb6cb2a,15f609ed,865eae1f,1,0,1,0,
New Zealand,99,96,3,865eae1f,15f609ed,efb6cb2a,1,0,1,0,
New Zealand,100,97,3,efb6cb2a,15f609ed,865eae1f,1,0,1,0,
New Zealand,101,101,3,865eae1f,15f609ed,efb6cb2a,4,0,4,0,
New Zealand,102,105,3,865eae1f,15f609ed,efb6cb2a,4,0,4,0,
New Zealand,103,105,3,865eae1f,15f609ed,efb6cb2a,0,0,0,0,
New Zealand,104,106,3,efb6cb2a,f3a18a0c,865eae1f,1,0,1,0,
New Zealand,105,107,3,865eae1f,f3a18a0c,efb6cb2a,1,0,1,0,
New Zealand,106,108,3,efb6cb2a,f3a18a0c,865eae1f,1,0,1,0,
New Zealand,107,108,4,865eae1f,f3a18a0c,efb6cb2a,0,0,0,1,caught
New Zealand,108,112,4,cf75a839,f3a18a0c,efb6cb2a,4,0,4,0,
New Zealand,109,116,4,cf75a839,f3a18a0c,efb6cb2a,4,0,4,0,
New Zealand,110,120,4,efb6cb2a,cdb82f1c,cf75a839,4,0,4,0,
New Zealand,111,121,4,efb6cb2a,cdb82f1c,cf75a839,1,0,1,0,
New Zealand,112,122,4,cf75a839,cdb82f1c,efb6cb2a,1,0,1,0,
New Zealand,113,126,4,efb6cb2a,cdb82f1c,cf75a839,4,0,4,0,
New Zealand,114,128,4,efb6cb2a,cdb82f1c,cf75a839,2,0,2,0,
New Zealand,115,132,4,efb6cb2a,cdb82f1c,cf75a839,4,0,4,0,
New Zealand,116,133,4,cf75a839,6a434bd3,efb6cb2a,0,1,1,0,
New Zealand,117,134,4,efb6cb2a,6a434bd3,cf75a839,1,0,1,0,
New Zealand,118,135,4,cf75a839,6a434bd3,efb6cb2a,0,1,1,0,
New Zealand,119,139,4,cf75a839,6a434bd3,efb6cb2a,4,0,4,0,
New Zealand,120,140,4,cf75a839,6a434bd3,efb6cb2a,0,1,1,0,
New Zealand,121,142,4,efb6cb2a,6a434bd3,cf75a839,2,0,2,0,
New Zealand,122,144,4,efb6cb2a,6a434bd3,cf75a839,2,0,2,0,
England,1,1,0,a139c379,9b73d523,b2664905,1,0,1,0,
England,2,1,0,b2664905,9b73d523,a139c379,0,0,0,0,
England,3,1,0,b2664905,9b73d523,a139c379,0,0,0,0,
England,4,2,0,b2664905,9b73d523,a139c379,1,0,1,0,
England,5,2,0,a139c379,9b73d523,b2664905,0,0,0,0,
England,6,2,0,a139c379,9b73d523,b2664905,0,0,0,0,
England,7,3,0,b2664905,9af58032,a139c379,1,0,1,0,
England,8,4,0,a139c379,9af58032,b2664905,1,0,1,0,
England,9,4,0,b2664905,9af58032,a139c379,0,0,0,0,
England,10,4,0,b2664905,9af58032,a139c379,0,0,0,0,
England,11,4,0,b2664905,9af58032,a139c379,0,0,0,0,
England,12,5,0,b2664905,9af58032,a139c379,0,1,1,0,
England,13,5,0,b2664905,de69af96,a139c379,0,0,0,0,
England,14,6,0,b2664905,de69af96,a139c379,1,0,1,0,
England,15,10,0,a139c379,de69af96,b2664905,4,0,4,0,
England,16,10,0,a139c379,de69af96,b2664905,0,0,0,0,
England,17,16,0,a139c379,de69af96,b2664905,6,0,6,0,
England,18,16,0,a139c379,de69af96,b2664905,0,0,0,0,
England,19,16,1,b2664905,9af58032,a139c379,0,0,0,1,caught
England,20,17,1,f3a18a0c,9af58032,a139c379,1,0,1,0,
England,21,21,1,a139c379,9af58032,f3a18a0c,4,0,4,0,
England,22,21,1,a139c379,9af58032,f3a18a0c,0,0,0,0,
England,23,25,1,a139c379,9af58032,f3a18a0c,4,0,4,0,
England,24,25,1,a139c379,9af58032,f3a18a0c,0,0,0,0,
England,25,26,1,f3a18a0c,de69af96,a139c379,1,0,1,0,
England,26,26,1,a139c379,de69af96,f3a18a0c,0,0,0,0,
England,27,26,1,a139c379,de69af96,f3a18a0c,0,0,0,0,
England,28,26,1,a139c379,de69af96,f3a18a0c,0,0,0,0,
England,29,26,1,a139c379,de69af96,f3a18a0c,0,0,0,0,
England,30,27,1,a139c379,de69af96,f3a18a0c,1,0,1,0,
England,31,31,1,a139c379,9af58032,f3a18a0c,4,0,4,0,
England,32,35,1,a139c379,9af58032,f3a18a0c,4,0,4,0,
England,33,39,1,a139c379,9af58032,f3a18a0c,4,0,4,0,
England,34,40,1,a139c379,9af58032,f3a18a0c,1,0,1,0,
England,35,40,1,f3a18a0c,9af58032,a139c379,0,0,0,0,
England,36,40,1,f3a18a0c,9af58032,a139c379,0,0,0,0,
England,37,41,1,a139c379,9b73d523,f3a18a0c,1,0,1,0,
England,38,42,1,f3a18a0c,9b73d523,a139c379,0,1,1,0,
England,39,42,2,f3a18a0c,9b73d523,a139c379,0,0,0,1,caught
England,40,42,3,a139c379,9b73d523,4ba0289e,0,0,0,1,caught
England,41,43,3,b05e45e4,9b73d523,4ba0289e,1,0,1,0,
England,42,44,3,4ba0289e,9b73d523,b05e45e4,1,0,1,0,
England,43,45,3,b05e45e4,9b73d523,4ba0289e,1,0,1,0,
England,44,46,3,b05e45e4,b8cce99f,4ba0289e,0,1,1,0,
England,45,50,3,b05e45e4,b8cce99f,4ba0289e,4,0,4,0,
England,46,51,3,b05e45e4,b8cce99f,4ba0289e,1,0,1,0,
England,47,51,3,4ba0289e,b8cce99f,b05e45e4,0,0,0,0,
England,48,55,3,4ba0289e,b8cce99f,b05e45e4,4,0,4,0,
England,49,56,3,4ba0289e,b8cce99f,b05e45e4,1,0,1,0,
England,50,57,3,b05e45e4,b8cce99f,4ba0289e,1,0,1,0,
England,51,58,3,b05e45e4,8ca1f93a,4ba0289e,0,1,1,0,
England,52,60,3,b05e45e4,8ca1f93a,4ba0289e,2,0,2,0,
England,53,60,3,b05e45e4,8ca1f93a,4ba0289e,0,0,0,0,
England,54,64,3,b05e45e4,8ca1f93a,4ba0289e,4,0,4,0,
England,55,65,3,b05e45e4,8ca1f93a,4ba0289e,1,0,1,0,
England,56,65,3,4ba0289e,8ca1f93a,b05e45e4,0,0,0,0,
England,57,66,3,4ba0289e,8ca1f93a,b05e45e4,1,0,1,0,
England,58,66,3,4ba0289e,72b7ed1e,b05e45e4,0,0,0,0,
England,59,66,3,4ba0289e,72b7ed1e,b05e45e4,0,0,0,0,
England,60,66,3,4ba0289e,72b7ed1e,b05e45e4,0,0,0,0,
England,61,66,3,4ba0289e,72b7ed1e,b05e45e4,0,0,0,0,
England,62,66,3,4ba0289e,72b7ed1e,b05e45e4,0,0,0,0,
England,63,68,3,4ba0289e,72b7ed1e,b05e45e4,2,0,2,0,
England,64,69,3,b05e45e4,8ca1f93a,4ba0289e,1,0,1,0,
England,65,69,3,4ba0289e,8ca1f93a,b05e45e4,0,0,0,0,
England,66,70,3,4ba0289e,8ca1f93a,b05e45e4,1,0,1,0,
England,67,70,3,b05e45e4,8ca1f93a,4ba0289e,0,0,0,0,
England,68,71,3,b05e45e4,8ca1f93a,4ba0289e,1,0,1,0,
England,69,73,3,4ba0289e,8ca1f93a,b05e45e4,2,0,2,0,
England,70,77,3,b05e45e4,72b7ed1e,4ba0289e,4,0,4,0,
England,71,81,3,b05e45e4,72b7ed1e,4ba0289e,4,0,4,0,
England,72,82,3,b05e45e4,72b7ed1e,4ba0289e,1,0,1,0,
England,73,86,3,4ba0289e,72b7ed1e,b05e45e4,4,0,4,0,
England,74,87,3,4ba0289e,72b7ed1e,b05e45e4,1,0,1,0,
England,75,89,3,b05e45e4,72b7ed1e,4ba0289e,2,0,2,0,
England,76,90,3,4ba0289e,9b73d523,b05e45e4,1,0,1,0,
England,77,92,3,b05e45e4,9b73d523,4ba0289e,0,2,2,0,
England,78,93,3,4ba0289e,9b73d523,b05e45e4,1,0,1,0,
England,79,97,3,b05e45e4,9b73d523,4ba0289e,4,0,4,0,
England,80,97,3,b05e45e4,9b73d523,4ba0289e,0,0,0,0,
England,81,97,4,b05e45e4,9b73d523,4ba0289e,0,0,0,1,bowled
England,82,98,4,3a9e9cb2,9b73d523,4ba0289e,1,0,1,0,
England,83,98,4,3a9e9cb2,9af58032,4ba0289e,0,0,0,0,
England,84,99,4,3a9e9cb2,9af58032,4ba0289e,1,0,1,0,
England,85,100,4,4ba0289e,9af58032,3a9e9cb2,1,0,1,0,
England,86,100,4,3a9e9cb2,9af58032,4ba0289e,0,0,0,0,
England,87,100,4,3a9e9cb2,9af58032,4ba0289e,0,0,0,0,
England,88,101,4,3a9e9cb2,9af58032,4ba0289e,1,0,1,0,
England,89,102,4,3a9e9cb2,de69af96,4ba0289e,1,0,1,0,
England,90,103,4,4ba0289e,de69af96,3a9e9cb2,1,0,1,0,
England,91,104,4,3a9e9cb2,de69af96,4ba0289e,1,0,1,0,
England,92,105,4,4ba0289e,de69af96,3a9e9cb2,1,0,1,0,
England,93,107,4,3a9e9cb2,de69af96,4ba0289e,2,0,2,0,
England,94,108,4,3a9e9cb2,de69af96,4ba0289e,1,0,1,0,
England,95,109,4,3a9e9cb2,b8cce99f,4ba0289e,1,0,1,0,
England,96,109,4,4ba0289e,b8cce99f,3a9e9cb2,0,0,0,0,
England,97,111,4,4ba0289e,b8cce99f,3a9e9cb2,2,0,2,0,
England,98,113,4,4ba0289e,b8cce99f,3a9e9cb2,2,0,2,0,
England,99,117,4,4ba0289e,b8cce99f,3a9e9cb2,4,0,4,0,
England,100,117,4,4ba0289e,b8cce99f,3a9e9cb2,0,0,0,0,
England,101,118,4,3a9e9cb2,9b73d523,4ba0289e,1,0,1,0,
England,102,119,4,4ba0289e,9b73d523,3a9e9cb2,1,0,1,0,
England,103,120,4,3a9e9cb2,9b73d523,4ba0289e,1,0,1,0,
England,104,124,4,4ba0289e,9b73d523,3a9e9cb2,4,0,4,0,
England,105,125,4,4ba0289e,9b73d523,3a9e9cb2,1,0,1,0,
England,106,126,4,3a9e9cb2,9b73d523,4ba0289e,1,0,1,0,
England,107,126,4,3a9e9cb2,72b7ed1e,4ba0289e,0,0,0,0,
England,108,127,4,3a9e9cb2,72b7ed1e,4ba0289e,1,0,1,0,
England,109,127,4,4ba0289e,72b7ed1e,3a9e9cb2,0,0,0,0,
England,110,128,4,4ba0289e,72b7ed1e,3a9e9cb2,1,0,1,0,
England,111,129,4,3a9e9cb2,72b7ed1e,4ba0289e,1,0,1,0,
England,112,129,4,4ba0289e,72b7ed1e,3a9e9cb2,0,0,0,0,
England,113,130,4,3a9e9cb2,de69af96,4ba0289e,1,0,1,0,
England,114,134,4,4ba0289e,de69af96,3a9e9cb2,4,0,4,0,
England,115,135,4,4ba0289e,de69af96,3a9e9cb2,1,0,1,0,
England,116,136,4,3a9e9cb2,de69af96,4ba0289e,1,0,1,0,
England,117,137,4,4ba0289e,de69af96,3a9e9cb2,0,1,1,0,
England,118,137,5,4ba0289e,de69af96,3a9e9cb2,0,0,0,1,caught
England,119,138,5,c2554b59,de69af96,3a9e9cb2,1,0,1,0,
England,120,138,6,c2554b59,72b7ed1e,3a9e9cb2,0,0,0,1,bowled
England,121,138,6,6a434bd3,72b7ed1e,3a9e9cb2,0,0,0,0,
England,122,139,6,6a434bd3,72b7ed1e,3a9e9cb2,1,0,1,0,
England,123,141,6,3a9e9cb2,72b7ed1e,6a434bd3,2,0,2,0,
England,124,145,6,3a9e9cb2,72b7ed1e,6a434bd3,4,0,4,0,
