batting_team,ball_number,total_team_runs,total_team_wickets,striker_ID,bowler_ID,nonstriker_ID,batter_runs,extras_runs,total_delivery_runs,wicket,wicket_type
New Zealand,1,0,0,ba5e1069,37654b75,bf74b130,0,0,0,0,
New Zealand,2,0,0,ba5e1069,37654b75,bf74b130,0,0,0,0,
New Zealand,3,0,0,ba5e1069,37654b75,bf74b130,0,0,0,0,
New Zealand,4,0,0,ba5e1069,37654b75,bf74b130,0,0,0,0,
New Zealand,5,0,1,ba5e1069,37654b75,bf74b130,0,0,0,1,caught
New Zealand,6,0,1,bf74b130,37654b75,e824e6ee,0,0,0,0,
New Zealand,7,2,1,e824e6ee,7dc35884,bf74b130,2,0,2,0,
New Zealand,8,3,1,e824e6ee,7dc35884,bf74b130,1,0,1,0,
New Zealand,9,3,1,bf74b130,7dc35884,e824e6ee,0,0,0,0,
New Zealand,10,3,1,bf74b130,7dc35884,e824e6ee,0,0,0,0,
New Zealand,11,9,1,bf74b130,7dc35884,e824e6ee,6,0,6,0,
New Zealand,12,10,1,bf74b130,7dc35884,e824e6ee,1,0,1,0,
New Zealand,13,12,1,bf74b130,37654b75,e824e6ee,2,0,2,0,
New Zealand,14,15,1,bf74b130,37654b75,e824e6ee,3,0,3,0,
New Zealand,15,16,1,e824e6ee,37654b75,bf74b130,1,0,1,0,
New Zealand,16,16,2,bf74b130,37654b75,e824e6ee,0,0,0,1,caught
New Zealand,17,16,2,8afe73e2,37654b75,e824e6ee,0,0,0,0,
New Zealand,18,16,2,8afe73e2,37654b75,e824e6ee,0,0,0,0,
New Zealand,19,16,2,e824e6ee,7dc35884,8afe73e2,0,0,0,0,
New Zealand,20,16,2,e824e6ee,7dc35884,8afe73e2,0,0,0,0,
New Zealand,21,16,2,e824e6ee,7dc35884,8afe73e2,0,0,0,0,
New Zealand,22,17,2,e824e6ee,7dc35884,8afe73e2,1,0,1,0,
New Zealand,23,17,2,8afe73e2,7dc35884,e824e6ee,0,0,0,0,
New Zealand,24,17,2,8afe73e2,7dc35884,e824e6ee,0,0,0,0,
New Zealand,25,17,2,e824e6ee,9dad0f2e,8afe73e2,0,0,0,0,
New Zealand,26,18,2,e824e6ee,9dad0f2e,8afe73e2,1,0,1,0,
New Zealand,27,18,2,8afe73e2,9dad0f2e,e824e6ee,0,0,0,0,
New Zealand,28,19,2,8afe73e2,9dad0f2e,e824e6ee,1,0,1,0,
New Zealand,29,19,2,e824e6ee,9dad0f2e,8afe73e2,0,0,0,0,
New Zealand,30,19,2,e824e6ee,9dad0f2e,8afe73e2,0,0,0,0,
New Zealand,31,19,2,8afe73e2,0a8fce53,e824e6ee,0,0,0,0,
New Zealand,32,20,2,8afe73e2,0a8fce53,e824e6ee,1,0,1,0,
New Zealand,33,21,2,e824e6ee,0a8fce53,8afe73e2,1,0,1,0,
New Zealand,34,21,2,8afe73e2,0a8fce53,e824e6ee,0,0,0,0,
New Zealand,35,21,2,8afe73e2,0a8fce53,e824e6ee,0,0,0,0,
New Zealand,36,22,2,8afe73e2,0a8fce53,e824e6ee,1,0,1,0,
New Zealand,37,23,2,8afe73e2,9dad0f2e,e824e6ee,1,0,1,0,
New Zealand,38,23,2,e824e6ee,9dad0f2e,8afe73e2,0,0,0,0,
New Zealand,39,25,2,e824e6ee,9dad0f2e,8afe73e2,2,0,2,0,
New Zealand,40,29,2,e824e6ee,9dad0f2e,8afe73e2,4,0,4,0,
New Zealand,41,29,2,e824e6ee,9dad0f2e,8afe73e2,0,0,0,0,
New Zealand,42,30,2,e824e6ee,9dad0f2e,8afe73e2,1,0,1,0,
New Zealand,43,31,2,e824e6ee,b3a28446,8afe73e2,1,0,1,0,
New Zealand,44,31,2,8afe73e2,b3a28446,e824e6ee,0,0,0,0,
New Zealand,45,32,2,8afe73e2,b3a28446,e824e6ee,1,0,1,0,
New Zealand,46,33,2,e824e6ee,b3a28446,8afe73e2,1,0,1,0,
New Zealand,47,34,2,8afe73e2,b3a28446,e824e6ee,1,0,1,0,
New Zealand,48,35,2,e824e6ee,b3a28446,8afe73e2,1,0,1,0,
New Zealand,49,36,2,e824e6ee,7dc35884,8afe73e2,1,0,1,0,
New Zealand,50,36,2,8afe73e2,7dc35884,e824e6ee,0,0,0,0,
New Zealand,51,40,2,8afe73e2,7dc35884,e824e6ee,4,0,4,0,
New Zealand,52,40,2,8afe73e2,7dc35884,e824e6ee,0,0,0,0,
New Zealand,53,41,2,8afe73e2,7dc35884,e824e6ee,1,0,1,0,
New Zealand,54,42,2,e824e6ee,7dc35884,8afe73e2,1,0,1,0,
New Zealand,55,42,2,e824e6ee,37654b75,8afe73e2,0,0,0,0,
New Zealand,56,43,2,e824e6ee,37654b75,8afe73e2,1,0,1,0,
New Zealand,57,43,2,8afe73e2,37654b75,e824e6ee,0,0,0,0,
New Zealand,58,44,2,8afe73e2,37654b75,e824e6ee,1,0,1,0,
New Zealand,59,45,2,e824e6ee,37654b75,8afe73e2,1,0,1,0,
New Zealand,60,46,2,8afe73e2,37654b75,e824e6ee,1,0,1,0,
New Zealand,61,50,2,8afe73e2,9dad0f2e,e824e6ee,4,0,4,0,
New Zealand,62,51,2,8afe73e2,9dad0f2e,e824e6ee,1,0,1,0,
New Zealand,63,51,3,e824e6ee,9dad0f2e,8afe73e2,0,0,0,1,stumped
New Zealand,64,51,3,03521fd3,9dad0f2e,8afe73e2,0,0,0,0,
New Zealand,65,51,3,03521fd3,9dad0f2e,8afe73e2,0,0,0,0,
New Zealand,66,52,3,03521fd3,9dad0f2e,8afe73e2,1,0,1,0,
New Zealand,67,52,3,03521fd3,37654b75,8afe73e2,0,0,0,0,
New Zealand,68,52,4,03521fd3,37654b75,8afe73e2,0,0,0,1,bowled
New Zealand,69,52,5,94d7f855,37654b75,8afe73e2,0,0,0,1,caught
New Zealand,70,52,5,21e5f325,37654b75,8afe73e2,0,0,0,0,
New Zealand,71,52,5,21e5f325,37654b75,8afe73e2,0,0,0,0,
New Zealand,72,52,5,21e5f325,37654b75,8afe73e2,0,0,0,0,
New Zealand,73,53,5,8afe73e2,9dad0f2e,21e5f325,1,0,1,0,
New Zealand,74,54,5,21e5f325,9dad0f2e,8afe73e2,1,0,1,0,
New Zealand,75,55,5,8afe73e2,9dad0f2e,21e5f325,1,0,1,0,
New Zealand,76,56,5,21e5f325,9dad0f2e,8afe73e2,1,0,1,0,
New Zealand,77,57,5,8afe73e2,9dad0f2e,21e5f325,1,0,1,0,
New Zealand,78,57,5,21e5f325,9dad0f2e,8afe73e2,0,0,0,0,
New Zealand,79,58,5,8afe73e2,b3a28446,21e5f325,1,0,1,0,
New Zealand,80,59,5,21e5f325,b3a28446,8afe73e2,1,0,1,0,
New Zealand,81,63,5,8afe73e2,b3a28446,21e5f325,4,0,4,0,
New Zealand,82,63,5,8afe73e2,b3a28446,21e5f325,0,0,0,0,
New Zealand,83,63,5,8afe73e2,b3a28446,21e5f325,0,0,0,0,
New Zealand,84,65,5,8afe73e2,b3a28446,21e5f325,2,0,2,0,
New Zealand,85,66,5,21e5f325,bf1d7d3e,8afe73e2,1,0,1,0,
New Zealand,86,66,5,8afe73e2,bf1d7d3e,21e5f325,0,0,0,0,
New Zealand,87,66,5,8afe73e2,bf1d7d3e,21e5f325,0,0,0,0,
New Zealand,88,72,5,8afe73e2,bf1d7d3e,21e5f325,6,0,6,0,
New Zealand,89,72,5,8afe73e2,bf1d7d3e,21e5f325,0,0,0,0,
New Zealand,90,72,5,8afe73e2,bf1d7d3e,21e5f325,0,0,0,0,
New Zealand,91,72,5,21e5f325,0a8fce53,8afe73e2,0,0,0,0,
New Zealand,92,72,6,21e5f325,0a8fce53,8afe73e2,0,0,0,1,caught
New Zealand,93,73,6,8afe73e2,0a8fce53,d285acaf,1,0,1,0,
New Zealand,94,74,6,d285acaf,0a8fce53,8afe73e2,0,1,1,0,
New Zealand,95,74,6,d285acaf,0a8fce53,8afe73e2,0,0,0,0,
New Zealand,96,74,6,d285acaf,0a8fce53,8afe73e2,0,0,0,0,
New Zealand,97,74,7,d285acaf,0a8fce53,8afe73e2,0,0,0,1,caught and bowled
New Zealand,98,75,7,8afe73e2,7dc35884,fbd4f01f,1,0,1,0,
New Zealand,99,76,7,fbd4f01f,7dc35884,8afe73e2,1,0,1,0,
New Zealand,100,77,7,8afe73e2,7dc35884,fbd4f01f,0,1,1,0,
New Zealand,101,78,7,fbd4f01f,7dc35884,8afe73e2,1,0,1,0,
New Zealand,102,82,7,8afe73e2,7dc35884,fbd4f01f,4,0,4,0,
New Zealand,103,82,7,8afe73e2,7dc35884,fbd4f01f,0,0,0,0,
New Zealand,104,82,7,fbd4f01f,0a8fce53,8afe73e2,0,0,0,0,
New Zealand,105,83,7,fbd4f01f,0a8fce53,8afe73e2,0,1,1,0,
New Zealand,106,84,7,8afe73e2,0a8fce53,fbd4f01f,1,0,1,0,
New Zealand,107,85,7,fbd4f01f,0a8fce53,8afe73e2,1,0,1,0,
New Zealand,108,89,7,8afe73e2,0a8fce53,fbd4f01f,4,0,4,0,
New Zealand,109,89,7,8afe73e2,0a8fce53,fbd4f01f,0,0,0,0,
New Zealand,110,90,7,fbd4f01f,b3a28446,8afe73e2,1,0,1,0,
New Zealand,111,90,7,8afe73e2,b3a28446,fbd4f01f,0,0,0,0,
New Zealand,112,91,7,8afe73e2,b3a28446,fbd4f01f,1,0,1,0,
New Zealand,113,91,7,fbd4f01f,b3a28446,8afe73e2,0,0,0,0,
New Zealand,114,91,8,fbd4f01f,b3a28446,8afe73e2,0,0,0,1,bowled
New Zealand,115,92,8,48ad3373,b3a28446,8afe73e2,1,0,1,0,
New Zealand,116,93,8,48ad3373,0a8fce53,8afe73e2,1,0,1,0,
New Zealand,117,93,9,8afe73e2,0a8fce53,48ad3373,0,0,0,1,caught
New Zealand,118,93,10,48ad3373,0a8fce53,94238673,0,0,0,1,caught
Bangladesh,1,0,0,7923a51d,94238673,0404d43c,0,0,0,0,
Bangladesh,2,0,0,7923a51d,94238673,0404d43c,0,0,0,0,
Bangladesh,3,1,0,7923a51d,94238673,0404d43c,1,0,1,0,
Bangladesh,4,1,0,0404d43c,94238673,7923a51d,0,0,0,0,
Bangladesh,5,1,0,0404d43c,94238673,7923a51d,0,0,0,0,
Bangladesh,6,2,0,0404d43c,94238673,7923a51d,1,0,1,0,
Bangladesh,7,2,0,0404d43c,fbd4f01f,7923a51d,0,0,0,0,
Bangladesh,8,2,0,0404d43c,fbd4f01f,7923a51d,0,0,0,0,
Bangladesh,9,2,0,0404d43c,fbd4f01f,7923a51d,0,0,0,0,
Bangladesh,10,2,0,0404d43c,fbd4f01f,7923a51d,0,0,0,0,
Bangladesh,11,2,0,0404d43c,fbd4f01f,7923a51d,0,0,0,0,
Bangladesh,12,3,0,0404d43c,fbd4f01f,7923a51d,0,1,1,0,
Bangladesh,13,4,0,0404d43c,fbd4f01f,7923a51d,1,0,1,0,
Bangladesh,14,8,0,0404d43c,d285acaf,7923a51d,4,0,4,0,
Bangladesh,15,8,1,0404d43c,d285acaf,7923a51d,0,0,0,1,caught
Bangladesh,16,8,1,7923a51d,d285acaf,7dc35884,0,0,0,0,
Bangladesh,17,9,1,7923a51d,d285acaf,7dc35884,1,0,1,0,
Bangladesh,18,9,1,7dc35884,d285acaf,7923a51d,0,0,0,0,
Bangladesh,19,13,1,7dc35884,d285acaf,7923a51d,4,0,4,0,
Bangladesh,20,13,1,7923a51d,94238673,7dc35884,0,0,0,0,
Bangladesh,21,17,1,7923a51d,94238673,7dc35884,4,0,4,0,
Bangladesh,22,18,1,7923a51d,94238673,7dc35884,0,1,1,0,
Bangladesh,23,19,1,7dc35884,94238673,7923a51d,1,0,1,0,
Bangladesh,24,20,1,7923a51d,94238673,7dc35884,1,0,1,0,
Bangladesh,25,21,1,7dc35884,94238673,7923a51d,1,0,1,0,
Bangladesh,26,21,1,7dc35884,d285acaf,7923a51d,0,0,0,0,
Bangladesh,27,22,1,7dc35884,d285acaf,7923a51d,1,0,1,0,
Bangladesh,28,24,1,7923a51d,d285acaf,7dc35884,2,0,2,0,
Bangladesh,29,24,1,7923a51d,d285acaf,7dc35884,0,0,0,0,
Bangladesh,30,30,1,7923a51d,d285acaf,7dc35884,6,0,6,0,
Bangladesh,31,30,1,7923a51d,d285acaf,7dc35884,0,0,0,0,
Bangladesh,32,31,1,7dc35884,fbd4f01f,7923a51d,1,0,1,0,
Bangladesh,33,32,1,7923a51d,fbd4f01f,7dc35884,1,0,1,0,
Bangladesh,34,32,2,7dc35884,fbd4f01f,7923a51d,0,0,0,1,stumped
Bangladesh,35,32,2,a94e08ea,fbd4f01f,7923a51d,0,0,0,0,
Bangladesh,36,32,2,a94e08ea,fbd4f01f,7923a51d,0,0,0,0,
Bangladesh,37,32,3,a94e08ea,fbd4f01f,7923a51d,0,0,0,1,bowled
Bangladesh,38,32,3,7923a51d,ba5e1069,bf1d7d3e,0,0,0,0,
Bangladesh,39,32,3,7923a51d,ba5e1069,bf1d7d3e,0,0,0,0,
Bangladesh,40,33,3,7923a51d,ba5e1069,bf1d7d3e,1,0,1,0,
Bangladesh,41,33,3,bf1d7d3e,ba5e1069,7923a51d,0,0,0,0,
Bangladesh,42,33,3,bf1d7d3e,ba5e1069,7923a51d,0,0,0,0,
Bangladesh,43,34,3,bf1d7d3e,ba5e1069,7923a51d,1,0,1,0,
Bangladesh,44,34,3,bf1d7d3e,fbd4f01f,7923a51d,0,0,0,0,
Bangladesh,45,36,3,bf1d7d3e,fbd4f01f,7923a51d,2,0,2,0,
Bangladesh,46,36,3,bf1d7d3e,fbd4f01f,7923a51d,0,0,0,0,
Bangladesh,47,36,3,bf1d7d3e,fbd4f01f,7923a51d,0,0,0,0,
Bangladesh,48,37,3,bf1d7d3e,fbd4f01f,7923a51d,1,0,1,0,
Bangladesh,49,38,3,7923a51d,fbd4f01f,bf1d7d3e,1,0,1,0,
Bangladesh,50,39,3,7923a51d,ba5e1069,bf1d7d3e,1,0,1,0,
Bangladesh,51,39,3,bf1d7d3e,ba5e1069,7923a51d,0,0,0,0,
Bangladesh,52,39,3,bf1d7d3e,ba5e1069,7923a51d,0,0,0,0,
Bangladesh,53,39,3,bf1d7d3e,ba5e1069,7923a51d,0,0,0,0,
Bangladesh,54,39,3,bf1d7d3e,ba5e1069,7923a51d,0,0,0,0,
Bangladesh,55,39,3,bf1d7d3e,ba5e1069,7923a51d,0,0,0,0,
Bangladesh,56,40,3,7923a51d,94d7f855,bf1d7d3e,1,0,1,0,
Bangladesh,57,41,3,bf1d7d3e,94d7f855,7923a51d,1,0,1,0,
Bangladesh,58,43,3,7923a51d,94d7f855,bf1d7d3e,2,0,2,0,
Bangladesh,59,43,3,7923a51d,94d7f855,bf1d7d3e,0,0,0,0,
Bangladesh,60,43,3,7923a51d,94d7f855,bf1d7d3e,0,0,0,0,
Bangladesh,61,44,3,7923a51d,94d7f855,bf1d7d3e,1,0,1,0,
Bangladesh,62,44,3,7923a51d,ba5e1069,bf1d7d3e,0,0,0,0,
Bangladesh,63,44,3,7923a51d,ba5e1069,bf1d7d3e,0,0,0,0,
Bangladesh,64,45,3,7923a51d,ba5e1069,bf1d7d3e,1,0,1,0,
Bangladesh,65,46,3,bf1d7d3e,ba5e1069,7923a51d,1,0,1,0,
Bangladesh,66,47,3,7923a51d,ba5e1069,bf1d7d3e,1,0,1,0,
Bangladesh,67,48,3,bf1d7d3e,ba5e1069,7923a51d,0,1,1,0,
Bangladesh,68,48,3,bf1d7d3e,d285acaf,7923a51d,0,0,0,0,
Bangladesh,69,50,3,bf1d7d3e,d285acaf,7923a51d,2,0,2,0,
Bangladesh,70,56,3,bf1d7d3e,d285acaf,7923a51d,6,0,6,0,
Bangladesh,71,57,3,bf1d7d3e,d285acaf,7923a51d,1,0,1,0,
Bangladesh,72,58,3,7923a51d,d285acaf,bf1d7d3e,1,0,1,0,
Bangladesh,73,60,3,bf1d7d3e,d285acaf,7923a51d,2,0,2,0,
Bangladesh,74,61,3,7923a51d,ba5e1069,bf1d7d3e,1,0,1,0,
Bangladesh,75,61,3,bf1d7d3e,ba5e1069,7923a51d,0,0,0,0,
Bangladesh,76,61,3,bf1d7d3e,ba5e1069,7923a51d,0,0,0,0,
Bangladesh,77,62,3,bf1d7d3e,ba5e1069,7923a51d,1,0,1,0,
Bangladesh,78,62,3,7923a51d,ba5e1069,bf1d7d3e,0,0,0,0,
Bangladesh,79,62,3,7923a51d,ba5e1069,bf1d7d3e,0,0,0,0,
Bangladesh,80,62,3,bf1d7d3e,94d7f855,7923a51d,0,0,0,0,
Bangladesh,81,63,3,bf1d7d3e,94d7f855,7923a51d,1,0,1,0,
Bangladesh,82,64,3,7923a51d,94d7f855,bf1d7d3e,1,0,1,0,
Bangladesh,83,64,3,bf1d7d3e,94d7f855,7923a51d,0,0,0,0,
Bangladesh,84,64,3,bf1d7d3e,94d7f855,7923a51d,0,0,0,0,
Bangladesh,85,65,3,bf1d7d3e,94d7f855,7923a51d,1,0,1,0,
Bangladesh,86,66,3,bf1d7d3e,48ad3373,7923a51d,1,0,1,0,
Bangladesh,87,66,3,7923a51d,48ad3373,bf1d7d3e,0,0,0,0,
Bangladesh,88,67,4,7923a51d,48ad3373,bf1d7d3e,1,0,1,1,run out
Bangladesh,89,68,4,37138918,48ad3373,bf1d7d3e,1,0,1,0,
Bangladesh,90,68,4,bf1d7d3e,48ad3373,37138918,0,0,0,0,
Bangladesh,91,69,4,bf1d7d3e,48ad3373,37138918,1,0,1,0,
Bangladesh,92,70,4,bf1d7d3e,94d7f855,37138918,1,0,1,0,
Bangladesh,93,71,4,37138918,94d7f855,bf1d7d3e,1,0,1,0,
Bangladesh,94,72,4,bf1d7d3e,94d7f855,37138918,1,0,1,0,
Bangladesh,95,73,4,37138918,94d7f855,bf1d7d3e,1,0,1,0,
Bangladesh,96,74,4,bf1d7d3e,94d7f855,37138918,1,0,1,0,
Bangladesh,97,74,4,37138918,94d7f855,bf1d7d3e,0,0,0,0,
Bangladesh,98,74,4,bf1d7d3e,fbd4f01f,37138918,0,0,0,0,
Bangladesh,99,74,4,bf1d7d3e,fbd4f01f,37138918,0,0,0,0,
Bangladesh,100,74,4,bf1d7d3e,fbd4f01f,37138918,0,0,0,0,
Bangladesh,101,75,4,bf1d7d3e,fbd4f01f,37138918,1,0,1,0,
Bangladesh,102,75,4,37138918,fbd4f01f,bf1d7d3e,0,0,0,0,
Bangladesh,103,75,4,37138918,fbd4f01f,bf1d7d3e,0,0,0,0,
Bangladesh,104,76,4,bf1d7d3e,94238673,37138918,1,0,1,0,
Bangladesh,105,77,4,37138918,94238673,bf1d7d3e,1,0,1,0,
Bangladesh,106,78,4,bf1d7d3e,94238673,37138918,0,1,1,0,
Bangladesh,107,79,4,bf1d7d3e,94238673,37138918,1,0,1,0,
Bangladesh,108,80,4,37138918,94238673,bf1d7d3e,1,0,1,0,
Bangladesh,109,82,4,bf1d7d3e,94238673,37138918,2,0,2,0,
Bangladesh,110,83,4,bf1d7d3e,94238673,37138918,1,0,1,0,
Bangladesh,111,89,4,bf1d7d3e,48ad3373,37138918,6,0,6,0,
Bangladesh,112,89,4,bf1d7d3e,48ad3373,37138918,0,0,0,0,
Bangladesh,113,90,4,bf1d7d3e,48ad3373,37138918,1,0,1,0,
Bangladesh,114,90,4,37138918,48ad3373,bf1d7d3e,0,0,0,0,
Bangladesh,115,91,4,37138918,48ad3373,bf1d7d3e,1,0,1,0,
Bangladesh,116,92,4,bf1d7d3e,48ad3373,37138918,1,0,1,0,
Bangladesh,117,96,4,bf1d7d3e,d285acaf,37138918,4,0,4,0,
