batting_team,ball_number,total_team_runs,total_team_wickets,striker_ID,bowler_ID,nonstriker_ID,batter_runs,extras_runs,total_delivery_runs,wicket,wicket_type
Denmark,1,0,0,fb0d3749,bd021695,007113d7,0,0,0,0,
Denmark,2,1,0,fb0d3749,bd021695,007113d7,1,0,1,0,
Denmark,3,1,0,007113d7,bd021695,fb0d3749,0,0,0,0,
Denmark,4,1,0,007113d7,bd021695,fb0d3749,0,0,0,0,
Denmark,5,1,0,007113d7,bd021695,fb0d3749,0,0,0,0,
Denmark,6,3,0,007113d7,bd021695,fb0d3749,2,0,2,0,
Denmark,7,3,0,fb0d3749,5c93efb1,007113d7,0,0,0,0,
Denmark,8,3,0,fb0d3749,5c93efb1,007113d7,0,0,0,0,
Denmark,9,4,0,fb0d3749,5c93efb1,007113d7,1,0,1,0,
Denmark,10,5,0,007113d7,5c93efb1,fb0d3749,1,0,1,0,
Denmark,11,7,0,fb0d3749,5c93efb1,007113d7,2,0,2,0,
Denmark,12,8,0,fb0d3749,5c93efb1,007113d7,0,1,1,0,
Denmark,13,8,0,fb0d3749,5c93efb1,007113d7,0,0,0,0,
Denmark,14,9,0,007113d7,bd021695,fb0d3749,0,1,1,0,
Denmark,15,11,0,007113d7,bd021695,fb0d3749,2,0,2,0,
Denmark,16,11,0,007113d7,bd021695,fb0d3749,0,0,0,0,
Denmark,17,12,0,007113d7,bd021695,fb0d3749,1,0,1,0,
Denmark,18,12,0,fb0d3749,bd021695,007113d7,0,0,0,0,
Denmark,19,12,0,fb0d3749,bd021695,007113d7,0,0,0,0,
Denmark,20,12,0,fb0d3749,bd021695,007113d7,0,0,0,0,
Denmark,21,13,0,007113d7,5c93efb1,fb0d3749,1,0,1,0,
Denmark,22,13,0,fb0d3749,5c93efb1,007113d7,0,0,0,0,
Denmark,23,13,0,fb0d3749,5c93efb1,007113d7,0,0,0,0,
Denmark,24,15,0,fb0d3749,5c93efb1,007113d7,2,0,2,0,
Denmark,25,19,0,fb0d3749,5c93efb1,007113d7,4,0,4,0,
Denmark,26,19,0,fb0d3749,5c93efb1,007113d7,0,0,0,0,
Denmark,27,21,0,007113d7,bd021695,fb0d3749,2,0,2,0,
Denmark,28,21,0,007113d7,bd021695,fb0d3749,0,0,0,0,
Denmark,29,22,0,007113d7,bd021695,fb0d3749,1,0,1,0,
Denmark,30,23,0,fb0d3749,bd021695,007113d7,1,0,1,0,
Denmark,31,23,0,007113d7,bd021695,fb0d3749,0,0,0,0,
Denmark,32,23,0,007113d7,bd021695,fb0d3749,0,0,0,0,
Denmark,33,24,0,fb0d3749,0331c99a,007113d7,0,1,1,0,
Denmark,34,24,0,fb0d3749,0331c99a,007113d7,0,0,0,0,
Denmark,35,24,0,fb0d3749,0331c99a,007113d7,0,0,0,0,
Denmark,36,25,0,fb0d3749,0331c99a,007113d7,1,0,1,0,
Denmark,37,25,0,007113d7,0331c99a,fb0d3749,0,0,0,0,
Denmark,38,26,0,007113d7,0331c99a,fb0d3749,1,0,1,0,
Denmark,39,27,0,fb0d3749,0331c99a,007113d7,0,1,1,0,
Denmark,40,27,0,fb0d3749,0331c99a,007113d7,0,0,0,0,
Denmark,41,29,0,007113d7,c0fca5eb,fb0d3749,2,0,2,0,
Denmark,42,30,0,007113d7,c0fca5eb,fb0d3749,1,0,1,0,
Denmark,43,31,0,fb0d3749,c0fca5eb,007113d7,1,0,1,0,
Denmark,44,31,0,007113d7,c0fca5eb,fb0d3749,0,0,0,0,
Denmark,45,31,1,007113d7,c0fca5eb,fb0d3749,0,0,0,1,run out
Denmark,46,32,1,49556abb,c0fca5eb,007113d7,1,0,1,0,
Denmark,47,36,1,49556abb,0331c99a,007113d7,4,0,4,0,
Denmark,48,36,1,49556abb,0331c99a,007113d7,0,0,0,0,
Denmark,49,37,1,49556abb,0331c99a,007113d7,1,0,1,0,
Denmark,50,37,1,007113d7,0331c99a,49556abb,0,0,0,0,
Denmark,51,38,1,007113d7,0331c99a,49556abb,0,1,1,0,
Denmark,52,38,1,007113d7,0331c99a,49556abb,0,0,0,0,
Denmark,53,39,1,007113d7,0331c99a,49556abb,1,0,1,0,
Denmark,54,40,1,007113d7,c0fca5eb,49556abb,0,1,1,0,
Denmark,55,42,1,007113d7,c0fca5eb,49556abb,2,0,2,0,
Denmark,56,42,1,007113d7,c0fca5eb,49556abb,0,0,0,0,
Denmark,57,43,1,007113d7,c0fca5eb,49556abb,1,0,1,0,
Denmark,58,43,1,49556abb,c0fca5eb,007113d7,0,0,0,0,
Denmark,59,45,1,49556abb,c0fca5eb,007113d7,2,0,2,0,
Denmark,60,45,1,49556abb,c0fca5eb,007113d7,0,0,0,0,
Denmark,61,46,1,007113d7,90a41671,49556abb,1,0,1,0,
Denmark,62,46,1,49556abb,90a41671,007113d7,0,0,0,0,
Denmark,63,47,1,49556abb,90a41671,007113d7,1,0,1,0,
Denmark,64,47,1,007113d7,90a41671,49556abb,0,0,0,0,
Denmark,65,49,1,007113d7,90a41671,49556abb,2,0,2,0,
Denmark,66,49,1,007113d7,90a41671,49556abb,0,0,0,0,
Denmark,67,50,1,49556abb,c0fca5eb,007113d7,1,0,1,0,
Denmark,68,51,1,007113d7,c0fca5eb,49556abb,1,0,1,0,
Denmark,69,52,1,49556abb,c0fca5eb,007113d7,1,0,1,0,
Denmark,70,56,1,007113d7,c0fca5eb,49556abb,4,0,4,0,
Denmark,71,57,1,007113d7,c0fca5eb,49556abb,1,0,1,0,
Denmark,72,57,1,49556abb,c0fca5eb,007113d7,0,0,0,0,
Denmark,73,57,1,007113d7,90a41671,49556abb,0,0,0,0,
Denmark,74,57,1,007113d7,90a41671,49556abb,0,0,0,0,
Denmark,75,61,1,007113d7,90a41671,49556abb,4,0,4,0,
Denmark,76,61,1,007113d7,90a41671,49556abb,0,0,0,0,
Denmark,77,61,1,007113d7,90a41671,49556abb,0,0,0,0,
Denmark,78,61,1,007113d7,90a41671,49556abb,0,0,0,0,
Denmark,79,62,1,49556abb,c0fca5eb,007113d7,1,0,1,0,
Denmark,80,63,1,007113d7,c0fca5eb,49556abb,1,0,1,0,
Denmark,81,65,1,49556abb,c0fca5eb,007113d7,2,0,2,0,
Denmark,82,65,1,49556abb,c0fca5eb,007113d7,0,0,0,0,
Denmark,83,65,1,49556abb,c0fca5eb,007113d7,0,0,0,0,
Denmark,84,66,1,49556abb,c0fca5eb,007113d7,1,0,1,0,
Denmark,85,70,1,49556abb,90a41671,007113d7,4,0,4,0,
Denmark,86,72,1,49556abb,90a41671,007113d7,2,0,2,0,
Denmark,87,73,1,49556abb,90a41671,007113d7,1,0,1,0,
Denmark,88,75,1,007113d7,90a41671,49556abb,2,0,2,0,
Denmark,89,75,1,007113d7,90a41671,49556abb,0,0,0,0,
Denmark,90,75,1,007113d7,90a41671,49556abb,0,0,0,0,
Denmark,91,76,1,49556abb,06b45b20,007113d7,1,0,1,0,
Denmark,92,77,1,007113d7,06b45b20,49556abb,1,0,1,0,
Denmark,93,77,1,49556abb,06b45b20,007113d7,0,0,0,0,
Denmark,94,81,1,49556abb,06b45b20,007113d7,4,0,4,0,
Denmark,95,81,1,49556abb,06b45b20,007113d7,0,0,0,0,
Denmark,96,82,1,49556abb,06b45b20,007113d7,1,0,1,0,
Denmark,97,83,1,49556abb,5c93efb1,007113d7,0,1,1,0,
Denmark,98,85,1,49556abb,5c93efb1,007113d7,2,0,2,0,
Denmark,99,89,1,49556abb,5c93efb1,007113d7,4,0,4,0,
Denmark,100,90,1,49556abb,5c93efb1,007113d7,1,0,1,0,
Denmark,101,91,1,007113d7,5c93efb1,49556abb,1,0,1,0,
Denmark,102,92,1,49556abb,5c93efb1,007113d7,1,0,1,0,
Denmark,103,93,1,007113d7,5c93efb1,49556abb,1,0,1,0,
Denmark,104,97,1,007113d7,06b45b20,49556abb,4,0,4,0,
Denmark,105,101,1,007113d7,06b45b20,49556abb,4,0,4,0,
Denmark,106,105,1,007113d7,06b45b20,49556abb,4,0,4,0,
Denmark,107,107,1,007113d7,06b45b20,49556abb,2,0,2,0,
Denmark,108,110,1,007113d7,06b45b20,49556abb,3,0,3,0,
Denmark,109,112,1,49556abb,06b45b20,007113d7,2,0,2,0,
Denmark,110,116,1,007113d7,5c93efb1,49556abb,4,0,4,0,
Denmark,111,122,1,007113d7,5c93efb1,49556abb,6,0,6,0,
Denmark,112,122,1,007113d7,5c93efb1,49556abb,0,0,0,0,
Denmark,113,124,1,007113d7,5c93efb1,49556abb,2,0,2,0,
Denmark,114,124,2,007113d7,5c93efb1,49556abb,0,0,0,1,caught
Denmark,115,124,2,73b1db79,5c93efb1,49556abb,0,0,0,0,
Denmark,116,125,2,49556abb,bd021695,73b1db79,0,1,1,0,
Denmark,117,126,2,73b1db79,bd021695,49556abb,1,0,1,0,
Denmark,118,127,2,49556abb,bd021695,73b1db79,1,0,1,0,
Denmark,119,127,2,73b1db79,bd021695,49556abb,0,0,0,0,
Denmark,120,128,2,73b1db79,bd021695,49556abb,1,0,1,0,
Denmark,121,132,2,49556abb,bd021695,73b1db79,4,0,4,0,
Denmark,122,133,2,73b1db79,0331c99a,49556abb,1,0,1,0,
Denmark,123,133,3,49556abb,0331c99a,73b1db79,0,0,0,1,caught
Denmark,124,133,3,73b1db79,0331c99a,56e771ef,0,0,0,0,
Denmark,125,133,4,73b1db79,0331c99a,56e771ef,0,0,0,1,caught
Denmark,126,133,4,56e771ef,0331c99a,38189be1,0,0,0,0,
Denmark,127,135,4,56e771ef,0331c99a,38189be1,2,0,2,0,
Sweden,1,1,0,1283e17b,38189be1,c443b748,1,0,1,0,
Sweden,2,3,0,c443b748,38189be1,1283e17b,2,0,2,0,
Sweden,3,3,0,c443b748,38189be1,1283e17b,0,0,0,0,
Sweden,4,3,0,c443b748,38189be1,1283e17b,0,0,0,0,
Sweden,5,4,0,c443b748,38189be1,1283e17b,1,0,1,0,
Sweden,6,4,0,1283e17b,38189be1,c443b748,0,0,0,0,
Sweden,7,4,0,c443b748,ef141f36,1283e17b,0,0,0,0,
Sweden,8,4,0,c443b748,ef141f36,1283e17b,0,0,0,0,
Sweden,9,5,0,c443b748,ef141f36,1283e17b,1,0,1,0,
Sweden,10,7,0,1283e17b,ef141f36,c443b748,0,2,2,0,
Sweden,11,7,0,1283e17b,ef141f36,c443b748,0,0,0,0,
Sweden,12,9,0,1283e17b,ef141f36,c443b748,2,0,2,0,
Sweden,13,11,0,c443b748,38189be1,1283e17b,2,0,2,0,
Sweden,14,11,0,c443b748,38189be1,1283e17b,0,0,0,0,
Sweden,15,17,0,c443b748,38189be1,1283e17b,6,0,6,0,
Sweden,16,18,0,c443b748,38189be1,1283e17b,1,0,1,0,
Sweden,17,18,0,1283e17b,38189be1,c443b748,0,0,0,0,
Sweden,18,18,0,1283e17b,38189be1,c443b748,0,0,0,0,
Sweden,19,18,0,c443b748,ef141f36,1283e17b,0,0,0,0,
Sweden,20,18,0,c443b748,ef141f36,1283e17b,0,0,0,0,
Sweden,21,18,0,c443b748,ef141f36,1283e17b,0,0,0,0,
Sweden,22,18,0,c443b748,ef141f36,1283e17b,0,0,0,0,
Sweden,23,19,0,c443b748,ef141f36,1283e17b,1,0,1,0,
Sweden,24,19,0,1283e17b,ef141f36,c443b748,0,0,0,0,
Sweden,25,19,0,c443b748,28b032ac,1283e17b,0,0,0,0,
Sweden,26,19,0,c443b748,28b032ac,1283e17b,0,0,0,0,
Sweden,27,19,0,c443b748,28b032ac,1283e17b,0,0,0,0,
Sweden,28,19,0,c443b748,28b032ac,1283e17b,0,0,0,0,
Sweden,29,23,0,c443b748,28b032ac,1283e17b,4,0,4,0,
Sweden,30,23,1,c443b748,28b032ac,1283e17b,0,0,0,1,caught
Sweden,31,23,1,1283e17b,ef141f36,06b45b20,0,0,0,0,
Sweden,32,23,1,1283e17b,ef141f36,06b45b20,0,0,0,0,
Sweden,33,24,1,1283e17b,ef141f36,06b45b20,1,0,1,0,
Sweden,34,25,1,06b45b20,ef141f36,1283e17b,1,0,1,0,
Sweden,35,26,1,1283e17b,ef141f36,06b45b20,1,0,1,0,
Sweden,36,28,1,06b45b20,ef141f36,1283e17b,2,0,2,0,
Sweden,37,28,1,1283e17b,28b032ac,06b45b20,0,0,0,0,
Sweden,38,29,1,1283e17b,28b032ac,06b45b20,1,0,1,0,
Sweden,39,29,1,06b45b20,28b032ac,1283e17b,0,0,0,0,
Sweden,40,30,1,06b45b20,28b032ac,1283e17b,1,0,1,0,
Sweden,41,30,2,1283e17b,28b032ac,06b45b20,0,0,0,1,stumped
Sweden,42,30,2,cad11a02,28b032ac,06b45b20,0,0,0,0,
Sweden,43,35,2,06b45b20,28b99edd,cad11a02,0,5,5,0,
Sweden,44,35,2,06b45b20,28b99edd,cad11a02,0,0,0,0,
Sweden,45,36,2,06b45b20,28b99edd,cad11a02,1,0,1,0,
Sweden,46,37,2,cad11a02,28b99edd,06b45b20,1,0,1,0,
Sweden,47,38,2,06b45b20,28b99edd,cad11a02,1,0,1,0,
Sweden,48,39,2,cad11a02,28b99edd,06b45b20,1,0,1,0,
Sweden,49,40,2,06b45b20,28b99edd,cad11a02,0,1,1,0,
Sweden,50,44,2,06b45b20,28b99edd,cad11a02,4,0,4,0,
Sweden,51,45,2,cad11a02,007113d7,06b45b20,1,0,1,0,
Sweden,52,46,2,06b45b20,007113d7,cad11a02,1,0,1,0,
Sweden,53,47,2,cad11a02,007113d7,06b45b20,0,1,1,0,
Sweden,54,47,2,cad11a02,007113d7,06b45b20,0,0,0,0,
Sweden,55,47,2,cad11a02,007113d7,06b45b20,0,0,0,0,
Sweden,56,47,2,cad11a02,007113d7,06b45b20,0,0,0,0,
Sweden,57,49,2,cad11a02,007113d7,06b45b20,2,0,2,0,
Sweden,58,54,2,06b45b20,28b99edd,cad11a02,0,5,5,0,
Sweden,59,55,2,06b45b20,28b99edd,cad11a02,1,0,1,0,
Sweden,60,56,2,cad11a02,28b99edd,06b45b20,1,0,1,0,
Sweden,61,57,2,06b45b20,28b99edd,cad11a02,1,0,1,0,
Sweden,62,58,2,cad11a02,28b99edd,06b45b20,1,0,1,0,
Sweden,63,60,2,06b45b20,28b99edd,cad11a02,2,0,2,0,
Sweden,64,60,2,06b45b20,28b99edd,cad11a02,0,0,0,0,
Sweden,65,61,2,cad11a02,007113d7,06b45b20,1,0,1,0,
Sweden,66,61,2,06b45b20,007113d7,cad11a02,0,0,0,0,
Sweden,67,65,2,06b45b20,007113d7,cad11a02,4,0,4,0,
Sweden,68,65,3,06b45b20,007113d7,cad11a02,0,0,0,1,caught and bowled
Sweden,69,65,3,452024ef,007113d7,cad11a02,0,0,0,0,
Sweden,70,65,3,452024ef,007113d7,cad11a02,0,0,0,0,
Sweden,71,66,3,cad11a02,94ed8d37,452024ef,1,0,1,0,
Sweden,72,67,3,452024ef,94ed8d37,cad11a02,1,0,1,0,
Sweden,73,68,3,cad11a02,94ed8d37,452024ef,0,1,1,0,
Sweden,74,68,3,452024ef,94ed8d37,cad11a02,0,0,0,0,
Sweden,75,69,3,452024ef,94ed8d37,cad11a02,1,0,1,0,
Sweden,76,69,3,cad11a02,94ed8d37,452024ef,0,0,0,0,
Sweden,77,69,4,452024ef,28b032ac,cad11a02,0,0,0,1,bowled
Sweden,78,70,4,bfd93f9b,28b032ac,cad11a02,1,0,1,0,
Sweden,79,72,4,cad11a02,28b032ac,bfd93f9b,2,0,2,0,
Sweden,80,73,4,cad11a02,28b032ac,bfd93f9b,1,0,1,0,
Sweden,81,73,4,bfd93f9b,28b032ac,cad11a02,0,0,0,0,
Sweden,82,73,4,bfd93f9b,28b032ac,cad11a02,0,0,0,0,
Sweden,83,74,4,cad11a02,94ed8d37,bfd93f9b,0,1,1,0,
Sweden,84,75,4,bfd93f9b,94ed8d37,cad11a02,1,0,1,0,
Sweden,85,75,4,cad11a02,94ed8d37,bfd93f9b,0,0,0,0,
Sweden,86,76,4,cad11a02,94ed8d37,bfd93f9b,1,0,1,0,
Sweden,87,77,4,bfd93f9b,94ed8d37,cad11a02,0,1,1,0,
Sweden,88,77,4,cad11a02,94ed8d37,bfd93f9b,0,0,0,0,
Sweden,89,78,4,bfd93f9b,28b032ac,cad11a02,1,0,1,0,
Sweden,90,79,4,cad11a02,28b032ac,bfd93f9b,1,0,1,0,
Sweden,91,79,4,bfd93f9b,28b032ac,cad11a02,0,0,0,0,
Sweden,92,81,4,bfd93f9b,28b032ac,cad11a02,2,0,2,0,
Sweden,93,81,4,bfd93f9b,28b032ac,cad11a02,0,0,0,0,
Sweden,94,82,4,bfd93f9b,28b032ac,cad11a02,1,0,1,0,
Sweden,95,86,4,bfd93f9b,94ed8d37,cad11a02,4,0,4,0,
Sweden,96,87,4,bfd93f9b,94ed8d37,cad11a02,1,0,1,0,
Sweden,97,89,4,cad11a02,94ed8d37,bfd93f9b,2,0,2,0,
Sweden,98,92,4,cad11a02,94ed8d37,bfd93f9b,3,0,3,0,
Sweden,99,95,4,bfd93f9b,94ed8d37,cad11a02,0,3,3,0,
Sweden,100,95,4,bfd93f9b,94ed8d37,cad11a02,0,0,0,0,
Sweden,101,95,4,bfd93f9b,94ed8d37,cad11a02,0,0,0,0,
Sweden,102,99,4,cad11a02,38189be1,bfd93f9b,4,0,4,0,
Sweden,103,100,4,cad11a02,38189be1,bfd93f9b,0,1,1,0,
Sweden,104,101,4,cad11a02,38189be1,bfd93f9b,1,0,1,0,
Sweden,105,103,4,bfd93f9b,38189be1,cad11a02,2,0,2,0,
Sweden,106,104,4,bfd93f9b,38189be1,cad11a02,1,0,1,0,
Sweden,107,107,4,cad11a02,38189be1,bfd93f9b,0,3,3,0,
Sweden,108,111,4,cad11a02,38189be1,bfd93f9b,4,0,4,0,
Sweden,109,111,4,cad11a02,38189be1,bfd93f9b,0,0,0,0,
Sweden,110,112,4,bfd93f9b,ef141f36,cad11a02,1,0,1,0,
Sweden,111,114,4,cad11a02,ef141f36,bfd93f9b,2,0,2,0,
Sweden,112,116,4,cad11a02,ef141f36,bfd93f9b,2,0,2,0,
Sweden,113,116,5,cad11a02,ef141f36,bfd93f9b,0,0,0,1,caught
Sweden,114,116,5,5c93efb1,ef141f36,bfd93f9b,0,0,0,0,
Sweden,115,117,5,5c93efb1,ef141f36,bfd93f9b,1,0,1,0,
Sweden,116,117,6,5c93efb1,38189be1,bfd93f9b,0,0,0,1,caught
Sweden,117,119,6,bfd93f9b,38189be1,0331c99a,2,0,2,0,
Sweden,118,119,6,bfd93f9b,38189be1,0331c99a,0,0,0,0,
Sweden,119,120,6,bfd93f9b,38189be1,0331c99a,1,0,1,0,
Sweden,120,122,6,0331c99a,38189be1,bfd93f9b,2,0,2,0,
Sweden,121,122,6,0331c99a,38189be1,bfd93f9b,0,0,0,0,
Sweden,122,122,7,bfd93f9b,28b99edd,0331c99a,0,0,0,1,lbw
Sweden,123,125,7,bd021695,28b99edd,0331c99a,2,1,3,0,
Sweden,124,129,7,bd021695,28b99edd,0331c99a,4,0,4,0,
Sweden,125,130,7,bd021695,28b99edd,0331c99a,1,0,1,0,
Sweden,126,131,7,0331c99a,28b99edd,bd021695,1,0,1,0,
Sweden,127,133,7,bd021695,28b99edd,0331c99a,2,0,2,0,
Sweden,128,137,7,bd021695,28b99edd,0331c99a,4,0,4,0,
