batting_team,ball_number,total_team_runs,total_team_wickets,striker_ID,bowler_ID,nonstriker_ID,batter_runs,extras_runs,total_delivery_runs,wicket,wicket_type
Jersey,1,0,0,42bf1b7d,2dfe0612,c149b9ca,0,0,0,0,
Jersey,2,0,0,42bf1b7d,2dfe0612,c149b9ca,0,0,0,0,
Jersey,3,1,0,42bf1b7d,2dfe0612,c149b9ca,1,0,1,0,
Jersey,4,5,0,c149b9ca,2dfe0612,42bf1b7d,4,0,4,0,
Jersey,5,5,0,c149b9ca,2dfe0612,42bf1b7d,0,0,0,0,
Jersey,6,5,0,c149b9ca,2dfe0612,42bf1b7d,0,0,0,0,
Jersey,7,5,0,42bf1b7d,aeab0d4f,c149b9ca,0,0,0,0,
Jersey,8,5,0,42bf1b7d,aeab0d4f,c149b9ca,0,0,0,0,
Jersey,9,6,0,42bf1b7d,aeab0d4f,c149b9ca,1,0,1,0,
Jersey,10,6,0,c149b9ca,aeab0d4f,42bf1b7d,0,0,0,0,
Jersey,11,6,0,c149b9ca,aeab0d4f,42bf1b7d,0,0,0,0,
Jersey,12,7,0,c149b9ca,aeab0d4f,42bf1b7d,1,0,1,0,
Jersey,13,7,0,c149b9ca,2dfe0612,42bf1b7d,0,0,0,0,
Jersey,14,7,1,c149b9ca,2dfe0612,42bf1b7d,0,0,0,1,caught
Jersey,15,7,1,42bf1b7d,2dfe0612,96fe3e9f,0,0,0,0,
Jersey,16,8,1,42bf1b7d,2dfe0612,96fe3e9f,1,0,1,0,
Jersey,17,9,1,96fe3e9f,2dfe0612,42bf1b7d,1,0,1,0,
Jersey,18,10,1,42bf1b7d,2dfe0612,96fe3e9f,1,0,1,0,
Jersey,19,14,1,42bf1b7d,aeab0d4f,96fe3e9f,4,0,4,0,
Jersey,20,18,1,42bf1b7d,aeab0d4f,96fe3e9f,4,0,4,0,
Jersey,21,18,1,42bf1b7d,aeab0d4f,96fe3e9f,0,0,0,0,
Jersey,22,19,1,42bf1b7d,aeab0d4f,96fe3e9f,1,0,1,0,
Jersey,23,20,1,96fe3e9f,aeab0d4f,42bf1b7d,1,0,1,0,
Jersey,24,21,1,42bf1b7d,aeab0d4f,96fe3e9f,1,0,1,0,
Jersey,25,21,1,42bf1b7d,2dfe0612,96fe3e9f,0,0,0,0,
Jersey,26,25,1,42bf1b7d,2dfe0612,96fe3e9f,4,0,4,0,
Jersey,27,25,1,42bf1b7d,2dfe0612,96fe3e9f,0,0,0,0,
Jersey,28,29,1,42bf1b7d,2dfe0612,96fe3e9f,4,0,4,0,
Jersey,29,30,1,42bf1b7d,2dfe0612,96fe3e9f,1,0,1,0,
Jersey,30,31,1,96fe3e9f,2dfe0612,42bf1b7d,1,0,1,0,
Jersey,31,32,1,96fe3e9f,cfcf189f,42bf1b7d,0,1,1,0,
Jersey,32,32,1,96fe3e9f,cfcf189f,42bf1b7d,0,0,0,0,
Jersey,33,33,1,96fe3e9f,cfcf189f,42bf1b7d,1,0,1,0,
Jersey,34,34,1,42bf1b7d,cfcf189f,96fe3e9f,1,0,1,0,
Jersey,35,34,1,96fe3e9f,cfcf189f,42bf1b7d,0,0,0,0,
Jersey,36,34,1,96fe3e9f,cfcf189f,42bf1b7d,0,0,0,0,
Jersey,37,35,1,96fe3e9f,cfcf189f,42bf1b7d,0,1,1,0,
Jersey,38,35,1,96fe3e9f,cfcf189f,42bf1b7d,0,0,0,0,
Jersey,39,36,1,42bf1b7d,baa7dd37,96fe3e9f,1,0,1,0,
Jersey,40,37,1,96fe3e9f,baa7dd37,42bf1b7d,1,0,1,0,
Jersey,41,37,1,42bf1b7d,baa7dd37,96fe3e9f,0,0,0,0,
Jersey,42,38,1,42bf1b7d,baa7dd37,96fe3e9f,1,0,1,0,
Jersey,43,42,1,96fe3e9f,baa7dd37,42bf1b7d,4,0,4,0,
Jersey,44,44,1,96fe3e9f,baa7dd37,42bf1b7d,2,0,2,0,
Jersey,45,44,1,42bf1b7d,cfcf189f,96fe3e9f,0,0,0,0,
Jersey,46,44,1,42bf1b7d,cfcf189f,96fe3e9f,0,0,0,0,
Jersey,47,44,1,42bf1b7d,cfcf189f,96fe3e9f,0,0,0,0,
Jersey,48,45,1,42bf1b7d,cfcf189f,96fe3e9f,1,0,1,0,
Jersey,49,46,1,96fe3e9f,cfcf189f,42bf1b7d,1,0,1,0,
Jersey,50,50,1,42bf1b7d,cfcf189f,96fe3e9f,4,0,4,0,
Jersey,51,51,1,96fe3e9f,6a63c29c,42bf1b7d,1,0,1,0,
Jersey,52,51,1,42bf1b7d,6a63c29c,96fe3e9f,0,0,0,0,
Jersey,53,57,1,42bf1b7d,6a63c29c,96fe3e9f,6,0,6,0,
Jersey,54,57,1,42bf1b7d,6a63c29c,96fe3e9f,0,0,0,0,
Jersey,55,57,1,42bf1b7d,6a63c29c,96fe3e9f,0,0,0,0,
Jersey,56,58,1,42bf1b7d,6a63c29c,96fe3e9f,1,0,1,0,
Jersey,57,58,1,42bf1b7d,baa7dd37,96fe3e9f,0,0,0,0,
Jersey,58,58,1,42bf1b7d,baa7dd37,96fe3e9f,0,0,0,0,
Jersey,59,64,1,42bf1b7d,baa7dd37,96fe3e9f,6,0,6,0,
Jersey,60,65,1,42bf1b7d,baa7dd37,96fe3e9f,1,0,1,0,
Jersey,61,66,1,96fe3e9f,baa7dd37,42bf1b7d,1,0,1,0,
Jersey,62,67,1,42bf1b7d,baa7dd37,96fe3e9f,1,0,1,0,
Jersey,63,68,1,42bf1b7d,6a63c29c,96fe3e9f,1,0,1,0,
Jersey,64,70,1,96fe3e9f,6a63c29c,42bf1b7d,2,0,2,0,
Jersey,65,71,1,96fe3e9f,6a63c29c,42bf1b7d,1,0,1,0,
Jersey,66,72,1,42bf1b7d,6a63c29c,96fe3e9f,1,0,1,0,
Jersey,67,73,1,96fe3e9f,6a63c29c,42bf1b7d,1,0,1,0,
Jersey,68,74,1,42bf1b7d,6a63c29c,96fe3e9f,1,0,1,0,
Jersey,69,74,1,42bf1b7d,352e589f,96fe3e9f,0,0,0,0,
Jersey,70,75,1,42bf1b7d,352e589f,96fe3e9f,1,0,1,0,
Jersey,71,75,2,96fe3e9f,352e589f,42bf1b7d,0,0,0,1,caught and bowled
Jersey,72,76,2,32a8161e,352e589f,42bf1b7d,1,0,1,0,
Jersey,73,76,3,42bf1b7d,352e589f,32a8161e,0,0,0,1,bowled
Jersey,74,77,3,86f84b37,352e589f,32a8161e,1,0,1,0,
Jersey,75,78,3,86f84b37,2dfe0612,32a8161e,1,0,1,0,
Jersey,76,79,3,32a8161e,2dfe0612,86f84b37,1,0,1,0,
Jersey,77,80,3,86f84b37,2dfe0612,32a8161e,1,0,1,0,
Jersey,78,82,3,32a8161e,2dfe0612,86f84b37,2,0,2,0,
Jersey,79,83,3,32a8161e,2dfe0612,86f84b37,1,0,1,0,
Jersey,80,83,3,86f84b37,2dfe0612,32a8161e,0,0,0,0,
Jersey,81,84,3,32a8161e,352e589f,86f84b37,1,0,1,0,
Jersey,82,85,3,86f84b37,352e589f,32a8161e,1,0,1,0,
Jersey,83,87,3,32a8161e,352e589f,86f84b37,2,0,2,0,
Jersey,84,91,3,32a8161e,352e589f,86f84b37,4,0,4,0,
Jersey,85,92,3,32a8161e,352e589f,86f84b37,1,0,1,0,
Jersey,86,93,3,86f84b37,352e589f,32a8161e,1,0,1,0,
Jersey,87,93,4,86f84b37,cfcf189f,32a8161e,0,0,0,1,run out
Jersey,88,93,4,32a8161e,cfcf189f,9e0bd203,0,0,0,0,
Jersey,89,94,4,32a8161e,cfcf189f,9e0bd203,0,1,1,0,
Jersey,90,95,4,32a8161e,cfcf189f,9e0bd203,1,0,1,0,
Jersey,91,95,4,9e0bd203,cfcf189f,32a8161e,0,0,0,0,
Jersey,92,95,4,9e0bd203,cfcf189f,32a8161e,0,0,0,0,
Jersey,93,96,4,9e0bd203,cfcf189f,32a8161e,1,0,1,0,
Jersey,94,97,4,9e0bd203,352e589f,32a8161e,1,0,1,0,
Jersey,95,99,4,32a8161e,352e589f,9e0bd203,2,0,2,0,
Jersey,96,100,4,32a8161e,352e589f,9e0bd203,1,0,1,0,
Jersey,97,100,4,9e0bd203,352e589f,32a8161e,0,0,0,0,
Jersey,98,104,4,9e0bd203,352e589f,32a8161e,4,0,4,0,
Jersey,99,106,4,9e0bd203,352e589f,32a8161e,2,0,2,0,
Jersey,100,107,4,32a8161e,aeab0d4f,9e0bd203,1,0,1,0,
Jersey,101,108,4,9e0bd203,aeab0d4f,32a8161e,0,1,1,0,
Jersey,102,112,4,9e0bd203,aeab0d4f,32a8161e,4,0,4,0,
Jersey,103,114,4,9e0bd203,aeab0d4f,32a8161e,2,0,2,0,
Jersey,104,114,4,9e0bd203,aeab0d4f,32a8161e,0,0,0,0,
Jersey,105,114,4,9e0bd203,aeab0d4f,32a8161e,0,0,0,0,
Jersey,106,114,4,9e0bd203,aeab0d4f,32a8161e,0,0,0,0,
Jersey,107,118,4,32a8161e,352e589f,9e0bd203,4,0,4,0,
Jersey,108,119,4,32a8161e,352e589f,9e0bd203,0,1,1,0,
Jersey,109,120,5,9e0bd203,352e589f,32a8161e,1,0,1,1,run out
Jersey,110,121,5,0b581ed6,352e589f,32a8161e,1,0,1,0,
Jersey,111,121,6,32a8161e,352e589f,0b581ed6,0,0,0,1,caught
Jersey,112,122,6,d8976cb7,352e589f,0b581ed6,1,0,1,0,
Jersey,113,124,6,d8976cb7,cfcf189f,0b581ed6,2,0,2,0,
Jersey,114,125,6,d8976cb7,cfcf189f,0b581ed6,1,0,1,0,
Jersey,115,126,6,0b581ed6,cfcf189f,d8976cb7,1,0,1,0,
Jersey,116,127,7,d8976cb7,cfcf189f,0b581ed6,1,0,1,1,run out
Jersey,117,129,7,d8976cb7,cfcf189f,89a7dd4a,2,0,2,0,
Jersey,118,130,7,d8976cb7,cfcf189f,89a7dd4a,1,0,1,0,
Jersey,119,132,7,d8976cb7,aeab0d4f,89a7dd4a,2,0,2,0,
Jersey,120,133,7,d8976cb7,aeab0d4f,89a7dd4a,1,0,1,0,
Jersey,121,133,7,89a7dd4a,aeab0d4f,d8976cb7,0,0,0,0,
Jersey,122,134,7,89a7dd4a,aeab0d4f,d8976cb7,1,0,1,0,
Jersey,123,136,7,d8976cb7,aeab0d4f,89a7dd4a,2,0,2,0,
Jersey,124,137,7,d8976cb7,aeab0d4f,89a7dd4a,0,1,1,0,
Germany,1,1,0,8e81b773,42bf1b7d,8e5a1a7a,1,0,1,0,
Germany,2,2,0,8e5a1a7a,42bf1b7d,8e81b773,1,0,1,0,
Germany,3,3,0,8e81b773,42bf1b7d,8e5a1a7a,1,0,1,0,
Germany,4,3,0,8e5a1a7a,42bf1b7d,8e81b773,0,0,0,0,
Germany,5,3,0,8e5a1a7a,42bf1b7d,8e81b773,0,0,0,0,
Germany,6,3,0,8e5a1a7a,42bf1b7d,8e81b773,0,0,0,0,
Germany,7,3,0,8e81b773,d8976cb7,8e5a1a7a,0,0,0,0,
Germany,8,3,0,8e81b773,d8976cb7,8e5a1a7a,0,0,0,0,
Germany,9,4,0,8e81b773,d8976cb7,8e5a1a7a,1,0,1,0,
Germany,10,4,0,8e5a1a7a,d8976cb7,8e81b773,0,0,0,0,
Germany,11,4,0,8e5a1a7a,d8976cb7,8e81b773,0,0,0,0,
Germany,12,5,0,8e5a1a7a,d8976cb7,8e81b773,1,0,1,0,
Germany,13,7,0,8e5a1a7a,0b581ed6,8e81b773,2,0,2,0,
Germany,14,8,0,8e5a1a7a,0b581ed6,8e81b773,1,0,1,0,
Germany,15,14,0,8e81b773,0b581ed6,8e5a1a7a,6,0,6,0,
Germany,16,17,0,8e81b773,0b581ed6,8e5a1a7a,3,0,3,0,
Germany,17,17,0,8e5a1a7a,0b581ed6,8e81b773,0,0,0,0,
Germany,18,17,0,8e5a1a7a,0b581ed6,8e81b773,0,0,0,0,
Germany,19,17,0,8e81b773,9f998ed8,8e5a1a7a,0,0,0,0,
Germany,20,19,0,8e81b773,9f998ed8,8e5a1a7a,2,0,2,0,
Germany,21,19,0,8e81b773,9f998ed8,8e5a1a7a,0,0,0,0,
Germany,22,20,0,8e81b773,9f998ed8,8e5a1a7a,1,0,1,0,
Germany,23,24,0,8e5a1a7a,9f998ed8,8e81b773,4,0,4,0,
Germany,24,30,0,8e5a1a7a,9f998ed8,8e81b773,6,0,6,0,
Germany,25,31,0,8e81b773,6b46ce43,8e5a1a7a,1,0,1,0,
Germany,26,35,0,8e5a1a7a,6b46ce43,8e81b773,4,0,4,0,
Germany,27,35,0,8e5a1a7a,6b46ce43,8e81b773,0,0,0,0,
Germany,28,36,0,8e5a1a7a,6b46ce43,8e81b773,1,0,1,0,
Germany,29,41,0,8e81b773,6b46ce43,8e5a1a7a,0,5,5,0,
Germany,30,42,0,8e81b773,6b46ce43,8e5a1a7a,0,1,1,0,
Germany,31,42,0,8e81b773,6b46ce43,8e5a1a7a,0,0,0,0,
Germany,32,42,0,8e81b773,6b46ce43,8e5a1a7a,0,0,0,0,
Germany,33,42,0,8e5a1a7a,d8976cb7,8e81b773,0,0,0,0,
Germany,34,48,0,8e5a1a7a,d8976cb7,8e81b773,6,0,6,0,
Germany,35,50,0,8e5a1a7a,d8976cb7,8e81b773,2,0,2,0,
Germany,36,50,0,8e5a1a7a,d8976cb7,8e81b773,0,0,0,0,
Germany,37,50,0,8e5a1a7a,d8976cb7,8e81b773,0,0,0,0,
Germany,38,50,0,8e5a1a7a,d8976cb7,8e81b773,0,0,0,0,
Germany,39,51,0,8e81b773,9e0bd203,8e5a1a7a,1,0,1,0,
Germany,40,51,0,8e5a1a7a,9e0bd203,8e81b773,0,0,0,0,
Germany,41,52,0,8e5a1a7a,9e0bd203,8e81b773,1,0,1,0,
Germany,42,52,0,8e81b773,9e0bd203,8e5a1a7a,0,0,0,0,
Germany,43,52,0,8e81b773,9e0bd203,8e5a1a7a,0,0,0,0,
Germany,44,53,0,8e81b773,9e0bd203,8e5a1a7a,1,0,1,0,
Germany,45,53,0,8e81b773,42bf1b7d,8e5a1a7a,0,0,0,0,
Germany,46,55,0,8e81b773,42bf1b7d,8e5a1a7a,2,0,2,0,
Germany,47,56,0,8e81b773,42bf1b7d,8e5a1a7a,1,0,1,0,
Germany,48,57,0,8e5a1a7a,42bf1b7d,8e81b773,1,0,1,0,
Germany,49,57,1,8e81b773,42bf1b7d,8e5a1a7a,0,0,0,1,stumped
Germany,50,57,1,22176fe7,42bf1b7d,8e5a1a7a,0,0,0,0,
Germany,51,58,1,8e5a1a7a,9e0bd203,22176fe7,1,0,1,0,
Germany,52,59,1,22176fe7,9e0bd203,8e5a1a7a,1,0,1,0,
Germany,53,60,1,8e5a1a7a,9e0bd203,22176fe7,1,0,1,0,
Germany,54,61,1,22176fe7,9e0bd203,8e5a1a7a,0,1,1,0,
Germany,55,61,2,8e5a1a7a,9e0bd203,22176fe7,0,0,0,1,run out
Germany,56,62,2,22176fe7,9e0bd203,ad5342dc,1,0,1,0,
Germany,57,62,2,22176fe7,42bf1b7d,ad5342dc,0,0,0,0,
Germany,58,66,2,22176fe7,42bf1b7d,ad5342dc,4,0,4,0,
Germany,59,68,2,22176fe7,42bf1b7d,ad5342dc,2,0,2,0,
Germany,60,70,2,22176fe7,42bf1b7d,ad5342dc,0,2,2,0,
Germany,61,71,2,22176fe7,42bf1b7d,ad5342dc,1,0,1,0,
Germany,62,72,2,ad5342dc,42bf1b7d,22176fe7,1,0,1,0,
Germany,63,73,2,ad5342dc,6b46ce43,22176fe7,1,0,1,0,
Germany,64,73,2,22176fe7,6b46ce43,ad5342dc,0,0,0,0,
Germany,65,74,2,22176fe7,6b46ce43,ad5342dc,1,0,1,0,
Germany,66,76,2,ad5342dc,6b46ce43,22176fe7,2,0,2,0,
Germany,67,76,2,ad5342dc,6b46ce43,22176fe7,0,0,0,0,
Germany,68,77,2,ad5342dc,6b46ce43,22176fe7,1,0,1,0,
Germany,69,78,2,ad5342dc,9e0bd203,22176fe7,1,0,1,0,
Germany,70,79,2,22176fe7,9e0bd203,ad5342dc,1,0,1,0,
Germany,71,79,2,ad5342dc,9e0bd203,22176fe7,0,0,0,0,
Germany,72,79,2,ad5342dc,9e0bd203,22176fe7,0,0,0,0,
Germany,73,80,2,ad5342dc,9e0bd203,22176fe7,1,0,1,0,
Germany,74,80,2,22176fe7,9e0bd203,ad5342dc,0,0,0,0,
Germany,75,80,2,ad5342dc,9f998ed8,22176fe7,0,0,0,0,
Germany,76,81,2,ad5342dc,9f998ed8,22176fe7,1,0,1,0,
Germany,77,83,2,22176fe7,9f998ed8,ad5342dc,2,0,2,0,
Germany,78,84,2,22176fe7,9f998ed8,ad5342dc,1,0,1,0,
Germany,79,85,2,ad5342dc,9f998ed8,22176fe7,1,0,1,0,
Germany,80,86,2,22176fe7,9f998ed8,ad5342dc,1,0,1,0,
Germany,81,87,2,22176fe7,d8976cb7,ad5342dc,1,0,1,0,
Germany,82,88,2,ad5342dc,d8976cb7,22176fe7,1,0,1,0,
Germany,83,89,2,22176fe7,d8976cb7,ad5342dc,1,0,1,0,
Germany,84,89,2,ad5342dc,d8976cb7,22176fe7,0,0,0,0,
Germany,85,90,2,ad5342dc,d8976cb7,22176fe7,1,0,1,0,
Germany,86,91,2,22176fe7,d8976cb7,ad5342dc,1,0,1,0,
Germany,87,91,2,22176fe7,9f998ed8,ad5342dc,0,0,0,0,
Germany,88,91,3,22176fe7,9f998ed8,ad5342dc,0,0,0,1,bowled
Germany,89,91,3,cfcf189f,9f998ed8,ad5342dc,0,0,0,0,
Germany,90,92,3,cfcf189f,9f998ed8,ad5342dc,1,0,1,0,
Germany,91,93,3,ad5342dc,9f998ed8,cfcf189f,1,0,1,0,
Germany,92,93,4,cfcf189f,9f998ed8,ad5342dc,0,0,0,1,bowled
Germany,93,94,4,ad5342dc,9e0bd203,8209da53,1,0,1,0,
Germany,94,95,4,8209da53,9e0bd203,ad5342dc,1,0,1,0,
Germany,95,95,4,ad5342dc,9e0bd203,8209da53,0,0,0,0,
Germany,96,96,4,ad5342dc,9e0bd203,8209da53,1,0,1,0,
Germany,97,97,4,8209da53,9e0bd203,ad5342dc,1,0,1,0,
Germany,98,98,4,ad5342dc,9e0bd203,8209da53,1,0,1,0,
Germany,99,98,4,ad5342dc,d8976cb7,8209da53,0,0,0,0,
Germany,100,98,4,ad5342dc,d8976cb7,8209da53,0,0,0,0,
Germany,101,99,4,ad5342dc,d8976cb7,8209da53,1,0,1,0,
Germany,102,103,4,8209da53,d8976cb7,ad5342dc,4,0,4,0,
Germany,103,103,5,8209da53,d8976cb7,ad5342dc,0,0,0,1,caught
Germany,104,104,5,ad5342dc,d8976cb7,aeab0d4f,1,0,1,0,
Germany,105,105,5,ad5342dc,6b46ce43,aeab0d4f,0,1,1,0,
Germany,106,106,5,ad5342dc,6b46ce43,aeab0d4f,1,0,1,0,
Germany,107,106,5,aeab0d4f,6b46ce43,ad5342dc,0,0,0,0,
Germany,108,110,5,aeab0d4f,6b46ce43,ad5342dc,4,0,4,0,
Germany,109,111,5,aeab0d4f,6b46ce43,ad5342dc,1,0,1,0,
Germany,110,112,5,ad5342dc,6b46ce43,aeab0d4f,1,0,1,0,
Germany,111,113,5,aeab0d4f,6b46ce43,ad5342dc,0,1,1,0,
Germany,112,113,5,aeab0d4f,6b46ce43,ad5342dc,0,0,0,0,
Germany,113,119,5,ad5342dc,9f998ed8,aeab0d4f,6,0,6,0,
Germany,114,119,5,ad5342dc,9f998ed8,aeab0d4f,0,0,0,0,
Germany,115,120,5,ad5342dc,9f998ed8,aeab0d4f,1,0,1,0,
Germany,116,121,5,aeab0d4f,9f998ed8,ad5342dc,0,1,1,0,
Germany,117,122,5,aeab0d4f,9f998ed8,ad5342dc,1,0,1,0,
Germany,118,123,5,ad5342dc,9f998ed8,aeab0d4f,1,0,1,0,
Germany,119,124,5,aeab0d4f,9f998ed8,ad5342dc,1,0,1,0,
Germany,120,125,5,aeab0d4f,0b581ed6,ad5342dc,1,0,1,0,
Germany,121,129,5,ad5342dc,0b581ed6,aeab0d4f,4,0,4,0,
Germany,122,130,5,ad5342dc,0b581ed6,aeab0d4f,0,1,1,0,
Germany,123,131,5,aeab0d4f,0b581ed6,ad5342dc,1,0,1,0,
Germany,124,132,5,ad5342dc,0b581ed6,aeab0d4f,0,1,1,0,
Germany,125,133,5,aeab0d4f,0b581ed6,ad5342dc,1,0,1,0,
