batting_team,ball_number,total_team_runs,total_team_wickets,striker_ID,bowler_ID,nonstriker_ID,batter_runs,extras_runs,total_delivery_runs,wicket,wicket_type
Services,1,0,1,71ee052e,2cffab74,58471746,0,0,0,1,run out
Services,2,4,1,adf454e9,2cffab74,58471746,4,0,4,0,
Services,3,4,1,adf454e9,2cffab74,58471746,0,0,0,0,
Services,4,4,1,adf454e9,2cffab74,58471746,0,0,0,0,
Services,5,5,1,adf454e9,2cffab74,58471746,0,1,1,0,
Services,6,5,1,58471746,2cffab74,adf454e9,0,0,0,0,
Services,7,5,1,adf454e9,a00e1842,58471746,0,0,0,0,
Services,8,5,1,adf454e9,a00e1842,58471746,0,0,0,0,
Services,9,7,1,adf454e9,a00e1842,58471746,2,0,2,0,
Services,10,7,1,adf454e9,a00e1842,58471746,0,0,0,0,
Services,11,8,1,adf454e9,a00e1842,58471746,1,0,1,0,
Services,12,9,1,58471746,a00e1842,adf454e9,1,0,1,0,
Services,13,9,1,58471746,f9e6e7ef,adf454e9,0,0,0,0,
Services,14,10,1,58471746,f9e6e7ef,adf454e9,1,0,1,0,
Services,15,16,1,adf454e9,f9e6e7ef,58471746,6,0,6,0,
Services,16,16,1,adf454e9,f9e6e7ef,58471746,0,0,0,0,
Services,17,18,1,adf454e9,f9e6e7ef,58471746,2,0,2,0,
Services,18,18,2,adf454e9,f9e6e7ef,58471746,0,0,0,1,caught
Services,19,18,2,58471746,24e3f53e,be271641,0,0,0,0,
Services,20,18,3,58471746,24e3f53e,be271641,0,0,0,1,caught
Services,21,18,3,be271641,24e3f53e,904585d1,0,0,0,0,
Services,22,18,3,be271641,24e3f53e,904585d1,0,0,0,0,
Services,23,18,3,be271641,24e3f53e,904585d1,0,0,0,0,
Services,24,18,3,be271641,24e3f53e,904585d1,0,0,0,0,
Services,25,19,3,904585d1,a00e1842,be271641,1,0,1,0,
Services,26,19,4,be271641,a00e1842,904585d1,0,0,0,1,lbw
Services,27,19,4,92ac032e,a00e1842,904585d1,0,0,0,0,
Services,28,19,4,92ac032e,a00e1842,904585d1,0,0,0,0,
Services,29,19,4,92ac032e,a00e1842,904585d1,0,0,0,0,
Services,30,19,4,92ac032e,a00e1842,904585d1,0,0,0,0,
Services,31,19,4,904585d1,72147266,92ac032e,0,0,0,0,
Services,32,19,4,904585d1,72147266,92ac032e,0,0,0,0,
Services,33,19,5,904585d1,72147266,92ac032e,0,0,0,1,bowled
Services,34,19,5,7cc7fe19,72147266,92ac032e,0,0,0,0,
Services,35,19,5,7cc7fe19,72147266,92ac032e,0,0,0,0,
Services,36,19,5,7cc7fe19,72147266,92ac032e,0,0,0,0,
Services,37,19,5,92ac032e,f9e6e7ef,7cc7fe19,0,0,0,0,
Services,38,20,5,92ac032e,f9e6e7ef,7cc7fe19,1,0,1,0,
Services,39,20,5,7cc7fe19,f9e6e7ef,92ac032e,0,0,0,0,
Services,40,20,5,7cc7fe19,f9e6e7ef,92ac032e,0,0,0,0,
Services,41,20,5,7cc7fe19,f9e6e7ef,92ac032e,0,0,0,0,
Services,42,20,5,7cc7fe19,f9e6e7ef,92ac032e,0,0,0,0,
Services,43,20,5,92ac032e,24e3f53e,7cc7fe19,0,0,0,0,
Services,44,20,5,92ac032e,24e3f53e,7cc7fe19,0,0,0,0,
Services,45,21,5,92ac032e,24e3f53e,7cc7fe19,1,0,1,0,
Services,46,21,5,7cc7fe19,24e3f53e,92ac032e,0,0,0,0,
Services,47,21,5,7cc7fe19,24e3f53e,92ac032e,0,0,0,0,
Services,48,21,5,7cc7fe19,24e3f53e,92ac032e,0,0,0,0,
Services,49,21,5,92ac032e,f9e6e7ef,7cc7fe19,0,0,0,0,
Services,50,21,5,92ac032e,f9e6e7ef,7cc7fe19,0,0,0,0,
Services,51,21,5,92ac032e,f9e6e7ef,7cc7fe19,0,0,0,0,
Services,52,21,5,92ac032e,f9e6e7ef,7cc7fe19,0,0,0,0,
Services,53,22,5,92ac032e,f9e6e7ef,7cc7fe19,1,0,1,0,
Services,54,23,5,7cc7fe19,f9e6e7ef,92ac032e,1,0,1,0,
Services,55,24,5,7cc7fe19,24e3f53e,92ac032e,1,0,1,0,
Services,56,24,5,92ac032e,24e3f53e,7cc7fe19,0,0,0,0,
Services,57,24,5,92ac032e,24e3f53e,7cc7fe19,0,0,0,0,
Services,58,25,5,92ac032e,24e3f53e,7cc7fe19,1,0,1,0,
Services,59,25,6,7cc7fe19,24e3f53e,92ac032e,0,0,0,1,caught
Services,60,25,6,f8c7484e,24e3f53e,92ac032e,0,0,0,0,
Services,61,27,6,92ac032e,a00e1842,f8c7484e,2,0,2,0,
Services,62,27,6,92ac032e,a00e1842,f8c7484e,0,0,0,0,
Services,63,28,6,92ac032e,a00e1842,f8c7484e,1,0,1,0,
Services,64,28,6,f8c7484e,a00e1842,92ac032e,0,0,0,0,
Services,65,34,6,f8c7484e,a00e1842,92ac032e,6,0,6,0,
Services,66,34,6,f8c7484e,a00e1842,92ac032e,0,0,0,0,
Services,67,34,6,92ac032e,24e3f53e,f8c7484e,0,0,0,0,
Services,68,35,6,92ac032e,24e3f53e,f8c7484e,1,0,1,0,
Services,69,35,6,f8c7484e,24e3f53e,92ac032e,0,0,0,0,
Services,70,41,6,f8c7484e,24e3f53e,92ac032e,6,0,6,0,
Services,71,47,6,f8c7484e,24e3f53e,92ac032e,6,0,6,0,
Services,72,47,6,f8c7484e,24e3f53e,92ac032e,0,0,0,0,
Services,73,47,6,92ac032e,0a67aec0,f8c7484e,0,0,0,0,
Services,74,47,6,92ac032e,0a67aec0,f8c7484e,0,0,0,0,
Services,75,48,6,92ac032e,0a67aec0,f8c7484e,1,0,1,0,
Services,76,48,6,f8c7484e,0a67aec0,92ac032e,0,0,0,0,
Services,77,48,6,f8c7484e,0a67aec0,92ac032e,0,0,0,0,
Services,78,48,6,f8c7484e,0a67aec0,92ac032e,0,0,0,0,
Services,79,48,6,92ac032e,2cffab74,f8c7484e,0,0,0,0,
Services,80,48,6,92ac032e,2cffab74,f8c7484e,0,0,0,0,
Services,81,48,6,92ac032e,2cffab74,f8c7484e,0,0,0,0,
Services,82,49,6,92ac032e,2cffab74,f8c7484e,1,0,1,0,
Services,83,53,6,f8c7484e,2cffab74,92ac032e,4,0,4,0,
Services,84,53,7,f8c7484e,2cffab74,92ac032e,0,0,0,1,caught
Services,85,53,7,92ac032e,0a67aec0,a63563c0,0,0,0,0,
Services,86,54,7,92ac032e,0a67aec0,a63563c0,1,0,1,0,
Services,87,54,8,a63563c0,0a67aec0,92ac032e,0,0,0,1,caught
Services,88,54,8,fa73f373,0a67aec0,92ac032e,0,0,0,0,
Services,89,54,8,fa73f373,0a67aec0,92ac032e,0,0,0,0,
Services,90,54,8,fa73f373,0a67aec0,92ac032e,0,0,0,0,
Services,91,54,8,92ac032e,f9e6e7ef,fa73f373,0,0,0,0,
Services,92,54,8,92ac032e,f9e6e7ef,fa73f373,0,0,0,0,
Services,93,54,8,92ac032e,f9e6e7ef,fa73f373,0,0,0,0,
Services,94,55,8,92ac032e,f9e6e7ef,fa73f373,1,0,1,0,
Services,95,56,8,fa73f373,f9e6e7ef,92ac032e,1,0,1,0,
Services,96,56,8,92ac032e,f9e6e7ef,fa73f373,0,0,0,0,
Services,97,56,8,fa73f373,0a67aec0,92ac032e,0,0,0,0,
Services,98,60,8,fa73f373,0a67aec0,92ac032e,4,0,4,0,
Services,99,61,8,fa73f373,0a67aec0,92ac032e,1,0,1,0,
Services,100,61,8,92ac032e,0a67aec0,fa73f373,0,0,0,0,
Services,101,61,8,92ac032e,0a67aec0,fa73f373,0,0,0,0,
Services,102,62,8,92ac032e,0a67aec0,fa73f373,1,0,1,0,
Services,103,62,8,92ac032e,2cffab74,fa73f373,0,0,0,0,
Services,104,62,8,92ac032e,2cffab74,fa73f373,0,0,0,0,
Services,105,63,8,92ac032e,2cffab74,fa73f373,1,0,1,0,
Services,106,67,8,fa73f373,2cffab74,92ac032e,4,0,4,0,
Services,107,67,8,fa73f373,2cffab74,92ac032e,0,0,0,0,
Services,108,68,8,fa73f373,2cffab74,92ac032e,1,0,1,0,
Services,109,68,8,fa73f373,0a67aec0,92ac032e,0,0,0,0,
Services,110,69,8,fa73f373,0a67aec0,92ac032e,1,0,1,0,
Services,111,69,8,92ac032e,0a67aec0,fa73f373,0,0,0,0,
Services,112,69,8,92ac032e,0a67aec0,fa73f373,0,0,0,0,
Services,113,70,8,92ac032e,0a67aec0,fa73f373,1,0,1,0,
Services,114,70,8,fa73f373,0a67aec0,92ac032e,0,0,0,0,
Services,115,74,8,92ac032e,2cffab74,fa73f373,4,0,4,0,
Services,116,75,8,92ac032e,2cffab74,fa73f373,0,1,1,0,
Services,117,81,8,92ac032e,2cffab74,fa73f373,6,0,6,0,
Services,118,85,8,92ac032e,2cffab74,fa73f373,4,0,4,0,
Services,119,87,8,92ac032e,2cffab74,fa73f373,2,0,2,0,
Services,120,89,8,92ac032e,2cffab74,fa73f373,2,0,2,0,
Services,121,90,8,92ac032e,2cffab74,fa73f373,1,0,1,0,
Bengal,1,1,0,0cb8626f,fa73f373,10b58586,1,0,1,0,
Bengal,2,1,0,10b58586,fa73f373,0cb8626f,0,0,0,0,
Bengal,3,2,0,10b58586,fa73f373,0cb8626f,0,1,1,0,
Bengal,4,6,0,0cb8626f,fa73f373,10b58586,4,0,4,0,
Bengal,5,9,0,0cb8626f,fa73f373,10b58586,3,0,3,0,
Bengal,6,9,0,10b58586,fa73f373,0cb8626f,0,0,0,0,
Bengal,7,9,0,0cb8626f,7cc7fe19,10b58586,0,0,0,0,
Bengal,8,9,0,0cb8626f,7cc7fe19,10b58586,0,0,0,0,
Bengal,9,13,0,0cb8626f,7cc7fe19,10b58586,4,0,4,0,
Bengal,10,17,0,0cb8626f,7cc7fe19,10b58586,4,0,4,0,
Bengal,11,18,0,0cb8626f,7cc7fe19,10b58586,1,0,1,0,
Bengal,12,18,0,10b58586,7cc7fe19,0cb8626f,0,0,0,0,
Bengal,13,18,0,0cb8626f,a63563c0,10b58586,0,0,0,0,
Bengal,14,18,0,0cb8626f,a63563c0,10b58586,0,0,0,0,
Bengal,15,22,0,0cb8626f,a63563c0,10b58586,4,0,4,0,
Bengal,16,23,0,0cb8626f,a63563c0,10b58586,1,0,1,0,
Bengal,17,24,0,10b58586,a63563c0,0cb8626f,1,0,1,0,
Bengal,18,28,0,0cb8626f,a63563c0,10b58586,4,0,4,0,
Bengal,19,28,0,10b58586,fa73f373,0cb8626f,0,0,0,0,
Bengal,20,28,0,10b58586,fa73f373,0cb8626f,0,0,0,0,
Bengal,21,32,0,10b58586,fa73f373,0cb8626f,4,0,4,0,
Bengal,22,33,0,10b58586,fa73f373,0cb8626f,1,0,1,0,
Bengal,23,33,0,0cb8626f,fa73f373,10b58586,0,0,0,0,
Bengal,24,34,0,0cb8626f,fa73f373,10b58586,1,0,1,0,
Bengal,25,38,0,0cb8626f,a63563c0,10b58586,4,0,4,0,
Bengal,26,42,0,0cb8626f,a63563c0,10b58586,4,0,4,0,
Bengal,27,42,0,0cb8626f,a63563c0,10b58586,0,0,0,0,
Bengal,28,42,0,0cb8626f,a63563c0,10b58586,0,0,0,0,
Bengal,29,44,0,0cb8626f,a63563c0,10b58586,2,0,2,0,
Bengal,30,50,0,0cb8626f,a63563c0,10b58586,6,0,6,0,
Bengal,31,50,0,10b58586,0d64d81c,0cb8626f,0,0,0,0,
Bengal,32,51,0,10b58586,0d64d81c,0cb8626f,1,0,1,0,
Bengal,33,51,0,0cb8626f,0d64d81c,10b58586,0,0,0,0,
Bengal,34,51,0,0cb8626f,0d64d81c,10b58586,0,0,0,0,
Bengal,35,52,0,0cb8626f,0d64d81c,10b58586,1,0,1,0,
Bengal,36,52,0,10b58586,0d64d81c,0cb8626f,0,0,0,0,
Bengal,37,53,0,0cb8626f,f8c7484e,10b58586,1,0,1,0,
Bengal,38,57,0,10b58586,f8c7484e,0cb8626f,4,0,4,0,
Bengal,39,58,0,10b58586,f8c7484e,0cb8626f,1,0,1,0,
Bengal,40,62,0,0cb8626f,f8c7484e,10b58586,4,0,4,0,
Bengal,41,63,0,0cb8626f,f8c7484e,10b58586,1,0,1,0,
Bengal,42,64,0,10b58586,f8c7484e,0cb8626f,1,0,1,0,
Bengal,43,68,0,10b58586,0d64d81c,0cb8626f,4,0,4,0,
Bengal,44,71,0,10b58586,0d64d81c,0cb8626f,3,0,3,0,
Bengal,45,71,1,0cb8626f,0d64d81c,10b58586,0,0,0,1,caught
Bengal,46,71,1,10b58586,0d64d81c,f9e6e7ef,0,0,0,0,
Bengal,47,72,1,10b58586,0d64d81c,f9e6e7ef,1,0,1,0,
Bengal,48,72,1,f9e6e7ef,0d64d81c,10b58586,0,0,0,0,
Bengal,49,73,1,10b58586,fa73f373,f9e6e7ef,1,0,1,0,
Bengal,50,74,1,f9e6e7ef,fa73f373,10b58586,1,0,1,0,
Bengal,51,74,1,10b58586,fa73f373,f9e6e7ef,0,0,0,0,
Bengal,52,75,1,10b58586,fa73f373,f9e6e7ef,1,0,1,0,
Bengal,53,75,1,f9e6e7ef,fa73f373,10b58586,0,0,0,0,
Bengal,54,79,1,f9e6e7ef,fa73f373,10b58586,4,0,4,0,
Bengal,55,80,1,10b58586,0d64d81c,f9e6e7ef,1,0,1,0,
Bengal,56,81,1,f9e6e7ef,0d64d81c,10b58586,1,0,1,0,
Bengal,57,82,1,10b58586,0d64d81c,f9e6e7ef,1,0,1,0,
Bengal,58,82,1,f9e6e7ef,0d64d81c,10b58586,0,0,0,0,
Bengal,59,83,1,f9e6e7ef,0d64d81c,10b58586,1,0,1,0,
Bengal,60,84,1,10b58586,0d64d81c,f9e6e7ef,1,0,1,0,
Bengal,61,88,1,10b58586,7cc7fe19,f9e6e7ef,4,0,4,0,
Bengal,62,89,1,10b58586,7cc7fe19,f9e6e7ef,1,0,1,0,
Bengal,63,90,1,f9e6e7ef,7cc7fe19,10b58586,1,0,1,0,
Bengal,64,90,1,10b58586,7cc7fe19,f9e6e7ef,0,0,0,0,
Bengal,65,91,1,10b58586,7cc7fe19,f9e6e7ef,1,0,1,0,
