batting_team,ball_number,total_team_runs,total_team_wickets,striker_ID,bowler_ID,nonstriker_ID,batter_runs,extras_runs,total_delivery_runs,wicket,wicket_type
Somerset,1,0,0,df5a6881,6c79c098,8fc65c2b,0,0,0,0,
Somerset,2,0,0,df5a6881,6c79c098,8fc65c2b,0,0,0,0,
Somerset,3,0,0,df5a6881,6c79c098,8fc65c2b,0,0,0,0,
Somerset,4,0,0,df5a6881,6c79c098,8fc65c2b,0,0,0,0,
Somerset,5,4,0,df5a6881,6c79c098,8fc65c2b,4,0,4,0,
Somerset,6,4,1,df5a6881,6c79c098,8fc65c2b,0,0,0,1,caught
Somerset,7,4,1,8fc65c2b,208f22ea,4e18e961,0,0,0,0,
Somerset,8,4,1,8fc65c2b,208f22ea,4e18e961,0,0,0,0,
Somerset,9,5,1,8fc65c2b,208f22ea,4e18e961,0,1,1,0,
Somerset,10,6,1,8fc65c2b,208f22ea,4e18e961,1,0,1,0,
Somerset,11,6,1,4e18e961,208f22ea,8fc65c2b,0,0,0,0,
Somerset,12,6,1,4e18e961,208f22ea,8fc65c2b,0,0,0,0,
Somerset,13,7,1,4e18e961,208f22ea,8fc65c2b,0,1,1,0,
Somerset,14,11,1,4e18e961,208f22ea,8fc65c2b,4,0,4,0,
Somerset,15,12,1,8fc65c2b,6c79c098,4e18e961,1,0,1,0,
Somerset,16,12,1,4e18e961,6c79c098,8fc65c2b,0,0,0,0,
Somerset,17,13,1,4e18e961,6c79c098,8fc65c2b,1,0,1,0,
Somerset,18,13,2,8fc65c2b,6c79c098,4e18e961,0,0,0,1,hit wicket
Somerset,19,15,2,782c0568,6c79c098,4e18e961,2,0,2,0,
Somerset,20,15,2,782c0568,6c79c098,4e18e961,0,0,0,0,
Somerset,21,16,2,4e18e961,208f22ea,782c0568,1,0,1,0,
Somerset,22,16,2,782c0568,208f22ea,4e18e961,0,0,0,0,
Somerset,23,16,2,782c0568,208f22ea,4e18e961,0,0,0,0,
Somerset,24,17,2,782c0568,208f22ea,4e18e961,1,0,1,0,
Somerset,25,17,2,4e18e961,208f22ea,782c0568,0,0,0,0,
Somerset,26,18,2,4e18e961,208f22ea,782c0568,1,0,1,0,
Somerset,27,19,2,4e18e961,b82e3032,782c0568,0,1,1,0,
Somerset,28,21,2,782c0568,b82e3032,4e18e961,2,0,2,0,
Somerset,29,25,2,782c0568,b82e3032,4e18e961,4,0,4,0,
Somerset,30,25,2,782c0568,b82e3032,4e18e961,0,0,0,0,
Somerset,31,25,2,782c0568,b82e3032,4e18e961,0,0,0,0,
Somerset,32,25,2,782c0568,b82e3032,4e18e961,0,0,0,0,
Somerset,33,25,2,4e18e961,208f22ea,782c0568,0,0,0,0,
Somerset,34,25,2,4e18e961,208f22ea,782c0568,0,0,0,0,
Somerset,35,31,2,4e18e961,208f22ea,782c0568,6,0,6,0,
Somerset,36,31,2,4e18e961,208f22ea,782c0568,0,0,0,0,
Somerset,37,32,2,4e18e961,208f22ea,782c0568,1,0,1,0,
Somerset,38,32,2,782c0568,208f22ea,4e18e961,0,0,0,0,
Somerset,39,33,2,4e18e961,0bec3a6c,782c0568,1,0,1,0,
Somerset,40,34,2,782c0568,0bec3a6c,4e18e961,1,0,1,0,
Somerset,41,34,2,4e18e961,0bec3a6c,782c0568,0,0,0,0,
Somerset,42,34,2,4e18e961,0bec3a6c,782c0568,0,0,0,0,
Somerset,43,35,2,4e18e961,0bec3a6c,782c0568,1,0,1,0,
Somerset,44,35,3,782c0568,0bec3a6c,4e18e961,0,0,0,1,bowled
Somerset,45,37,3,4e18e961,b82e3032,ed47cb25,0,2,2,0,
Somerset,46,39,3,4e18e961,b82e3032,ed47cb25,2,0,2,0,
Somerset,47,40,3,4e18e961,b82e3032,ed47cb25,1,0,1,0,
Somerset,48,41,3,ed47cb25,b82e3032,4e18e961,1,0,1,0,
Somerset,49,42,3,4e18e961,b82e3032,ed47cb25,1,0,1,0,
Somerset,50,43,3,ed47cb25,b82e3032,4e18e961,0,1,1,0,
Somerset,51,43,3,ed47cb25,b82e3032,4e18e961,0,0,0,0,
Somerset,52,44,3,4e18e961,0bec3a6c,ed47cb25,1,0,1,0,
Somerset,53,46,3,ed47cb25,0bec3a6c,4e18e961,2,0,2,0,
Somerset,54,50,3,ed47cb25,0bec3a6c,4e18e961,4,0,4,0,
Somerset,55,50,3,ed47cb25,0bec3a6c,4e18e961,0,0,0,0,
Somerset,56,52,3,ed47cb25,0bec3a6c,4e18e961,2,0,2,0,
Somerset,57,52,3,ed47cb25,0bec3a6c,4e18e961,0,0,0,0,
Somerset,58,53,3,4e18e961,0a12e736,ed47cb25,1,0,1,0,
Somerset,59,54,3,ed47cb25,0a12e736,4e18e961,1,0,1,0,
Somerset,60,55,3,4e18e961,0a12e736,ed47cb25,1,0,1,0,
Somerset,61,56,3,ed47cb25,0a12e736,4e18e961,1,0,1,0,
Somerset,62,57,3,4e18e961,0a12e736,ed47cb25,1,0,1,0,
Somerset,63,59,3,ed47cb25,0a12e736,4e18e961,2,0,2,0,
Somerset,64,60,3,4e18e961,0bec3a6c,ed47cb25,1,0,1,0,
Somerset,65,60,3,ed47cb25,0bec3a6c,4e18e961,0,0,0,0,
Somerset,66,61,3,ed47cb25,0bec3a6c,4e18e961,1,0,1,0,
Somerset,67,61,3,4e18e961,0bec3a6c,ed47cb25,0,0,0,0,
Somerset,68,65,3,4e18e961,0bec3a6c,ed47cb25,4,0,4,0,
Somerset,69,65,3,4e18e961,0bec3a6c,ed47cb25,0,0,0,0,
Somerset,70,65,3,ed47cb25,0a12e736,4e18e961,0,0,0,0,
Somerset,71,65,3,ed47cb25,0a12e736,4e18e961,0,0,0,0,
Somerset,72,65,3,ed47cb25,0a12e736,4e18e961,0,0,0,0,
Somerset,73,65,3,ed47cb25,0a12e736,4e18e961,0,0,0,0,
Somerset,74,65,3,ed47cb25,0a12e736,4e18e961,0,0,0,0,
Somerset,75,66,3,ed47cb25,0a12e736,4e18e961,1,0,1,0,
Somerset,76,66,3,ed47cb25,ad212f96,4e18e961,0,0,0,0,
Somerset,77,66,3,ed47cb25,ad212f96,4e18e961,0,0,0,0,
Somerset,78,67,3,ed47cb25,ad212f96,4e18e961,0,1,1,0,
Somerset,79,73,3,ed47cb25,ad212f96,4e18e961,6,0,6,0,
Somerset,80,73,4,ed47cb25,ad212f96,4e18e961,0,0,0,1,caught
Somerset,81,75,4,73f1f6b0,ad212f96,4e18e961,2,0,2,0,
Somerset,82,76,4,73f1f6b0,ad212f96,4e18e961,1,0,1,0,
Somerset,83,77,4,73f1f6b0,0a12e736,4e18e961,1,0,1,0,
Somerset,84,78,4,4e18e961,0a12e736,73f1f6b0,1,0,1,0,
Somerset,85,79,4,73f1f6b0,0a12e736,4e18e961,1,0,1,0,
Somerset,86,80,4,4e18e961,0a12e736,73f1f6b0,1,0,1,0,
Somerset,87,81,4,73f1f6b0,0a12e736,4e18e961,1,0,1,0,
Somerset,88,82,4,4e18e961,0a12e736,73f1f6b0,1,0,1,0,
Somerset,89,88,4,4e18e961,0bec3a6c,73f1f6b0,6,0,6,0,
Somerset,90,89,5,4e18e961,0bec3a6c,73f1f6b0,1,0,1,1,run out
Somerset,91,90,5,05c2ca46,0bec3a6c,73f1f6b0,1,0,1,0,
Somerset,92,94,5,73f1f6b0,0bec3a6c,05c2ca46,4,0,4,0,
Somerset,93,98,5,73f1f6b0,0bec3a6c,05c2ca46,4,0,4,0,
Somerset,94,99,5,73f1f6b0,0bec3a6c,05c2ca46,1,0,1,0,
Somerset,95,103,5,73f1f6b0,ad212f96,05c2ca46,4,0,4,0,
Somerset,96,105,5,73f1f6b0,ad212f96,05c2ca46,2,0,2,0,
Somerset,97,107,5,73f1f6b0,ad212f96,05c2ca46,2,0,2,0,
Somerset,98,111,5,73f1f6b0,ad212f96,05c2ca46,4,0,4,0,
Somerset,99,112,5,73f1f6b0,ad212f96,05c2ca46,1,0,1,0,
Somerset,100,115,5,05c2ca46,ad212f96,73f1f6b0,1,2,3,0,
Somerset,101,116,5,73f1f6b0,ad212f96,05c2ca46,0,1,1,0,
Somerset,102,116,5,73f1f6b0,6c79c098,05c2ca46,0,0,0,0,
Somerset,103,117,5,73f1f6b0,6c79c098,05c2ca46,1,0,1,0,
Somerset,104,118,5,05c2ca46,6c79c098,73f1f6b0,1,0,1,0,
Somerset,105,118,5,73f1f6b0,6c79c098,05c2ca46,0,0,0,0,
Somerset,106,122,5,73f1f6b0,6c79c098,05c2ca46,4,0,4,0,
Somerset,107,123,5,73f1f6b0,6c79c098,05c2ca46,1,0,1,0,
Somerset,108,131,5,73f1f6b0,208f22ea,05c2ca46,6,2,8,0,
Somerset,109,135,5,73f1f6b0,208f22ea,05c2ca46,4,0,4,0,
Somerset,110,141,5,73f1f6b0,208f22ea,05c2ca46,6,0,6,0,
Somerset,111,142,5,73f1f6b0,208f22ea,05c2ca46,1,0,1,0,
Somerset,112,143,5,05c2ca46,208f22ea,73f1f6b0,1,0,1,0,
Somerset,113,143,5,73f1f6b0,208f22ea,05c2ca46,0,0,0,0,
Somerset,114,144,5,73f1f6b0,208f22ea,05c2ca46,1,0,1,0,
Somerset,115,148,5,73f1f6b0,6c79c098,05c2ca46,4,0,4,0,
Somerset,116,152,5,73f1f6b0,6c79c098,05c2ca46,4,0,4,0,
Somerset,117,154,5,73f1f6b0,6c79c098,05c2ca46,2,0,2,0,
Somerset,118,158,5,73f1f6b0,6c79c098,05c2ca46,4,0,4,0,
Somerset,119,160,5,73f1f6b0,6c79c098,05c2ca46,2,0,2,0,
Somerset,120,164,5,73f1f6b0,6c79c098,05c2ca46,4,0,4,0,
Somerset,121,165,5,05c2ca46,ad212f96,73f1f6b0,1,0,1,0,
Somerset,122,171,5,73f1f6b0,ad212f96,05c2ca46,6,0,6,0,
Somerset,123,177,5,73f1f6b0,ad212f96,05c2ca46,6,0,6,0,
Somerset,124,178,6,73f1f6b0,ad212f96,05c2ca46,1,0,1,1,run out
Somerset,125,182,6,73f1f6b0,ad212f96,e9987a94,4,0,4,0,
Somerset,126,183,7,73f1f6b0,ad212f96,e9987a94,1,0,1,1,run out
Gloucestershire,1,1,0,c88bc84a,e9987a94,0bec3a6c,1,0,1,0,
Gloucestershire,2,2,0,0bec3a6c,e9987a94,c88bc84a,1,0,1,0,
Gloucestershire,3,3,0,c88bc84a,e9987a94,0bec3a6c,1,0,1,0,
Gloucestershire,4,4,0,0bec3a6c,e9987a94,c88bc84a,0,1,1,0,
Gloucestershire,5,5,0,0bec3a6c,e9987a94,c88bc84a,1,0,1,0,
Gloucestershire,6,5,0,c88bc84a,e9987a94,0bec3a6c,0,0,0,0,
Gloucestershire,7,5,0,c88bc84a,e9987a94,0bec3a6c,0,0,0,0,
Gloucestershire,8,6,0,0bec3a6c,8bf61e65,c88bc84a,1,0,1,0,
Gloucestershire,9,7,0,c88bc84a,8bf61e65,0bec3a6c,1,0,1,0,
Gloucestershire,10,11,0,0bec3a6c,8bf61e65,c88bc84a,4,0,4,0,
Gloucestershire,11,12,0,0bec3a6c,8bf61e65,c88bc84a,0,1,1,0,
Gloucestershire,12,13,0,c88bc84a,8bf61e65,0bec3a6c,1,0,1,0,
Gloucestershire,13,14,0,0bec3a6c,8bf61e65,c88bc84a,1,0,1,0,
Gloucestershire,14,14,0,0bec3a6c,e9987a94,c88bc84a,0,0,0,0,
Gloucestershire,15,14,0,0bec3a6c,e9987a94,c88bc84a,0,0,0,0,
Gloucestershire,16,15,0,0bec3a6c,e9987a94,c88bc84a,1,0,1,0,
Gloucestershire,17,19,0,c88bc84a,e9987a94,0bec3a6c,4,0,4,0,
Gloucestershire,18,19,0,c88bc84a,e9987a94,0bec3a6c,0,0,0,0,
Gloucestershire,19,19,1,c88bc84a,e9987a94,0bec3a6c,0,0,0,1,caught
Gloucestershire,20,19,1,542fd5a6,8bf61e65,0bec3a6c,0,0,0,0,
Gloucestershire,21,19,1,542fd5a6,8bf61e65,0bec3a6c,0,0,0,0,
Gloucestershire,22,19,1,542fd5a6,8bf61e65,0bec3a6c,0,0,0,0,
Gloucestershire,23,19,1,542fd5a6,8bf61e65,0bec3a6c,0,0,0,0,
Gloucestershire,24,20,1,542fd5a6,8bf61e65,0bec3a6c,1,0,1,0,
Gloucestershire,25,21,1,0bec3a6c,8bf61e65,542fd5a6,1,0,1,0,
Gloucestershire,26,21,1,0bec3a6c,e9987a94,542fd5a6,0,0,0,0,
Gloucestershire,27,21,2,0bec3a6c,e9987a94,542fd5a6,0,0,0,1,caught
Gloucestershire,28,21,2,9a46c4e5,e9987a94,542fd5a6,0,0,0,0,
Gloucestershire,29,21,2,9a46c4e5,e9987a94,542fd5a6,0,0,0,0,
Gloucestershire,30,21,2,9a46c4e5,e9987a94,542fd5a6,0,0,0,0,
Gloucestershire,31,21,2,9a46c4e5,e9987a94,542fd5a6,0,0,0,0,
Gloucestershire,32,22,2,542fd5a6,d4eef961,9a46c4e5,1,0,1,0,
Gloucestershire,33,24,2,9a46c4e5,d4eef961,542fd5a6,0,2,2,0,
Gloucestershire,34,30,2,9a46c4e5,d4eef961,542fd5a6,6,0,6,0,
Gloucestershire,35,31,2,9a46c4e5,d4eef961,542fd5a6,1,0,1,0,
Gloucestershire,36,32,2,542fd5a6,d4eef961,9a46c4e5,1,0,1,0,
Gloucestershire,37,33,2,9a46c4e5,d4eef961,542fd5a6,1,0,1,0,
Gloucestershire,38,37,2,542fd5a6,d4eef961,9a46c4e5,4,0,4,0,
Gloucestershire,39,37,2,9a46c4e5,34b37279,542fd5a6,0,0,0,0,
Gloucestershire,40,43,2,9a46c4e5,34b37279,542fd5a6,6,0,6,0,
Gloucestershire,41,44,2,9a46c4e5,34b37279,542fd5a6,1,0,1,0,
Gloucestershire,42,45,2,542fd5a6,34b37279,9a46c4e5,1,0,1,0,
Gloucestershire,43,46,2,9a46c4e5,34b37279,542fd5a6,1,0,1,0,
Gloucestershire,44,47,2,542fd5a6,34b37279,9a46c4e5,1,0,1,0,
Gloucestershire,45,48,2,542fd5a6,ed47cb25,9a46c4e5,1,0,1,0,
Gloucestershire,46,49,2,9a46c4e5,ed47cb25,542fd5a6,1,0,1,0,
Gloucestershire,47,50,2,542fd5a6,ed47cb25,9a46c4e5,1,0,1,0,
Gloucestershire,48,51,2,9a46c4e5,ed47cb25,542fd5a6,1,0,1,0,
Gloucestershire,49,52,2,542fd5a6,ed47cb25,9a46c4e5,1,0,1,0,
Gloucestershire,50,58,2,9a46c4e5,ed47cb25,542fd5a6,6,0,6,0,
Gloucestershire,51,64,2,542fd5a6,05c2ca46,9a46c4e5,6,0,6,0,
Gloucestershire,52,65,2,542fd5a6,05c2ca46,9a46c4e5,1,0,1,0,
Gloucestershire,53,66,2,9a46c4e5,05c2ca46,542fd5a6,1,0,1,0,
Gloucestershire,54,68,2,542fd5a6,05c2ca46,9a46c4e5,2,0,2,0,
Gloucestershire,55,69,2,542fd5a6,05c2ca46,9a46c4e5,1,0,1,0,
Gloucestershire,56,69,2,9a46c4e5,05c2ca46,542fd5a6,0,0,0,0,
Gloucestershire,57,70,2,542fd5a6,34b37279,9a46c4e5,1,0,1,0,
Gloucestershire,58,74,2,9a46c4e5,34b37279,542fd5a6,4,0,4,0,
Gloucestershire,59,74,3,9a46c4e5,34b37279,542fd5a6,0,0,0,1,caught
Gloucestershire,60,75,3,542fd5a6,34b37279,aed5be04,1,0,1,0,
Gloucestershire,61,75,3,aed5be04,34b37279,542fd5a6,0,0,0,0,
Gloucestershire,62,76,3,aed5be04,34b37279,542fd5a6,1,0,1,0,
Gloucestershire,63,76,3,aed5be04,05c2ca46,542fd5a6,0,0,0,0,
Gloucestershire,64,77,3,aed5be04,05c2ca46,542fd5a6,1,0,1,0,
Gloucestershire,65,78,3,542fd5a6,05c2ca46,aed5be04,1,0,1,0,
Gloucestershire,66,79,3,aed5be04,05c2ca46,542fd5a6,1,0,1,0,
Gloucestershire,67,80,3,542fd5a6,05c2ca46,aed5be04,0,1,1,0,
Gloucestershire,68,81,3,542fd5a6,05c2ca46,aed5be04,1,0,1,0,
Gloucestershire,69,81,3,aed5be04,05c2ca46,542fd5a6,0,0,0,0,
Gloucestershire,70,81,3,542fd5a6,ed47cb25,aed5be04,0,0,0,0,
Gloucestershire,71,82,3,542fd5a6,ed47cb25,aed5be04,1,0,1,0,
Gloucestershire,72,86,3,aed5be04,ed47cb25,542fd5a6,4,0,4,0,
Gloucestershire,73,86,3,aed5be04,ed47cb25,542fd5a6,0,0,0,0,
Gloucestershire,74,90,3,aed5be04,ed47cb25,542fd5a6,4,0,4,0,
Gloucestershire,75,91,3,aed5be04,ed47cb25,542fd5a6,1,0,1,0,
Gloucestershire,76,91,3,aed5be04,d4eef961,542fd5a6,0,0,0,0,
Gloucestershire,77,95,3,aed5be04,d4eef961,542fd5a6,4,0,4,0,
Gloucestershire,78,96,3,aed5be04,d4eef961,542fd5a6,1,0,1,0,
Gloucestershire,79,97,3,542fd5a6,d4eef961,aed5be04,1,0,1,0,
Gloucestershire,80,101,3,aed5be04,d4eef961,542fd5a6,4,0,4,0,
Gloucestershire,81,101,3,aed5be04,d4eef961,542fd5a6,0,0,0,0,
Gloucestershire,82,105,3,542fd5a6,05c2ca46,aed5be04,4,0,4,0,
Gloucestershire,83,111,3,542fd5a6,05c2ca46,aed5be04,6,0,6,0,
Gloucestershire,84,112,3,542fd5a6,05c2ca46,aed5be04,1,0,1,0,
Gloucestershire,85,112,3,aed5be04,05c2ca46,542fd5a6,0,0,0,0,
Gloucestershire,86,113,3,aed5be04,05c2ca46,542fd5a6,1,0,1,0,
Gloucestershire,87,114,3,542fd5a6,05c2ca46,aed5be04,1,0,1,0,
Gloucestershire,88,115,3,542fd5a6,e9987a94,aed5be04,1,0,1,0,
Gloucestershire,89,116,3,aed5be04,e9987a94,542fd5a6,1,0,1,0,
Gloucestershire,90,120,3,542fd5a6,e9987a94,aed5be04,4,0,4,0,
Gloucestershire,91,121,3,542fd5a6,e9987a94,aed5be04,1,0,1,0,
Gloucestershire,92,121,3,aed5be04,e9987a94,542fd5a6,0,0,0,0,
Gloucestershire,93,122,3,aed5be04,e9987a94,542fd5a6,1,0,1,0,
Gloucestershire,94,123,3,aed5be04,34b37279,542fd5a6,1,0,1,0,
Gloucestershire,95,124,3,542fd5a6,34b37279,aed5be04,1,0,1,0,
Gloucestershire,96,125,3,aed5be04,34b37279,542fd5a6,1,0,1,0,
Gloucestershire,97,126,3,542fd5a6,34b37279,aed5be04,1,0,1,0,
Gloucestershire,98,126,4,aed5be04,34b37279,542fd5a6,0,0,0,1,bowled
Gloucestershire,99,126,4,ad212f96,34b37279,542fd5a6,0,0,0,0,
Gloucestershire,100,127,4,542fd5a6,8bf61e65,ad212f96,1,0,1,0,
Gloucestershire,101,128,4,ad212f96,8bf61e65,542fd5a6,1,0,1,0,
Gloucestershire,102,129,4,542fd5a6,8bf61e65,ad212f96,1,0,1,0,
Gloucestershire,103,129,5,ad212f96,8bf61e65,542fd5a6,0,0,0,1,bowled
Gloucestershire,104,130,5,c2b6764d,8bf61e65,542fd5a6,1,0,1,0,
Gloucestershire,105,131,5,542fd5a6,8bf61e65,c2b6764d,1,0,1,0,
Gloucestershire,106,137,5,542fd5a6,34b37279,c2b6764d,6,0,6,0,
Gloucestershire,107,141,5,542fd5a6,34b37279,c2b6764d,4,0,4,0,
Gloucestershire,108,143,5,542fd5a6,34b37279,c2b6764d,2,0,2,0,
Gloucestershire,109,143,5,542fd5a6,34b37279,c2b6764d,0,0,0,0,
Gloucestershire,110,144,5,542fd5a6,34b37279,c2b6764d,1,0,1,0,
Gloucestershire,111,144,5,c2b6764d,34b37279,542fd5a6,0,0,0,0,
Gloucestershire,112,145,5,542fd5a6,8bf61e65,c2b6764d,0,1,1,0,
Gloucestershire,113,146,5,c2b6764d,8bf61e65,542fd5a6,0,1,1,0,
Gloucestershire,114,147,5,542fd5a6,8bf61e65,c2b6764d,1,0,1,0,
Gloucestershire,115,148,5,c2b6764d,8bf61e65,542fd5a6,0,1,1,0,
Gloucestershire,116,149,5,542fd5a6,8bf61e65,c2b6764d,0,1,1,0,
Gloucestershire,117,150,5,542fd5a6,8bf61e65,c2b6764d,1,0,1,0,
Gloucestershire,118,151,5,c2b6764d,8bf61e65,542fd5a6,1,0,1,0,
Gloucestershire,119,152,5,c2b6764d,05c2ca46,542fd5a6,1,0,1,0,
Gloucestershire,120,158,5,542fd5a6,05c2ca46,c2b6764d,6,0,6,0,
Gloucestershire,121,158,6,542fd5a6,05c2ca46,c2b6764d,0,0,0,1,caught
Gloucestershire,122,159,6,c2b6764d,05c2ca46,208f22ea,1,0,1,0,
Gloucestershire,123,159,6,208f22ea,05c2ca46,c2b6764d,0,0,0,0,
Gloucestershire,124,160,6,208f22ea,05c2ca46,c2b6764d,1,0,1,0,
