batting_team,ball_number,total_team_runs,total_team_wickets,striker_ID,bowler_ID,nonstriker_ID,batter_runs,extras_runs,total_delivery_runs,wicket,wicket_type
Knights,1,0,1,39181592,0b60eb09,a3ae63f4,0,0,0,1,lbw
Knights,2,0,1,d1305df0,0b60eb09,a3ae63f4,0,0,0,0,
Knights,3,0,2,d1305df0,0b60eb09,a3ae63f4,0,0,0,1,lbw
Knights,4,0,2,4025c262,0b60eb09,a3ae63f4,0,0,0,0,
Knights,5,1,2,4025c262,0b60eb09,a3ae63f4,1,0,1,0,
Knights,6,1,2,a3ae63f4,0b60eb09,4025c262,0,0,0,0,
Knights,7,1,2,4025c262,56feceb0,a3ae63f4,0,0,0,0,
Knights,8,2,2,4025c262,56feceb0,a3ae63f4,1,0,1,0,
Knights,9,2,2,a3ae63f4,56feceb0,4025c262,0,0,0,0,
Knights,10,3,2,a3ae63f4,56feceb0,4025c262,1,0,1,0,
Knights,11,3,2,4025c262,56feceb0,a3ae63f4,0,0,0,0,
Knights,12,4,2,4025c262,56feceb0,a3ae63f4,1,0,1,0,
Knights,13,4,2,4025c262,0b60eb09,a3ae63f4,0,0,0,0,
Knights,14,4,2,4025c262,0b60eb09,a3ae63f4,0,0,0,0,
Knights,15,4,2,4025c262,0b60eb09,a3ae63f4,0,0,0,0,
Knights,16,4,2,4025c262,0b60eb09,a3ae63f4,0,0,0,0,
Knights,17,6,2,4025c262,0b60eb09,a3ae63f4,2,0,2,0,
Knights,18,6,2,4025c262,0b60eb09,a3ae63f4,0,0,0,0,
Knights,19,6,2,a3ae63f4,56feceb0,4025c262,0,0,0,0,
Knights,20,10,2,a3ae63f4,56feceb0,4025c262,4,0,4,0,
Knights,21,10,2,a3ae63f4,56feceb0,4025c262,0,0,0,0,
Knights,22,10,2,a3ae63f4,56feceb0,4025c262,0,0,0,0,
Knights,23,11,2,a3ae63f4,56feceb0,4025c262,1,0,1,0,
Knights,24,11,2,4025c262,56feceb0,a3ae63f4,0,0,0,0,
Knights,25,11,2,a3ae63f4,8b248d88,4025c262,0,0,0,0,
Knights,26,11,3,a3ae63f4,8b248d88,4025c262,0,0,0,1,caught
Knights,27,11,3,dce2019b,8b248d88,4025c262,0,0,0,0,
Knights,28,11,3,dce2019b,8b248d88,4025c262,0,0,0,0,
Knights,29,11,3,dce2019b,8b248d88,4025c262,0,0,0,0,
Knights,30,11,3,dce2019b,8b248d88,4025c262,0,0,0,0,
Knights,31,11,3,4025c262,28d6c44d,dce2019b,0,0,0,0,
Knights,32,12,3,4025c262,28d6c44d,dce2019b,1,0,1,0,
Knights,33,12,3,dce2019b,28d6c44d,4025c262,0,0,0,0,
Knights,34,13,3,dce2019b,28d6c44d,4025c262,1,0,1,0,
Knights,35,17,3,4025c262,28d6c44d,dce2019b,4,0,4,0,
Knights,36,17,3,4025c262,28d6c44d,dce2019b,0,0,0,0,
Knights,37,21,3,dce2019b,8b248d88,4025c262,4,0,4,0,
Knights,38,21,3,dce2019b,8b248d88,4025c262,0,0,0,0,
Knights,39,21,4,dce2019b,8b248d88,4025c262,0,0,0,1,lbw
Knights,40,22,4,f277f531,8b248d88,4025c262,1,0,1,0,
Knights,41,22,4,4025c262,8b248d88,f277f531,0,0,0,0,
Knights,42,24,4,4025c262,8b248d88,f277f531,2,0,2,0,
Knights,43,24,4,f277f531,0b60eb09,4025c262,0,0,0,0,
Knights,44,26,4,f277f531,0b60eb09,4025c262,2,0,2,0,
Knights,45,26,4,f277f531,0b60eb09,4025c262,0,0,0,0,
Knights,46,26,4,f277f531,0b60eb09,4025c262,0,0,0,0,
Knights,47,27,4,f277f531,0b60eb09,4025c262,1,0,1,0,
Knights,48,27,4,4025c262,0b60eb09,f277f531,0,0,0,0,
Knights,49,30,4,f277f531,28d6c44d,4025c262,3,0,3,0,
Knights,50,31,4,4025c262,28d6c44d,f277f531,1,0,1,0,
Knights,51,32,4,f277f531,28d6c44d,4025c262,1,0,1,0,
Knights,52,34,4,4025c262,28d6c44d,f277f531,2,0,2,0,
Knights,53,38,4,4025c262,28d6c44d,f277f531,4,0,4,0,
Knights,54,39,4,4025c262,28d6c44d,f277f531,1,0,1,0,
Knights,55,40,4,4025c262,7ec9711d,f277f531,1,0,1,0,
Knights,56,41,4,f277f531,7ec9711d,4025c262,1,0,1,0,
Knights,57,42,4,4025c262,7ec9711d,f277f531,1,0,1,0,
Knights,58,43,4,f277f531,7ec9711d,4025c262,1,0,1,0,
Knights,59,44,4,4025c262,7ec9711d,f277f531,1,0,1,0,
Knights,60,45,4,f277f531,7ec9711d,4025c262,1,0,1,0,
Knights,61,46,4,f277f531,7dfb8890,4025c262,1,0,1,0,
Knights,62,52,4,4025c262,7dfb8890,f277f531,6,0,6,0,
Knights,63,53,4,4025c262,7dfb8890,f277f531,1,0,1,0,
Knights,64,54,4,f277f531,7dfb8890,4025c262,1,0,1,0,
Knights,65,56,4,4025c262,7dfb8890,f277f531,2,0,2,0,
Knights,66,57,4,4025c262,7dfb8890,f277f531,1,0,1,0,
Knights,67,58,4,4025c262,7ec9711d,f277f531,1,0,1,0,
Knights,68,58,4,f277f531,7ec9711d,4025c262,0,0,0,0,
Knights,69,58,4,f277f531,7ec9711d,4025c262,0,0,0,0,
Knights,70,59,4,f277f531,7ec9711d,4025c262,1,0,1,0,
Knights,71,60,4,4025c262,7ec9711d,f277f531,1,0,1,0,
Knights,72,61,4,f277f531,7ec9711d,4025c262,1,0,1,0,
Knights,73,61,4,f277f531,8b248d88,4025c262,0,0,0,0,
Knights,74,62,4,f277f531,8b248d88,4025c262,1,0,1,0,
Knights,75,63,4,4025c262,8b248d88,f277f531,1,0,1,0,
Knights,76,64,4,f277f531,8b248d88,4025c262,1,0,1,0,
Knights,77,64,4,4025c262,8b248d88,f277f531,0,0,0,0,
Knights,78,65,4,4025c262,8b248d88,f277f531,1,0,1,0,
Knights,79,67,4,4025c262,7ec9711d,f277f531,2,0,2,0,
Knights,80,67,4,4025c262,7ec9711d,f277f531,0,0,0,0,
Knights,81,67,4,4025c262,7ec9711d,f277f531,0,0,0,0,
Knights,82,68,4,4025c262,7ec9711d,f277f531,1,0,1,0,
Knights,83,69,4,f277f531,7ec9711d,4025c262,1,0,1,0,
Knights,84,69,4,4025c262,7ec9711d,f277f531,0,0,0,0,
Knights,85,69,5,f277f531,28d6c44d,4025c262,0,0,0,1,caught
Knights,86,70,5,54c2b697,28d6c44d,4025c262,1,0,1,0,
Knights,87,71,5,4025c262,28d6c44d,54c2b697,1,0,1,0,
Knights,88,72,5,54c2b697,28d6c44d,4025c262,1,0,1,0,
Knights,89,75,5,4025c262,28d6c44d,54c2b697,3,0,3,0,
Knights,90,76,5,54c2b697,28d6c44d,4025c262,1,0,1,0,
Knights,91,76,5,54c2b697,7ec9711d,4025c262,0,0,0,0,
Knights,92,78,5,54c2b697,7ec9711d,4025c262,2,0,2,0,
Knights,93,79,5,54c2b697,7ec9711d,4025c262,1,0,1,0,
Knights,94,85,5,4025c262,7ec9711d,54c2b697,6,0,6,0,
Knights,95,86,5,4025c262,7ec9711d,54c2b697,1,0,1,0,
Knights,96,87,5,54c2b697,7ec9711d,4025c262,1,0,1,0,
Knights,97,88,5,54c2b697,56feceb0,4025c262,1,0,1,0,
Knights,98,89,5,4025c262,56feceb0,54c2b697,1,0,1,0,
Knights,99,90,5,54c2b697,56feceb0,4025c262,0,1,1,0,
Knights,100,91,5,54c2b697,56feceb0,4025c262,1,0,1,0,
Knights,101,93,5,4025c262,56feceb0,54c2b697,2,0,2,0,
Knights,102,97,5,4025c262,56feceb0,54c2b697,4,0,4,0,
Knights,103,98,5,4025c262,56feceb0,54c2b697,1,0,1,0,
Knights,104,104,5,4025c262,0b60eb09,54c2b697,6,0,6,0,
Knights,105,105,5,4025c262,0b60eb09,54c2b697,0,1,1,0,
Knights,106,106,5,4025c262,0b60eb09,54c2b697,1,0,1,0,
Knights,107,106,5,54c2b697,0b60eb09,4025c262,0,0,0,0,
Knights,108,108,5,54c2b697,0b60eb09,4025c262,2,0,2,0,
Knights,109,110,5,54c2b697,0b60eb09,4025c262,2,0,2,0,
Knights,110,111,5,54c2b697,0b60eb09,4025c262,0,1,1,0,
Knights,111,117,5,54c2b697,56feceb0,4025c262,6,0,6,0,
Knights,112,118,5,54c2b697,56feceb0,4025c262,1,0,1,0,
Knights,113,119,5,4025c262,56feceb0,54c2b697,0,1,1,0,
Knights,114,120,5,4025c262,56feceb0,54c2b697,0,1,1,0,
Knights,115,120,5,54c2b697,56feceb0,4025c262,0,0,0,0,
Knights,116,121,5,54c2b697,56feceb0,4025c262,1,0,1,0,
Knights,117,121,5,4025c262,56feceb0,54c2b697,0,0,0,0,
Knights,118,127,5,4025c262,56feceb0,54c2b697,6,0,6,0,
Knights,119,133,5,54c2b697,28d6c44d,4025c262,6,0,6,0,
Knights,120,135,5,54c2b697,28d6c44d,4025c262,2,0,2,0,
Knights,121,139,5,54c2b697,28d6c44d,4025c262,4,0,4,0,
Knights,122,141,5,54c2b697,28d6c44d,4025c262,2,0,2,0,
Knights,123,143,5,54c2b697,28d6c44d,4025c262,2,0,2,0,
Knights,124,144,5,54c2b697,28d6c44d,4025c262,1,0,1,0,
Dolphins,1,1,0,a3ce3d1d,54c2b697,ac688e55,1,0,1,0,
Dolphins,2,1,0,ac688e55,54c2b697,a3ce3d1d,0,0,0,0,
Dolphins,3,1,0,ac688e55,54c2b697,a3ce3d1d,0,0,0,0,
Dolphins,4,5,0,ac688e55,54c2b697,a3ce3d1d,4,0,4,0,
Dolphins,5,5,0,ac688e55,54c2b697,a3ce3d1d,0,0,0,0,
Dolphins,6,6,0,ac688e55,54c2b697,a3ce3d1d,1,0,1,0,
Dolphins,7,7,0,ac688e55,f277f531,a3ce3d1d,1,0,1,0,
Dolphins,8,8,0,a3ce3d1d,f277f531,ac688e55,1,0,1,0,
Dolphins,9,8,0,ac688e55,f277f531,a3ce3d1d,0,0,0,0,
Dolphins,10,12,0,ac688e55,f277f531,a3ce3d1d,4,0,4,0,
Dolphins,11,12,0,ac688e55,f277f531,a3ce3d1d,0,0,0,0,
Dolphins,12,12,0,ac688e55,f277f531,a3ce3d1d,0,0,0,0,
Dolphins,13,12,0,a3ce3d1d,54c2b697,ac688e55,0,0,0,0,
Dolphins,14,13,0,a3ce3d1d,54c2b697,ac688e55,1,0,1,0,
Dolphins,15,13,0,ac688e55,54c2b697,a3ce3d1d,0,0,0,0,
Dolphins,16,14,0,ac688e55,54c2b697,a3ce3d1d,1,0,1,0,
Dolphins,17,16,0,a3ce3d1d,54c2b697,ac688e55,2,0,2,0,
Dolphins,18,17,0,a3ce3d1d,54c2b697,ac688e55,1,0,1,0,
Dolphins,19,17,0,a3ce3d1d,a3ae63f4,ac688e55,0,0,0,0,
Dolphins,20,18,0,a3ce3d1d,a3ae63f4,ac688e55,1,0,1,0,
Dolphins,21,19,0,ac688e55,a3ae63f4,a3ce3d1d,1,0,1,0,
Dolphins,22,19,0,a3ce3d1d,a3ae63f4,ac688e55,0,0,0,0,
Dolphins,23,20,0,a3ce3d1d,a3ae63f4,ac688e55,1,0,1,0,
Dolphins,24,21,0,ac688e55,a3ae63f4,a3ce3d1d,1,0,1,0,
Dolphins,25,21,0,ac688e55,ea1eba98,a3ce3d1d,0,0,0,0,
Dolphins,26,25,0,ac688e55,ea1eba98,a3ce3d1d,4,0,4,0,
Dolphins,27,26,0,ac688e55,ea1eba98,a3ce3d1d,1,0,1,0,
Dolphins,28,30,0,a3ce3d1d,ea1eba98,ac688e55,4,0,4,0,
Dolphins,29,34,0,a3ce3d1d,ea1eba98,ac688e55,4,0,4,0,
Dolphins,30,35,0,a3ce3d1d,ea1eba98,ac688e55,1,0,1,0,
Dolphins,31,35,1,a3ce3d1d,f277f531,ac688e55,0,0,0,1,caught
Dolphins,32,39,1,7dfb8890,f277f531,ac688e55,4,0,4,0,
Dolphins,33,41,1,7dfb8890,f277f531,ac688e55,2,0,2,0,
Dolphins,34,42,1,7dfb8890,f277f531,ac688e55,1,0,1,0,
Dolphins,35,43,1,ac688e55,f277f531,7dfb8890,1,0,1,0,
Dolphins,36,43,1,7dfb8890,f277f531,ac688e55,0,0,0,0,
Dolphins,37,44,1,ac688e55,ffd3fc37,7dfb8890,1,0,1,0,
Dolphins,38,45,1,7dfb8890,ffd3fc37,ac688e55,1,0,1,0,
Dolphins,39,46,1,ac688e55,ffd3fc37,7dfb8890,1,0,1,0,
Dolphins,40,46,2,7dfb8890,ffd3fc37,ac688e55,0,0,0,1,caught
Dolphins,41,47,2,d67d5f00,ffd3fc37,ac688e55,1,0,1,0,
Dolphins,42,47,2,ac688e55,ffd3fc37,d67d5f00,0,0,0,0,
Dolphins,43,49,2,d67d5f00,54c2b697,ac688e55,2,0,2,0,
Dolphins,44,49,2,d67d5f00,54c2b697,ac688e55,0,0,0,0,
Dolphins,45,50,2,d67d5f00,54c2b697,ac688e55,1,0,1,0,
Dolphins,46,50,2,ac688e55,54c2b697,d67d5f00,0,0,0,0,
Dolphins,47,50,3,ac688e55,54c2b697,d67d5f00,0,0,0,1,caught
Dolphins,48,51,3,d67d5f00,54c2b697,4aad78d3,1,0,1,0,
Dolphins,49,52,3,d67d5f00,ffd3fc37,4aad78d3,1,0,1,0,
Dolphins,50,52,3,4aad78d3,ffd3fc37,d67d5f00,0,0,0,0,
Dolphins,51,53,3,4aad78d3,ffd3fc37,d67d5f00,1,0,1,0,
Dolphins,52,54,3,d67d5f00,ffd3fc37,4aad78d3,1,0,1,0,
Dolphins,53,55,3,4aad78d3,ffd3fc37,d67d5f00,1,0,1,0,
Dolphins,54,55,3,d67d5f00,ffd3fc37,4aad78d3,0,0,0,0,
Dolphins,55,56,3,4aad78d3,a3ae63f4,d67d5f00,1,0,1,0,
Dolphins,56,56,3,d67d5f00,a3ae63f4,4aad78d3,0,0,0,0,
Dolphins,57,62,3,d67d5f00,a3ae63f4,4aad78d3,6,0,6,0,
Dolphins,58,63,3,d67d5f00,a3ae63f4,4aad78d3,1,0,1,0,
Dolphins,59,64,3,4aad78d3,a3ae63f4,d67d5f00,1,0,1,0,
Dolphins,60,70,3,d67d5f00,a3ae63f4,4aad78d3,6,0,6,0,
Dolphins,61,71,3,4aad78d3,ffd3fc37,d67d5f00,1,0,1,0,
Dolphins,62,72,3,d67d5f00,ffd3fc37,4aad78d3,1,0,1,0,
Dolphins,63,73,3,4aad78d3,ffd3fc37,d67d5f00,1,0,1,0,
Dolphins,64,74,3,d67d5f00,ffd3fc37,4aad78d3,1,0,1,0,
Dolphins,65,75,3,4aad78d3,ffd3fc37,d67d5f00,1,0,1,0,
Dolphins,66,76,3,d67d5f00,ffd3fc37,4aad78d3,1,0,1,0,
Dolphins,67,78,3,d67d5f00,ea1eba98,4aad78d3,2,0,2,0,
Dolphins,68,82,3,d67d5f00,ea1eba98,4aad78d3,4,0,4,0,
Dolphins,69,82,4,d67d5f00,ea1eba98,4aad78d3,0,0,0,1,caught
Dolphins,70,83,4,8836fcac,ea1eba98,4aad78d3,1,0,1,0,
Dolphins,71,84,4,4aad78d3,ea1eba98,8836fcac,1,0,1,0,
Dolphins,72,85,4,8836fcac,ea1eba98,4aad78d3,0,1,1,0,
Dolphins,73,86,4,8836fcac,ea1eba98,4aad78d3,0,1,1,0,
Dolphins,74,86,5,8836fcac,ea1eba98,4aad78d3,0,0,0,1,caught
Dolphins,75,87,5,4aad78d3,ffd3fc37,8b248d88,0,1,1,0,
Dolphins,76,88,5,8b248d88,ffd3fc37,4aad78d3,1,0,1,0,
Dolphins,77,89,5,4aad78d3,ffd3fc37,8b248d88,1,0,1,0,
Dolphins,78,90,5,8b248d88,ffd3fc37,4aad78d3,1,0,1,0,
Dolphins,79,91,5,4aad78d3,ffd3fc37,8b248d88,1,0,1,0,
Dolphins,80,92,5,8b248d88,ffd3fc37,4aad78d3,1,0,1,0,
Dolphins,81,93,5,8b248d88,39181592,4aad78d3,1,0,1,0,
Dolphins,82,94,5,4aad78d3,39181592,8b248d88,1,0,1,0,
Dolphins,83,94,5,8b248d88,39181592,4aad78d3,0,0,0,0,
Dolphins,84,95,5,8b248d88,39181592,4aad78d3,1,0,1,0,
Dolphins,85,96,5,4aad78d3,39181592,8b248d88,0,1,1,0,
Dolphins,86,102,5,4aad78d3,39181592,8b248d88,6,0,6,0,
Dolphins,87,103,5,4aad78d3,39181592,8b248d88,1,0,1,0,
Dolphins,88,103,5,4aad78d3,ea1eba98,8b248d88,0,0,0,0,
Dolphins,89,103,5,4aad78d3,ea1eba98,8b248d88,0,0,0,0,
Dolphins,90,105,5,4aad78d3,ea1eba98,8b248d88,2,0,2,0,
Dolphins,91,107,5,4aad78d3,ea1eba98,8b248d88,2,0,2,0,
Dolphins,92,109,5,4aad78d3,ea1eba98,8b248d88,2,0,2,0,
Dolphins,93,109,5,4aad78d3,ea1eba98,8b248d88,0,0,0,0,
Dolphins,94,115,5,8b248d88,54c2b697,4aad78d3,6,0,6,0,
Dolphins,95,116,5,8b248d88,54c2b697,4aad78d3,1,0,1,0,
Dolphins,96,117,5,4aad78d3,54c2b697,8b248d88,1,0,1,0,
Dolphins,97,118,5,8b248d88,54c2b697,4aad78d3,1,0,1,0,
Dolphins,98,120,5,4aad78d3,54c2b697,8b248d88,0,2,2,0,
Dolphins,99,122,5,4aad78d3,54c2b697,8b248d88,2,0,2,0,
Dolphins,100,123,5,8b248d88,ea1eba98,4aad78d3,1,0,1,0,
Dolphins,101,123,5,4aad78d3,ea1eba98,8b248d88,0,0,0,0,
Dolphins,102,124,5,4aad78d3,ea1eba98,8b248d88,0,1,1,0,
Dolphins,103,125,5,4aad78d3,ea1eba98,8b248d88,0,1,1,0,
Dolphins,104,126,5,4aad78d3,ea1eba98,8b248d88,1,0,1,0,
Dolphins,105,127,5,8b248d88,ea1eba98,4aad78d3,0,1,1,0,
Dolphins,106,128,5,8b248d88,ea1eba98,4aad78d3,1,0,1,0,
Dolphins,107,128,5,4aad78d3,ea1eba98,8b248d88,0,0,0,0,
Dolphins,108,129,5,4aad78d3,ea1eba98,8b248d88,1,0,1,0,
Dolphins,109,130,5,4aad78d3,f277f531,8b248d88,0,1,1,0,
Dolphins,110,131,5,4aad78d3,f277f531,8b248d88,1,0,1,0,
Dolphins,111,137,5,8b248d88,f277f531,4aad78d3,6,0,6,0,
Dolphins,112,139,5,8b248d88,f277f531,4aad78d3,2,0,2,0,
Dolphins,113,140,5,8b248d88,f277f531,4aad78d3,1,0,1,0,
Dolphins,114,141,5,4aad78d3,f277f531,8b248d88,1,0,1,0,
Dolphins,115,141,6,8b248d88,f277f531,4aad78d3,0,0,0,1,caught
Dolphins,116,145,6,4aad78d3,39181592,0b60eb09,4,0,4,0,
