batting_team,ball_number,total_team_runs,total_team_wickets,striker_ID,bowler_ID,nonstriker_ID,batter_runs,extras_runs,total_delivery_runs,wicket,wicket_type
Mozambique,1,0,0,2dde3e62,7ae1aad9,2c535f08,0,0,0,0,
Mozambique,2,0,0,2dde3e62,7ae1aad9,2c535f08,0,0,0,0,
Mozambique,3,1,0,2dde3e62,7ae1aad9,2c535f08,1,0,1,0,
Mozambique,4,1,0,2c535f08,7ae1aad9,2dde3e62,0,0,0,0,
Mozambique,5,1,0,2c535f08,7ae1aad9,2dde3e62,0,0,0,0,
Mozambique,6,5,0,2c535f08,7ae1aad9,2dde3e62,4,0,4,0,
Mozambique,7,5,0,2dde3e62,809ab8d4,2c535f08,0,0,0,0,
Mozambique,8,9,0,2dde3e62,809ab8d4,2c535f08,4,0,4,0,
Mozambique,9,9,0,2dde3e62,809ab8d4,2c535f08,0,0,0,0,
Mozambique,10,9,0,2dde3e62,809ab8d4,2c535f08,0,0,0,0,
Mozambique,11,10,0,2dde3e62,809ab8d4,2c535f08,1,0,1,0,
Mozambique,12,12,0,2c535f08,809ab8d4,2dde3e62,2,0,2,0,
Mozambique,13,12,0,2dde3e62,7ae1aad9,2c535f08,0,0,0,0,
Mozambique,14,16,0,2dde3e62,7ae1aad9,2c535f08,4,0,4,0,
Mozambique,15,17,0,2dde3e62,7ae1aad9,2c535f08,1,0,1,0,
Mozambique,16,17,0,2c535f08,7ae1aad9,2dde3e62,0,0,0,0,
Mozambique,17,19,0,2c535f08,7ae1aad9,2dde3e62,2,0,2,0,
Mozambique,18,19,0,2c535f08,7ae1aad9,2dde3e62,0,0,0,0,
Mozambique,19,19,0,2dde3e62,809ab8d4,2c535f08,0,0,0,0,
Mozambique,20,20,0,2dde3e62,809ab8d4,2c535f08,1,0,1,0,
Mozambique,21,20,0,2c535f08,809ab8d4,2dde3e62,0,0,0,0,
Mozambique,22,20,0,2c535f08,809ab8d4,2dde3e62,0,0,0,0,
Mozambique,23,24,0,2c535f08,809ab8d4,2dde3e62,4,0,4,0,
Mozambique,24,25,0,2c535f08,809ab8d4,2dde3e62,1,0,1,0,
Mozambique,25,25,0,2c535f08,bf896894,2dde3e62,0,0,0,0,
Mozambique,26,25,0,2c535f08,bf896894,2dde3e62,0,0,0,0,
Mozambique,27,27,0,2c535f08,bf896894,2dde3e62,2,0,2,0,
Mozambique,28,31,0,2c535f08,bf896894,2dde3e62,4,0,4,0,
Mozambique,29,33,0,2c535f08,bf896894,2dde3e62,2,0,2,0,
Mozambique,30,37,0,2c535f08,bf896894,2dde3e62,4,0,4,0,
Mozambique,31,37,0,2dde3e62,8f70fff7,2c535f08,0,0,0,0,
Mozambique,32,38,0,2dde3e62,8f70fff7,2c535f08,1,0,1,0,
Mozambique,33,38,1,2c535f08,8f70fff7,2dde3e62,0,0,0,1,bowled
Mozambique,34,38,2,d816fc1c,8f70fff7,2dde3e62,0,0,0,1,caught
Mozambique,35,38,2,31adde7f,8f70fff7,2dde3e62,0,0,0,0,
Mozambique,36,38,2,31adde7f,8f70fff7,2dde3e62,0,0,0,0,
Mozambique,37,39,2,2dde3e62,c556b9d2,31adde7f,1,0,1,0,
Mozambique,38,40,2,31adde7f,c556b9d2,2dde3e62,0,1,1,0,
Mozambique,39,40,2,31adde7f,c556b9d2,2dde3e62,0,0,0,0,
Mozambique,40,41,2,31adde7f,c556b9d2,2dde3e62,0,1,1,0,
Mozambique,41,42,2,31adde7f,c556b9d2,2dde3e62,1,0,1,0,
Mozambique,42,42,2,2dde3e62,c556b9d2,31adde7f,0,0,0,0,
Mozambique,43,43,2,2dde3e62,c556b9d2,31adde7f,1,0,1,0,
Mozambique,44,43,3,31adde7f,c556b9d2,2dde3e62,0,0,0,1,bowled
Mozambique,45,46,3,2dde3e62,8f70fff7,5c805a60,3,0,3,0,
Mozambique,46,47,3,5c805a60,8f70fff7,2dde3e62,1,0,1,0,
Mozambique,47,49,3,2dde3e62,8f70fff7,5c805a60,2,0,2,0,
Mozambique,48,53,3,2dde3e62,8f70fff7,5c805a60,4,0,4,0,
Mozambique,49,53,3,2dde3e62,8f70fff7,5c805a60,0,0,0,0,
Mozambique,50,53,3,2dde3e62,8f70fff7,5c805a60,0,0,0,0,
Mozambique,51,53,3,5c805a60,c556b9d2,2dde3e62,0,0,0,0,
Mozambique,52,53,3,5c805a60,c556b9d2,2dde3e62,0,0,0,0,
Mozambique,53,53,3,5c805a60,c556b9d2,2dde3e62,0,0,0,0,
Mozambique,54,53,3,5c805a60,c556b9d2,2dde3e62,0,0,0,0,
Mozambique,55,54,3,5c805a60,c556b9d2,2dde3e62,1,0,1,0,
Mozambique,56,54,4,2dde3e62,c556b9d2,5c805a60,0,0,0,1,caught
Mozambique,57,54,4,5c805a60,4a2159dc,b8b95e44,0,0,0,0,
Mozambique,58,55,4,5c805a60,4a2159dc,b8b95e44,1,0,1,0,
Mozambique,59,55,4,b8b95e44,4a2159dc,5c805a60,0,0,0,0,
Mozambique,60,55,4,b8b95e44,4a2159dc,5c805a60,0,0,0,0,
Mozambique,61,55,4,b8b95e44,4a2159dc,5c805a60,0,0,0,0,
Mozambique,62,55,4,b8b95e44,4a2159dc,5c805a60,0,0,0,0,
Mozambique,63,56,4,5c805a60,c556b9d2,b8b95e44,0,1,1,0,
Mozambique,64,56,4,5c805a60,c556b9d2,b8b95e44,0,0,0,0,
Mozambique,65,56,4,5c805a60,c556b9d2,b8b95e44,0,0,0,0,
Mozambique,66,57,4,5c805a60,c556b9d2,b8b95e44,1,0,1,0,
Mozambique,67,57,5,b8b95e44,c556b9d2,5c805a60,0,0,0,1,bowled
Mozambique,68,57,5,3b52d247,c556b9d2,5c805a60,0,0,0,0,
Mozambique,69,57,5,3b52d247,c556b9d2,5c805a60,0,0,0,0,
Mozambique,70,57,5,5c805a60,4a2159dc,3b52d247,0,0,0,0,
Mozambique,71,58,5,5c805a60,4a2159dc,3b52d247,1,0,1,0,
Mozambique,72,58,5,3b52d247,4a2159dc,5c805a60,0,0,0,0,
Mozambique,73,58,5,3b52d247,4a2159dc,5c805a60,0,0,0,0,
Mozambique,74,58,5,3b52d247,4a2159dc,5c805a60,0,0,0,0,
Mozambique,75,58,5,3b52d247,4a2159dc,5c805a60,0,0,0,0,
Mozambique,76,62,5,5c805a60,bf896894,3b52d247,4,0,4,0,
Mozambique,77,62,5,5c805a60,bf896894,3b52d247,0,0,0,0,
Mozambique,78,63,5,5c805a60,bf896894,3b52d247,1,0,1,0,
Mozambique,79,63,5,3b52d247,bf896894,5c805a60,0,0,0,0,
Mozambique,80,64,5,3b52d247,bf896894,5c805a60,1,0,1,0,
Mozambique,81,64,5,5c805a60,bf896894,3b52d247,0,0,0,0,
Mozambique,82,65,5,3b52d247,4a2159dc,5c805a60,1,0,1,0,
Mozambique,83,69,5,5c805a60,4a2159dc,3b52d247,4,0,4,0,
Mozambique,84,75,5,5c805a60,4a2159dc,3b52d247,6,0,6,0,
Mozambique,85,76,5,5c805a60,4a2159dc,3b52d247,1,0,1,0,
Mozambique,86,76,5,3b52d247,4a2159dc,5c805a60,0,0,0,0,
Mozambique,87,77,5,3b52d247,4a2159dc,5c805a60,1,0,1,0,
Mozambique,88,77,5,3b52d247,8f70fff7,5c805a60,0,0,0,0,
Mozambique,89,77,5,3b52d247,8f70fff7,5c805a60,0,0,0,0,
Mozambique,90,77,5,3b52d247,8f70fff7,5c805a60,0,0,0,0,
Mozambique,91,78,5,3b52d247,8f70fff7,5c805a60,1,0,1,0,
Mozambique,92,78,6,5c805a60,8f70fff7,3b52d247,0,0,0,1,caught
Mozambique,93,78,7,3b52d247,8f70fff7,dc650363,0,0,0,1,bowled
Mozambique,94,78,7,8b6aebf7,4a2159dc,dc650363,0,0,0,0,
Mozambique,95,78,7,8b6aebf7,4a2159dc,dc650363,0,0,0,0,
Mozambique,96,78,7,8b6aebf7,4a2159dc,dc650363,0,0,0,0,
Mozambique,97,80,7,8b6aebf7,4a2159dc,dc650363,2,0,2,0,
Mozambique,98,80,7,8b6aebf7,4a2159dc,dc650363,0,0,0,0,
Mozambique,99,80,7,8b6aebf7,4a2159dc,dc650363,0,0,0,0,
Mozambique,100,80,7,dc650363,8f70fff7,8b6aebf7,0,0,0,0,
Mozambique,101,81,7,dc650363,8f70fff7,8b6aebf7,1,0,1,0,
Mozambique,102,81,7,8b6aebf7,8f70fff7,dc650363,0,0,0,0,
Mozambique,103,82,7,8b6aebf7,8f70fff7,dc650363,1,0,1,0,
Mozambique,104,83,7,dc650363,8f70fff7,8b6aebf7,1,0,1,0,
Mozambique,105,83,7,8b6aebf7,8f70fff7,dc650363,0,0,0,0,
Mozambique,106,83,7,dc650363,809ab8d4,8b6aebf7,0,0,0,0,
Mozambique,107,84,7,dc650363,809ab8d4,8b6aebf7,1,0,1,0,
Mozambique,108,86,7,8b6aebf7,809ab8d4,dc650363,2,0,2,0,
Mozambique,109,86,7,8b6aebf7,809ab8d4,dc650363,0,0,0,0,
Mozambique,110,86,7,8b6aebf7,809ab8d4,dc650363,0,0,0,0,
Mozambique,111,86,8,8b6aebf7,809ab8d4,dc650363,0,0,0,1,run out
Mozambique,112,87,8,dc650363,c556b9d2,16084b50,1,0,1,0,
Mozambique,113,87,8,16084b50,c556b9d2,dc650363,0,0,0,0,
Mozambique,114,88,8,16084b50,c556b9d2,dc650363,0,1,1,0,
Mozambique,115,89,8,16084b50,c556b9d2,dc650363,1,0,1,0,
Mozambique,116,89,8,dc650363,c556b9d2,16084b50,0,0,0,0,
Mozambique,117,89,9,dc650363,c556b9d2,16084b50,0,0,0,1,bowled
Mozambique,118,89,9,03ef382c,c556b9d2,16084b50,0,0,0,0,
Mozambique,119,89,9,16084b50,809ab8d4,03ef382c,0,0,0,0,
Mozambique,120,91,9,16084b50,809ab8d4,03ef382c,2,0,2,0,
Mozambique,121,92,9,16084b50,809ab8d4,03ef382c,1,0,1,0,
Mozambique,122,92,9,03ef382c,809ab8d4,16084b50,0,0,0,0,
Mozambique,123,94,9,03ef382c,809ab8d4,16084b50,2,0,2,0,
Mozambique,124,96,9,03ef382c,809ab8d4,16084b50,2,0,2,0,
Sierra Leone,1,1,0,bf896894,2c535f08,d7acab5d,1,0,1,0,
Sierra Leone,2,1,0,d7acab5d,2c535f08,bf896894,0,0,0,0,
Sierra Leone,3,2,0,d7acab5d,2c535f08,bf896894,0,1,1,0,
Sierra Leone,4,3,0,d7acab5d,2c535f08,bf896894,1,0,1,0,
Sierra Leone,5,4,0,bf896894,2c535f08,d7acab5d,1,0,1,0,
Sierra Leone,6,4,0,d7acab5d,2c535f08,bf896894,0,0,0,0,
Sierra Leone,7,4,0,d7acab5d,2c535f08,bf896894,0,0,0,0,
Sierra Leone,8,5,0,bf896894,03ef382c,d7acab5d,0,1,1,0,
Sierra Leone,9,5,0,d7acab5d,03ef382c,bf896894,0,0,0,0,
Sierra Leone,10,5,0,d7acab5d,03ef382c,bf896894,0,0,0,0,
Sierra Leone,11,6,0,d7acab5d,03ef382c,bf896894,0,1,1,0,
Sierra Leone,12,7,0,d7acab5d,03ef382c,bf896894,1,0,1,0,
Sierra Leone,13,8,0,bf896894,03ef382c,d7acab5d,1,0,1,0,
Sierra Leone,14,8,0,d7acab5d,03ef382c,bf896894,0,0,0,0,
Sierra Leone,15,8,1,bf896894,2c535f08,d7acab5d,0,0,0,1,lbw
Sierra Leone,16,8,1,8f70fff7,2c535f08,d7acab5d,0,0,0,0,
Sierra Leone,17,9,1,8f70fff7,2c535f08,d7acab5d,0,1,1,0,
Sierra Leone,18,9,1,8f70fff7,2c535f08,d7acab5d,0,0,0,0,
Sierra Leone,19,9,1,8f70fff7,2c535f08,d7acab5d,0,0,0,0,
Sierra Leone,20,13,1,8f70fff7,2c535f08,d7acab5d,4,0,4,0,
Sierra Leone,21,13,1,8f70fff7,2c535f08,d7acab5d,0,0,0,0,
Sierra Leone,22,14,1,d7acab5d,03ef382c,8f70fff7,1,0,1,0,
Sierra Leone,23,14,1,8f70fff7,03ef382c,d7acab5d,0,0,0,0,
Sierra Leone,24,18,1,8f70fff7,03ef382c,d7acab5d,4,0,4,0,
Sierra Leone,25,18,1,8f70fff7,03ef382c,d7acab5d,0,0,0,0,
Sierra Leone,26,19,1,8f70fff7,03ef382c,d7acab5d,1,0,1,0,
Sierra Leone,27,19,2,d7acab5d,03ef382c,8f70fff7,0,0,0,1,caught
Sierra Leone,28,20,2,8f70fff7,2c535f08,c556b9d2,1,0,1,0,
Sierra Leone,29,21,2,c556b9d2,2c535f08,8f70fff7,1,0,1,0,
Sierra Leone,30,21,2,8f70fff7,2c535f08,c556b9d2,0,0,0,0,
Sierra Leone,31,25,2,8f70fff7,2c535f08,c556b9d2,4,0,4,0,
Sierra Leone,32,25,3,8f70fff7,2c535f08,c556b9d2,0,0,0,1,run out
Sierra Leone,33,25,3,8f70fff7,2c535f08,adb629f6,0,0,0,0,
Sierra Leone,34,25,3,8f70fff7,03ef382c,adb629f6,0,0,0,0,
Sierra Leone,35,25,3,8f70fff7,03ef382c,adb629f6,0,0,0,0,
Sierra Leone,36,25,3,8f70fff7,03ef382c,adb629f6,0,0,0,0,
Sierra Leone,37,25,3,8f70fff7,03ef382c,adb629f6,0,0,0,0,
Sierra Leone,38,26,3,8f70fff7,03ef382c,adb629f6,1,0,1,0,
Sierra Leone,39,26,3,adb629f6,03ef382c,8f70fff7,0,0,0,0,
Sierra Leone,40,27,3,8f70fff7,d816fc1c,adb629f6,1,0,1,0,
Sierra Leone,41,27,3,adb629f6,d816fc1c,8f70fff7,0,0,0,0,
Sierra Leone,42,28,3,adb629f6,d816fc1c,8f70fff7,0,1,1,0,
Sierra Leone,43,29,3,8f70fff7,d816fc1c,adb629f6,1,0,1,0,
Sierra Leone,44,30,3,adb629f6,d816fc1c,8f70fff7,0,1,1,0,
Sierra Leone,45,31,3,8f70fff7,d816fc1c,adb629f6,1,0,1,0,
Sierra Leone,46,31,3,8f70fff7,2dde3e62,adb629f6,0,0,0,0,
Sierra Leone,47,31,3,8f70fff7,2dde3e62,adb629f6,0,0,0,0,
Sierra Leone,48,31,4,8f70fff7,2dde3e62,adb629f6,0,0,0,1,caught
Sierra Leone,49,31,4,adb629f6,2dde3e62,5a970aab,0,0,0,0,
Sierra Leone,50,33,4,adb629f6,2dde3e62,5a970aab,2,0,2,0,
Sierra Leone,51,33,4,adb629f6,2dde3e62,5a970aab,0,0,0,0,
Sierra Leone,52,34,4,5a970aab,d816fc1c,adb629f6,1,0,1,0,
Sierra Leone,53,34,4,adb629f6,d816fc1c,5a970aab,0,0,0,0,
Sierra Leone,54,36,4,adb629f6,d816fc1c,5a970aab,2,0,2,0,
Sierra Leone,55,38,4,adb629f6,d816fc1c,5a970aab,2,0,2,0,
Sierra Leone,56,39,4,adb629f6,d816fc1c,5a970aab,1,0,1,0,
Sierra Leone,57,39,4,5a970aab,d816fc1c,adb629f6,0,0,0,0,
Sierra Leone,58,40,4,adb629f6,2dde3e62,5a970aab,0,1,1,0,
Sierra Leone,59,41,4,5a970aab,2dde3e62,adb629f6,1,0,1,0,
Sierra Leone,60,42,4,adb629f6,2dde3e62,5a970aab,1,0,1,0,
Sierra Leone,61,42,4,5a970aab,2dde3e62,adb629f6,0,0,0,0,
Sierra Leone,62,42,4,5a970aab,2dde3e62,adb629f6,0,0,0,0,
Sierra Leone,63,43,4,5a970aab,2dde3e62,adb629f6,1,0,1,0,
Sierra Leone,64,44,4,5a970aab,3b52d247,adb629f6,1,0,1,0,
Sierra Leone,65,44,4,adb629f6,3b52d247,5a970aab,0,0,0,0,
Sierra Leone,66,48,4,adb629f6,3b52d247,5a970aab,4,0,4,0,
Sierra Leone,67,48,4,adb629f6,3b52d247,5a970aab,0,0,0,0,
Sierra Leone,68,49,4,adb629f6,3b52d247,5a970aab,1,0,1,0,
Sierra Leone,69,50,4,5a970aab,3b52d247,adb629f6,1,0,1,0,
Sierra Leone,70,51,4,5a970aab,2dde3e62,adb629f6,1,0,1,0,
Sierra Leone,71,52,4,adb629f6,2dde3e62,5a970aab,0,1,1,0,
Sierra Leone,72,53,4,adb629f6,2dde3e62,5a970aab,1,0,1,0,
Sierra Leone,73,53,4,5a970aab,2dde3e62,adb629f6,0,0,0,0,
Sierra Leone,74,54,4,5a970aab,2dde3e62,adb629f6,0,1,1,0,
Sierra Leone,75,56,4,adb629f6,2dde3e62,5a970aab,2,0,2,0,
Sierra Leone,76,56,4,adb629f6,2dde3e62,5a970aab,0,0,0,0,
Sierra Leone,77,57,4,5a970aab,3b52d247,adb629f6,1,0,1,0,
Sierra Leone,78,59,4,adb629f6,3b52d247,5a970aab,2,0,2,0,
Sierra Leone,79,60,4,adb629f6,3b52d247,5a970aab,1,0,1,0,
Sierra Leone,80,60,4,5a970aab,3b52d247,adb629f6,0,0,0,0,
Sierra Leone,81,61,4,5a970aab,3b52d247,adb629f6,1,0,1,0,
Sierra Leone,82,62,4,adb629f6,3b52d247,5a970aab,1,0,1,0,
Sierra Leone,83,66,4,adb629f6,2dde3e62,5a970aab,4,0,4,0,
Sierra Leone,84,66,5,adb629f6,2dde3e62,5a970aab,0,0,0,1,caught
Sierra Leone,85,67,5,ea45f98b,2dde3e62,5a970aab,1,0,1,0,
Sierra Leone,86,67,5,5a970aab,2dde3e62,ea45f98b,0,0,0,0,
Sierra Leone,87,71,5,5a970aab,2dde3e62,ea45f98b,4,0,4,0,
Sierra Leone,88,71,5,5a970aab,2dde3e62,ea45f98b,0,0,0,0,
Sierra Leone,89,71,5,ea45f98b,3b52d247,5a970aab,0,0,0,0,
Sierra Leone,90,72,5,ea45f98b,3b52d247,5a970aab,1,0,1,0,
Sierra Leone,91,76,5,5a970aab,3b52d247,ea45f98b,4,0,4,0,
Sierra Leone,92,77,5,5a970aab,3b52d247,ea45f98b,1,0,1,0,
Sierra Leone,93,78,5,ea45f98b,3b52d247,5a970aab,1,0,1,0,
Sierra Leone,94,80,5,5a970aab,3b52d247,ea45f98b,2,0,2,0,
Sierra Leone,95,80,5,ea45f98b,8b6aebf7,5a970aab,0,0,0,0,
Sierra Leone,96,81,5,ea45f98b,8b6aebf7,5a970aab,0,1,1,0,
Sierra Leone,97,81,5,ea45f98b,8b6aebf7,5a970aab,0,0,0,0,
Sierra Leone,98,81,5,ea45f98b,8b6aebf7,5a970aab,0,0,0,0,
Sierra Leone,99,81,5,ea45f98b,8b6aebf7,5a970aab,0,0,0,0,
Sierra Leone,100,81,5,ea45f98b,8b6aebf7,5a970aab,0,0,0,0,
Sierra Leone,101,82,5,ea45f98b,8b6aebf7,5a970aab,1,0,1,0,
Sierra Leone,102,82,5,ea45f98b,d816fc1c,5a970aab,0,0,0,0,
Sierra Leone,103,83,5,ea45f98b,d816fc1c,5a970aab,1,0,1,0,
Sierra Leone,104,87,5,5a970aab,d816fc1c,ea45f98b,4,0,4,0,
Sierra Leone,105,89,5,5a970aab,d816fc1c,ea45f98b,2,0,2,0,
Sierra Leone,106,93,5,5a970aab,d816fc1c,ea45f98b,4,0,4,0,
Sierra Leone,107,94,5,5a970aab,d816fc1c,ea45f98b,0,1,1,0,
Sierra Leone,108,96,5,5a970aab,8b6aebf7,ea45f98b,0,2,2,0,
Sierra Leone,109,97,5,5a970aab,8b6aebf7,ea45f98b,1,0,1,0,
