batting_team,ball_number,total_team_runs,total_team_wickets,striker_ID,bowler_ID,nonstriker_ID,batter_runs,extras_runs,total_delivery_runs,wicket,wicket_type
Northern Districts,1,0,0,ae79a86f,37f93dc8,efb6cb2a,0,0,0,0,
Northern Districts,2,0,0,ae79a86f,37f93dc8,efb6cb2a,0,0,0,0,
Northern Districts,3,1,0,ae79a86f,37f93dc8,efb6cb2a,1,0,1,0,
Northern Districts,4,1,0,efb6cb2a,37f93dc8,ae79a86f,0,0,0,0,
Northern Districts,5,2,0,efb6cb2a,37f93dc8,ae79a86f,0,1,1,0,
Northern Districts,6,2,0,efb6cb2a,37f93dc8,ae79a86f,0,0,0,0,
Northern Districts,7,2,0,efb6cb2a,37f93dc8,ae79a86f,0,0,0,0,
Northern Districts,8,7,0,ae79a86f,2817e17a,efb6cb2a,0,5,5,0,
Northern Districts,9,7,0,ae79a86f,2817e17a,efb6cb2a,0,0,0,0,
Northern Districts,10,7,0,ae79a86f,2817e17a,efb6cb2a,0,0,0,0,
Northern Districts,11,7,1,ae79a86f,2817e17a,efb6cb2a,0,0,0,1,bowled
Northern Districts,12,7,1,1e579ad5,2817e17a,efb6cb2a,0,0,0,0,
Northern Districts,13,11,1,1e579ad5,2817e17a,efb6cb2a,4,0,4,0,
Northern Districts,14,11,1,1e579ad5,2817e17a,efb6cb2a,0,0,0,0,
Northern Districts,15,11,1,efb6cb2a,37f93dc8,1e579ad5,0,0,0,0,
Northern Districts,16,11,1,efb6cb2a,37f93dc8,1e579ad5,0,0,0,0,
Northern Districts,17,11,1,efb6cb2a,37f93dc8,1e579ad5,0,0,0,0,
Northern Districts,18,15,1,efb6cb2a,37f93dc8,1e579ad5,4,0,4,0,
Northern Districts,19,16,1,efb6cb2a,37f93dc8,1e579ad5,1,0,1,0,
Northern Districts,20,16,1,1e579ad5,37f93dc8,efb6cb2a,0,0,0,0,
Northern Districts,21,16,1,efb6cb2a,b8cce99f,1e579ad5,0,0,0,0,
Northern Districts,22,20,1,efb6cb2a,b8cce99f,1e579ad5,4,0,4,0,
Northern Districts,23,24,1,efb6cb2a,b8cce99f,1e579ad5,4,0,4,0,
Northern Districts,24,28,1,efb6cb2a,b8cce99f,1e579ad5,4,0,4,0,
Northern Districts,25,28,1,efb6cb2a,b8cce99f,1e579ad5,0,0,0,0,
Northern Districts,26,28,1,efb6cb2a,b8cce99f,1e579ad5,0,0,0,0,
Northern Districts,27,29,1,1e579ad5,37f93dc8,efb6cb2a,1,0,1,0,
Northern Districts,28,29,1,efb6cb2a,37f93dc8,1e579ad5,0,0,0,0,
Northern Districts,29,33,1,efb6cb2a,37f93dc8,1e579ad5,4,0,4,0,
Northern Districts,30,37,1,efb6cb2a,37f93dc8,1e579ad5,4,0,4,0,
Northern Districts,31,38,1,efb6cb2a,37f93dc8,1e579ad5,1,0,1,0,
Northern Districts,32,42,1,1e579ad5,37f93dc8,efb6cb2a,4,0,4,0,
Northern Districts,33,42,1,efb6cb2a,93b4f6f6,1e579ad5,0,0,0,0,
Northern Districts,34,46,1,efb6cb2a,93b4f6f6,1e579ad5,4,0,4,0,
Northern Districts,35,46,1,efb6cb2a,93b4f6f6,1e579ad5,0,0,0,0,
Northern Districts,36,48,1,efb6cb2a,93b4f6f6,1e579ad5,2,0,2,0,
Northern Districts,37,49,1,efb6cb2a,93b4f6f6,1e579ad5,1,0,1,0,
Northern Districts,38,49,1,1e579ad5,93b4f6f6,efb6cb2a,0,0,0,0,
Northern Districts,39,50,1,efb6cb2a,b8cce99f,1e579ad5,1,0,1,0,
Northern Districts,40,51,1,1e579ad5,b8cce99f,efb6cb2a,1,0,1,0,
Northern Districts,41,51,1,efb6cb2a,b8cce99f,1e579ad5,0,0,0,0,
Northern Districts,42,52,1,efb6cb2a,b8cce99f,1e579ad5,1,0,1,0,
Northern Districts,43,52,1,1e579ad5,b8cce99f,efb6cb2a,0,0,0,0,
Northern Districts,44,52,1,1e579ad5,b8cce99f,efb6cb2a,0,0,0,0,
Northern Districts,45,52,1,efb6cb2a,93b4f6f6,1e579ad5,0,0,0,0,
Northern Districts,46,53,1,efb6cb2a,93b4f6f6,1e579ad5,1,0,1,0,
Northern Districts,47,53,1,1e579ad5,93b4f6f6,efb6cb2a,0,0,0,0,
Northern Districts,48,53,1,1e579ad5,93b4f6f6,efb6cb2a,0,0,0,0,
Northern Districts,49,57,1,1e579ad5,93b4f6f6,efb6cb2a,4,0,4,0,
Northern Districts,50,58,1,1e579ad5,93b4f6f6,efb6cb2a,1,0,1,0,
Northern Districts,51,59,1,1e579ad5,7693851c,efb6cb2a,1,0,1,0,
Northern Districts,52,59,1,efb6cb2a,7693851c,1e579ad5,0,0,0,0,
Northern Districts,53,60,1,efb6cb2a,7693851c,1e579ad5,1,0,1,0,
Northern Districts,54,61,1,1e579ad5,7693851c,efb6cb2a,1,0,1,0,
Northern Districts,55,61,2,efb6cb2a,7693851c,1e579ad5,0,0,0,1,stumped
Northern Districts,56,61,2,50ee0500,7693851c,1e579ad5,0,0,0,0,
Northern Districts,57,65,2,1e579ad5,93b4f6f6,50ee0500,4,0,4,0,
Northern Districts,58,66,2,1e579ad5,93b4f6f6,50ee0500,1,0,1,0,
Northern Districts,59,67,2,50ee0500,93b4f6f6,1e579ad5,0,1,1,0,
Northern Districts,60,68,2,50ee0500,93b4f6f6,1e579ad5,1,0,1,0,
Northern Districts,61,68,3,1e579ad5,93b4f6f6,50ee0500,0,0,0,1,caught
Northern Districts,62,69,3,50ee0500,93b4f6f6,b91efad5,1,0,1,0,
Northern Districts,63,70,3,b91efad5,93b4f6f6,50ee0500,1,0,1,0,
Northern Districts,64,70,3,b91efad5,7693851c,50ee0500,0,0,0,0,
Northern Districts,65,71,3,b91efad5,7693851c,50ee0500,1,0,1,0,
Northern Districts,66,75,3,50ee0500,7693851c,b91efad5,4,0,4,0,
Northern Districts,67,76,3,50ee0500,7693851c,b91efad5,0,1,1,0,
Northern Districts,68,77,3,b91efad5,7693851c,50ee0500,0,1,1,0,
Northern Districts,69,78,3,50ee0500,7693851c,b91efad5,1,0,1,0,
Northern Districts,70,79,3,50ee0500,37bf3ef5,b91efad5,1,0,1,0,
Northern Districts,71,80,3,b91efad5,37bf3ef5,50ee0500,1,0,1,0,
Northern Districts,72,80,3,50ee0500,37bf3ef5,b91efad5,0,0,0,0,
Northern Districts,73,84,3,50ee0500,37bf3ef5,b91efad5,4,0,4,0,
Northern Districts,74,86,3,50ee0500,37bf3ef5,b91efad5,2,0,2,0,
Northern Districts,75,87,3,50ee0500,37bf3ef5,b91efad5,1,0,1,0,
Northern Districts,76,91,3,50ee0500,b8cce99f,b91efad5,4,0,4,0,
Northern Districts,77,91,3,50ee0500,b8cce99f,b91efad5,0,0,0,0,
Northern Districts,78,91,4,50ee0500,b8cce99f,b91efad5,0,0,0,1,run out
Northern Districts,79,95,4,4958338a,b8cce99f,50ee0500,4,0,4,0,
Northern Districts,80,96,4,4958338a,b8cce99f,50ee0500,1,0,1,0,
Northern Districts,81,97,4,50ee0500,b8cce99f,4958338a,1,0,1,0,
Otago,1,4,0,845c87d3,f80d79af,e4a71d18,4,0,4,0,
Otago,2,4,0,845c87d3,f80d79af,e4a71d18,0,0,0,0,
Otago,3,4,0,845c87d3,f80d79af,e4a71d18,0,0,0,0,
Otago,4,4,0,845c87d3,f80d79af,e4a71d18,0,0,0,0,
Otago,5,4,0,845c87d3,f80d79af,e4a71d18,0,0,0,0,
Otago,6,4,0,845c87d3,f80d79af,e4a71d18,0,0,0,0,
Otago,7,5,0,e4a71d18,d945db3e,845c87d3,1,0,1,0,
Otago,8,5,0,845c87d3,d945db3e,e4a71d18,0,0,0,0,
Otago,9,6,0,845c87d3,d945db3e,e4a71d18,1,0,1,0,
Otago,10,8,0,e4a71d18,d945db3e,845c87d3,2,0,2,0,
Otago,11,8,0,e4a71d18,d945db3e,845c87d3,0,0,0,0,
Otago,12,9,0,e4a71d18,d945db3e,845c87d3,1,0,1,0,
Otago,13,9,0,e4a71d18,b91efad5,845c87d3,0,0,0,0,
Otago,14,10,0,e4a71d18,b91efad5,845c87d3,1,0,1,0,
Otago,15,10,1,845c87d3,b91efad5,e4a71d18,0,0,0,1,caught
Otago,16,10,1,e4a71d18,b91efad5,cf75a839,0,0,0,0,
Otago,17,10,1,e4a71d18,b91efad5,cf75a839,0,0,0,0,
Otago,18,10,1,e4a71d18,b91efad5,cf75a839,0,0,0,0,
Otago,19,11,1,cf75a839,d945db3e,e4a71d18,1,0,1,0,
Otago,20,13,1,e4a71d18,d945db3e,cf75a839,2,0,2,0,
Otago,21,19,1,e4a71d18,d945db3e,cf75a839,6,0,6,0,
Otago,22,20,2,e4a71d18,d945db3e,cf75a839,1,0,1,1,run out
Otago,23,21,2,b8cce99f,d945db3e,cf75a839,1,0,1,0,
Otago,24,22,2,cf75a839,d945db3e,b8cce99f,1,0,1,0,
Otago,25,23,2,cf75a839,50ee0500,b8cce99f,1,0,1,0,
Otago,26,24,2,b8cce99f,50ee0500,cf75a839,1,0,1,0,
Otago,27,25,2,cf75a839,50ee0500,b8cce99f,1,0,1,0,
Otago,28,26,2,b8cce99f,50ee0500,cf75a839,1,0,1,0,
Otago,29,30,2,cf75a839,50ee0500,b8cce99f,4,0,4,0,
Otago,30,31,2,cf75a839,50ee0500,b8cce99f,1,0,1,0,
Otago,31,33,2,cf75a839,efb6cb2a,b8cce99f,2,0,2,0,
Otago,32,33,3,cf75a839,efb6cb2a,b8cce99f,0,0,0,1,caught
Otago,33,33,3,8f999ed5,efb6cb2a,b8cce99f,0,0,0,0,
Otago,34,33,3,8f999ed5,efb6cb2a,b8cce99f,0,0,0,0,
Otago,35,34,3,8f999ed5,efb6cb2a,b8cce99f,1,0,1,0,
Otago,36,35,3,b8cce99f,efb6cb2a,8f999ed5,0,1,1,0,
Otago,37,36,3,b8cce99f,efb6cb2a,8f999ed5,1,0,1,0,
Otago,38,38,3,b8cce99f,66754320,8f999ed5,0,2,2,0,
Otago,39,39,3,8f999ed5,66754320,b8cce99f,1,0,1,0,
Otago,40,40,3,b8cce99f,66754320,8f999ed5,1,0,1,0,
Otago,41,40,3,8f999ed5,66754320,b8cce99f,0,0,0,0,
Otago,42,40,3,8f999ed5,66754320,b8cce99f,0,0,0,0,
Otago,43,41,3,8f999ed5,66754320,b8cce99f,1,0,1,0,
Otago,44,45,3,b8cce99f,66754320,8f999ed5,4,0,4,0,
Otago,45,46,3,8f999ed5,b91efad5,b8cce99f,1,0,1,0,
Otago,46,50,3,b8cce99f,b91efad5,8f999ed5,4,0,4,0,
Otago,47,52,3,b8cce99f,b91efad5,8f999ed5,2,0,2,0,
Otago,48,53,3,b8cce99f,b91efad5,8f999ed5,1,0,1,0,
Otago,49,53,3,8f999ed5,b91efad5,b8cce99f,0,0,0,0,
Otago,50,57,3,8f999ed5,b91efad5,b8cce99f,4,0,4,0,
Otago,51,61,3,b8cce99f,50ee0500,8f999ed5,4,0,4,0,
Otago,52,62,3,b8cce99f,50ee0500,8f999ed5,1,0,1,0,
Otago,53,63,3,8f999ed5,50ee0500,b8cce99f,1,0,1,0,
Otago,54,64,3,b8cce99f,50ee0500,8f999ed5,1,0,1,0,
Otago,55,65,3,8f999ed5,50ee0500,b8cce99f,1,0,1,0,
Otago,56,71,3,b8cce99f,50ee0500,8f999ed5,6,0,6,0,
Otago,57,71,3,8f999ed5,efb6cb2a,b8cce99f,0,0,0,0,
Otago,58,75,3,8f999ed5,efb6cb2a,b8cce99f,4,0,4,0,
Otago,59,76,3,8f999ed5,efb6cb2a,b8cce99f,1,0,1,0,
Otago,60,76,3,b8cce99f,efb6cb2a,8f999ed5,0,0,0,0,
Otago,61,80,3,b8cce99f,efb6cb2a,8f999ed5,4,0,4,0,
Otago,62,80,3,b8cce99f,efb6cb2a,8f999ed5,0,0,0,0,
Otago,63,80,3,8f999ed5,f80d79af,b8cce99f,0,0,0,0,
Otago,64,80,3,8f999ed5,f80d79af,b8cce99f,0,0,0,0,
Otago,65,84,3,8f999ed5,f80d79af,b8cce99f,4,0,4,0,
Otago,66,85,3,8f999ed5,f80d79af,b8cce99f,0,1,1,0,
Otago,67,85,4,b8cce99f,f80d79af,8f999ed5,0,0,0,1,caught
Otago,68,87,4,8f999ed5,f80d79af,57bdbc16,2,0,2,0,
Otago,69,88,4,57bdbc16,b91efad5,8f999ed5,0,1,1,0,
Otago,70,88,4,57bdbc16,b91efad5,8f999ed5,0,0,0,0,
Otago,71,89,4,57bdbc16,b91efad5,8f999ed5,1,0,1,0,
Otago,72,90,4,8f999ed5,b91efad5,57bdbc16,0,1,1,0,
Otago,73,94,4,8f999ed5,b91efad5,57bdbc16,4,0,4,0,
Otago,74,96,4,8f999ed5,b91efad5,57bdbc16,2,0,2,0,
Otago,75,97,4,8f999ed5,b91efad5,57bdbc16,1,0,1,0,
Otago,76,98,4,57bdbc16,b91efad5,8f999ed5,1,0,1,0,
Otago,77,99,4,57bdbc16,f80d79af,8f999ed5,1,0,1,0,
Otago,78,103,4,8f999ed5,f80d79af,57bdbc16,4,0,4,0,
