batting_team,ball_number,total_team_runs,total_team_wickets,striker_ID,bowler_ID,nonstriker_ID,batter_runs,extras_runs,total_delivery_runs,wicket,wicket_type
Bangladesh,1,0,0,7923a51d,fb3e0d39,0404d43c,0,0,0,0,
Bangladesh,2,0,0,7923a51d,fb3e0d39,0404d43c,0,0,0,0,
Bangladesh,3,1,0,7923a51d,fb3e0d39,0404d43c,1,0,1,0,
Bangladesh,4,1,0,0404d43c,fb3e0d39,7923a51d,0,0,0,0,
Bangladesh,5,2,0,0404d43c,fb3e0d39,7923a51d,1,0,1,0,
Bangladesh,6,2,0,7923a51d,fb3e0d39,0404d43c,0,0,0,0,
Bangladesh,7,2,0,0404d43c,dabbd0ae,7923a51d,0,0,0,0,
Bangladesh,8,2,0,0404d43c,dabbd0ae,7923a51d,0,0,0,0,
Bangladesh,9,2,0,0404d43c,dabbd0ae,7923a51d,0,0,0,0,
Bangladesh,10,6,0,0404d43c,dabbd0ae,7923a51d,4,0,4,0,
Bangladesh,11,7,0,0404d43c,dabbd0ae,7923a51d,1,0,1,0,
Bangladesh,12,9,0,7923a51d,dabbd0ae,0404d43c,2,0,2,0,
Bangladesh,13,10,0,0404d43c,327b58d3,7923a51d,1,0,1,0,
Bangladesh,14,11,0,7923a51d,327b58d3,0404d43c,1,0,1,0,
Bangladesh,15,12,0,0404d43c,327b58d3,7923a51d,1,0,1,0,
Bangladesh,16,12,0,7923a51d,327b58d3,0404d43c,0,0,0,0,
Bangladesh,17,13,0,7923a51d,327b58d3,0404d43c,0,1,1,0,
Bangladesh,18,16,0,7923a51d,327b58d3,0404d43c,2,1,3,0,
Bangladesh,19,20,0,7923a51d,327b58d3,0404d43c,4,0,4,0,
Bangladesh,20,21,0,7923a51d,327b58d3,0404d43c,1,0,1,0,
Bangladesh,21,24,0,7923a51d,4751caa3,0404d43c,3,0,3,0,
Bangladesh,22,24,0,0404d43c,4751caa3,7923a51d,0,0,0,0,
Bangladesh,23,25,0,0404d43c,4751caa3,7923a51d,1,0,1,0,
Bangladesh,24,25,0,7923a51d,4751caa3,0404d43c,0,0,0,0,
Bangladesh,25,29,0,7923a51d,4751caa3,0404d43c,4,0,4,0,
Bangladesh,26,29,0,7923a51d,4751caa3,0404d43c,0,0,0,0,
Bangladesh,27,30,0,0404d43c,327b58d3,7923a51d,1,0,1,0,
Bangladesh,28,32,0,7923a51d,327b58d3,0404d43c,2,0,2,0,
Bangladesh,29,33,0,7923a51d,327b58d3,0404d43c,1,0,1,0,
Bangladesh,30,37,0,0404d43c,327b58d3,7923a51d,4,0,4,0,
Bangladesh,31,38,0,0404d43c,327b58d3,7923a51d,1,0,1,0,
Bangladesh,32,38,0,7923a51d,327b58d3,0404d43c,0,0,0,0,
Bangladesh,33,39,0,0404d43c,4751caa3,7923a51d,1,0,1,0,
Bangladesh,34,39,0,7923a51d,4751caa3,0404d43c,0,0,0,0,
Bangladesh,35,39,0,7923a51d,4751caa3,0404d43c,0,0,0,0,
Bangladesh,36,40,0,7923a51d,4751caa3,0404d43c,1,0,1,0,
Bangladesh,37,40,1,0404d43c,4751caa3,7923a51d,0,0,0,1,caught
Bangladesh,38,41,1,7dc35884,4751caa3,7923a51d,1,0,1,0,
Bangladesh,39,45,1,7dc35884,732c038e,7923a51d,4,0,4,0,
Bangladesh,40,46,1,7dc35884,732c038e,7923a51d,1,0,1,0,
Bangladesh,41,50,1,7923a51d,732c038e,7dc35884,4,0,4,0,
Bangladesh,42,51,1,7923a51d,732c038e,7dc35884,1,0,1,0,
Bangladesh,43,51,1,7dc35884,732c038e,7923a51d,0,0,0,0,
Bangladesh,44,55,1,7dc35884,732c038e,7923a51d,4,0,4,0,
Bangladesh,45,55,1,7923a51d,fb3e0d39,7dc35884,0,0,0,0,
Bangladesh,46,56,1,7923a51d,fb3e0d39,7dc35884,1,0,1,0,
Bangladesh,47,56,1,7dc35884,fb3e0d39,7923a51d,0,0,0,0,
Bangladesh,48,56,2,7dc35884,fb3e0d39,7923a51d,0,0,0,1,bowled
Bangladesh,49,57,2,a94e08ea,fb3e0d39,7923a51d,1,0,1,0,
Bangladesh,50,58,2,7923a51d,fb3e0d39,a94e08ea,1,0,1,0,
Bangladesh,51,59,2,7923a51d,a97c8ec2,a94e08ea,1,0,1,0,
Bangladesh,52,60,2,a94e08ea,a97c8ec2,7923a51d,1,0,1,0,
Bangladesh,53,62,2,7923a51d,a97c8ec2,a94e08ea,2,0,2,0,
Bangladesh,54,63,2,7923a51d,a97c8ec2,a94e08ea,1,0,1,0,
Bangladesh,55,64,2,a94e08ea,a97c8ec2,7923a51d,1,0,1,0,
Bangladesh,56,65,2,7923a51d,a97c8ec2,a94e08ea,1,0,1,0,
Bangladesh,57,67,2,7923a51d,fb3e0d39,a94e08ea,2,0,2,0,
Bangladesh,58,69,2,7923a51d,fb3e0d39,a94e08ea,2,0,2,0,
Bangladesh,59,70,2,7923a51d,fb3e0d39,a94e08ea,1,0,1,0,
Bangladesh,60,71,2,a94e08ea,fb3e0d39,7923a51d,1,0,1,0,
Bangladesh,61,72,2,7923a51d,fb3e0d39,a94e08ea,1,0,1,0,
Bangladesh,62,72,2,a94e08ea,fb3e0d39,7923a51d,0,0,0,0,
Bangladesh,63,73,2,7923a51d,a97c8ec2,a94e08ea,1,0,1,0,
Bangladesh,64,74,2,a94e08ea,a97c8ec2,7923a51d,1,0,1,0,
Bangladesh,65,75,2,7923a51d,a97c8ec2,a94e08ea,1,0,1,0,
Bangladesh,66,81,2,a94e08ea,a97c8ec2,7923a51d,6,0,6,0,
Bangladesh,67,82,2,a94e08ea,a97c8ec2,7923a51d,1,0,1,0,
Bangladesh,68,83,2,7923a51d,a97c8ec2,a94e08ea,1,0,1,0,
Bangladesh,69,84,2,7923a51d,3ff033bb,a94e08ea,1,0,1,0,
Bangladesh,70,84,2,a94e08ea,3ff033bb,7923a51d,0,0,0,0,
Bangladesh,71,85,2,a94e08ea,3ff033bb,7923a51d,1,0,1,0,
Bangladesh,72,86,2,7923a51d,3ff033bb,a94e08ea,1,0,1,0,
Bangladesh,73,87,2,a94e08ea,3ff033bb,7923a51d,1,0,1,0,
Bangladesh,74,87,2,7923a51d,3ff033bb,a94e08ea,0,0,0,0,
Bangladesh,75,93,2,a94e08ea,dabbd0ae,7923a51d,6,0,6,0,
Bangladesh,76,93,2,a94e08ea,dabbd0ae,7923a51d,0,0,0,0,
Bangladesh,77,94,2,a94e08ea,dabbd0ae,7923a51d,1,0,1,0,
Bangladesh,78,94,2,7923a51d,dabbd0ae,a94e08ea,0,0,0,0,
Bangladesh,79,95,2,7923a51d,dabbd0ae,a94e08ea,1,0,1,0,
Bangladesh,80,96,2,a94e08ea,dabbd0ae,7923a51d,1,0,1,0,
Bangladesh,81,97,2,a94e08ea,4751caa3,7923a51d,1,0,1,0,
Bangladesh,82,98,2,7923a51d,4751caa3,a94e08ea,1,0,1,0,
Bangladesh,83,99,2,a94e08ea,4751caa3,7923a51d,1,0,1,0,
Bangladesh,84,103,2,7923a51d,4751caa3,a94e08ea,4,0,4,0,
Bangladesh,85,103,2,7923a51d,4751caa3,a94e08ea,0,0,0,0,
Bangladesh,86,107,2,7923a51d,4751caa3,a94e08ea,4,0,4,0,
Bangladesh,87,111,2,a94e08ea,a97c8ec2,7923a51d,4,0,4,0,
Bangladesh,88,115,2,a94e08ea,a97c8ec2,7923a51d,4,0,4,0,
Bangladesh,89,116,2,a94e08ea,a97c8ec2,7923a51d,1,0,1,0,
Bangladesh,90,117,2,7923a51d,a97c8ec2,a94e08ea,1,0,1,0,
Bangladesh,91,118,2,a94e08ea,a97c8ec2,7923a51d,1,0,1,0,
Bangladesh,92,118,2,7923a51d,a97c8ec2,a94e08ea,0,0,0,0,
Bangladesh,93,119,2,a94e08ea,3ff033bb,7923a51d,0,1,1,0,
Bangladesh,94,123,2,7923a51d,3ff033bb,a94e08ea,4,0,4,0,
Bangladesh,95,124,2,7923a51d,3ff033bb,a94e08ea,1,0,1,0,
Bangladesh,96,126,2,a94e08ea,3ff033bb,7923a51d,2,0,2,0,
Bangladesh,97,127,2,a94e08ea,3ff033bb,7923a51d,0,1,1,0,
Bangladesh,98,128,2,a94e08ea,3ff033bb,7923a51d,1,0,1,0,
Bangladesh,99,129,2,7923a51d,3ff033bb,a94e08ea,1,0,1,0,
Bangladesh,100,129,3,7923a51d,dabbd0ae,a94e08ea,0,0,0,1,caught and bowled
Bangladesh,101,130,3,a94e08ea,dabbd0ae,37138918,1,0,1,0,
Bangladesh,102,131,3,37138918,dabbd0ae,a94e08ea,1,0,1,0,
Bangladesh,103,135,3,a94e08ea,dabbd0ae,37138918,4,0,4,0,
Bangladesh,104,136,3,a94e08ea,dabbd0ae,37138918,1,0,1,0,
Bangladesh,105,140,3,37138918,dabbd0ae,a94e08ea,4,0,4,0,
Bangladesh,106,141,3,a94e08ea,327b58d3,37138918,1,0,1,0,
Bangladesh,107,142,3,37138918,327b58d3,a94e08ea,1,0,1,0,
Bangladesh,108,146,3,a94e08ea,327b58d3,37138918,4,0,4,0,
Bangladesh,109,147,3,a94e08ea,327b58d3,37138918,0,1,1,0,
Bangladesh,110,148,3,37138918,327b58d3,a94e08ea,1,0,1,0,
Bangladesh,111,149,3,a94e08ea,327b58d3,37138918,1,0,1,0,
Bangladesh,112,150,3,a94e08ea,4751caa3,37138918,1,0,1,0,
Bangladesh,113,150,3,37138918,4751caa3,a94e08ea,0,0,0,0,
Bangladesh,114,150,4,37138918,4751caa3,a94e08ea,0,0,0,1,run out
Bangladesh,115,151,4,bf1d7d3e,4751caa3,a94e08ea,1,0,1,0,
Bangladesh,116,153,4,a94e08ea,4751caa3,bf1d7d3e,0,2,2,0,
Bangladesh,117,155,4,bf1d7d3e,4751caa3,a94e08ea,0,2,2,0,
Bangladesh,118,159,4,bf1d7d3e,4751caa3,a94e08ea,4,0,4,0,
Bangladesh,119,159,4,a94e08ea,327b58d3,bf1d7d3e,0,0,0,0,
Bangladesh,120,161,4,a94e08ea,327b58d3,bf1d7d3e,2,0,2,0,
Bangladesh,121,162,4,a94e08ea,327b58d3,bf1d7d3e,1,0,1,0,
Bangladesh,122,166,4,bf1d7d3e,327b58d3,a94e08ea,4,0,4,0,
Bangladesh,123,167,4,bf1d7d3e,327b58d3,a94e08ea,1,0,1,0,
Bangladesh,124,171,4,a94e08ea,327b58d3,bf1d7d3e,4,0,4,0,
Sri Lanka,1,0,0,f21043a5,37654b75,8ee36b18,0,0,0,0,
Sri Lanka,2,1,0,f21043a5,37654b75,8ee36b18,1,0,1,0,
Sri Lanka,3,2,0,8ee36b18,37654b75,f21043a5,1,0,1,0,
Sri Lanka,4,2,1,f21043a5,37654b75,8ee36b18,0,0,0,1,bowled
Sri Lanka,5,3,1,732c038e,37654b75,8ee36b18,1,0,1,0,
Sri Lanka,6,4,1,8ee36b18,37654b75,732c038e,1,0,1,0,
Sri Lanka,7,4,1,8ee36b18,9dad0f2e,732c038e,0,0,0,0,
Sri Lanka,8,5,1,8ee36b18,9dad0f2e,732c038e,1,0,1,0,
Sri Lanka,9,5,1,732c038e,9dad0f2e,8ee36b18,0,0,0,0,
Sri Lanka,10,9,1,732c038e,9dad0f2e,8ee36b18,4,0,4,0,
Sri Lanka,11,9,1,732c038e,9dad0f2e,8ee36b18,0,0,0,0,
Sri Lanka,12,10,1,732c038e,9dad0f2e,8ee36b18,1,0,1,0,
Sri Lanka,13,16,1,732c038e,37654b75,8ee36b18,6,0,6,0,
Sri Lanka,14,16,1,732c038e,37654b75,8ee36b18,0,0,0,0,
Sri Lanka,15,22,1,732c038e,37654b75,8ee36b18,6,0,6,0,
Sri Lanka,16,24,1,732c038e,37654b75,8ee36b18,2,0,2,0,
Sri Lanka,17,25,1,732c038e,37654b75,8ee36b18,1,0,1,0,
Sri Lanka,18,26,1,8ee36b18,37654b75,732c038e,1,0,1,0,
Sri Lanka,19,26,1,8ee36b18,b3a28446,732c038e,0,0,0,0,
Sri Lanka,20,26,1,8ee36b18,b3a28446,732c038e,0,0,0,0,
Sri Lanka,21,27,1,8ee36b18,b3a28446,732c038e,0,1,1,0,
Sri Lanka,22,28,1,8ee36b18,b3a28446,732c038e,1,0,1,0,
Sri Lanka,23,30,1,732c038e,b3a28446,8ee36b18,2,0,2,0,
Sri Lanka,24,34,1,732c038e,b3a28446,8ee36b18,4,0,4,0,
Sri Lanka,25,34,1,732c038e,b3a28446,8ee36b18,0,0,0,0,
Sri Lanka,26,34,1,8ee36b18,7dc35884,732c038e,0,0,0,0,
Sri Lanka,27,35,1,8ee36b18,7dc35884,732c038e,1,0,1,0,
Sri Lanka,28,35,1,732c038e,7dc35884,8ee36b18,0,0,0,0,
Sri Lanka,29,37,1,732c038e,7dc35884,8ee36b18,2,0,2,0,
Sri Lanka,30,38,1,732c038e,7dc35884,8ee36b18,1,0,1,0,
Sri Lanka,31,39,1,8ee36b18,7dc35884,732c038e,1,0,1,0,
Sri Lanka,32,43,1,8ee36b18,9dad0f2e,732c038e,4,0,4,0,
Sri Lanka,33,44,1,8ee36b18,9dad0f2e,732c038e,1,0,1,0,
Sri Lanka,34,45,1,732c038e,9dad0f2e,8ee36b18,1,0,1,0,
Sri Lanka,35,46,1,8ee36b18,9dad0f2e,732c038e,0,1,1,0,
Sri Lanka,36,52,1,8ee36b18,9dad0f2e,732c038e,6,0,6,0,
Sri Lanka,37,53,1,8ee36b18,9dad0f2e,732c038e,1,0,1,0,
Sri Lanka,38,54,1,732c038e,9dad0f2e,8ee36b18,1,0,1,0,
Sri Lanka,39,58,1,732c038e,0a8fce53,8ee36b18,4,0,4,0,
Sri Lanka,40,59,1,732c038e,0a8fce53,8ee36b18,1,0,1,0,
Sri Lanka,41,60,1,8ee36b18,0a8fce53,732c038e,1,0,1,0,
Sri Lanka,42,64,1,732c038e,0a8fce53,8ee36b18,4,0,4,0,
Sri Lanka,43,65,1,732c038e,0a8fce53,8ee36b18,1,0,1,0,
Sri Lanka,44,67,1,8ee36b18,0a8fce53,732c038e,2,0,2,0,
Sri Lanka,45,68,1,732c038e,9dad0f2e,8ee36b18,1,0,1,0,
Sri Lanka,46,69,1,8ee36b18,9dad0f2e,732c038e,1,0,1,0,
Sri Lanka,47,70,1,732c038e,9dad0f2e,8ee36b18,1,0,1,0,
Sri Lanka,48,70,1,8ee36b18,9dad0f2e,732c038e,0,0,0,0,
Sri Lanka,49,71,1,8ee36b18,9dad0f2e,732c038e,1,0,1,0,
Sri Lanka,50,71,1,732c038e,9dad0f2e,8ee36b18,0,0,0,0,
Sri Lanka,51,71,2,8ee36b18,7dc35884,732c038e,0,0,0,1,bowled
Sri Lanka,52,71,2,9550470d,7dc35884,732c038e,0,0,0,0,
Sri Lanka,53,71,2,9550470d,7dc35884,732c038e,0,0,0,0,
Sri Lanka,54,71,3,9550470d,7dc35884,732c038e,0,0,0,1,bowled
Sri Lanka,55,71,3,a97c8ec2,7dc35884,732c038e,0,0,0,0,
Sri Lanka,56,72,3,a97c8ec2,7dc35884,732c038e,1,0,1,0,
Sri Lanka,57,73,3,a97c8ec2,b3a28446,732c038e,1,0,1,0,
Sri Lanka,58,74,3,732c038e,b3a28446,a97c8ec2,0,1,1,0,
Sri Lanka,59,75,3,732c038e,b3a28446,a97c8ec2,1,0,1,0,
Sri Lanka,60,79,3,a97c8ec2,b3a28446,732c038e,4,0,4,0,
Sri Lanka,61,79,4,a97c8ec2,b3a28446,732c038e,0,0,0,1,caught
Sri Lanka,62,80,4,732c038e,b3a28446,6c882e9a,1,0,1,0,
Sri Lanka,63,80,4,6c882e9a,b3a28446,732c038e,0,0,0,0,
Sri Lanka,64,80,4,732c038e,9dad0f2e,6c882e9a,0,0,0,0,
Sri Lanka,65,81,4,732c038e,9dad0f2e,6c882e9a,0,1,1,0,
Sri Lanka,66,82,4,732c038e,9dad0f2e,6c882e9a,1,0,1,0,
Sri Lanka,67,84,4,6c882e9a,9dad0f2e,732c038e,2,0,2,0,
Sri Lanka,68,84,4,6c882e9a,9dad0f2e,732c038e,0,0,0,0,
Sri Lanka,69,84,4,6c882e9a,9dad0f2e,732c038e,0,0,0,0,
Sri Lanka,70,85,4,6c882e9a,9dad0f2e,732c038e,1,0,1,0,
Sri Lanka,71,86,4,6c882e9a,bf1d7d3e,732c038e,1,0,1,0,
Sri Lanka,72,87,4,732c038e,bf1d7d3e,6c882e9a,1,0,1,0,
Sri Lanka,73,88,4,6c882e9a,bf1d7d3e,732c038e,1,0,1,0,
Sri Lanka,74,89,4,732c038e,bf1d7d3e,6c882e9a,1,0,1,0,
Sri Lanka,75,89,4,6c882e9a,bf1d7d3e,732c038e,0,0,0,0,
Sri Lanka,76,90,4,6c882e9a,bf1d7d3e,732c038e,1,0,1,0,
Sri Lanka,77,96,4,6c882e9a,37138918,732c038e,6,0,6,0,
Sri Lanka,78,98,4,6c882e9a,37138918,732c038e,2,0,2,0,
Sri Lanka,79,102,4,6c882e9a,37138918,732c038e,4,0,4,0,
Sri Lanka,80,103,4,6c882e9a,37138918,732c038e,1,0,1,0,
Sri Lanka,81,104,4,732c038e,37138918,6c882e9a,1,0,1,0,
Sri Lanka,82,105,4,6c882e9a,37138918,732c038e,1,0,1,0,
Sri Lanka,83,106,4,6c882e9a,bf1d7d3e,732c038e,1,0,1,0,
Sri Lanka,84,112,4,732c038e,bf1d7d3e,6c882e9a,6,0,6,0,
Sri Lanka,85,112,4,732c038e,bf1d7d3e,6c882e9a,0,0,0,0,
Sri Lanka,86,113,4,732c038e,bf1d7d3e,6c882e9a,0,1,1,0,
Sri Lanka,87,119,4,732c038e,bf1d7d3e,6c882e9a,6,0,6,0,
Sri Lanka,88,120,4,732c038e,bf1d7d3e,6c882e9a,1,0,1,0,
Sri Lanka,89,121,4,6c882e9a,bf1d7d3e,732c038e,1,0,1,0,
Sri Lanka,90,122,4,6c882e9a,0a8fce53,732c038e,1,0,1,0,
Sri Lanka,91,122,4,732c038e,0a8fce53,6c882e9a,0,0,0,0,
Sri Lanka,92,123,4,732c038e,0a8fce53,6c882e9a,0,1,1,0,
Sri Lanka,93,124,4,732c038e,0a8fce53,6c882e9a,1,0,1,0,
Sri Lanka,94,124,4,6c882e9a,0a8fce53,732c038e,0,0,0,0,
Sri Lanka,95,125,4,6c882e9a,0a8fce53,732c038e,0,1,1,0,
Sri Lanka,96,126,4,6c882e9a,0a8fce53,732c038e,1,0,1,0,
Sri Lanka,97,126,4,732c038e,0a8fce53,6c882e9a,0,0,0,0,
Sri Lanka,98,132,4,6c882e9a,b3a28446,732c038e,6,0,6,0,
Sri Lanka,99,138,4,6c882e9a,b3a28446,732c038e,6,0,6,0,
Sri Lanka,100,142,4,6c882e9a,b3a28446,732c038e,4,0,4,0,
Sri Lanka,101,143,4,6c882e9a,b3a28446,732c038e,1,0,1,0,
Sri Lanka,102,144,4,732c038e,b3a28446,6c882e9a,1,0,1,0,
Sri Lanka,103,148,4,6c882e9a,b3a28446,732c038e,4,0,4,0,
Sri Lanka,104,149,4,732c038e,7dc35884,6c882e9a,1,0,1,0,
Sri Lanka,105,151,4,6c882e9a,7dc35884,732c038e,2,0,2,0,
Sri Lanka,106,152,4,6c882e9a,7dc35884,732c038e,1,0,1,0,
Sri Lanka,107,152,4,732c038e,7dc35884,6c882e9a,0,0,0,0,
Sri Lanka,108,158,4,732c038e,7dc35884,6c882e9a,6,0,6,0,
Sri Lanka,109,159,4,732c038e,7dc35884,6c882e9a,1,0,1,0,
Sri Lanka,110,159,4,732c038e,0a8fce53,6c882e9a,0,0,0,0,
Sri Lanka,111,160,4,732c038e,0a8fce53,6c882e9a,1,0,1,0,
Sri Lanka,112,160,4,6c882e9a,0a8fce53,732c038e,0,0,0,0,
Sri Lanka,113,162,4,6c882e9a,0a8fce53,732c038e,2,0,2,0,
Sri Lanka,114,163,4,6c882e9a,0a8fce53,732c038e,1,0,1,0,
Sri Lanka,115,163,4,732c038e,0a8fce53,6c882e9a,0,0,0,0,
Sri Lanka,116,165,4,6c882e9a,37654b75,732c038e,2,0,2,0,
Sri Lanka,117,165,5,6c882e9a,37654b75,732c038e,0,0,0,1,bowled
Sri Lanka,118,166,5,3ff033bb,37654b75,732c038e,1,0,1,0,
Sri Lanka,119,168,5,732c038e,37654b75,3ff033bb,2,0,2,0,
Sri Lanka,120,172,5,732c038e,37654b75,3ff033bb,4,0,4,0,
