batting_team,ball_number,total_team_runs,total_team_wickets,striker_ID,bowler_ID,nonstriker_ID,batter_runs,extras_runs,total_delivery_runs,wicket,wicket_type
Auckland,1,0,0,ae2c396f,f41d1a02,19147fe0,0,0,0,0,
Auckland,2,1,0,ae2c396f,f41d1a02,19147fe0,1,0,1,0,
Auckland,3,3,0,19147fe0,f41d1a02,ae2c396f,2,0,2,0,
Auckland,4,3,0,19147fe0,f41d1a02,ae2c396f,0,0,0,0,
Auckland,5,8,0,19147fe0,f41d1a02,ae2c396f,0,5,5,0,
Auckland,6,8,0,19147fe0,f41d1a02,ae2c396f,0,0,0,0,
Auckland,7,10,0,19147fe0,f41d1a02,ae2c396f,2,0,2,0,
Auckland,8,14,0,ae2c396f,f80d79af,19147fe0,4,0,4,0,
Auckland,9,14,0,ae2c396f,f80d79af,19147fe0,0,0,0,0,
Auckland,10,14,0,ae2c396f,f80d79af,19147fe0,0,0,0,0,
Auckland,11,15,0,ae2c396f,f80d79af,19147fe0,1,0,1,0,
Auckland,12,16,0,19147fe0,f80d79af,ae2c396f,1,0,1,0,
Auckland,13,16,0,ae2c396f,f80d79af,19147fe0,0,0,0,0,
Auckland,14,16,0,19147fe0,f41d1a02,ae2c396f,0,0,0,0,
Auckland,15,17,0,19147fe0,f41d1a02,ae2c396f,0,1,1,0,
Auckland,16,21,0,19147fe0,f41d1a02,ae2c396f,4,0,4,0,
Auckland,17,21,0,19147fe0,f41d1a02,ae2c396f,0,0,0,0,
Auckland,18,21,0,19147fe0,f41d1a02,ae2c396f,0,0,0,0,
Auckland,19,22,0,19147fe0,f41d1a02,ae2c396f,1,0,1,0,
Auckland,20,28,0,ae2c396f,f41d1a02,19147fe0,6,0,6,0,
Auckland,21,30,0,19147fe0,f80d79af,ae2c396f,2,0,2,0,
Auckland,22,31,0,19147fe0,f80d79af,ae2c396f,1,0,1,0,
Auckland,23,33,0,ae2c396f,f80d79af,19147fe0,2,0,2,0,
Auckland,24,33,0,ae2c396f,f80d79af,19147fe0,0,0,0,0,
Auckland,25,33,1,ae2c396f,f80d79af,19147fe0,0,0,0,1,caught
Auckland,26,33,1,eca08a1d,f80d79af,19147fe0,0,0,0,0,
Auckland,27,34,1,19147fe0,d945db3e,eca08a1d,1,0,1,0,
Auckland,28,34,1,eca08a1d,d945db3e,19147fe0,0,0,0,0,
Auckland,29,34,1,eca08a1d,d945db3e,19147fe0,0,0,0,0,
Auckland,30,35,1,eca08a1d,d945db3e,19147fe0,1,0,1,0,
Auckland,31,35,1,19147fe0,d945db3e,eca08a1d,0,0,0,0,
Auckland,32,35,1,19147fe0,d945db3e,eca08a1d,0,0,0,0,
Auckland,33,36,1,eca08a1d,efb6cb2a,19147fe0,1,0,1,0,
Auckland,34,37,1,19147fe0,efb6cb2a,eca08a1d,1,0,1,0,
Auckland,35,37,1,eca08a1d,efb6cb2a,19147fe0,0,0,0,0,
Auckland,36,37,1,eca08a1d,efb6cb2a,19147fe0,0,0,0,0,
Auckland,37,38,1,eca08a1d,efb6cb2a,19147fe0,1,0,1,0,
Auckland,38,38,1,19147fe0,efb6cb2a,eca08a1d,0,0,0,0,
Auckland,39,38,2,eca08a1d,d945db3e,19147fe0,0,0,0,1,caught
Auckland,40,38,2,78ad3258,d945db3e,19147fe0,0,0,0,0,
Auckland,41,39,2,78ad3258,d945db3e,19147fe0,1,0,1,0,
Auckland,42,39,2,19147fe0,d945db3e,78ad3258,0,0,0,0,
Auckland,43,42,2,19147fe0,d945db3e,78ad3258,3,0,3,0,
Auckland,44,44,2,78ad3258,d945db3e,19147fe0,2,0,2,0,
Auckland,45,44,2,19147fe0,efb6cb2a,78ad3258,0,0,0,0,
Auckland,46,44,2,19147fe0,efb6cb2a,78ad3258,0,0,0,0,
Auckland,47,44,2,19147fe0,efb6cb2a,78ad3258,0,0,0,0,
Auckland,48,46,2,19147fe0,efb6cb2a,78ad3258,2,0,2,0,
Auckland,49,46,2,19147fe0,efb6cb2a,78ad3258,0,0,0,0,
Auckland,50,47,2,19147fe0,efb6cb2a,78ad3258,1,0,1,0,
Auckland,51,48,2,19147fe0,66754320,78ad3258,1,0,1,0,
Auckland,52,49,2,78ad3258,66754320,19147fe0,1,0,1,0,
Auckland,53,50,2,19147fe0,66754320,78ad3258,1,0,1,0,
Auckland,54,52,2,78ad3258,66754320,19147fe0,2,0,2,0,
Auckland,55,52,2,78ad3258,66754320,19147fe0,0,0,0,0,
Auckland,56,53,3,78ad3258,66754320,19147fe0,1,0,1,1,run out
Auckland,57,53,3,19147fe0,f80d79af,8d6b36e3,0,0,0,0,
Auckland,58,54,3,19147fe0,f80d79af,8d6b36e3,1,0,1,0,
Auckland,59,54,3,8d6b36e3,f80d79af,19147fe0,0,0,0,0,
Auckland,60,55,3,8d6b36e3,f80d79af,19147fe0,0,1,1,0,
Auckland,61,57,3,8d6b36e3,f80d79af,19147fe0,2,0,2,0,
Auckland,62,58,3,8d6b36e3,f80d79af,19147fe0,0,1,1,0,
Auckland,63,59,3,19147fe0,f80d79af,8d6b36e3,1,0,1,0,
Auckland,64,59,3,19147fe0,66754320,8d6b36e3,0,0,0,0,
Auckland,65,60,3,19147fe0,66754320,8d6b36e3,1,0,1,0,
Auckland,66,61,3,8d6b36e3,66754320,19147fe0,1,0,1,0,
Auckland,67,63,3,19147fe0,66754320,8d6b36e3,2,0,2,0,
Auckland,68,63,3,19147fe0,66754320,8d6b36e3,0,0,0,0,
Auckland,69,63,3,19147fe0,66754320,8d6b36e3,0,0,0,0,
Auckland,70,64,3,8d6b36e3,e1504909,19147fe0,1,0,1,0,
Auckland,71,65,3,19147fe0,e1504909,8d6b36e3,1,0,1,0,
Auckland,72,67,3,8d6b36e3,e1504909,19147fe0,2,0,2,0,
Auckland,73,69,3,8d6b36e3,e1504909,19147fe0,2,0,2,0,
Auckland,74,70,3,8d6b36e3,e1504909,19147fe0,1,0,1,0,
Auckland,75,71,3,19147fe0,e1504909,8d6b36e3,1,0,1,0,
Auckland,76,72,3,19147fe0,66754320,8d6b36e3,1,0,1,0,
Auckland,77,72,3,8d6b36e3,66754320,19147fe0,0,0,0,0,
Auckland,78,73,3,8d6b36e3,66754320,19147fe0,1,0,1,0,
Auckland,79,74,3,19147fe0,66754320,8d6b36e3,1,0,1,0,
Auckland,80,74,3,8d6b36e3,66754320,19147fe0,0,0,0,0,
Auckland,81,78,3,8d6b36e3,66754320,19147fe0,4,0,4,0,
Auckland,82,78,3,19147fe0,51afe432,8d6b36e3,0,0,0,0,
Auckland,83,79,3,19147fe0,51afe432,8d6b36e3,1,0,1,0,
Auckland,84,79,3,8d6b36e3,51afe432,19147fe0,0,0,0,0,
Auckland,85,79,3,8d6b36e3,51afe432,19147fe0,0,0,0,0,
Auckland,86,81,3,8d6b36e3,51afe432,19147fe0,0,2,2,0,
Auckland,87,85,3,19147fe0,51afe432,8d6b36e3,4,0,4,0,
Auckland,88,87,3,19147fe0,51afe432,8d6b36e3,2,0,2,0,
Auckland,89,88,3,8d6b36e3,e1504909,19147fe0,1,0,1,0,
Auckland,90,89,3,19147fe0,e1504909,8d6b36e3,1,0,1,0,
Auckland,91,95,3,8d6b36e3,e1504909,19147fe0,6,0,6,0,
Auckland,92,101,3,8d6b36e3,e1504909,19147fe0,6,0,6,0,
Auckland,93,101,3,8d6b36e3,e1504909,19147fe0,0,0,0,0,
Auckland,94,102,3,8d6b36e3,e1504909,19147fe0,1,0,1,0,
Auckland,95,102,3,8d6b36e3,efb6cb2a,19147fe0,0,0,0,0,
Auckland,96,106,3,8d6b36e3,efb6cb2a,19147fe0,4,0,4,0,
Auckland,97,107,3,8d6b36e3,efb6cb2a,19147fe0,1,0,1,0,
Auckland,98,107,3,19147fe0,efb6cb2a,8d6b36e3,0,0,0,0,
Auckland,99,107,3,19147fe0,efb6cb2a,8d6b36e3,0,0,0,0,
Auckland,100,107,3,19147fe0,efb6cb2a,8d6b36e3,0,0,0,0,
Auckland,101,111,3,8d6b36e3,d945db3e,19147fe0,4,0,4,0,
Auckland,102,112,3,8d6b36e3,d945db3e,19147fe0,1,0,1,0,
Auckland,103,113,3,19147fe0,d945db3e,8d6b36e3,1,0,1,0,
Auckland,104,114,3,8d6b36e3,d945db3e,19147fe0,1,0,1,0,
Auckland,105,116,3,19147fe0,d945db3e,8d6b36e3,2,0,2,0,
Auckland,106,117,3,19147fe0,d945db3e,8d6b36e3,1,0,1,0,
Auckland,107,117,4,19147fe0,51afe432,8d6b36e3,0,0,0,1,caught
Auckland,108,117,4,8d6b36e3,51afe432,397369e0,0,0,0,0,
Auckland,109,119,4,8d6b36e3,51afe432,397369e0,2,0,2,0,
Auckland,110,123,4,8d6b36e3,51afe432,397369e0,4,0,4,0,
Auckland,111,124,4,8d6b36e3,51afe432,397369e0,1,0,1,0,
Auckland,112,124,4,397369e0,51afe432,8d6b36e3,0,0,0,0,
Auckland,113,125,4,8d6b36e3,d945db3e,397369e0,1,0,1,0,
Auckland,114,126,4,397369e0,d945db3e,8d6b36e3,1,0,1,0,
Auckland,115,127,4,8d6b36e3,d945db3e,397369e0,1,0,1,0,
Auckland,116,128,4,397369e0,d945db3e,8d6b36e3,1,0,1,0,
Auckland,117,128,4,8d6b36e3,d945db3e,397369e0,0,0,0,0,
Auckland,118,134,4,8d6b36e3,d945db3e,397369e0,6,0,6,0,
Auckland,119,135,4,397369e0,efb6cb2a,8d6b36e3,1,0,1,0,
Auckland,120,135,5,8d6b36e3,efb6cb2a,397369e0,0,0,0,1,caught
Auckland,121,137,5,397369e0,efb6cb2a,60c250bf,2,0,2,0,
Auckland,122,138,5,397369e0,efb6cb2a,60c250bf,1,0,1,0,
Auckland,123,142,5,60c250bf,efb6cb2a,397369e0,4,0,4,0,
Auckland,124,142,5,60c250bf,efb6cb2a,397369e0,0,0,0,0,
Northern Districts,1,0,0,ae79a86f,397369e0,1e579ad5,0,0,0,0,
Northern Districts,2,0,0,ae79a86f,397369e0,1e579ad5,0,0,0,0,
Northern Districts,3,1,0,ae79a86f,397369e0,1e579ad5,1,0,1,0,
Northern Districts,4,1,0,1e579ad5,397369e0,ae79a86f,0,0,0,0,
Northern Districts,5,1,1,1e579ad5,397369e0,ae79a86f,0,0,0,1,caught
Northern Districts,6,2,1,ae79a86f,397369e0,51afe432,1,0,1,0,
Northern Districts,7,4,1,ae79a86f,8d6b36e3,51afe432,2,0,2,0,
Northern Districts,8,4,1,ae79a86f,8d6b36e3,51afe432,0,0,0,0,
Northern Districts,9,4,1,ae79a86f,8d6b36e3,51afe432,0,0,0,0,
Northern Districts,10,6,1,ae79a86f,8d6b36e3,51afe432,2,0,2,0,
Northern Districts,11,7,1,ae79a86f,8d6b36e3,51afe432,1,0,1,0,
Northern Districts,12,8,1,51afe432,8d6b36e3,ae79a86f,1,0,1,0,
Northern Districts,13,8,1,51afe432,397369e0,ae79a86f,0,0,0,0,
Northern Districts,14,9,1,51afe432,397369e0,ae79a86f,1,0,1,0,
Northern Districts,15,9,2,ae79a86f,397369e0,51afe432,0,0,0,1,caught
Northern Districts,16,13,2,efb6cb2a,397369e0,51afe432,4,0,4,0,
Northern Districts,17,14,2,efb6cb2a,397369e0,51afe432,0,1,1,0,
Northern Districts,18,15,2,efb6cb2a,397369e0,51afe432,1,0,1,0,
Northern Districts,19,15,2,51afe432,397369e0,efb6cb2a,0,0,0,0,
Northern Districts,20,17,2,efb6cb2a,8d6b36e3,51afe432,2,0,2,0,
Northern Districts,21,17,2,efb6cb2a,8d6b36e3,51afe432,0,0,0,0,
Northern Districts,22,17,3,efb6cb2a,8d6b36e3,51afe432,0,0,0,1,caught
Northern Districts,23,17,3,aa89a853,8d6b36e3,51afe432,0,0,0,0,
Northern Districts,24,19,3,aa89a853,8d6b36e3,51afe432,2,0,2,0,
Northern Districts,25,20,3,aa89a853,8d6b36e3,51afe432,1,0,1,0,
Northern Districts,26,20,3,aa89a853,ae2c396f,51afe432,0,0,0,0,
Northern Districts,27,20,3,aa89a853,ae2c396f,51afe432,0,0,0,0,
Northern Districts,28,21,3,aa89a853,ae2c396f,51afe432,1,0,1,0,
Northern Districts,29,21,3,51afe432,ae2c396f,aa89a853,0,0,0,0,
Northern Districts,30,21,3,51afe432,ae2c396f,aa89a853,0,0,0,0,
Northern Districts,31,21,3,51afe432,ae2c396f,aa89a853,0,0,0,0,
Northern Districts,32,21,3,aa89a853,8d6b36e3,51afe432,0,0,0,0,
Northern Districts,33,22,3,aa89a853,8d6b36e3,51afe432,1,0,1,0,
Northern Districts,34,22,3,51afe432,8d6b36e3,aa89a853,0,0,0,0,
Northern Districts,35,24,3,51afe432,8d6b36e3,aa89a853,2,0,2,0,
Northern Districts,36,24,3,51afe432,8d6b36e3,aa89a853,0,0,0,0,
Northern Districts,37,24,4,51afe432,8d6b36e3,aa89a853,0,0,0,1,caught
Northern Districts,38,24,4,aa89a853,ae2c396f,d945db3e,0,0,0,0,
Northern Districts,39,25,4,aa89a853,ae2c396f,d945db3e,1,0,1,0,
Northern Districts,40,26,4,d945db3e,ae2c396f,aa89a853,1,0,1,0,
Northern Districts,41,27,4,aa89a853,ae2c396f,d945db3e,1,0,1,0,
Northern Districts,42,31,4,d945db3e,ae2c396f,aa89a853,4,0,4,0,
Northern Districts,43,31,4,d945db3e,ae2c396f,aa89a853,0,0,0,0,
Northern Districts,44,31,4,aa89a853,645b2a2f,d945db3e,0,0,0,0,
Northern Districts,45,32,4,aa89a853,645b2a2f,d945db3e,1,0,1,0,
Northern Districts,46,32,4,d945db3e,645b2a2f,aa89a853,0,0,0,0,
Northern Districts,47,33,4,d945db3e,645b2a2f,aa89a853,1,0,1,0,
Northern Districts,48,34,4,aa89a853,645b2a2f,d945db3e,1,0,1,0,
Northern Districts,49,34,4,d945db3e,645b2a2f,aa89a853,0,0,0,0,
Northern Districts,50,35,4,aa89a853,6df697a9,d945db3e,1,0,1,0,
Northern Districts,51,36,4,d945db3e,6df697a9,aa89a853,1,0,1,0,
Northern Districts,52,37,4,aa89a853,6df697a9,d945db3e,1,0,1,0,
Northern Districts,53,38,4,d945db3e,6df697a9,aa89a853,1,0,1,0,
Northern Districts,54,39,4,aa89a853,6df697a9,d945db3e,1,0,1,0,
Northern Districts,55,39,4,d945db3e,6df697a9,aa89a853,0,0,0,0,
Northern Districts,56,40,4,aa89a853,645b2a2f,d945db3e,1,0,1,0,
Northern Districts,57,41,4,d945db3e,645b2a2f,aa89a853,1,0,1,0,
Northern Districts,58,41,5,aa89a853,645b2a2f,d945db3e,0,0,0,1,bowled
Northern Districts,59,42,5,e1504909,645b2a2f,d945db3e,0,1,1,0,
Northern Districts,60,43,5,e1504909,645b2a2f,d945db3e,0,1,1,0,
Northern Districts,61,43,5,d945db3e,645b2a2f,e1504909,0,0,0,0,
Northern Districts,62,44,5,d945db3e,645b2a2f,e1504909,1,0,1,0,
Northern Districts,63,44,5,d945db3e,6df697a9,e1504909,0,0,0,0,
Northern Districts,64,44,5,d945db3e,6df697a9,e1504909,0,0,0,0,
Northern Districts,65,45,5,d945db3e,6df697a9,e1504909,1,0,1,0,
Northern Districts,66,45,5,e1504909,6df697a9,d945db3e,0,0,0,0,
Northern Districts,67,46,5,e1504909,6df697a9,d945db3e,1,0,1,0,
Northern Districts,68,46,5,d945db3e,6df697a9,e1504909,0,0,0,0,
Northern Districts,69,48,5,e1504909,eca08a1d,d945db3e,0,2,2,0,
Northern Districts,70,52,5,d945db3e,eca08a1d,e1504909,4,0,4,0,
Northern Districts,71,52,5,d945db3e,eca08a1d,e1504909,0,0,0,0,
Northern Districts,72,56,5,d945db3e,eca08a1d,e1504909,4,0,4,0,
Northern Districts,73,57,5,d945db3e,eca08a1d,e1504909,1,0,1,0,
Northern Districts,74,58,5,e1504909,eca08a1d,d945db3e,0,1,1,0,
Northern Districts,75,58,5,e1504909,eca08a1d,d945db3e,0,0,0,0,
Northern Districts,76,59,5,e1504909,eca08a1d,d945db3e,1,0,1,0,
Northern Districts,77,59,5,e1504909,ec666142,d945db3e,0,0,0,0,
Northern Districts,78,60,5,e1504909,ec666142,d945db3e,0,1,1,0,
Northern Districts,79,61,5,e1504909,ec666142,d945db3e,0,1,1,0,
Northern Districts,80,62,5,e1504909,ec666142,d945db3e,1,0,1,0,
Northern Districts,81,62,5,d945db3e,ec666142,e1504909,0,0,0,0,
Northern Districts,82,63,5,d945db3e,ec666142,e1504909,1,0,1,0,
Northern Districts,83,63,5,e1504909,ec666142,d945db3e,0,0,0,0,
Northern Districts,84,63,5,e1504909,ec666142,d945db3e,0,0,0,0,
Northern Districts,85,63,5,d945db3e,ae2c396f,e1504909,0,0,0,0,
Northern Districts,86,63,5,d945db3e,ae2c396f,e1504909,0,0,0,0,
Northern Districts,87,64,5,d945db3e,ae2c396f,e1504909,1,0,1,0,
Northern Districts,88,65,5,e1504909,ae2c396f,d945db3e,1,0,1,0,
Northern Districts,89,65,5,d945db3e,ae2c396f,e1504909,0,0,0,0,
Northern Districts,90,65,5,d945db3e,ae2c396f,e1504909,0,0,0,0,
Northern Districts,91,65,5,e1504909,ec666142,d945db3e,0,0,0,0,
Northern Districts,92,65,5,e1504909,ec666142,d945db3e,0,0,0,0,
Northern Districts,93,66,5,e1504909,ec666142,d945db3e,1,0,1,0,
Northern Districts,94,70,5,d945db3e,ec666142,e1504909,4,0,4,0,
Northern Districts,95,70,5,d945db3e,ec666142,e1504909,0,0,0,0,
Northern Districts,96,70,5,d945db3e,ec666142,e1504909,0,0,0,0,
Northern Districts,97,71,5,e1504909,ae2c396f,d945db3e,1,0,1,0,
Northern Districts,98,72,5,d945db3e,ae2c396f,e1504909,1,0,1,0,
Northern Districts,99,72,5,e1504909,ae2c396f,d945db3e,0,0,0,0,
Northern Districts,100,73,5,e1504909,ae2c396f,d945db3e,1,0,1,0,
Northern Districts,101,74,5,d945db3e,ae2c396f,e1504909,1,0,1,0,
Northern Districts,102,76,5,e1504909,ae2c396f,d945db3e,2,0,2,0,
Northern Districts,103,77,5,d945db3e,6df697a9,e1504909,1,0,1,0,
Northern Districts,104,77,5,e1504909,6df697a9,d945db3e,0,0,0,0,
Northern Districts,105,77,5,e1504909,6df697a9,d945db3e,0,0,0,0,
Northern Districts,106,78,5,e1504909,6df697a9,d945db3e,1,0,1,0,
Northern Districts,107,78,5,d945db3e,6df697a9,e1504909,0,0,0,0,
Northern Districts,108,80,5,d945db3e,6df697a9,e1504909,2,0,2,0,
Northern Districts,109,81,5,e1504909,397369e0,d945db3e,0,1,1,0,
Northern Districts,110,81,5,e1504909,397369e0,d945db3e,0,0,0,0,
Northern Districts,111,81,5,e1504909,397369e0,d945db3e,0,0,0,0,
Northern Districts,112,85,5,e1504909,397369e0,d945db3e,4,0,4,0,
Northern Districts,113,85,6,e1504909,397369e0,d945db3e,0,0,0,1,caught
Northern Districts,114,85,6,f41d1a02,397369e0,d945db3e,0,0,0,0,
Northern Districts,115,85,6,f41d1a02,397369e0,d945db3e,0,0,0,0,
Northern Districts,116,85,6,d945db3e,6df697a9,f41d1a02,0,0,0,0,
Northern Districts,117,86,6,d945db3e,6df697a9,f41d1a02,1,0,1,0,
Northern Districts,118,86,6,f41d1a02,6df697a9,d945db3e,0,0,0,0,
Northern Districts,119,86,6,f41d1a02,6df697a9,d945db3e,0,0,0,0,
Northern Districts,120,87,6,f41d1a02,6df697a9,d945db3e,1,0,1,0,
Northern Districts,121,87,7,d945db3e,6df697a9,f41d1a02,0,0,0,1,bowled
Northern Districts,122,88,7,f41d1a02,397369e0,83b8fa73,1,0,1,0,
Northern Districts,123,88,7,83b8fa73,397369e0,f41d1a02,0,0,0,0,
Northern Districts,124,92,7,83b8fa73,397369e0,f41d1a02,4,0,4,0,
Northern Districts,125,92,7,83b8fa73,397369e0,f41d1a02,0,0,0,0,
Northern Districts,126,93,7,83b8fa73,397369e0,f41d1a02,1,0,1,0,
Northern Districts,127,94,7,f41d1a02,397369e0,83b8fa73,1,0,1,0,
