batting_team,ball_number,total_team_runs,total_team_wickets,striker_ID,bowler_ID,nonstriker_ID,batter_runs,extras_runs,total_delivery_runs,wicket,wicket_type
United Arab Emirates,1,1,0,6f02fe2a,ff13b10c,6176f240,0,1,1,0,
United Arab Emirates,2,2,0,6f02fe2a,ff13b10c,6176f240,0,1,1,0,
United Arab Emirates,3,2,0,6f02fe2a,ff13b10c,6176f240,0,0,0,0,
United Arab Emirates,4,6,0,6f02fe2a,ff13b10c,6176f240,4,0,4,0,
United Arab Emirates,5,10,0,6f02fe2a,ff13b10c,6176f240,4,0,4,0,
United Arab Emirates,6,10,0,6f02fe2a,ff13b10c,6176f240,0,0,0,0,
United Arab Emirates,7,11,0,6f02fe2a,ff13b10c,6176f240,1,0,1,0,
United Arab Emirates,8,11,0,6176f240,ff13b10c,6f02fe2a,0,0,0,0,
United Arab Emirates,9,11,0,6f02fe2a,b9cfb0b1,6176f240,0,0,0,0,
United Arab Emirates,10,11,0,6f02fe2a,b9cfb0b1,6176f240,0,0,0,0,
United Arab Emirates,11,11,0,6f02fe2a,b9cfb0b1,6176f240,0,0,0,0,
United Arab Emirates,12,12,0,6f02fe2a,b9cfb0b1,6176f240,1,0,1,0,
United Arab Emirates,13,16,0,6176f240,b9cfb0b1,6f02fe2a,4,0,4,0,
United Arab Emirates,14,17,0,6176f240,b9cfb0b1,6f02fe2a,1,0,1,0,
United Arab Emirates,15,17,0,6176f240,ecdd8d60,6f02fe2a,0,0,0,0,
United Arab Emirates,16,17,0,6176f240,ecdd8d60,6f02fe2a,0,0,0,0,
United Arab Emirates,17,18,0,6176f240,ecdd8d60,6f02fe2a,1,0,1,0,
United Arab Emirates,18,19,0,6f02fe2a,ecdd8d60,6176f240,1,0,1,0,
United Arab Emirates,19,19,0,6176f240,ecdd8d60,6f02fe2a,0,0,0,0,
United Arab Emirates,20,20,0,6176f240,ecdd8d60,6f02fe2a,1,0,1,0,
United Arab Emirates,21,20,0,6176f240,b9cfb0b1,6f02fe2a,0,0,0,0,
United Arab Emirates,22,24,0,6176f240,b9cfb0b1,6f02fe2a,4,0,4,0,
United Arab Emirates,23,24,0,6176f240,b9cfb0b1,6f02fe2a,0,0,0,0,
United Arab Emirates,24,24,0,6176f240,b9cfb0b1,6f02fe2a,0,0,0,0,
United Arab Emirates,25,26,0,6176f240,b9cfb0b1,6f02fe2a,2,0,2,0,
United Arab Emirates,26,27,0,6176f240,b9cfb0b1,6f02fe2a,0,1,1,0,
United Arab Emirates,27,27,0,6176f240,b9cfb0b1,6f02fe2a,0,0,0,0,
United Arab Emirates,28,28,0,6f02fe2a,ecdd8d60,6176f240,1,0,1,0,
United Arab Emirates,29,28,0,6176f240,ecdd8d60,6f02fe2a,0,0,0,0,
United Arab Emirates,30,29,0,6176f240,ecdd8d60,6f02fe2a,1,0,1,0,
United Arab Emirates,31,33,0,6f02fe2a,ecdd8d60,6176f240,4,0,4,0,
United Arab Emirates,32,33,0,6f02fe2a,ecdd8d60,6176f240,0,0,0,0,
United Arab Emirates,33,39,0,6f02fe2a,ecdd8d60,6176f240,6,0,6,0,
United Arab Emirates,34,39,0,6176f240,ff13b10c,6f02fe2a,0,0,0,0,
United Arab Emirates,35,39,0,6176f240,ff13b10c,6f02fe2a,0,0,0,0,
United Arab Emirates,36,40,0,6176f240,ff13b10c,6f02fe2a,1,0,1,0,
United Arab Emirates,37,41,0,6f02fe2a,ff13b10c,6176f240,1,0,1,0,
United Arab Emirates,38,44,0,6176f240,ff13b10c,6f02fe2a,3,0,3,0,
United Arab Emirates,39,48,0,6f02fe2a,ff13b10c,6176f240,4,0,4,0,
United Arab Emirates,40,50,0,6176f240,20481563,6f02fe2a,2,0,2,0,
United Arab Emirates,41,56,0,6176f240,20481563,6f02fe2a,6,0,6,0,
United Arab Emirates,42,60,0,6176f240,20481563,6f02fe2a,4,0,4,0,
United Arab Emirates,43,61,0,6176f240,20481563,6f02fe2a,1,0,1,0,
United Arab Emirates,44,62,0,6f02fe2a,20481563,6176f240,1,0,1,0,
United Arab Emirates,45,64,0,6176f240,20481563,6f02fe2a,2,0,2,0,
United Arab Emirates,46,64,0,6f02fe2a,ecdd8d60,6176f240,0,0,0,0,
United Arab Emirates,47,65,0,6f02fe2a,ecdd8d60,6176f240,1,0,1,0,
United Arab Emirates,48,65,0,6176f240,ecdd8d60,6f02fe2a,0,0,0,0,
United Arab Emirates,49,65,0,6176f240,ecdd8d60,6f02fe2a,0,0,0,0,
United Arab Emirates,50,69,0,6176f240,ecdd8d60,6f02fe2a,4,0,4,0,
United Arab Emirates,51,71,0,6176f240,ecdd8d60,6f02fe2a,2,0,2,0,
United Arab Emirates,52,71,0,6f02fe2a,f310704c,6176f240,0,0,0,0,
United Arab Emirates,53,77,0,6f02fe2a,f310704c,6176f240,6,0,6,0,
United Arab Emirates,54,78,0,6f02fe2a,f310704c,6176f240,0,1,1,0,
United Arab Emirates,55,78,0,6f02fe2a,f310704c,6176f240,0,0,0,0,
United Arab Emirates,56,78,1,6f02fe2a,f310704c,6176f240,0,0,0,1,caught
United Arab Emirates,57,78,1,cddafe26,f310704c,6176f240,0,0,0,0,
United Arab Emirates,58,79,1,cddafe26,f310704c,6176f240,1,0,1,0,
United Arab Emirates,59,80,1,cddafe26,ecdd8d60,6176f240,1,0,1,0,
United Arab Emirates,60,81,1,6176f240,ecdd8d60,cddafe26,1,0,1,0,
United Arab Emirates,61,81,1,cddafe26,ecdd8d60,6176f240,0,0,0,0,
United Arab Emirates,62,82,1,cddafe26,ecdd8d60,6176f240,1,0,1,0,
United Arab Emirates,63,84,1,6176f240,ecdd8d60,cddafe26,2,0,2,0,
United Arab Emirates,64,85,1,6176f240,ecdd8d60,cddafe26,1,0,1,0,
United Arab Emirates,65,86,1,6176f240,f310704c,cddafe26,1,0,1,0,
United Arab Emirates,66,87,1,cddafe26,f310704c,6176f240,1,0,1,0,
United Arab Emirates,67,88,1,6176f240,f310704c,cddafe26,1,0,1,0,
United Arab Emirates,68,88,1,cddafe26,f310704c,6176f240,0,0,0,0,
United Arab Emirates,69,89,1,cddafe26,f310704c,6176f240,1,0,1,0,
United Arab Emirates,70,89,1,6176f240,f310704c,cddafe26,0,0,0,0,
United Arab Emirates,71,89,1,cddafe26,20481563,6176f240,0,0,0,0,
United Arab Emirates,72,90,1,cddafe26,20481563,6176f240,1,0,1,0,
United Arab Emirates,73,94,1,6176f240,20481563,cddafe26,4,0,4,0,
United Arab Emirates,74,95,1,6176f240,20481563,cddafe26,1,0,1,0,
United Arab Emirates,75,96,1,cddafe26,20481563,6176f240,1,0,1,0,
United Arab Emirates,76,97,1,6176f240,20481563,cddafe26,1,0,1,0,
United Arab Emirates,77,98,1,6176f240,f310704c,cddafe26,1,0,1,0,
United Arab Emirates,78,101,1,cddafe26,f310704c,6176f240,3,0,3,0,
United Arab Emirates,79,102,1,6176f240,f310704c,cddafe26,1,0,1,0,
United Arab Emirates,80,103,1,cddafe26,f310704c,6176f240,0,1,1,0,
United Arab Emirates,81,104,1,cddafe26,f310704c,6176f240,1,0,1,0,
United Arab Emirates,82,105,1,6176f240,f310704c,cddafe26,1,0,1,0,
United Arab Emirates,83,105,1,cddafe26,f310704c,6176f240,0,0,0,0,
United Arab Emirates,84,111,1,6176f240,c1b74851,cddafe26,6,0,6,0,
United Arab Emirates,85,111,1,6176f240,c1b74851,cddafe26,0,0,0,0,
United Arab Emirates,86,111,1,6176f240,c1b74851,cddafe26,0,0,0,0,
United Arab Emirates,87,112,1,6176f240,c1b74851,cddafe26,1,0,1,0,
United Arab Emirates,88,113,1,cddafe26,c1b74851,6176f240,1,0,1,0,
United Arab Emirates,89,117,1,6176f240,c1b74851,cddafe26,4,0,4,0,
United Arab Emirates,90,118,1,cddafe26,f310704c,6176f240,1,0,1,0,
United Arab Emirates,91,121,1,6176f240,f310704c,cddafe26,3,0,3,0,
United Arab Emirates,92,122,1,cddafe26,f310704c,6176f240,1,0,1,0,
United Arab Emirates,93,123,1,6176f240,f310704c,cddafe26,1,0,1,0,
United Arab Emirates,94,124,1,cddafe26,f310704c,6176f240,1,0,1,0,
United Arab Emirates,95,126,1,6176f240,f310704c,cddafe26,2,0,2,0,
United Arab Emirates,96,130,1,cddafe26,c1b74851,6176f240,4,0,4,0,
United Arab Emirates,97,132,1,cddafe26,c1b74851,6176f240,2,0,2,0,
United Arab Emirates,98,133,1,cddafe26,c1b74851,6176f240,1,0,1,0,
United Arab Emirates,99,133,1,6176f240,c1b74851,cddafe26,0,0,0,0,
United Arab Emirates,100,133,1,6176f240,c1b74851,cddafe26,0,0,0,0,
United Arab Emirates,101,137,1,6176f240,c1b74851,cddafe26,4,0,4,0,
United Arab Emirates,102,138,1,cddafe26,b9cfb0b1,6176f240,1,0,1,0,
United Arab Emirates,103,138,1,6176f240,b9cfb0b1,cddafe26,0,0,0,0,
United Arab Emirates,104,139,1,6176f240,b9cfb0b1,cddafe26,0,1,1,0,
United Arab Emirates,105,143,1,6176f240,b9cfb0b1,cddafe26,4,0,4,0,
United Arab Emirates,106,143,1,6176f240,b9cfb0b1,cddafe26,0,0,0,0,
United Arab Emirates,107,144,1,6176f240,b9cfb0b1,cddafe26,1,0,1,0,
United Arab Emirates,108,146,1,cddafe26,b9cfb0b1,6176f240,2,0,2,0,
United Arab Emirates,109,147,1,6176f240,ff13b10c,cddafe26,0,1,1,0,
United Arab Emirates,110,148,1,6176f240,ff13b10c,cddafe26,1,0,1,0,
United Arab Emirates,111,148,1,cddafe26,ff13b10c,6176f240,0,0,0,0,
United Arab Emirates,112,150,1,cddafe26,ff13b10c,6176f240,2,0,2,0,
United Arab Emirates,113,151,1,cddafe26,ff13b10c,6176f240,1,0,1,0,
United Arab Emirates,114,155,1,6176f240,ff13b10c,cddafe26,4,0,4,0,
United Arab Emirates,115,156,1,6176f240,ff13b10c,cddafe26,1,0,1,0,
United Arab Emirates,116,157,1,6176f240,b9cfb0b1,cddafe26,1,0,1,0,
United Arab Emirates,117,158,1,cddafe26,b9cfb0b1,6176f240,1,0,1,0,
United Arab Emirates,118,159,2,6176f240,b9cfb0b1,cddafe26,1,0,1,1,run out
United Arab Emirates,119,161,2,d07dbc28,b9cfb0b1,cddafe26,2,0,2,0,
United Arab Emirates,120,161,3,d07dbc28,b9cfb0b1,cddafe26,0,0,0,1,caught
United Arab Emirates,121,162,3,adbf0400,b9cfb0b1,cddafe26,0,1,1,0,
United Arab Emirates,122,163,3,adbf0400,b9cfb0b1,cddafe26,1,0,1,0,
United Arab Emirates,123,164,3,adbf0400,ff13b10c,cddafe26,1,0,1,0,
United Arab Emirates,124,168,3,cddafe26,ff13b10c,adbf0400,4,0,4,0,
United Arab Emirates,125,168,4,cddafe26,ff13b10c,adbf0400,0,0,0,1,caught
United Arab Emirates,126,169,4,adbf0400,ff13b10c,24fcd95d,0,1,1,0,
United Arab Emirates,127,171,4,adbf0400,ff13b10c,24fcd95d,2,0,2,0,
United Arab Emirates,128,173,4,adbf0400,ff13b10c,24fcd95d,2,0,2,0,
United Arab Emirates,129,173,5,adbf0400,ff13b10c,24fcd95d,0,0,0,1,run out
Kuwait,1,0,0,cf6acc0d,d1988788,b25a3800,0,0,0,0,
Kuwait,2,0,0,cf6acc0d,d1988788,b25a3800,0,0,0,0,
Kuwait,3,0,0,cf6acc0d,d1988788,b25a3800,0,0,0,0,
Kuwait,4,1,0,cf6acc0d,d1988788,b25a3800,1,0,1,0,
Kuwait,5,2,0,b25a3800,d1988788,cf6acc0d,1,0,1,0,
Kuwait,6,4,0,cf6acc0d,d1988788,b25a3800,2,0,2,0,
Kuwait,7,5,0,b25a3800,24fcd95d,cf6acc0d,1,0,1,0,
Kuwait,8,5,0,cf6acc0d,24fcd95d,b25a3800,0,0,0,0,
Kuwait,9,11,0,cf6acc0d,24fcd95d,b25a3800,6,0,6,0,
Kuwait,10,11,0,cf6acc0d,24fcd95d,b25a3800,0,0,0,0,
Kuwait,11,12,0,cf6acc0d,24fcd95d,b25a3800,1,0,1,0,
Kuwait,12,13,0,b25a3800,24fcd95d,cf6acc0d,1,0,1,0,
Kuwait,13,17,0,b25a3800,d1988788,cf6acc0d,4,0,4,0,
Kuwait,14,18,0,b25a3800,d1988788,cf6acc0d,0,1,1,0,
Kuwait,15,18,0,b25a3800,d1988788,cf6acc0d,0,0,0,0,
Kuwait,16,19,0,b25a3800,d1988788,cf6acc0d,1,0,1,0,
Kuwait,17,20,0,cf6acc0d,d1988788,b25a3800,1,0,1,0,
Kuwait,18,24,0,b25a3800,d1988788,cf6acc0d,0,4,4,0,
Kuwait,19,28,0,b25a3800,d1988788,cf6acc0d,4,0,4,0,
Kuwait,20,32,0,cf6acc0d,84dc72db,b25a3800,4,0,4,0,
Kuwait,21,33,0,cf6acc0d,84dc72db,b25a3800,1,0,1,0,
Kuwait,22,37,0,b25a3800,84dc72db,cf6acc0d,4,0,4,0,
Kuwait,23,37,0,b25a3800,84dc72db,cf6acc0d,0,0,0,0,
Kuwait,24,38,0,b25a3800,84dc72db,cf6acc0d,1,0,1,0,
Kuwait,25,38,0,cf6acc0d,84dc72db,b25a3800,0,0,0,0,
Kuwait,26,38,0,b25a3800,adbf0400,cf6acc0d,0,0,0,0,
Kuwait,27,40,0,b25a3800,adbf0400,cf6acc0d,2,0,2,0,
Kuwait,28,42,0,b25a3800,adbf0400,cf6acc0d,2,0,2,0,
Kuwait,29,42,0,b25a3800,adbf0400,cf6acc0d,0,0,0,0,
Kuwait,30,43,0,b25a3800,adbf0400,cf6acc0d,1,0,1,0,
Kuwait,31,43,0,cf6acc0d,adbf0400,b25a3800,0,0,0,0,
Kuwait,32,44,0,b25a3800,84dc72db,cf6acc0d,0,1,1,0,
Kuwait,33,45,0,cf6acc0d,84dc72db,b25a3800,1,0,1,0,
Kuwait,34,46,0,b25a3800,84dc72db,cf6acc0d,0,1,1,0,
Kuwait,35,47,0,b25a3800,84dc72db,cf6acc0d,1,0,1,0,
Kuwait,36,48,0,cf6acc0d,84dc72db,b25a3800,1,0,1,0,
Kuwait,37,52,0,b25a3800,84dc72db,cf6acc0d,4,0,4,0,
Kuwait,38,52,0,b25a3800,84dc72db,cf6acc0d,0,0,0,0,
Kuwait,39,53,0,cf6acc0d,adbf0400,b25a3800,1,0,1,0,
Kuwait,40,53,1,b25a3800,adbf0400,cf6acc0d,0,0,0,1,stumped
Kuwait,41,53,2,0e34c23a,adbf0400,cf6acc0d,0,0,0,1,bowled
Kuwait,42,53,2,415c6ccf,adbf0400,cf6acc0d,0,0,0,0,
Kuwait,43,53,2,415c6ccf,adbf0400,cf6acc0d,0,0,0,0,
Kuwait,44,54,2,415c6ccf,adbf0400,cf6acc0d,1,0,1,0,
Kuwait,45,55,2,415c6ccf,79b4839e,cf6acc0d,1,0,1,0,
Kuwait,46,56,2,cf6acc0d,79b4839e,415c6ccf,1,0,1,0,
Kuwait,47,57,2,415c6ccf,79b4839e,cf6acc0d,1,0,1,0,
Kuwait,48,58,2,cf6acc0d,79b4839e,415c6ccf,1,0,1,0,
Kuwait,49,62,2,415c6ccf,79b4839e,cf6acc0d,4,0,4,0,
Kuwait,50,62,2,415c6ccf,79b4839e,cf6acc0d,0,0,0,0,
Kuwait,51,62,2,cf6acc0d,adbf0400,415c6ccf,0,0,0,0,
Kuwait,52,62,2,cf6acc0d,adbf0400,415c6ccf,0,0,0,0,
Kuwait,53,68,2,cf6acc0d,adbf0400,415c6ccf,6,0,6,0,
Kuwait,54,69,2,cf6acc0d,adbf0400,415c6ccf,1,0,1,0,
Kuwait,55,73,2,415c6ccf,adbf0400,cf6acc0d,4,0,4,0,
Kuwait,56,73,2,415c6ccf,adbf0400,cf6acc0d,0,0,0,0,
Kuwait,57,79,2,cf6acc0d,79b4839e,415c6ccf,6,0,6,0,
Kuwait,58,79,3,cf6acc0d,79b4839e,415c6ccf,0,0,0,1,caught
Kuwait,59,80,3,415c6ccf,79b4839e,f310704c,1,0,1,0,
Kuwait,60,80,3,f310704c,79b4839e,415c6ccf,0,0,0,0,
Kuwait,61,80,3,f310704c,79b4839e,415c6ccf,0,0,0,0,
Kuwait,62,84,3,f310704c,79b4839e,415c6ccf,4,0,4,0,
Kuwait,63,85,3,415c6ccf,f0e293b0,f310704c,1,0,1,0,
Kuwait,64,86,3,f310704c,f0e293b0,415c6ccf,1,0,1,0,
Kuwait,65,90,3,415c6ccf,f0e293b0,f310704c,4,0,4,0,
Kuwait,66,94,3,415c6ccf,f0e293b0,f310704c,4,0,4,0,
Kuwait,67,94,4,415c6ccf,f0e293b0,f310704c,0,0,0,1,caught
Kuwait,68,95,4,f310704c,f0e293b0,3cf06094,1,0,1,0,
Kuwait,69,95,4,f310704c,84dc72db,3cf06094,0,0,0,0,
Kuwait,70,95,4,f310704c,84dc72db,3cf06094,0,0,0,0,
Kuwait,71,96,4,f310704c,84dc72db,3cf06094,1,0,1,0,
Kuwait,72,100,4,3cf06094,84dc72db,f310704c,4,0,4,0,
Kuwait,73,101,4,3cf06094,84dc72db,f310704c,0,1,1,0,
Kuwait,74,101,5,f310704c,84dc72db,3cf06094,0,0,0,1,caught
Kuwait,75,103,5,3cf06094,f0e293b0,20481563,2,0,2,0,
Kuwait,76,103,5,3cf06094,f0e293b0,20481563,0,0,0,0,
Kuwait,77,104,5,3cf06094,f0e293b0,20481563,1,0,1,0,
Kuwait,78,105,5,20481563,f0e293b0,3cf06094,1,0,1,0,
Kuwait,79,106,5,3cf06094,f0e293b0,20481563,1,0,1,0,
Kuwait,80,107,5,20481563,f0e293b0,3cf06094,1,0,1,0,
Kuwait,81,108,5,20481563,adbf0400,3cf06094,1,0,1,0,
Kuwait,82,109,5,3cf06094,adbf0400,20481563,1,0,1,0,
Kuwait,83,109,5,20481563,adbf0400,3cf06094,0,0,0,0,
Kuwait,84,110,5,20481563,adbf0400,3cf06094,1,0,1,0,
Kuwait,85,110,6,3cf06094,adbf0400,20481563,0,0,0,1,caught
Kuwait,86,111,6,c1b74851,adbf0400,20481563,1,0,1,0,
Kuwait,87,112,6,c1b74851,d1988788,20481563,1,0,1,0,
Kuwait,88,116,6,20481563,d1988788,c1b74851,4,0,4,0,
Kuwait,89,120,6,20481563,d1988788,c1b74851,4,0,4,0,
Kuwait,90,126,6,20481563,d1988788,c1b74851,6,0,6,0,
Kuwait,91,127,6,20481563,d1988788,c1b74851,1,0,1,0,
Kuwait,92,132,6,c1b74851,d1988788,20481563,0,5,5,0,
Kuwait,93,133,6,c1b74851,d1988788,20481563,1,0,1,0,
Kuwait,94,139,6,c1b74851,84dc72db,20481563,6,0,6,0,
Kuwait,95,143,6,c1b74851,84dc72db,20481563,4,0,4,0,
Kuwait,96,143,6,c1b74851,84dc72db,20481563,0,0,0,0,
Kuwait,97,144,6,c1b74851,84dc72db,20481563,1,0,1,0,
Kuwait,98,144,6,20481563,84dc72db,c1b74851,0,0,0,0,
Kuwait,99,144,7,20481563,84dc72db,c1b74851,0,0,0,1,run out
Kuwait,100,148,7,c1b74851,f0e293b0,b9cfb0b1,4,0,4,0,
Kuwait,101,148,7,c1b74851,f0e293b0,b9cfb0b1,0,0,0,0,
Kuwait,102,154,7,c1b74851,f0e293b0,b9cfb0b1,6,0,6,0,
Kuwait,103,155,7,c1b74851,f0e293b0,b9cfb0b1,1,0,1,0,
Kuwait,104,155,7,b9cfb0b1,f0e293b0,c1b74851,0,0,0,0,
Kuwait,105,156,7,b9cfb0b1,f0e293b0,c1b74851,1,0,1,0,
Kuwait,106,157,7,b9cfb0b1,d1988788,c1b74851,1,0,1,0,
Kuwait,107,157,7,c1b74851,d1988788,b9cfb0b1,0,0,0,0,
Kuwait,108,157,7,c1b74851,d1988788,b9cfb0b1,0,0,0,0,
Kuwait,109,157,8,c1b74851,d1988788,b9cfb0b1,0,0,0,1,caught
Kuwait,110,158,8,ecdd8d60,d1988788,b9cfb0b1,1,0,1,0,
Kuwait,111,159,8,b9cfb0b1,d1988788,ecdd8d60,1,0,1,0,
Kuwait,112,163,8,b9cfb0b1,f0e293b0,ecdd8d60,4,0,4,0,
Kuwait,113,163,8,b9cfb0b1,f0e293b0,ecdd8d60,0,0,0,0,
Kuwait,114,164,8,b9cfb0b1,f0e293b0,ecdd8d60,0,1,1,0,
Kuwait,115,164,8,ecdd8d60,f0e293b0,b9cfb0b1,0,0,0,0,
Kuwait,116,164,8,ecdd8d60,f0e293b0,b9cfb0b1,0,0,0,0,
Kuwait,117,165,8,ecdd8d60,f0e293b0,b9cfb0b1,1,0,1,0,
Kuwait,118,171,8,ecdd8d60,24fcd95d,b9cfb0b1,6,0,6,0,
Kuwait,119,172,8,ecdd8d60,24fcd95d,b9cfb0b1,1,0,1,0,
Kuwait,120,173,8,b9cfb0b1,24fcd95d,ecdd8d60,1,0,1,0,
Kuwait,121,173,9,ecdd8d60,24fcd95d,b9cfb0b1,0,0,0,1,run out
Kuwait,122,177,9,ff13b10c,24fcd95d,ecdd8d60,4,0,4,0,
