batting_team,ball_number,total_team_runs,total_team_wickets,striker_ID,bowler_ID,nonstriker_ID,batter_runs,extras_runs,total_delivery_runs,wicket,wicket_type
Birmingham Phoenix,1,0,0,4e18e961,6c79c098,95a15317,0,0,0,0,
Birmingham Phoenix,2,0,0,4e18e961,6c79c098,95a15317,0,0,0,0,
Birmingham Phoenix,3,0,0,4e18e961,6c79c098,95a15317,0,0,0,0,
Birmingham Phoenix,4,0,1,4e18e961,6c79c098,95a15317,0,0,0,1,caught
Birmingham Phoenix,5,1,1,bb351c23,6c79c098,95a15317,1,0,1,0,
Birmingham Phoenix,6,1,1,95a15317,11614d87,bb351c23,0,0,0,0,
Birmingham Phoenix,7,2,1,95a15317,11614d87,bb351c23,1,0,1,0,
Birmingham Phoenix,8,6,1,bb351c23,11614d87,95a15317,4,0,4,0,
Birmingham Phoenix,9,6,1,bb351c23,11614d87,95a15317,0,0,0,0,
Birmingham Phoenix,10,6,1,bb351c23,11614d87,95a15317,0,0,0,0,
Birmingham Phoenix,11,10,1,95a15317,6c79c098,bb351c23,4,0,4,0,
Birmingham Phoenix,12,10,1,95a15317,6c79c098,bb351c23,0,0,0,0,
Birmingham Phoenix,13,10,1,95a15317,6c79c098,bb351c23,0,0,0,0,
Birmingham Phoenix,14,10,1,95a15317,6c79c098,bb351c23,0,0,0,0,
Birmingham Phoenix,15,14,1,95a15317,6c79c098,bb351c23,4,0,4,0,
Birmingham Phoenix,16,14,1,95a15317,3d0ed2f9,bb351c23,0,0,0,0,
Birmingham Phoenix,17,14,1,95a15317,3d0ed2f9,bb351c23,0,0,0,0,
Birmingham Phoenix,18,17,1,95a15317,3d0ed2f9,bb351c23,3,0,3,0,
Birmingham Phoenix,19,18,1,bb351c23,3d0ed2f9,95a15317,1,0,1,0,
Birmingham Phoenix,20,18,1,95a15317,3d0ed2f9,bb351c23,0,0,0,0,
Birmingham Phoenix,21,22,1,bb351c23,95a06106,95a15317,4,0,4,0,
Birmingham Phoenix,22,22,2,bb351c23,95a06106,95a15317,0,0,0,1,caught
Birmingham Phoenix,23,23,2,50c6bc2b,95a06106,95a15317,0,1,1,0,
Birmingham Phoenix,24,27,2,50c6bc2b,95a06106,95a15317,4,0,4,0,
Birmingham Phoenix,25,27,2,50c6bc2b,95a06106,95a15317,0,0,0,0,
Birmingham Phoenix,26,27,3,50c6bc2b,95a06106,95a15317,0,0,0,1,bowled
Birmingham Phoenix,27,27,3,afa7e784,95a06106,95a15317,0,0,0,0,
Birmingham Phoenix,28,27,3,afa7e784,95a06106,95a15317,0,0,0,0,
Birmingham Phoenix,29,28,3,afa7e784,95a06106,95a15317,1,0,1,0,
Birmingham Phoenix,30,28,3,95a15317,95a06106,afa7e784,0,0,0,0,
Birmingham Phoenix,31,28,3,95a15317,95a06106,afa7e784,0,0,0,0,
Birmingham Phoenix,32,29,3,afa7e784,58c481c6,95a15317,1,0,1,0,
Birmingham Phoenix,33,35,3,95a15317,58c481c6,afa7e784,6,0,6,0,
Birmingham Phoenix,34,35,4,95a15317,58c481c6,afa7e784,0,0,0,1,bowled
Birmingham Phoenix,35,35,4,c88bc84a,58c481c6,afa7e784,0,0,0,0,
Birmingham Phoenix,36,35,4,c88bc84a,58c481c6,afa7e784,0,0,0,0,
Birmingham Phoenix,37,36,4,c88bc84a,58c481c6,afa7e784,1,0,1,0,
Birmingham Phoenix,38,36,4,afa7e784,58c481c6,c88bc84a,0,0,0,0,
Birmingham Phoenix,39,37,4,afa7e784,58c481c6,c88bc84a,1,0,1,0,
Birmingham Phoenix,40,37,4,c88bc84a,58c481c6,afa7e784,0,0,0,0,
Birmingham Phoenix,41,37,4,c88bc84a,58c481c6,afa7e784,0,0,0,0,
Birmingham Phoenix,42,41,4,afa7e784,11614d87,c88bc84a,4,0,4,0,
Birmingham Phoenix,43,42,4,afa7e784,11614d87,c88bc84a,1,0,1,0,
Birmingham Phoenix,44,43,4,c88bc84a,11614d87,afa7e784,1,0,1,0,
Birmingham Phoenix,45,43,4,afa7e784,11614d87,c88bc84a,0,0,0,0,
Birmingham Phoenix,46,44,4,afa7e784,11614d87,c88bc84a,1,0,1,0,
Birmingham Phoenix,47,45,4,c88bc84a,58c481c6,afa7e784,1,0,1,0,
Birmingham Phoenix,48,46,4,afa7e784,58c481c6,c88bc84a,1,0,1,0,
Birmingham Phoenix,49,48,4,c88bc84a,58c481c6,afa7e784,2,0,2,0,
Birmingham Phoenix,50,49,4,c88bc84a,58c481c6,afa7e784,1,0,1,0,
Birmingham Phoenix,51,50,4,afa7e784,58c481c6,c88bc84a,1,0,1,0,
Birmingham Phoenix,52,51,4,afa7e784,14f96089,c88bc84a,1,0,1,0,
Birmingham Phoenix,53,53,4,c88bc84a,14f96089,afa7e784,0,2,2,0,
Birmingham Phoenix,54,54,4,c88bc84a,14f96089,afa7e784,1,0,1,0,
Birmingham Phoenix,55,55,4,afa7e784,14f96089,c88bc84a,1,0,1,0,
Birmingham Phoenix,56,57,4,c88bc84a,14f96089,afa7e784,2,0,2,0,
Birmingham Phoenix,57,58,4,c88bc84a,14f96089,afa7e784,1,0,1,0,
Birmingham Phoenix,58,64,4,afa7e784,95a06106,c88bc84a,6,0,6,0,
Birmingham Phoenix,59,64,4,afa7e784,95a06106,c88bc84a,0,0,0,0,
Birmingham Phoenix,60,64,4,afa7e784,95a06106,c88bc84a,0,0,0,0,
Birmingham Phoenix,61,64,4,afa7e784,95a06106,c88bc84a,0,0,0,0,
Birmingham Phoenix,62,65,4,afa7e784,95a06106,c88bc84a,0,1,1,0,
Birmingham Phoenix,63,67,4,afa7e784,3d0ed2f9,c88bc84a,2,0,2,0,
Birmingham Phoenix,64,67,4,afa7e784,3d0ed2f9,c88bc84a,0,0,0,0,
Birmingham Phoenix,65,69,4,afa7e784,3d0ed2f9,c88bc84a,2,0,2,0,
Birmingham Phoenix,66,70,4,afa7e784,3d0ed2f9,c88bc84a,1,0,1,0,
Birmingham Phoenix,67,71,4,c88bc84a,3d0ed2f9,afa7e784,1,0,1,0,
Birmingham Phoenix,68,77,4,afa7e784,11614d87,c88bc84a,6,0,6,0,
Birmingham Phoenix,69,78,4,afa7e784,11614d87,c88bc84a,0,1,1,0,
Birmingham Phoenix,70,79,4,afa7e784,11614d87,c88bc84a,1,0,1,0,
Birmingham Phoenix,71,80,4,c88bc84a,11614d87,afa7e784,0,1,1,0,
Birmingham Phoenix,72,84,4,c88bc84a,11614d87,afa7e784,4,0,4,0,
Birmingham Phoenix,73,85,4,c88bc84a,11614d87,afa7e784,1,0,1,0,
Birmingham Phoenix,74,85,4,afa7e784,11614d87,c88bc84a,0,0,0,0,
Birmingham Phoenix,75,86,4,c88bc84a,6c79c098,afa7e784,1,0,1,0,
Birmingham Phoenix,76,87,4,afa7e784,6c79c098,c88bc84a,1,0,1,0,
Birmingham Phoenix,77,87,4,c88bc84a,6c79c098,afa7e784,0,0,0,0,
Birmingham Phoenix,78,87,5,c88bc84a,6c79c098,afa7e784,0,0,0,1,lbw
Birmingham Phoenix,79,88,5,0bec3a6c,6c79c098,afa7e784,1,0,1,0,
Birmingham Phoenix,80,88,5,afa7e784,14f96089,0bec3a6c,0,0,0,0,
Birmingham Phoenix,81,94,5,afa7e784,14f96089,0bec3a6c,6,0,6,0,
Birmingham Phoenix,82,94,6,afa7e784,14f96089,0bec3a6c,0,0,0,1,caught
Birmingham Phoenix,83,95,6,74a274cc,14f96089,0bec3a6c,1,0,1,0,
Birmingham Phoenix,84,96,6,0bec3a6c,14f96089,74a274cc,1,0,1,0,
Birmingham Phoenix,85,97,6,0bec3a6c,14f96089,74a274cc,1,0,1,0,
Birmingham Phoenix,86,97,6,74a274cc,14f96089,0bec3a6c,0,0,0,0,
Birmingham Phoenix,87,98,6,74a274cc,14f96089,0bec3a6c,1,0,1,0,
Birmingham Phoenix,88,99,6,0bec3a6c,14f96089,74a274cc,1,0,1,0,
Birmingham Phoenix,89,105,6,74a274cc,14f96089,0bec3a6c,6,0,6,0,
Birmingham Phoenix,90,107,6,74a274cc,95a06106,0bec3a6c,2,0,2,0,
Birmingham Phoenix,91,107,6,74a274cc,95a06106,0bec3a6c,0,0,0,0,
Birmingham Phoenix,92,109,6,74a274cc,95a06106,0bec3a6c,2,0,2,0,
Birmingham Phoenix,93,110,6,74a274cc,95a06106,0bec3a6c,1,0,1,0,
Birmingham Phoenix,94,111,6,0bec3a6c,95a06106,74a274cc,1,0,1,0,
Birmingham Phoenix,95,114,6,0bec3a6c,3d0ed2f9,74a274cc,3,0,3,0,
Birmingham Phoenix,96,114,6,74a274cc,3d0ed2f9,0bec3a6c,0,0,0,0,
Birmingham Phoenix,97,114,7,74a274cc,3d0ed2f9,0bec3a6c,0,0,0,1,caught
Birmingham Phoenix,98,115,7,2085e1fa,3d0ed2f9,0bec3a6c,0,1,1,0,
Birmingham Phoenix,99,116,7,2085e1fa,3d0ed2f9,0bec3a6c,1,0,1,0,
Birmingham Phoenix,100,118,7,0bec3a6c,3d0ed2f9,2085e1fa,2,0,2,0,
Birmingham Phoenix,101,119,7,0bec3a6c,3d0ed2f9,2085e1fa,1,0,1,0,
Birmingham Phoenix,102,120,7,2085e1fa,3d0ed2f9,0bec3a6c,1,0,1,0,
Birmingham Phoenix,103,122,7,0bec3a6c,3d0ed2f9,2085e1fa,2,0,2,0,
Birmingham Phoenix,104,124,7,0bec3a6c,3d0ed2f9,2085e1fa,2,0,2,0,
Birmingham Phoenix,105,130,7,0bec3a6c,3d0ed2f9,2085e1fa,6,0,6,0,
Welsh Fire,1,0,0,2eca67f5,dfc4d8b5,25f7b7d6,0,0,0,0,
Welsh Fire,2,0,1,2eca67f5,dfc4d8b5,25f7b7d6,0,0,0,1,caught
Welsh Fire,3,0,1,67b9536c,dfc4d8b5,25f7b7d6,0,0,0,0,
Welsh Fire,4,0,1,67b9536c,dfc4d8b5,25f7b7d6,0,0,0,0,
Welsh Fire,5,0,1,67b9536c,dfc4d8b5,25f7b7d6,0,0,0,0,
Welsh Fire,6,6,1,67b9536c,74a274cc,25f7b7d6,6,0,6,0,
Welsh Fire,7,6,1,67b9536c,74a274cc,25f7b7d6,0,0,0,0,
Welsh Fire,8,6,1,67b9536c,74a274cc,25f7b7d6,0,0,0,0,
Welsh Fire,9,7,1,67b9536c,74a274cc,25f7b7d6,1,0,1,0,
Welsh Fire,10,7,1,25f7b7d6,74a274cc,67b9536c,0,0,0,0,
Welsh Fire,11,11,1,67b9536c,dfc4d8b5,25f7b7d6,4,0,4,0,
Welsh Fire,12,14,1,67b9536c,dfc4d8b5,25f7b7d6,3,0,3,0,
Welsh Fire,13,14,1,25f7b7d6,dfc4d8b5,67b9536c,0,0,0,0,
Welsh Fire,14,15,1,25f7b7d6,dfc4d8b5,67b9536c,1,0,1,0,
Welsh Fire,15,15,1,67b9536c,dfc4d8b5,25f7b7d6,0,0,0,0,
Welsh Fire,16,19,1,67b9536c,2085e1fa,25f7b7d6,4,0,4,0,
Welsh Fire,17,19,1,67b9536c,2085e1fa,25f7b7d6,0,0,0,0,
Welsh Fire,18,20,1,67b9536c,2085e1fa,25f7b7d6,1,0,1,0,
Welsh Fire,19,20,1,25f7b7d6,2085e1fa,67b9536c,0,0,0,0,
Welsh Fire,20,24,1,25f7b7d6,2085e1fa,67b9536c,4,0,4,0,
Welsh Fire,21,28,1,67b9536c,74a274cc,25f7b7d6,4,0,4,0,
Welsh Fire,22,28,2,67b9536c,74a274cc,25f7b7d6,0,0,0,1,bowled
Welsh Fire,23,29,2,5f26f677,74a274cc,25f7b7d6,1,0,1,0,
Welsh Fire,24,30,2,25f7b7d6,74a274cc,5f26f677,0,1,1,0,
Welsh Fire,25,34,2,25f7b7d6,74a274cc,5f26f677,4,0,4,0,
Welsh Fire,26,40,2,25f7b7d6,74a274cc,5f26f677,6,0,6,0,
Welsh Fire,27,41,2,25f7b7d6,0bec3a6c,5f26f677,1,0,1,0,
Welsh Fire,28,42,2,5f26f677,0bec3a6c,25f7b7d6,1,0,1,0,
Welsh Fire,29,42,2,25f7b7d6,0bec3a6c,5f26f677,0,0,0,0,
Welsh Fire,30,42,2,25f7b7d6,0bec3a6c,5f26f677,0,0,0,0,
Welsh Fire,31,43,2,25f7b7d6,0bec3a6c,5f26f677,1,0,1,0,
Welsh Fire,32,44,2,25f7b7d6,50c6bc2b,5f26f677,1,0,1,0,
Welsh Fire,33,44,2,5f26f677,50c6bc2b,25f7b7d6,0,0,0,0,
Welsh Fire,34,45,2,5f26f677,50c6bc2b,25f7b7d6,1,0,1,0,
Welsh Fire,35,46,2,25f7b7d6,50c6bc2b,5f26f677,1,0,1,0,
Welsh Fire,36,47,2,5f26f677,50c6bc2b,25f7b7d6,1,0,1,0,
Welsh Fire,37,48,2,25f7b7d6,50c6bc2b,5f26f677,0,1,1,0,
Welsh Fire,38,50,2,5f26f677,50c6bc2b,25f7b7d6,2,0,2,0,
Welsh Fire,39,51,2,5f26f677,50c6bc2b,25f7b7d6,1,0,1,0,
Welsh Fire,40,52,2,25f7b7d6,50c6bc2b,5f26f677,1,0,1,0,
Welsh Fire,41,52,2,5f26f677,50c6bc2b,25f7b7d6,0,0,0,0,
Welsh Fire,42,53,2,25f7b7d6,0bec3a6c,5f26f677,1,0,1,0,
Welsh Fire,43,53,3,5f26f677,0bec3a6c,25f7b7d6,0,0,0,1,bowled
Welsh Fire,44,53,3,d67d5f00,0bec3a6c,25f7b7d6,0,0,0,0,
Welsh Fire,45,53,3,d67d5f00,0bec3a6c,25f7b7d6,0,0,0,0,
Welsh Fire,46,54,3,d67d5f00,0bec3a6c,25f7b7d6,1,0,1,0,
Welsh Fire,47,56,3,25f7b7d6,2085e1fa,d67d5f00,2,0,2,0,
Welsh Fire,48,58,3,25f7b7d6,2085e1fa,d67d5f00,2,0,2,0,
Welsh Fire,49,58,3,25f7b7d6,2085e1fa,d67d5f00,0,0,0,0,
Welsh Fire,50,59,3,25f7b7d6,2085e1fa,d67d5f00,1,0,1,0,
Welsh Fire,51,59,3,d67d5f00,2085e1fa,25f7b7d6,0,0,0,0,
Welsh Fire,52,60,3,25f7b7d6,50c6bc2b,d67d5f00,1,0,1,0,
Welsh Fire,53,61,3,d67d5f00,50c6bc2b,25f7b7d6,1,0,1,0,
Welsh Fire,54,62,3,25f7b7d6,50c6bc2b,d67d5f00,1,0,1,0,
Welsh Fire,55,63,3,d67d5f00,50c6bc2b,25f7b7d6,1,0,1,0,
Welsh Fire,56,64,3,25f7b7d6,50c6bc2b,d67d5f00,0,1,1,0,
Welsh Fire,57,65,3,25f7b7d6,50c6bc2b,d67d5f00,1,0,1,0,
Welsh Fire,58,66,3,d67d5f00,acee4cc4,25f7b7d6,1,0,1,0,
Welsh Fire,59,68,3,25f7b7d6,acee4cc4,d67d5f00,2,0,2,0,
Welsh Fire,60,68,3,25f7b7d6,acee4cc4,d67d5f00,0,0,0,0,
Welsh Fire,61,74,3,25f7b7d6,acee4cc4,d67d5f00,6,0,6,0,
Welsh Fire,62,76,3,25f7b7d6,acee4cc4,d67d5f00,2,0,2,0,
Welsh Fire,63,76,3,d67d5f00,0bec3a6c,25f7b7d6,0,0,0,0,
Welsh Fire,64,77,3,d67d5f00,0bec3a6c,25f7b7d6,1,0,1,0,
Welsh Fire,65,78,3,25f7b7d6,0bec3a6c,d67d5f00,1,0,1,0,
Welsh Fire,66,79,3,d67d5f00,0bec3a6c,25f7b7d6,1,0,1,0,
Welsh Fire,67,80,3,25f7b7d6,0bec3a6c,d67d5f00,1,0,1,0,
Welsh Fire,68,81,3,d67d5f00,dfc4d8b5,25f7b7d6,1,0,1,0,
Welsh Fire,69,82,3,25f7b7d6,dfc4d8b5,d67d5f00,1,0,1,0,
Welsh Fire,70,83,3,d67d5f00,dfc4d8b5,25f7b7d6,1,0,1,0,
Welsh Fire,71,85,3,25f7b7d6,dfc4d8b5,d67d5f00,2,0,2,0,
Welsh Fire,72,85,4,25f7b7d6,dfc4d8b5,d67d5f00,0,0,0,1,bowled
Welsh Fire,73,85,4,d67d5f00,50c6bc2b,58c481c6,0,0,0,0,
Welsh Fire,74,86,4,d67d5f00,50c6bc2b,58c481c6,1,0,1,0,
Welsh Fire,75,87,4,58c481c6,50c6bc2b,d67d5f00,1,0,1,0,
Welsh Fire,76,93,4,d67d5f00,50c6bc2b,58c481c6,6,0,6,0,
Welsh Fire,77,99,4,d67d5f00,50c6bc2b,58c481c6,6,0,6,0,
Welsh Fire,78,101,4,d67d5f00,2085e1fa,58c481c6,2,0,2,0,
Welsh Fire,79,101,4,d67d5f00,2085e1fa,58c481c6,0,0,0,0,
Welsh Fire,80,103,4,d67d5f00,2085e1fa,58c481c6,2,0,2,0,
Welsh Fire,81,104,4,d67d5f00,2085e1fa,58c481c6,1,0,1,0,
Welsh Fire,82,108,4,58c481c6,2085e1fa,d67d5f00,4,0,4,0,
Welsh Fire,83,109,4,d67d5f00,0bec3a6c,58c481c6,1,0,1,0,
Welsh Fire,84,109,4,58c481c6,0bec3a6c,d67d5f00,0,0,0,0,
Welsh Fire,85,110,4,58c481c6,0bec3a6c,d67d5f00,1,0,1,0,
Welsh Fire,86,111,4,d67d5f00,0bec3a6c,58c481c6,1,0,1,0,
Welsh Fire,87,111,4,58c481c6,0bec3a6c,d67d5f00,0,0,0,0,
Welsh Fire,88,112,4,58c481c6,74a274cc,d67d5f00,1,0,1,0,
Welsh Fire,89,114,4,d67d5f00,74a274cc,58c481c6,2,0,2,0,
Welsh Fire,90,115,4,d67d5f00,74a274cc,58c481c6,1,0,1,0,
Welsh Fire,91,116,4,58c481c6,74a274cc,d67d5f00,1,0,1,0,
Welsh Fire,92,118,4,d67d5f00,74a274cc,58c481c6,2,0,2,0,
Welsh Fire,93,118,4,58c481c6,dfc4d8b5,d67d5f00,0,0,0,0,
Welsh Fire,94,119,4,58c481c6,dfc4d8b5,d67d5f00,1,0,1,0,
Welsh Fire,95,119,4,d67d5f00,dfc4d8b5,58c481c6,0,0,0,0,
Welsh Fire,96,119,4,d67d5f00,dfc4d8b5,58c481c6,0,0,0,0,
Welsh Fire,97,120,4,d67d5f00,dfc4d8b5,58c481c6,1,0,1,0,
Welsh Fire,98,120,5,58c481c6,74a274cc,d67d5f00,0,0,0,1,caught
Welsh Fire,99,121,5,11614d87,74a274cc,d67d5f00,0,1,1,0,
Welsh Fire,100,121,5,d67d5f00,74a274cc,11614d87,0,0,0,0,
Welsh Fire,101,122,5,d67d5f00,74a274cc,11614d87,1,0,1,0,
Welsh Fire,102,126,5,11614d87,74a274cc,d67d5f00,4,0,4,0,
