batting_team,ball_number,total_team_runs,total_team_wickets,striker_ID,bowler_ID,nonstriker_ID,batter_runs,extras_runs,total_delivery_runs,wicket,wicket_type
Japan,1,6,0,fa23405f,f0a45427,cbd91942,6,0,6,0,
Japan,2,10,0,fa23405f,f0a45427,cbd91942,4,0,4,0,
Japan,3,12,0,fa23405f,f0a45427,cbd91942,2,0,2,0,
Japan,4,13,0,fa23405f,f0a45427,cbd91942,1,0,1,0,
Japan,5,13,0,cbd91942,f0a45427,fa23405f,0,0,0,0,
Japan,6,15,0,cbd91942,f0a45427,fa23405f,2,0,2,0,
Japan,7,19,0,fa23405f,206efeb1,cbd91942,4,0,4,0,
Japan,8,23,0,fa23405f,206efeb1,cbd91942,4,0,4,0,
Japan,9,24,0,fa23405f,206efeb1,cbd91942,1,0,1,0,
Japan,10,25,0,cbd91942,206efeb1,fa23405f,0,1,1,0,
Japan,11,26,0,cbd91942,206efeb1,fa23405f,1,0,1,0,
Japan,12,26,0,fa23405f,206efeb1,cbd91942,0,0,0,0,
Japan,13,26,1,fa23405f,206efeb1,cbd91942,0,0,0,1,caught
Japan,14,27,1,cbd91942,a89c270b,33290a80,1,0,1,0,
Japan,15,28,1,33290a80,a89c270b,cbd91942,1,0,1,0,
Japan,16,29,1,cbd91942,a89c270b,33290a80,1,0,1,0,
Japan,17,33,1,33290a80,a89c270b,cbd91942,4,0,4,0,
Japan,18,37,1,33290a80,a89c270b,cbd91942,4,0,4,0,
Japan,19,38,1,33290a80,a89c270b,cbd91942,1,0,1,0,
Japan,20,38,1,33290a80,206efeb1,cbd91942,0,0,0,0,
Japan,21,39,1,33290a80,206efeb1,cbd91942,1,0,1,0,
Japan,22,40,1,cbd91942,206efeb1,33290a80,1,0,1,0,
Japan,23,41,1,33290a80,206efeb1,cbd91942,1,0,1,0,
Japan,24,41,1,cbd91942,206efeb1,33290a80,0,0,0,0,
Japan,25,43,1,cbd91942,206efeb1,33290a80,2,0,2,0,
Japan,26,47,1,33290a80,a89c270b,cbd91942,4,0,4,0,
Japan,27,47,1,33290a80,a89c270b,cbd91942,0,0,0,0,
Japan,28,47,1,33290a80,a89c270b,cbd91942,0,0,0,0,
Japan,29,48,1,33290a80,a89c270b,cbd91942,1,0,1,0,
Japan,30,49,2,cbd91942,a89c270b,33290a80,1,0,1,1,run out
Japan,31,49,2,c988daa1,a89c270b,33290a80,0,0,0,0,
Japan,32,50,2,33290a80,206efeb1,c988daa1,1,0,1,0,
Japan,33,50,2,c988daa1,206efeb1,33290a80,0,0,0,0,
Japan,34,50,2,c988daa1,206efeb1,33290a80,0,0,0,0,
Japan,35,50,2,c988daa1,206efeb1,33290a80,0,0,0,0,
Japan,36,51,2,c988daa1,206efeb1,33290a80,1,0,1,0,
Japan,37,51,2,33290a80,206efeb1,c988daa1,0,0,0,0,
Japan,38,52,2,c988daa1,a89c270b,33290a80,1,0,1,0,
Japan,39,55,2,33290a80,a89c270b,c988daa1,3,0,3,0,
Japan,40,55,2,c988daa1,a89c270b,33290a80,0,0,0,0,
Japan,41,57,2,c988daa1,a89c270b,33290a80,2,0,2,0,
Japan,42,58,2,c988daa1,a89c270b,33290a80,1,0,1,0,
Japan,43,59,2,33290a80,a89c270b,c988daa1,1,0,1,0,
Japan,44,59,2,33290a80,190957d2,c988daa1,0,0,0,0,
Japan,45,59,2,33290a80,190957d2,c988daa1,0,0,0,0,
Japan,46,60,2,33290a80,190957d2,c988daa1,1,0,1,0,
Japan,47,60,2,c988daa1,190957d2,33290a80,0,0,0,0,
Japan,48,60,3,c988daa1,190957d2,33290a80,0,0,0,1,bowled
Japan,49,60,3,9f2be73d,190957d2,33290a80,0,0,0,0,
Japan,50,61,3,33290a80,a89c270b,9f2be73d,1,0,1,0,
Japan,51,61,3,9f2be73d,a89c270b,33290a80,0,0,0,0,
Japan,52,62,3,9f2be73d,a89c270b,33290a80,1,0,1,0,
Japan,53,63,3,33290a80,a89c270b,9f2be73d,1,0,1,0,
Japan,54,63,3,9f2be73d,a89c270b,33290a80,0,0,0,0,
Japan,55,63,3,9f2be73d,a89c270b,33290a80,0,0,0,0,
Japan,56,63,3,33290a80,190957d2,9f2be73d,0,0,0,0,
Japan,57,69,3,33290a80,190957d2,9f2be73d,6,0,6,0,
Japan,58,69,4,33290a80,190957d2,9f2be73d,0,0,0,1,stumped
Japan,59,70,4,85119526,190957d2,9f2be73d,1,0,1,0,
Japan,60,70,4,9f2be73d,190957d2,85119526,0,0,0,0,
Japan,61,71,4,9f2be73d,190957d2,85119526,1,0,1,0,
Japan,62,72,4,9f2be73d,3c8faed4,85119526,0,1,1,0,
Japan,63,72,4,9f2be73d,3c8faed4,85119526,0,0,0,0,
Japan,64,72,4,9f2be73d,3c8faed4,85119526,0,0,0,0,
Japan,65,72,5,9f2be73d,3c8faed4,85119526,0,0,0,1,caught
Japan,66,73,5,64c81abf,3c8faed4,85119526,1,0,1,0,
Japan,67,74,5,85119526,3c8faed4,64c81abf,1,0,1,0,
Japan,68,74,5,64c81abf,3c8faed4,85119526,0,0,0,0,
Japan,69,74,5,85119526,190957d2,64c81abf,0,0,0,0,
Japan,70,76,5,85119526,190957d2,64c81abf,2,0,2,0,
Japan,71,76,5,85119526,190957d2,64c81abf,0,0,0,0,
Japan,72,76,5,85119526,190957d2,64c81abf,0,0,0,0,
Japan,73,76,5,85119526,190957d2,64c81abf,0,0,0,0,
Japan,74,76,5,85119526,190957d2,64c81abf,0,0,0,0,
Japan,75,77,5,64c81abf,3c8faed4,85119526,1,0,1,0,
Japan,76,78,5,85119526,3c8faed4,64c81abf,1,0,1,0,
Japan,77,79,5,64c81abf,3c8faed4,85119526,1,0,1,0,
Japan,78,79,5,85119526,3c8faed4,64c81abf,0,0,0,0,
Japan,79,80,5,85119526,3c8faed4,64c81abf,1,0,1,0,
Japan,80,81,5,64c81abf,3c8faed4,85119526,1,0,1,0,
Japan,81,82,5,64c81abf,190957d2,85119526,1,0,1,0,
Japan,82,83,5,85119526,190957d2,64c81abf,1,0,1,0,
Japan,83,84,5,64c81abf,190957d2,85119526,1,0,1,0,
Japan,84,84,5,85119526,190957d2,64c81abf,0,0,0,0,
Japan,85,84,6,85119526,190957d2,64c81abf,0,0,0,1,caught
Japan,86,84,6,dbfbaba1,190957d2,64c81abf,0,0,0,0,
Japan,87,85,6,64c81abf,3c8faed4,dbfbaba1,1,0,1,0,
Japan,88,85,6,dbfbaba1,3c8faed4,64c81abf,0,0,0,0,
Japan,89,87,6,dbfbaba1,3c8faed4,64c81abf,2,0,2,0,
Japan,90,89,6,dbfbaba1,3c8faed4,64c81abf,2,0,2,0,
Japan,91,90,6,dbfbaba1,3c8faed4,64c81abf,1,0,1,0,
Japan,92,94,6,64c81abf,3c8faed4,dbfbaba1,4,0,4,0,
Japan,93,94,6,dbfbaba1,4d7c5b56,64c81abf,0,0,0,0,
Japan,94,94,6,dbfbaba1,4d7c5b56,64c81abf,0,0,0,0,
Japan,95,95,6,dbfbaba1,4d7c5b56,64c81abf,1,0,1,0,
Japan,96,95,6,64c81abf,4d7c5b56,dbfbaba1,0,0,0,0,
Japan,97,96,6,64c81abf,4d7c5b56,dbfbaba1,1,0,1,0,
Japan,98,97,6,dbfbaba1,4d7c5b56,64c81abf,1,0,1,0,
Japan,99,97,6,dbfbaba1,a62f55ba,64c81abf,0,0,0,0,
Japan,100,98,6,dbfbaba1,a62f55ba,64c81abf,0,1,1,0,
Japan,101,98,7,64c81abf,a62f55ba,dbfbaba1,0,0,0,1,run out
Japan,102,98,7,dd14abf5,a62f55ba,dbfbaba1,0,0,0,0,
Japan,103,98,7,dd14abf5,a62f55ba,dbfbaba1,0,0,0,0,
Japan,104,98,7,dd14abf5,a62f55ba,dbfbaba1,0,0,0,0,
Japan,105,99,7,dbfbaba1,4d7c5b56,dd14abf5,1,0,1,0,
Japan,106,99,8,dd14abf5,4d7c5b56,dbfbaba1,0,0,0,1,caught
Japan,107,99,8,ef503cfe,4d7c5b56,dbfbaba1,0,0,0,0,
Japan,108,99,9,ef503cfe,4d7c5b56,dbfbaba1,0,0,0,1,caught
Japan,109,99,9,d792374d,4d7c5b56,dbfbaba1,0,0,0,0,
Japan,110,100,9,d792374d,4d7c5b56,dbfbaba1,1,0,1,0,
Japan,111,101,9,d792374d,a62f55ba,dbfbaba1,1,0,1,0,
Japan,112,102,9,dbfbaba1,a62f55ba,d792374d,1,0,1,0,
Japan,113,103,9,d792374d,a62f55ba,dbfbaba1,1,0,1,0,
Japan,114,103,10,dbfbaba1,a62f55ba,d792374d,0,0,0,1,caught
Indonesia,1,1,0,2af0e3b1,dd14abf5,a89c270b,0,1,1,0,
Indonesia,2,1,0,2af0e3b1,dd14abf5,a89c270b,0,0,0,0,
Indonesia,3,2,0,2af0e3b1,dd14abf5,a89c270b,0,1,1,0,
Indonesia,4,3,0,2af0e3b1,dd14abf5,a89c270b,1,0,1,0,
Indonesia,5,3,1,a89c270b,dd14abf5,2af0e3b1,0,0,0,1,caught
Indonesia,6,3,1,4d7c5b56,dd14abf5,2af0e3b1,0,0,0,0,
Indonesia,7,3,1,4d7c5b56,dd14abf5,2af0e3b1,0,0,0,0,
Indonesia,8,7,1,4d7c5b56,dd14abf5,2af0e3b1,4,0,4,0,
Indonesia,9,8,1,2af0e3b1,d792374d,4d7c5b56,1,0,1,0,
Indonesia,10,9,1,4d7c5b56,d792374d,2af0e3b1,0,1,1,0,
Indonesia,11,13,1,4d7c5b56,d792374d,2af0e3b1,4,0,4,0,
Indonesia,12,14,1,4d7c5b56,d792374d,2af0e3b1,0,1,1,0,
Indonesia,13,18,1,4d7c5b56,d792374d,2af0e3b1,4,0,4,0,
Indonesia,14,18,1,4d7c5b56,d792374d,2af0e3b1,0,0,0,0,
Indonesia,15,18,1,4d7c5b56,d792374d,2af0e3b1,0,0,0,0,
Indonesia,16,18,1,4d7c5b56,d792374d,2af0e3b1,0,0,0,0,
Indonesia,17,18,1,2af0e3b1,ef503cfe,4d7c5b56,0,0,0,0,
Indonesia,18,18,1,2af0e3b1,ef503cfe,4d7c5b56,0,0,0,0,
Indonesia,19,18,1,2af0e3b1,ef503cfe,4d7c5b56,0,0,0,0,
Indonesia,20,19,1,2af0e3b1,ef503cfe,4d7c5b56,1,0,1,0,
Indonesia,21,20,1,4d7c5b56,ef503cfe,2af0e3b1,1,0,1,0,
Indonesia,22,20,1,2af0e3b1,ef503cfe,4d7c5b56,0,0,0,0,
Indonesia,23,20,1,4d7c5b56,9f2be73d,2af0e3b1,0,0,0,0,
Indonesia,24,20,1,4d7c5b56,9f2be73d,2af0e3b1,0,0,0,0,
Indonesia,25,20,1,4d7c5b56,9f2be73d,2af0e3b1,0,0,0,0,
Indonesia,26,21,1,4d7c5b56,9f2be73d,2af0e3b1,1,0,1,0,
Indonesia,27,22,1,2af0e3b1,9f2be73d,4d7c5b56,1,0,1,0,
Indonesia,28,25,1,4d7c5b56,9f2be73d,2af0e3b1,3,0,3,0,
Indonesia,29,25,1,4d7c5b56,ef503cfe,2af0e3b1,0,0,0,0,
Indonesia,30,25,1,4d7c5b56,ef503cfe,2af0e3b1,0,0,0,0,
Indonesia,31,26,1,4d7c5b56,ef503cfe,2af0e3b1,1,0,1,0,
Indonesia,32,27,1,2af0e3b1,ef503cfe,4d7c5b56,0,1,1,0,
Indonesia,33,27,1,4d7c5b56,ef503cfe,2af0e3b1,0,0,0,0,
Indonesia,34,27,1,4d7c5b56,ef503cfe,2af0e3b1,0,0,0,0,
Indonesia,35,28,1,2af0e3b1,9f2be73d,4d7c5b56,1,0,1,0,
Indonesia,36,28,1,4d7c5b56,9f2be73d,2af0e3b1,0,0,0,0,
Indonesia,37,28,1,4d7c5b56,9f2be73d,2af0e3b1,0,0,0,0,
Indonesia,38,28,1,4d7c5b56,9f2be73d,2af0e3b1,0,0,0,0,
Indonesia,39,29,1,4d7c5b56,9f2be73d,2af0e3b1,1,0,1,0,
Indonesia,40,29,1,2af0e3b1,9f2be73d,4d7c5b56,0,0,0,0,
Indonesia,41,30,1,4d7c5b56,ef503cfe,2af0e3b1,1,0,1,0,
Indonesia,42,30,1,2af0e3b1,ef503cfe,4d7c5b56,0,0,0,0,
Indonesia,43,30,1,2af0e3b1,ef503cfe,4d7c5b56,0,0,0,0,
Indonesia,44,31,1,2af0e3b1,ef503cfe,4d7c5b56,1,0,1,0,
Indonesia,45,31,1,4d7c5b56,ef503cfe,2af0e3b1,0,0,0,0,
Indonesia,46,32,1,4d7c5b56,ef503cfe,2af0e3b1,0,1,1,0,
Indonesia,47,33,1,4d7c5b56,ef503cfe,2af0e3b1,1,0,1,0,
Indonesia,48,33,1,4d7c5b56,9f2be73d,2af0e3b1,0,0,0,0,
Indonesia,49,33,2,4d7c5b56,9f2be73d,2af0e3b1,0,0,0,1,bowled
Indonesia,50,34,2,206efeb1,9f2be73d,2af0e3b1,1,0,1,0,
Indonesia,51,34,2,2af0e3b1,9f2be73d,206efeb1,0,0,0,0,
Indonesia,52,35,2,2af0e3b1,9f2be73d,206efeb1,1,0,1,0,
Indonesia,53,35,2,206efeb1,9f2be73d,2af0e3b1,0,0,0,0,
Indonesia,54,36,2,2af0e3b1,ef503cfe,206efeb1,1,0,1,0,
Indonesia,55,37,2,206efeb1,ef503cfe,2af0e3b1,1,0,1,0,
Indonesia,56,38,2,2af0e3b1,ef503cfe,206efeb1,1,0,1,0,
Indonesia,57,39,2,206efeb1,ef503cfe,2af0e3b1,1,0,1,0,
Indonesia,58,40,2,2af0e3b1,ef503cfe,206efeb1,1,0,1,0,
Indonesia,59,40,2,206efeb1,ef503cfe,2af0e3b1,0,0,0,0,
Indonesia,60,41,2,2af0e3b1,cbd91942,206efeb1,0,1,1,0,
Indonesia,61,42,2,2af0e3b1,cbd91942,206efeb1,1,0,1,0,
Indonesia,62,43,2,206efeb1,cbd91942,2af0e3b1,1,0,1,0,
Indonesia,63,49,2,2af0e3b1,cbd91942,206efeb1,6,0,6,0,
Indonesia,64,49,2,2af0e3b1,cbd91942,206efeb1,0,0,0,0,
Indonesia,65,50,2,2af0e3b1,cbd91942,206efeb1,1,0,1,0,
Indonesia,66,50,2,206efeb1,cbd91942,2af0e3b1,0,0,0,0,
Indonesia,67,51,2,2af0e3b1,64c81abf,206efeb1,1,0,1,0,
Indonesia,68,51,2,206efeb1,64c81abf,2af0e3b1,0,0,0,0,
Indonesia,69,52,2,206efeb1,64c81abf,2af0e3b1,1,0,1,0,
Indonesia,70,53,2,2af0e3b1,64c81abf,206efeb1,1,0,1,0,
Indonesia,71,53,2,206efeb1,64c81abf,2af0e3b1,0,0,0,0,
Indonesia,72,54,2,206efeb1,64c81abf,2af0e3b1,1,0,1,0,
Indonesia,73,58,2,206efeb1,cbd91942,2af0e3b1,4,0,4,0,
Indonesia,74,59,2,206efeb1,cbd91942,2af0e3b1,0,1,1,0,
Indonesia,75,60,2,206efeb1,cbd91942,2af0e3b1,1,0,1,0,
Indonesia,76,61,2,2af0e3b1,cbd91942,206efeb1,1,0,1,0,
Indonesia,77,61,2,206efeb1,cbd91942,2af0e3b1,0,0,0,0,
Indonesia,78,63,2,206efeb1,cbd91942,2af0e3b1,2,0,2,0,
Indonesia,79,63,2,206efeb1,cbd91942,2af0e3b1,0,0,0,0,
Indonesia,80,64,2,2af0e3b1,64c81abf,206efeb1,1,0,1,0,
Indonesia,81,65,2,206efeb1,64c81abf,2af0e3b1,1,0,1,0,
Indonesia,82,65,2,2af0e3b1,64c81abf,206efeb1,0,0,0,0,
Indonesia,83,66,2,2af0e3b1,64c81abf,206efeb1,0,1,1,0,
Indonesia,84,66,2,2af0e3b1,64c81abf,206efeb1,0,0,0,0,
Indonesia,85,70,2,2af0e3b1,64c81abf,206efeb1,4,0,4,0,
Indonesia,86,71,2,2af0e3b1,64c81abf,206efeb1,1,0,1,0,
Indonesia,87,77,2,2af0e3b1,c988daa1,206efeb1,6,0,6,0,
Indonesia,88,78,2,2af0e3b1,c988daa1,206efeb1,1,0,1,0,
Indonesia,89,78,2,206efeb1,c988daa1,2af0e3b1,0,0,0,0,
Indonesia,90,78,2,206efeb1,c988daa1,2af0e3b1,0,0,0,0,
Indonesia,91,79,2,206efeb1,c988daa1,2af0e3b1,1,0,1,0,
Indonesia,92,80,2,2af0e3b1,c988daa1,206efeb1,1,0,1,0,
Indonesia,93,81,2,2af0e3b1,dd14abf5,206efeb1,1,0,1,0,
Indonesia,94,81,3,206efeb1,dd14abf5,2af0e3b1,0,0,0,1,caught
Indonesia,95,82,3,a62f55ba,dd14abf5,2af0e3b1,1,0,1,0,
Indonesia,96,86,3,2af0e3b1,dd14abf5,a62f55ba,4,0,4,0,
Indonesia,97,86,3,2af0e3b1,dd14abf5,a62f55ba,0,0,0,0,
Indonesia,98,86,3,2af0e3b1,dd14abf5,a62f55ba,0,0,0,0,
Indonesia,99,88,3,a62f55ba,9f2be73d,2af0e3b1,2,0,2,0,
Indonesia,100,89,3,a62f55ba,9f2be73d,2af0e3b1,1,0,1,0,
Indonesia,101,91,3,2af0e3b1,9f2be73d,a62f55ba,2,0,2,0,
Indonesia,102,91,3,2af0e3b1,9f2be73d,a62f55ba,0,0,0,0,
Indonesia,103,91,3,2af0e3b1,9f2be73d,a62f55ba,0,0,0,0,
Indonesia,104,91,4,2af0e3b1,9f2be73d,a62f55ba,0,0,0,1,caught
Indonesia,105,91,4,a62f55ba,dd14abf5,72275237,0,0,0,0,
Indonesia,106,91,4,a62f55ba,dd14abf5,72275237,0,0,0,0,
Indonesia,107,95,4,a62f55ba,dd14abf5,72275237,4,0,4,0,
Indonesia,108,99,4,a62f55ba,dd14abf5,72275237,4,0,4,0,
Indonesia,109,103,4,a62f55ba,dd14abf5,72275237,4,0,4,0,
Indonesia,110,104,4,a62f55ba,dd14abf5,72275237,0,1,1,0,
