batting_team,ball_number,total_team_runs,total_team_wickets,striker_ID,bowler_ID,nonstriker_ID,batter_runs,extras_runs,total_delivery_runs,wicket,wicket_type
St Lucia Kings,1,1,0,3355b542,4d7f517e,09a9d073,1,0,1,0,
St Lucia Kings,2,1,0,09a9d073,4d7f517e,3355b542,0,0,0,0,
St Lucia Kings,3,1,0,09a9d073,4d7f517e,3355b542,0,0,0,0,
St Lucia Kings,4,1,0,09a9d073,4d7f517e,3355b542,0,0,0,0,
St Lucia Kings,5,1,0,09a9d073,4d7f517e,3355b542,0,0,0,0,
St Lucia Kings,6,1,0,09a9d073,4d7f517e,3355b542,0,0,0,0,
St Lucia Kings,7,2,0,3355b542,7cb2d9d2,09a9d073,1,0,1,0,
St Lucia Kings,8,4,0,09a9d073,7cb2d9d2,3355b542,2,0,2,0,
St Lucia Kings,9,8,0,09a9d073,7cb2d9d2,3355b542,4,0,4,0,
St Lucia Kings,10,9,0,09a9d073,7cb2d9d2,3355b542,1,0,1,0,
St Lucia Kings,11,9,0,3355b542,7cb2d9d2,09a9d073,0,0,0,0,
St Lucia Kings,12,9,1,3355b542,7cb2d9d2,09a9d073,0,0,0,1,caught
St Lucia Kings,13,9,1,09a9d073,4d7f517e,45963d9e,0,0,0,0,
St Lucia Kings,14,9,1,09a9d073,4d7f517e,45963d9e,0,0,0,0,
St Lucia Kings,15,9,1,09a9d073,4d7f517e,45963d9e,0,0,0,0,
St Lucia Kings,16,9,1,09a9d073,4d7f517e,45963d9e,0,0,0,0,
St Lucia Kings,17,9,1,09a9d073,4d7f517e,45963d9e,0,0,0,0,
St Lucia Kings,18,9,1,09a9d073,4d7f517e,45963d9e,0,0,0,0,
St Lucia Kings,19,9,1,45963d9e,7cb2d9d2,09a9d073,0,0,0,0,
St Lucia Kings,20,15,1,45963d9e,7cb2d9d2,09a9d073,6,0,6,0,
St Lucia Kings,21,19,1,45963d9e,7cb2d9d2,09a9d073,4,0,4,0,
St Lucia Kings,22,20,1,45963d9e,7cb2d9d2,09a9d073,1,0,1,0,
St Lucia Kings,23,20,1,09a9d073,7cb2d9d2,45963d9e,0,0,0,0,
St Lucia Kings,24,26,1,09a9d073,7cb2d9d2,45963d9e,6,0,6,0,
St Lucia Kings,25,26,1,45963d9e,4d7f517e,09a9d073,0,0,0,0,
St Lucia Kings,26,27,1,45963d9e,4d7f517e,09a9d073,1,0,1,0,
St Lucia Kings,27,27,1,09a9d073,4d7f517e,45963d9e,0,0,0,0,
St Lucia Kings,28,31,1,09a9d073,4d7f517e,45963d9e,4,0,4,0,
St Lucia Kings,29,31,1,09a9d073,4d7f517e,45963d9e,0,0,0,0,
St Lucia Kings,30,32,1,09a9d073,4d7f517e,45963d9e,1,0,1,0,
St Lucia Kings,31,36,1,09a9d073,9d430b40,45963d9e,4,0,4,0,
St Lucia Kings,32,42,1,09a9d073,9d430b40,45963d9e,6,0,6,0,
St Lucia Kings,33,43,1,09a9d073,9d430b40,45963d9e,0,1,1,0,
St Lucia Kings,34,43,1,09a9d073,9d430b40,45963d9e,0,0,0,0,
St Lucia Kings,35,49,1,09a9d073,9d430b40,45963d9e,6,0,6,0,
St Lucia Kings,36,50,1,09a9d073,9d430b40,45963d9e,1,0,1,0,
St Lucia Kings,37,51,1,45963d9e,9d430b40,09a9d073,1,0,1,0,
St Lucia Kings,38,52,1,45963d9e,a61bcb94,09a9d073,1,0,1,0,
St Lucia Kings,39,53,1,09a9d073,a61bcb94,45963d9e,1,0,1,0,
St Lucia Kings,40,54,1,45963d9e,a61bcb94,09a9d073,1,0,1,0,
St Lucia Kings,41,54,1,09a9d073,a61bcb94,45963d9e,0,0,0,0,
St Lucia Kings,42,55,1,09a9d073,a61bcb94,45963d9e,1,0,1,0,
St Lucia Kings,43,56,1,45963d9e,a61bcb94,09a9d073,1,0,1,0,
St Lucia Kings,44,56,1,45963d9e,9d430b40,09a9d073,0,0,0,0,
St Lucia Kings,45,57,1,45963d9e,9d430b40,09a9d073,1,0,1,0,
St Lucia Kings,46,57,1,09a9d073,9d430b40,45963d9e,0,0,0,0,
St Lucia Kings,47,57,1,09a9d073,9d430b40,45963d9e,0,0,0,0,
St Lucia Kings,48,58,1,09a9d073,9d430b40,45963d9e,1,0,1,0,
St Lucia Kings,49,59,1,45963d9e,9d430b40,09a9d073,1,0,1,0,
St Lucia Kings,50,60,1,45963d9e,a61bcb94,09a9d073,1,0,1,0,
St Lucia Kings,51,61,1,09a9d073,a61bcb94,45963d9e,1,0,1,0,
St Lucia Kings,52,62,1,45963d9e,a61bcb94,09a9d073,1,0,1,0,
St Lucia Kings,53,66,1,09a9d073,a61bcb94,45963d9e,4,0,4,0,
St Lucia Kings,54,66,1,09a9d073,a61bcb94,45963d9e,0,0,0,0,
St Lucia Kings,55,66,1,09a9d073,a61bcb94,45963d9e,0,0,0,0,
St Lucia Kings,56,67,1,45963d9e,d68e7f48,09a9d073,1,0,1,0,
St Lucia Kings,57,68,1,09a9d073,d68e7f48,45963d9e,1,0,1,0,
St Lucia Kings,58,68,2,45963d9e,d68e7f48,09a9d073,0,0,0,1,caught
St Lucia Kings,59,68,2,09a9d073,d68e7f48,104e88a4,0,0,0,0,
St Lucia Kings,60,69,2,09a9d073,d68e7f48,104e88a4,1,0,1,0,
St Lucia Kings,61,69,2,104e88a4,d68e7f48,09a9d073,0,0,0,0,
St Lucia Kings,62,69,2,09a9d073,a61bcb94,104e88a4,0,0,0,0,
St Lucia Kings,63,70,2,09a9d073,a61bcb94,104e88a4,1,0,1,0,
St Lucia Kings,64,71,2,104e88a4,a61bcb94,09a9d073,1,0,1,0,
St Lucia Kings,65,73,2,09a9d073,a61bcb94,104e88a4,2,0,2,0,
St Lucia Kings,66,74,2,09a9d073,a61bcb94,104e88a4,1,0,1,0,
St Lucia Kings,67,75,2,104e88a4,a61bcb94,09a9d073,1,0,1,0,
St Lucia Kings,68,76,2,104e88a4,d68e7f48,09a9d073,1,0,1,0,
St Lucia Kings,69,80,2,09a9d073,d68e7f48,104e88a4,4,0,4,0,
St Lucia Kings,70,81,2,09a9d073,d68e7f48,104e88a4,1,0,1,0,
St Lucia Kings,71,82,2,104e88a4,d68e7f48,09a9d073,1,0,1,0,
St Lucia Kings,72,82,2,09a9d073,d68e7f48,104e88a4,0,0,0,0,
St Lucia Kings,73,82,3,09a9d073,d68e7f48,104e88a4,0,0,0,1,bowled
St Lucia Kings,74,83,3,104e88a4,a61bcb94,3feda4fa,1,0,1,0,
St Lucia Kings,75,85,3,3feda4fa,a61bcb94,104e88a4,2,0,2,0,
St Lucia Kings,76,85,3,3feda4fa,a61bcb94,104e88a4,0,0,0,0,
St Lucia Kings,77,86,3,3feda4fa,a61bcb94,104e88a4,1,0,1,0,
St Lucia Kings,78,86,3,104e88a4,a61bcb94,3feda4fa,0,0,0,0,
St Lucia Kings,79,87,3,104e88a4,a61bcb94,3feda4fa,1,0,1,0,
St Lucia Kings,80,88,3,104e88a4,bbd41817,3feda4fa,1,0,1,0,
St Lucia Kings,81,88,3,3feda4fa,bbd41817,104e88a4,0,0,0,0,
St Lucia Kings,82,89,3,3feda4fa,bbd41817,104e88a4,1,0,1,0,
St Lucia Kings,83,93,3,104e88a4,bbd41817,3feda4fa,4,0,4,0,
St Lucia Kings,84,94,3,104e88a4,bbd41817,3feda4fa,1,0,1,0,
St Lucia Kings,85,94,3,3feda4fa,bbd41817,104e88a4,0,0,0,0,
St Lucia Kings,86,96,3,104e88a4,4d7f517e,3feda4fa,2,0,2,0,
St Lucia Kings,87,97,3,104e88a4,4d7f517e,3feda4fa,1,0,1,0,
St Lucia Kings,88,99,3,3feda4fa,4d7f517e,104e88a4,2,0,2,0,
St Lucia Kings,89,101,3,3feda4fa,4d7f517e,104e88a4,2,0,2,0,
St Lucia Kings,90,103,3,3feda4fa,4d7f517e,104e88a4,2,0,2,0,
St Lucia Kings,91,104,3,3feda4fa,4d7f517e,104e88a4,1,0,1,0,
St Lucia Kings,92,104,4,3feda4fa,9d430b40,104e88a4,0,0,0,1,lbw
St Lucia Kings,93,104,4,aa8d28ae,9d430b40,104e88a4,0,0,0,0,
St Lucia Kings,94,105,4,aa8d28ae,9d430b40,104e88a4,1,0,1,0,
St Lucia Kings,95,105,4,104e88a4,9d430b40,aa8d28ae,0,0,0,0,
St Lucia Kings,96,105,4,104e88a4,9d430b40,aa8d28ae,0,0,0,0,
St Lucia Kings,97,106,4,104e88a4,9d430b40,aa8d28ae,1,0,1,0,
St Lucia Kings,98,107,4,104e88a4,bbd41817,aa8d28ae,1,0,1,0,
St Lucia Kings,99,108,4,aa8d28ae,bbd41817,104e88a4,1,0,1,0,
St Lucia Kings,100,109,4,104e88a4,bbd41817,aa8d28ae,1,0,1,0,
St Lucia Kings,101,115,4,aa8d28ae,bbd41817,104e88a4,6,0,6,0,
St Lucia Kings,102,117,4,aa8d28ae,bbd41817,104e88a4,2,0,2,0,
St Lucia Kings,103,117,4,aa8d28ae,bbd41817,104e88a4,0,0,0,0,
St Lucia Kings,104,117,5,104e88a4,9d430b40,aa8d28ae,0,0,0,1,lbw
St Lucia Kings,105,118,5,6f4c73ce,9d430b40,aa8d28ae,1,0,1,0,
St Lucia Kings,106,122,5,aa8d28ae,9d430b40,6f4c73ce,4,0,4,0,
St Lucia Kings,107,123,5,aa8d28ae,9d430b40,6f4c73ce,1,0,1,0,
St Lucia Kings,108,123,5,6f4c73ce,9d430b40,aa8d28ae,0,0,0,0,
St Lucia Kings,109,124,5,6f4c73ce,9d430b40,aa8d28ae,1,0,1,0,
St Lucia Kings,110,124,5,6f4c73ce,7cb2d9d2,aa8d28ae,0,0,0,0,
St Lucia Kings,111,125,5,6f4c73ce,7cb2d9d2,aa8d28ae,1,0,1,0,
St Lucia Kings,112,131,5,aa8d28ae,7cb2d9d2,6f4c73ce,6,0,6,0,
St Lucia Kings,113,133,5,aa8d28ae,7cb2d9d2,6f4c73ce,2,0,2,0,
St Lucia Kings,114,139,5,aa8d28ae,7cb2d9d2,6f4c73ce,6,0,6,0,
St Lucia Kings,115,143,5,aa8d28ae,7cb2d9d2,6f4c73ce,4,0,4,0,
St Lucia Kings,116,144,5,6f4c73ce,bbd41817,aa8d28ae,1,0,1,0,
St Lucia Kings,117,144,5,aa8d28ae,bbd41817,6f4c73ce,0,0,0,0,
St Lucia Kings,118,144,6,aa8d28ae,bbd41817,6f4c73ce,0,0,0,1,caught
St Lucia Kings,119,144,6,b0946605,bbd41817,6f4c73ce,0,0,0,0,
St Lucia Kings,120,145,6,b0946605,bbd41817,6f4c73ce,1,0,1,0,
St Lucia Kings,121,147,6,6f4c73ce,bbd41817,b0946605,2,0,2,0,
Trinbago Knight Riders,1,1,0,4663bd23,83d17bbc,2eccc4bf,1,0,1,0,
Trinbago Knight Riders,2,2,0,2eccc4bf,83d17bbc,4663bd23,1,0,1,0,
Trinbago Knight Riders,3,3,0,4663bd23,83d17bbc,2eccc4bf,1,0,1,0,
Trinbago Knight Riders,4,4,0,2eccc4bf,83d17bbc,4663bd23,1,0,1,0,
Trinbago Knight Riders,5,4,0,4663bd23,83d17bbc,2eccc4bf,0,0,0,0,
Trinbago Knight Riders,6,5,0,4663bd23,83d17bbc,2eccc4bf,1,0,1,0,
Trinbago Knight Riders,7,5,0,4663bd23,3feda4fa,2eccc4bf,0,0,0,0,
Trinbago Knight Riders,8,9,0,4663bd23,3feda4fa,2eccc4bf,4,0,4,0,
Trinbago Knight Riders,9,11,0,4663bd23,3feda4fa,2eccc4bf,2,0,2,0,
Trinbago Knight Riders,10,12,0,4663bd23,3feda4fa,2eccc4bf,1,0,1,0,
Trinbago Knight Riders,11,12,1,2eccc4bf,3feda4fa,4663bd23,0,0,0,1,bowled
Trinbago Knight Riders,12,12,1,af2c687b,3feda4fa,4663bd23,0,0,0,0,
Trinbago Knight Riders,13,13,1,4663bd23,83d17bbc,af2c687b,1,0,1,0,
Trinbago Knight Riders,14,13,1,af2c687b,83d17bbc,4663bd23,0,0,0,0,
Trinbago Knight Riders,15,14,1,af2c687b,83d17bbc,4663bd23,1,0,1,0,
Trinbago Knight Riders,16,14,1,4663bd23,83d17bbc,af2c687b,0,0,0,0,
Trinbago Knight Riders,17,14,1,4663bd23,83d17bbc,af2c687b,0,0,0,0,
Trinbago Knight Riders,18,14,1,4663bd23,83d17bbc,af2c687b,0,0,0,0,
Trinbago Knight Riders,19,14,2,af2c687b,3feda4fa,4663bd23,0,0,0,1,caught
Trinbago Knight Riders,20,15,2,4663bd23,3feda4fa,3241e3fd,1,0,1,0,
Trinbago Knight Riders,21,16,2,3241e3fd,3feda4fa,4663bd23,0,1,1,0,
Trinbago Knight Riders,22,16,3,3241e3fd,3feda4fa,4663bd23,0,0,0,1,caught
Trinbago Knight Riders,23,17,3,a757b0d8,3feda4fa,4663bd23,1,0,1,0,
Trinbago Knight Riders,24,18,3,4663bd23,3feda4fa,a757b0d8,1,0,1,0,
Trinbago Knight Riders,25,18,3,a757b0d8,3feda4fa,4663bd23,0,0,0,0,
Trinbago Knight Riders,26,19,3,4663bd23,b0946605,a757b0d8,1,0,1,0,
Trinbago Knight Riders,27,24,3,a757b0d8,b0946605,4663bd23,4,1,5,0,
Trinbago Knight Riders,28,28,3,a757b0d8,b0946605,4663bd23,4,0,4,0,
Trinbago Knight Riders,29,29,3,a757b0d8,b0946605,4663bd23,1,0,1,0,
Trinbago Knight Riders,30,29,3,4663bd23,b0946605,a757b0d8,0,0,0,0,
Trinbago Knight Riders,31,30,3,4663bd23,b0946605,a757b0d8,1,0,1,0,
Trinbago Knight Riders,32,30,3,a757b0d8,b0946605,4663bd23,0,0,0,0,
Trinbago Knight Riders,33,31,3,4663bd23,a08a3c52,a757b0d8,1,0,1,0,
Trinbago Knight Riders,34,37,3,a757b0d8,a08a3c52,4663bd23,6,0,6,0,
Trinbago Knight Riders,35,37,3,a757b0d8,a08a3c52,4663bd23,0,0,0,0,
Trinbago Knight Riders,36,38,3,a757b0d8,a08a3c52,4663bd23,1,0,1,0,
Trinbago Knight Riders,37,39,3,4663bd23,a08a3c52,a757b0d8,1,0,1,0,
Trinbago Knight Riders,38,45,3,a757b0d8,a08a3c52,4663bd23,6,0,6,0,
Trinbago Knight Riders,39,46,3,4663bd23,78cb83f3,a757b0d8,1,0,1,0,
Trinbago Knight Riders,40,47,3,a757b0d8,78cb83f3,4663bd23,0,1,1,0,
Trinbago Knight Riders,41,48,3,a757b0d8,78cb83f3,4663bd23,1,0,1,0,
Trinbago Knight Riders,42,49,3,4663bd23,78cb83f3,a757b0d8,1,0,1,0,
Trinbago Knight Riders,43,50,3,a757b0d8,78cb83f3,4663bd23,0,1,1,0,
Trinbago Knight Riders,44,51,3,a757b0d8,78cb83f3,4663bd23,0,1,1,0,
Trinbago Knight Riders,45,51,3,4663bd23,78cb83f3,a757b0d8,0,0,0,0,
Trinbago Knight Riders,46,52,3,4663bd23,78cb83f3,a757b0d8,1,0,1,0,
Trinbago Knight Riders,47,52,3,4663bd23,aa8d28ae,a757b0d8,0,0,0,0,
Trinbago Knight Riders,48,53,3,4663bd23,aa8d28ae,a757b0d8,1,0,1,0,
Trinbago Knight Riders,49,53,3,a757b0d8,aa8d28ae,4663bd23,0,0,0,0,
Trinbago Knight Riders,50,54,3,a757b0d8,aa8d28ae,4663bd23,1,0,1,0,
Trinbago Knight Riders,51,55,3,4663bd23,aa8d28ae,a757b0d8,1,0,1,0,
Trinbago Knight Riders,52,56,3,a757b0d8,aa8d28ae,4663bd23,1,0,1,0,
Trinbago Knight Riders,53,56,3,a757b0d8,6f4c73ce,4663bd23,0,0,0,0,
Trinbago Knight Riders,54,60,3,a757b0d8,6f4c73ce,4663bd23,4,0,4,0,
Trinbago Knight Riders,55,61,3,a757b0d8,6f4c73ce,4663bd23,1,0,1,0,
Trinbago Knight Riders,56,62,3,4663bd23,6f4c73ce,a757b0d8,1,0,1,0,
Trinbago Knight Riders,57,63,3,a757b0d8,6f4c73ce,4663bd23,1,0,1,0,
Trinbago Knight Riders,58,64,3,4663bd23,6f4c73ce,a757b0d8,1,0,1,0,
Trinbago Knight Riders,59,65,3,4663bd23,aa8d28ae,a757b0d8,1,0,1,0,
Trinbago Knight Riders,60,66,3,a757b0d8,aa8d28ae,4663bd23,1,0,1,0,
Trinbago Knight Riders,61,66,3,4663bd23,aa8d28ae,a757b0d8,0,0,0,0,
Trinbago Knight Riders,62,68,3,4663bd23,aa8d28ae,a757b0d8,2,0,2,0,
Trinbago Knight Riders,63,69,3,4663bd23,aa8d28ae,a757b0d8,1,0,1,0,
Trinbago Knight Riders,64,70,3,a757b0d8,aa8d28ae,4663bd23,1,0,1,0,
Trinbago Knight Riders,65,70,3,a757b0d8,b0946605,4663bd23,0,0,0,0,
Trinbago Knight Riders,66,70,4,a757b0d8,b0946605,4663bd23,0,0,0,1,caught
Trinbago Knight Riders,67,70,4,4d7f517e,b0946605,4663bd23,0,0,0,0,
Trinbago Knight Riders,68,70,4,4d7f517e,b0946605,4663bd23,0,0,0,0,
Trinbago Knight Riders,69,70,4,4d7f517e,b0946605,4663bd23,0,0,0,0,
Trinbago Knight Riders,70,70,4,4d7f517e,b0946605,4663bd23,0,0,0,0,
Trinbago Knight Riders,71,71,4,4663bd23,3feda4fa,4d7f517e,1,0,1,0,
Trinbago Knight Riders,72,71,4,4d7f517e,3feda4fa,4663bd23,0,0,0,0,
Trinbago Knight Riders,73,71,4,4d7f517e,3feda4fa,4663bd23,0,0,0,0,
Trinbago Knight Riders,74,72,4,4d7f517e,3feda4fa,4663bd23,1,0,1,0,
Trinbago Knight Riders,75,73,4,4663bd23,3feda4fa,4d7f517e,1,0,1,0,
Trinbago Knight Riders,76,73,4,4d7f517e,3feda4fa,4663bd23,0,0,0,0,
Trinbago Knight Riders,77,74,4,4663bd23,78cb83f3,4d7f517e,1,0,1,0,
Trinbago Knight Riders,78,78,4,4d7f517e,78cb83f3,4663bd23,4,0,4,0,
Trinbago Knight Riders,79,80,4,4d7f517e,78cb83f3,4663bd23,2,0,2,0,
Trinbago Knight Riders,80,80,4,4d7f517e,78cb83f3,4663bd23,0,0,0,0,
Trinbago Knight Riders,81,81,4,4d7f517e,78cb83f3,4663bd23,1,0,1,0,
Trinbago Knight Riders,82,87,4,4663bd23,78cb83f3,4d7f517e,6,0,6,0,
Trinbago Knight Riders,83,87,4,4d7f517e,3feda4fa,4663bd23,0,0,0,0,
Trinbago Knight Riders,84,88,4,4d7f517e,3feda4fa,4663bd23,1,0,1,0,
Trinbago Knight Riders,85,88,4,4663bd23,3feda4fa,4d7f517e,0,0,0,0,
Trinbago Knight Riders,86,88,4,4663bd23,3feda4fa,4d7f517e,0,0,0,0,
Trinbago Knight Riders,87,89,4,4663bd23,3feda4fa,4d7f517e,1,0,1,0,
Trinbago Knight Riders,88,90,4,4d7f517e,3feda4fa,4663bd23,1,0,1,0,
Trinbago Knight Riders,89,91,4,4d7f517e,aa8d28ae,4663bd23,1,0,1,0,
Trinbago Knight Riders,90,95,4,4663bd23,aa8d28ae,4d7f517e,4,0,4,0,
Trinbago Knight Riders,91,95,4,4663bd23,aa8d28ae,4d7f517e,0,0,0,0,
Trinbago Knight Riders,92,96,4,4663bd23,aa8d28ae,4d7f517e,1,0,1,0,
Trinbago Knight Riders,93,97,4,4d7f517e,aa8d28ae,4663bd23,1,0,1,0,
Trinbago Knight Riders,94,98,4,4663bd23,aa8d28ae,4d7f517e,1,0,1,0,
Trinbago Knight Riders,95,98,5,4663bd23,6f4c73ce,4d7f517e,0,0,0,1,caught
Trinbago Knight Riders,96,99,5,4d7f517e,6f4c73ce,bbd41817,0,1,1,0,
Trinbago Knight Riders,97,100,5,bbd41817,6f4c73ce,4d7f517e,1,0,1,0,
Trinbago Knight Riders,98,100,5,4d7f517e,6f4c73ce,bbd41817,0,0,0,0,
Trinbago Knight Riders,99,101,5,4d7f517e,6f4c73ce,bbd41817,1,0,1,0,
Trinbago Knight Riders,100,102,5,bbd41817,6f4c73ce,4d7f517e,1,0,1,0,
Trinbago Knight Riders,101,103,5,bbd41817,b0946605,4d7f517e,1,0,1,0,
Trinbago Knight Riders,102,103,6,4d7f517e,b0946605,bbd41817,0,0,0,1,caught
Trinbago Knight Riders,103,103,6,9d430b40,b0946605,bbd41817,0,0,0,0,
Trinbago Knight Riders,104,107,6,9d430b40,b0946605,bbd41817,4,0,4,0,
Trinbago Knight Riders,105,107,6,9d430b40,b0946605,bbd41817,0,0,0,0,
Trinbago Knight Riders,106,108,6,9d430b40,b0946605,bbd41817,1,0,1,0,
Trinbago Knight Riders,107,109,6,9d430b40,6f4c73ce,bbd41817,0,1,1,0,
Trinbago Knight Riders,108,109,6,bbd41817,6f4c73ce,9d430b40,0,0,0,0,
Trinbago Knight Riders,109,110,6,bbd41817,6f4c73ce,9d430b40,1,0,1,0,
Trinbago Knight Riders,110,110,6,9d430b40,6f4c73ce,bbd41817,0,0,0,0,
Trinbago Knight Riders,111,111,6,9d430b40,6f4c73ce,bbd41817,0,1,1,0,
Trinbago Knight Riders,112,117,6,9d430b40,6f4c73ce,bbd41817,6,0,6,0,
Trinbago Knight Riders,113,118,6,9d430b40,6f4c73ce,bbd41817,1,0,1,0,
Trinbago Knight Riders,114,119,6,9d430b40,b0946605,bbd41817,1,0,1,0,
Trinbago Knight Riders,115,120,6,bbd41817,b0946605,9d430b40,1,0,1,0,
Trinbago Knight Riders,116,121,6,9d430b40,b0946605,bbd41817,1,0,1,0,
Trinbago Knight Riders,117,122,6,bbd41817,b0946605,9d430b40,1,0,1,0,
Trinbago Knight Riders,118,122,6,9d430b40,b0946605,bbd41817,0,0,0,0,
Trinbago Knight Riders,119,126,6,9d430b40,b0946605,bbd41817,4,0,4,0,
Trinbago Knight Riders,120,127,6,bbd41817,6f4c73ce,9d430b40,1,0,1,0,
Trinbago Knight Riders,121,128,6,9d430b40,6f4c73ce,bbd41817,0,1,1,0,
Trinbago Knight Riders,122,128,6,9d430b40,6f4c73ce,bbd41817,0,0,0,0,
Trinbago Knight Riders,123,129,6,9d430b40,6f4c73ce,bbd41817,0,1,1,0,
Trinbago Knight Riders,124,130,6,9d430b40,6f4c73ce,bbd41817,1,0,1,0,
Trinbago Knight Riders,125,134,6,bbd41817,6f4c73ce,9d430b40,4,0,4,0,
Trinbago Knight Riders,126,140,6,bbd41817,6f4c73ce,9d430b40,6,0,6,0,
Trinbago Knight Riders,127,146,6,bbd41817,6f4c73ce,9d430b40,6,0,6,0,
