batting_team,ball_number,total_team_runs,total_team_wickets,striker_ID,bowler_ID,nonstriker_ID,batter_runs,extras_runs,total_delivery_runs,wicket,wicket_type
Lesotho,1,0,0,70841eab,18ae55e4,88a5adcf,0,0,0,0,
Lesotho,2,0,0,70841eab,18ae55e4,88a5adcf,0,0,0,0,
Lesotho,3,0,0,70841eab,18ae55e4,88a5adcf,0,0,0,0,
Lesotho,4,0,0,70841eab,18ae55e4,88a5adcf,0,0,0,0,
Lesotho,5,0,0,70841eab,18ae55e4,88a5adcf,0,0,0,0,
Lesotho,6,1,0,70841eab,18ae55e4,88a5adcf,1,0,1,0,
Lesotho,7,5,0,70841eab,059ec7a5,88a5adcf,4,0,4,0,
Lesotho,8,5,0,70841eab,059ec7a5,88a5adcf,0,0,0,0,
Lesotho,9,6,0,70841eab,059ec7a5,88a5adcf,1,0,1,0,
Lesotho,10,6,0,88a5adcf,059ec7a5,70841eab,0,0,0,0,
Lesotho,11,8,0,88a5adcf,059ec7a5,70841eab,2,0,2,0,
Lesotho,12,12,0,88a5adcf,059ec7a5,70841eab,4,0,4,0,
Lesotho,13,12,1,70841eab,18ae55e4,88a5adcf,0,0,0,1,lbw
Lesotho,14,12,1,fd3c5c00,18ae55e4,88a5adcf,0,0,0,0,
Lesotho,15,15,1,fd3c5c00,18ae55e4,88a5adcf,3,0,3,0,
Lesotho,16,16,1,88a5adcf,18ae55e4,fd3c5c00,1,0,1,0,
Lesotho,17,16,1,fd3c5c00,18ae55e4,88a5adcf,0,0,0,0,
Lesotho,18,18,1,fd3c5c00,18ae55e4,88a5adcf,2,0,2,0,
Lesotho,19,19,1,88a5adcf,008a024c,fd3c5c00,1,0,1,0,
Lesotho,20,19,1,fd3c5c00,008a024c,88a5adcf,0,0,0,0,
Lesotho,21,23,1,fd3c5c00,008a024c,88a5adcf,4,0,4,0,
Lesotho,22,23,2,fd3c5c00,008a024c,88a5adcf,0,0,0,1,bowled
Lesotho,23,23,2,6f14ddcb,008a024c,88a5adcf,0,0,0,0,
Lesotho,24,25,2,6f14ddcb,008a024c,88a5adcf,2,0,2,0,
Lesotho,25,29,2,88a5adcf,18ae55e4,6f14ddcb,4,0,4,0,
Lesotho,26,31,2,88a5adcf,18ae55e4,6f14ddcb,2,0,2,0,
Lesotho,27,35,2,88a5adcf,18ae55e4,6f14ddcb,4,0,4,0,
Lesotho,28,36,2,88a5adcf,18ae55e4,6f14ddcb,1,0,1,0,
Lesotho,29,36,2,6f14ddcb,18ae55e4,88a5adcf,0,0,0,0,
Lesotho,30,36,2,6f14ddcb,18ae55e4,88a5adcf,0,0,0,0,
Lesotho,31,36,2,88a5adcf,008a024c,6f14ddcb,0,0,0,0,
Lesotho,32,37,2,88a5adcf,008a024c,6f14ddcb,1,0,1,0,
Lesotho,33,37,2,6f14ddcb,008a024c,88a5adcf,0,0,0,0,
Lesotho,34,37,2,6f14ddcb,008a024c,88a5adcf,0,0,0,0,
Lesotho,35,38,2,6f14ddcb,008a024c,88a5adcf,1,0,1,0,
Lesotho,36,40,2,88a5adcf,008a024c,6f14ddcb,2,0,2,0,
Lesotho,37,40,2,6f14ddcb,a96b36af,88a5adcf,0,0,0,0,
Lesotho,38,40,2,6f14ddcb,a96b36af,88a5adcf,0,0,0,0,
Lesotho,39,41,2,6f14ddcb,a96b36af,88a5adcf,1,0,1,0,
Lesotho,40,42,2,88a5adcf,a96b36af,6f14ddcb,1,0,1,0,
Lesotho,41,43,2,6f14ddcb,a96b36af,88a5adcf,1,0,1,0,
Lesotho,42,43,3,88a5adcf,a96b36af,6f14ddcb,0,0,0,1,caught
Lesotho,43,44,3,6f14ddcb,4393e047,06b387f1,0,1,1,0,
Lesotho,44,46,3,6f14ddcb,4393e047,06b387f1,2,0,2,0,
Lesotho,45,47,3,6f14ddcb,4393e047,06b387f1,1,0,1,0,
Lesotho,46,51,3,06b387f1,4393e047,6f14ddcb,4,0,4,0,
Lesotho,47,51,3,06b387f1,4393e047,6f14ddcb,0,0,0,0,
Lesotho,48,51,3,06b387f1,4393e047,6f14ddcb,0,0,0,0,
Lesotho,49,51,3,06b387f1,4393e047,6f14ddcb,0,0,0,0,
Lesotho,50,52,3,6f14ddcb,a96b36af,06b387f1,1,0,1,0,
Lesotho,51,52,4,06b387f1,a96b36af,6f14ddcb,0,0,0,1,lbw
Lesotho,52,54,4,2bae86b6,a96b36af,6f14ddcb,2,0,2,0,
Lesotho,53,55,4,2bae86b6,a96b36af,6f14ddcb,1,0,1,0,
Lesotho,54,61,4,6f14ddcb,a96b36af,2bae86b6,6,0,6,0,
Lesotho,55,67,4,6f14ddcb,a96b36af,2bae86b6,6,0,6,0,
Lesotho,56,67,4,2bae86b6,4393e047,6f14ddcb,0,0,0,0,
Lesotho,57,68,4,2bae86b6,4393e047,6f14ddcb,1,0,1,0,
Lesotho,58,69,4,6f14ddcb,4393e047,2bae86b6,1,0,1,0,
Lesotho,59,69,4,2bae86b6,4393e047,6f14ddcb,0,0,0,0,
Lesotho,60,70,4,2bae86b6,4393e047,6f14ddcb,1,0,1,0,
Lesotho,61,70,5,6f14ddcb,4393e047,2bae86b6,0,0,0,1,caught
Lesotho,62,71,5,2bae86b6,a96b36af,16ddd36b,1,0,1,0,
Lesotho,63,71,5,16ddd36b,a96b36af,2bae86b6,0,0,0,0,
Lesotho,64,71,6,16ddd36b,a96b36af,2bae86b6,0,0,0,1,caught
Lesotho,65,71,6,6535cc7b,a96b36af,2bae86b6,0,0,0,0,
Lesotho,66,71,7,6535cc7b,a96b36af,2bae86b6,0,0,0,1,caught and bowled
Lesotho,67,71,7,2e3dc859,a96b36af,2bae86b6,0,0,0,0,
Lesotho,68,73,7,2bae86b6,4393e047,2e3dc859,2,0,2,0,
Lesotho,69,79,7,2bae86b6,4393e047,2e3dc859,6,0,6,0,
Lesotho,70,79,7,2bae86b6,4393e047,2e3dc859,0,0,0,0,
Lesotho,71,79,8,2bae86b6,4393e047,2e3dc859,0,0,0,1,lbw
Lesotho,72,79,9,3b107df5,4393e047,2e3dc859,0,0,0,1,caught
Lesotho,73,81,9,dad64776,4393e047,2e3dc859,2,0,2,0,
Lesotho,74,83,9,2e3dc859,a96b36af,dad64776,2,0,2,0,
Lesotho,75,89,9,2e3dc859,a96b36af,dad64776,6,0,6,0,
Lesotho,76,91,9,2e3dc859,a96b36af,dad64776,2,0,2,0,
Lesotho,77,91,10,2e3dc859,a96b36af,dad64776,0,0,0,1,caught
Botswana,1,4,0,21549344,06b387f1,4393e047,0,4,4,0,
Botswana,2,8,0,21549344,06b387f1,4393e047,4,0,4,0,
Botswana,3,9,0,21549344,06b387f1,4393e047,1,0,1,0,
Botswana,4,13,0,4393e047,06b387f1,21549344,4,0,4,0,
Botswana,5,14,0,4393e047,06b387f1,21549344,1,0,1,0,
Botswana,6,18,0,21549344,06b387f1,4393e047,4,0,4,0,
Botswana,7,18,0,4393e047,16ddd36b,21549344,0,0,0,0,
Botswana,8,18,0,4393e047,16ddd36b,21549344,0,0,0,0,
Botswana,9,19,0,4393e047,16ddd36b,21549344,0,1,1,0,
Botswana,10,21,0,21549344,16ddd36b,4393e047,2,0,2,0,
Botswana,11,25,0,21549344,16ddd36b,4393e047,0,4,4,0,
Botswana,12,25,0,21549344,16ddd36b,4393e047,0,0,0,0,
Botswana,13,26,0,4393e047,06b387f1,21549344,1,0,1,0,
Botswana,14,27,0,21549344,06b387f1,4393e047,1,0,1,0,
Botswana,15,27,0,4393e047,06b387f1,21549344,0,0,0,0,
Botswana,16,27,0,4393e047,06b387f1,21549344,0,0,0,0,
Botswana,17,31,0,4393e047,06b387f1,21549344,4,0,4,0,
Botswana,18,35,0,4393e047,06b387f1,21549344,4,0,4,0,
Botswana,19,39,0,21549344,16ddd36b,4393e047,4,0,4,0,
Botswana,20,40,0,21549344,16ddd36b,4393e047,1,0,1,0,
Botswana,21,40,0,4393e047,16ddd36b,21549344,0,0,0,0,
Botswana,22,40,0,4393e047,16ddd36b,21549344,0,0,0,0,
Botswana,23,41,0,4393e047,16ddd36b,21549344,1,0,1,0,
Botswana,24,45,0,21549344,16ddd36b,4393e047,4,0,4,0,
Botswana,25,49,0,4393e047,dad64776,21549344,4,0,4,0,
Botswana,26,49,0,4393e047,dad64776,21549344,0,0,0,0,
Botswana,27,49,0,4393e047,dad64776,21549344,0,0,0,0,
Botswana,28,50,0,4393e047,dad64776,21549344,1,0,1,0,
Botswana,29,54,0,21549344,dad64776,4393e047,4,0,4,0,
Botswana,30,58,0,21549344,dad64776,4393e047,4,0,4,0,
Botswana,31,59,0,4393e047,6535cc7b,21549344,0,1,1,0,
Botswana,32,60,0,4393e047,6535cc7b,21549344,1,0,1,0,
Botswana,33,60,0,21549344,6535cc7b,4393e047,0,0,0,0,
Botswana,34,61,0,21549344,6535cc7b,4393e047,1,0,1,0,
Botswana,35,62,0,4393e047,6535cc7b,21549344,1,0,1,0,
Botswana,36,64,0,21549344,6535cc7b,4393e047,0,2,2,0,
Botswana,37,64,0,4393e047,6535cc7b,21549344,0,0,0,0,
Botswana,38,66,0,4393e047,6535cc7b,21549344,2,0,2,0,
Botswana,39,70,0,21549344,88a5adcf,4393e047,4,0,4,0,
Botswana,40,71,0,21549344,88a5adcf,4393e047,0,1,1,0,
Botswana,41,72,0,4393e047,88a5adcf,21549344,1,0,1,0,
Botswana,42,76,0,21549344,88a5adcf,4393e047,4,0,4,0,
Botswana,43,77,0,21549344,88a5adcf,4393e047,0,1,1,0,
Botswana,44,78,0,21549344,88a5adcf,4393e047,0,1,1,0,
Botswana,45,79,0,21549344,88a5adcf,4393e047,1,0,1,0,
Botswana,46,81,0,4393e047,88a5adcf,21549344,2,0,2,0,
Botswana,47,82,0,21549344,6535cc7b,4393e047,1,0,1,0,
Botswana,48,83,0,4393e047,6535cc7b,21549344,1,0,1,0,
Botswana,49,87,0,21549344,6535cc7b,4393e047,4,0,4,0,
Botswana,50,91,0,21549344,6535cc7b,4393e047,4,0,4,0,
Botswana,51,97,0,21549344,6535cc7b,4393e047,6,0,6,0,
