batting_team,ball_number,total_team_runs,total_team_wickets,striker_ID,bowler_ID,nonstriker_ID,batter_runs,extras_runs,total_delivery_runs,wicket,wicket_type
Adelaide Strikers,1,1,0,a90e53ec,24bb1c2f,62ef4abe,0,1,1,0,
Adelaide Strikers,2,5,0,a90e53ec,24bb1c2f,62ef4abe,4,0,4,0,
Adelaide Strikers,3,5,0,a90e53ec,24bb1c2f,62ef4abe,0,0,0,0,
Adelaide Strikers,4,6,0,a90e53ec,24bb1c2f,62ef4abe,0,1,1,0,
Adelaide Strikers,5,7,0,a90e53ec,24bb1c2f,62ef4abe,1,0,1,0,
Adelaide Strikers,6,7,0,62ef4abe,24bb1c2f,a90e53ec,0,0,0,0,
Adelaide Strikers,7,7,0,62ef4abe,24bb1c2f,a90e53ec,0,0,0,0,
Adelaide Strikers,8,13,0,62ef4abe,24bb1c2f,a90e53ec,6,0,6,0,
Adelaide Strikers,9,13,0,a90e53ec,8d5d991e,62ef4abe,0,0,0,0,
Adelaide Strikers,10,14,0,a90e53ec,8d5d991e,62ef4abe,1,0,1,0,
Adelaide Strikers,11,14,0,62ef4abe,8d5d991e,a90e53ec,0,0,0,0,
Adelaide Strikers,12,15,0,62ef4abe,8d5d991e,a90e53ec,1,0,1,0,
Adelaide Strikers,13,16,0,a90e53ec,8d5d991e,62ef4abe,1,0,1,0,
Adelaide Strikers,14,17,0,62ef4abe,8d5d991e,a90e53ec,1,0,1,0,
Adelaide Strikers,15,17,0,62ef4abe,be69e09d,a90e53ec,0,0,0,0,
Adelaide Strikers,16,21,0,62ef4abe,be69e09d,a90e53ec,4,0,4,0,
Adelaide Strikers,17,21,1,62ef4abe,be69e09d,a90e53ec,0,0,0,1,lbw
Adelaide Strikers,18,22,1,edc7ddb6,be69e09d,a90e53ec,1,0,1,0,
Adelaide Strikers,19,23,1,a90e53ec,be69e09d,edc7ddb6,1,0,1,0,
Adelaide Strikers,20,24,1,edc7ddb6,be69e09d,a90e53ec,1,0,1,0,
Adelaide Strikers,21,28,1,edc7ddb6,14f96089,a90e53ec,4,0,4,0,
Adelaide Strikers,22,29,1,edc7ddb6,14f96089,a90e53ec,1,0,1,0,
Adelaide Strikers,23,29,2,a90e53ec,14f96089,edc7ddb6,0,0,0,1,caught
Adelaide Strikers,24,30,2,8bdac857,14f96089,edc7ddb6,1,0,1,0,
Adelaide Strikers,25,30,2,edc7ddb6,14f96089,8bdac857,0,0,0,0,
Adelaide Strikers,26,30,2,edc7ddb6,14f96089,8bdac857,0,0,0,0,
Adelaide Strikers,27,31,2,8bdac857,8891669e,edc7ddb6,1,0,1,0,
Adelaide Strikers,28,32,2,edc7ddb6,8891669e,8bdac857,1,0,1,0,
Adelaide Strikers,29,32,2,8bdac857,8891669e,edc7ddb6,0,0,0,0,
Adelaide Strikers,30,32,2,8bdac857,8891669e,edc7ddb6,0,0,0,0,
Adelaide Strikers,31,32,2,8bdac857,8891669e,edc7ddb6,0,0,0,0,
Adelaide Strikers,32,33,2,8bdac857,8891669e,edc7ddb6,1,0,1,0,
Adelaide Strikers,33,34,2,8bdac857,8d5d991e,edc7ddb6,1,0,1,0,
Adelaide Strikers,34,34,2,edc7ddb6,8d5d991e,8bdac857,0,0,0,0,
Adelaide Strikers,35,34,3,edc7ddb6,8d5d991e,8bdac857,0,0,0,1,caught
Adelaide Strikers,36,34,3,8bdac857,8d5d991e,6ceb94d0,0,0,0,0,
Adelaide Strikers,37,34,3,8bdac857,8d5d991e,6ceb94d0,0,0,0,0,
Adelaide Strikers,38,34,3,8bdac857,8d5d991e,6ceb94d0,0,0,0,0,
Adelaide Strikers,39,35,3,6ceb94d0,14f96089,8bdac857,1,0,1,0,
Adelaide Strikers,40,36,3,8bdac857,14f96089,6ceb94d0,1,0,1,0,
Adelaide Strikers,41,37,3,6ceb94d0,14f96089,8bdac857,1,0,1,0,
Adelaide Strikers,42,37,3,8bdac857,14f96089,6ceb94d0,0,0,0,0,
Adelaide Strikers,43,38,3,8bdac857,14f96089,6ceb94d0,1,0,1,0,
Adelaide Strikers,44,39,3,6ceb94d0,14f96089,8bdac857,1,0,1,0,
Adelaide Strikers,45,40,3,6ceb94d0,e5ee7c83,8bdac857,1,0,1,0,
Adelaide Strikers,46,40,3,8bdac857,e5ee7c83,6ceb94d0,0,0,0,0,
Adelaide Strikers,47,41,3,8bdac857,e5ee7c83,6ceb94d0,1,0,1,0,
Adelaide Strikers,48,42,3,6ceb94d0,e5ee7c83,8bdac857,1,0,1,0,
Adelaide Strikers,49,48,3,8bdac857,e5ee7c83,6ceb94d0,6,0,6,0,
Adelaide Strikers,50,52,3,8bdac857,e5ee7c83,6ceb94d0,4,0,4,0,
Adelaide Strikers,51,53,3,6ceb94d0,24bb1c2f,8bdac857,0,1,1,0,
Adelaide Strikers,52,53,3,8bdac857,24bb1c2f,6ceb94d0,0,0,0,0,
Adelaide Strikers,53,53,3,8bdac857,24bb1c2f,6ceb94d0,0,0,0,0,
Adelaide Strikers,54,54,3,8bdac857,24bb1c2f,6ceb94d0,1,0,1,0,
Adelaide Strikers,55,55,3,6ceb94d0,24bb1c2f,8bdac857,1,0,1,0,
Adelaide Strikers,56,56,3,8bdac857,24bb1c2f,6ceb94d0,1,0,1,0,
Adelaide Strikers,57,60,3,8bdac857,8d5d991e,6ceb94d0,4,0,4,0,
Adelaide Strikers,58,61,3,8bdac857,8d5d991e,6ceb94d0,1,0,1,0,
Adelaide Strikers,59,62,3,6ceb94d0,8d5d991e,8bdac857,1,0,1,0,
Adelaide Strikers,60,64,3,8bdac857,8d5d991e,6ceb94d0,2,0,2,0,
Adelaide Strikers,61,64,3,8bdac857,8d5d991e,6ceb94d0,0,0,0,0,
Adelaide Strikers,62,66,3,8bdac857,8d5d991e,6ceb94d0,2,0,2,0,
Adelaide Strikers,63,66,3,6ceb94d0,8891669e,8bdac857,0,0,0,0,
Adelaide Strikers,64,67,3,6ceb94d0,8891669e,8bdac857,1,0,1,0,
Adelaide Strikers,65,68,3,8bdac857,8891669e,6ceb94d0,1,0,1,0,
Adelaide Strikers,66,69,3,6ceb94d0,8891669e,8bdac857,1,0,1,0,
Adelaide Strikers,67,71,3,8bdac857,8891669e,6ceb94d0,2,0,2,0,
Adelaide Strikers,68,72,3,8bdac857,8891669e,6ceb94d0,1,0,1,0,
Adelaide Strikers,69,73,3,8bdac857,be69e09d,6ceb94d0,1,0,1,0,
Adelaide Strikers,70,74,3,6ceb94d0,be69e09d,8bdac857,1,0,1,0,
Adelaide Strikers,71,77,3,8bdac857,be69e09d,6ceb94d0,3,0,3,0,
Adelaide Strikers,72,79,3,6ceb94d0,be69e09d,8bdac857,2,0,2,0,
Adelaide Strikers,73,80,3,6ceb94d0,be69e09d,8bdac857,1,0,1,0,
Adelaide Strikers,74,81,3,8bdac857,be69e09d,6ceb94d0,0,1,1,0,
Adelaide Strikers,75,81,3,8bdac857,be69e09d,6ceb94d0,0,0,0,0,
Adelaide Strikers,76,81,4,6ceb94d0,8891669e,8bdac857,0,0,0,1,caught
Adelaide Strikers,77,81,4,8bdac857,8891669e,50636767,0,0,0,0,
Adelaide Strikers,78,83,4,8bdac857,8891669e,50636767,2,0,2,0,
Adelaide Strikers,79,83,4,8bdac857,8891669e,50636767,0,0,0,0,
Adelaide Strikers,80,84,4,8bdac857,8891669e,50636767,1,0,1,0,
Adelaide Strikers,81,84,4,50636767,8891669e,8bdac857,0,0,0,0,
Adelaide Strikers,82,84,4,8bdac857,8d5d991e,50636767,0,0,0,0,
Adelaide Strikers,83,86,4,8bdac857,8d5d991e,50636767,2,0,2,0,
Adelaide Strikers,84,90,4,8bdac857,8d5d991e,50636767,4,0,4,0,
Adelaide Strikers,85,90,4,8bdac857,8d5d991e,50636767,0,0,0,0,
Adelaide Strikers,86,91,4,8bdac857,8d5d991e,50636767,0,1,1,0,
Adelaide Strikers,87,91,5,50636767,8d5d991e,8bdac857,0,0,0,1,stumped
Adelaide Strikers,88,92,5,8bdac857,8891669e,0ea1455a,1,0,1,0,
Adelaide Strikers,89,92,5,0ea1455a,8891669e,8bdac857,0,0,0,0,
Adelaide Strikers,90,93,5,0ea1455a,8891669e,8bdac857,1,0,1,0,
Adelaide Strikers,91,95,5,8bdac857,8891669e,0ea1455a,2,0,2,0,
Adelaide Strikers,92,99,5,8bdac857,8891669e,0ea1455a,4,0,4,0,
Adelaide Strikers,93,100,5,8bdac857,8891669e,0ea1455a,1,0,1,0,
Adelaide Strikers,94,101,5,8bdac857,14f96089,0ea1455a,1,0,1,0,
Adelaide Strikers,95,101,5,0ea1455a,14f96089,8bdac857,0,0,0,0,
Adelaide Strikers,96,102,5,0ea1455a,14f96089,8bdac857,1,0,1,0,
Adelaide Strikers,97,103,5,8bdac857,14f96089,0ea1455a,1,0,1,0,
Adelaide Strikers,98,103,5,0ea1455a,14f96089,8bdac857,0,0,0,0,
Adelaide Strikers,99,104,5,0ea1455a,14f96089,8bdac857,1,0,1,0,
Adelaide Strikers,100,105,5,0ea1455a,24bb1c2f,8bdac857,0,1,1,0,
Adelaide Strikers,101,106,5,8bdac857,24bb1c2f,0ea1455a,1,0,1,0,
Adelaide Strikers,102,107,5,0ea1455a,24bb1c2f,8bdac857,0,1,1,0,
Adelaide Strikers,103,108,5,8bdac857,24bb1c2f,0ea1455a,1,0,1,0,
Adelaide Strikers,104,109,5,0ea1455a,24bb1c2f,8bdac857,1,0,1,0,
Adelaide Strikers,105,111,5,8bdac857,24bb1c2f,0ea1455a,2,0,2,0,
Adelaide Strikers,106,111,5,0ea1455a,be69e09d,8bdac857,0,0,0,0,
Adelaide Strikers,107,112,5,0ea1455a,be69e09d,8bdac857,0,1,1,0,
Adelaide Strikers,108,115,5,0ea1455a,be69e09d,8bdac857,3,0,3,0,
Adelaide Strikers,109,117,5,8bdac857,be69e09d,0ea1455a,2,0,2,0,
Adelaide Strikers,110,121,5,8bdac857,be69e09d,0ea1455a,4,0,4,0,
Adelaide Strikers,111,122,5,8bdac857,be69e09d,0ea1455a,1,0,1,0,
Adelaide Strikers,112,126,5,0ea1455a,be69e09d,8bdac857,4,0,4,0,
Adelaide Strikers,113,128,5,8bdac857,14f96089,0ea1455a,2,0,2,0,
Adelaide Strikers,114,128,5,8bdac857,14f96089,0ea1455a,0,0,0,0,
Adelaide Strikers,115,128,6,8bdac857,14f96089,0ea1455a,0,0,0,1,caught
Adelaide Strikers,116,132,6,5f547c8b,14f96089,0ea1455a,4,0,4,0,
Adelaide Strikers,117,133,6,5f547c8b,14f96089,0ea1455a,1,0,1,0,
Adelaide Strikers,118,135,6,0ea1455a,14f96089,5f547c8b,2,0,2,0,
Adelaide Strikers,119,136,6,5f547c8b,24bb1c2f,0ea1455a,1,0,1,0,
Adelaide Strikers,120,137,6,0ea1455a,24bb1c2f,5f547c8b,1,0,1,0,
Adelaide Strikers,121,138,6,5f547c8b,24bb1c2f,0ea1455a,1,0,1,0,
Adelaide Strikers,122,138,7,0ea1455a,24bb1c2f,5f547c8b,0,0,0,1,bowled
Adelaide Strikers,123,138,8,bd93fea4,24bb1c2f,5f547c8b,0,0,0,1,bowled
Adelaide Strikers,124,139,9,272fc5ad,24bb1c2f,5f547c8b,1,0,1,1,run out
Melbourne Stars,1,1,0,2eca67f5,a90e53ec,8891669e,1,0,1,0,
Melbourne Stars,2,2,0,8891669e,a90e53ec,2eca67f5,0,1,1,0,
Melbourne Stars,3,2,0,8891669e,a90e53ec,2eca67f5,0,0,0,0,
Melbourne Stars,4,2,0,8891669e,a90e53ec,2eca67f5,0,0,0,0,
Melbourne Stars,5,3,0,8891669e,a90e53ec,2eca67f5,1,0,1,0,
Melbourne Stars,6,4,0,2eca67f5,a90e53ec,8891669e,1,0,1,0,
Melbourne Stars,7,4,0,8891669e,a90e53ec,2eca67f5,0,0,0,0,
Melbourne Stars,8,5,0,2eca67f5,272fc5ad,8891669e,1,0,1,0,
Melbourne Stars,9,6,0,8891669e,272fc5ad,2eca67f5,1,0,1,0,
Melbourne Stars,10,7,0,2eca67f5,272fc5ad,8891669e,1,0,1,0,
Melbourne Stars,11,7,1,8891669e,272fc5ad,2eca67f5,0,0,0,1,lbw
Melbourne Stars,12,7,1,02bce9a8,272fc5ad,2eca67f5,0,0,0,0,
Melbourne Stars,13,7,1,02bce9a8,272fc5ad,2eca67f5,0,0,0,0,
Melbourne Stars,14,7,1,2eca67f5,5f547c8b,02bce9a8,0,0,0,0,
Melbourne Stars,15,7,1,2eca67f5,5f547c8b,02bce9a8,0,0,0,0,
Melbourne Stars,16,8,1,2eca67f5,5f547c8b,02bce9a8,1,0,1,0,
Melbourne Stars,17,8,1,02bce9a8,5f547c8b,2eca67f5,0,0,0,0,
Melbourne Stars,18,8,1,02bce9a8,5f547c8b,2eca67f5,0,0,0,0,
Melbourne Stars,19,8,1,02bce9a8,5f547c8b,2eca67f5,0,0,0,0,
Melbourne Stars,20,14,1,2eca67f5,272fc5ad,02bce9a8,6,0,6,0,
Melbourne Stars,21,14,1,2eca67f5,272fc5ad,02bce9a8,0,0,0,0,
Melbourne Stars,22,18,1,2eca67f5,272fc5ad,02bce9a8,4,0,4,0,
Melbourne Stars,23,19,1,2eca67f5,272fc5ad,02bce9a8,1,0,1,0,
Melbourne Stars,24,22,1,02bce9a8,272fc5ad,2eca67f5,3,0,3,0,
Melbourne Stars,25,24,1,2eca67f5,272fc5ad,02bce9a8,2,0,2,0,
Melbourne Stars,26,25,2,02bce9a8,22ae3041,2eca67f5,0,1,1,1,stumped
Melbourne Stars,27,26,2,7a5f232a,22ae3041,2eca67f5,1,0,1,0,
Melbourne Stars,28,27,2,2eca67f5,22ae3041,7a5f232a,1,0,1,0,
Melbourne Stars,29,28,2,7a5f232a,22ae3041,2eca67f5,1,0,1,0,
Melbourne Stars,30,30,2,2eca67f5,22ae3041,7a5f232a,2,0,2,0,
Melbourne Stars,31,31,2,2eca67f5,22ae3041,7a5f232a,1,0,1,0,
Melbourne Stars,32,32,2,7a5f232a,22ae3041,2eca67f5,1,0,1,0,
Melbourne Stars,33,32,2,7a5f232a,bd93fea4,2eca67f5,0,0,0,0,
Melbourne Stars,34,33,2,7a5f232a,bd93fea4,2eca67f5,1,0,1,0,
Melbourne Stars,35,34,2,2eca67f5,bd93fea4,7a5f232a,1,0,1,0,
Melbourne Stars,36,38,2,7a5f232a,bd93fea4,2eca67f5,4,0,4,0,
Melbourne Stars,37,38,2,7a5f232a,bd93fea4,2eca67f5,0,0,0,0,
Melbourne Stars,38,38,2,7a5f232a,bd93fea4,2eca67f5,0,0,0,0,
Melbourne Stars,39,39,2,2eca67f5,22ae3041,7a5f232a,0,1,1,0,
Melbourne Stars,40,40,2,2eca67f5,22ae3041,7a5f232a,1,0,1,0,
Melbourne Stars,41,41,2,7a5f232a,22ae3041,2eca67f5,1,0,1,0,
Melbourne Stars,42,41,2,2eca67f5,22ae3041,7a5f232a,0,0,0,0,
Melbourne Stars,43,41,2,2eca67f5,22ae3041,7a5f232a,0,0,0,0,
Melbourne Stars,44,42,2,2eca67f5,22ae3041,7a5f232a,1,0,1,0,
Melbourne Stars,45,42,2,7a5f232a,22ae3041,2eca67f5,0,0,0,0,
Melbourne Stars,46,43,2,2eca67f5,5f547c8b,7a5f232a,1,0,1,0,
Melbourne Stars,47,43,2,7a5f232a,5f547c8b,2eca67f5,0,0,0,0,
Melbourne Stars,48,43,2,7a5f232a,5f547c8b,2eca67f5,0,0,0,0,
Melbourne Stars,49,43,2,7a5f232a,5f547c8b,2eca67f5,0,0,0,0,
Melbourne Stars,50,43,3,7a5f232a,5f547c8b,2eca67f5,0,0,0,1,caught
Melbourne Stars,51,44,3,2eca67f5,5f547c8b,ab965cad,1,0,1,0,
Melbourne Stars,52,46,3,2eca67f5,a90e53ec,ab965cad,2,0,2,0,
Melbourne Stars,53,46,3,2eca67f5,a90e53ec,ab965cad,0,0,0,0,
Melbourne Stars,54,47,3,2eca67f5,a90e53ec,ab965cad,1,0,1,0,
Melbourne Stars,55,51,3,ab965cad,a90e53ec,2eca67f5,4,0,4,0,
Melbourne Stars,56,52,3,ab965cad,a90e53ec,2eca67f5,1,0,1,0,
Melbourne Stars,57,53,3,2eca67f5,a90e53ec,ab965cad,1,0,1,0,
Melbourne Stars,58,54,3,2eca67f5,22ae3041,ab965cad,0,1,1,0,
Melbourne Stars,59,60,3,2eca67f5,22ae3041,ab965cad,6,0,6,0,
Melbourne Stars,60,62,3,2eca67f5,22ae3041,ab965cad,2,0,2,0,
Melbourne Stars,61,63,3,2eca67f5,22ae3041,ab965cad,1,0,1,0,
Melbourne Stars,62,69,3,ab965cad,22ae3041,2eca67f5,6,0,6,0,
Melbourne Stars,63,69,3,ab965cad,22ae3041,2eca67f5,0,0,0,0,
Melbourne Stars,64,69,3,ab965cad,22ae3041,2eca67f5,0,0,0,0,
Melbourne Stars,65,70,3,2eca67f5,a90e53ec,ab965cad,1,0,1,0,
Melbourne Stars,66,72,3,ab965cad,a90e53ec,2eca67f5,2,0,2,0,
Melbourne Stars,67,72,3,ab965cad,a90e53ec,2eca67f5,0,0,0,0,
Melbourne Stars,68,74,3,ab965cad,a90e53ec,2eca67f5,2,0,2,0,
Melbourne Stars,69,75,3,ab965cad,a90e53ec,2eca67f5,1,0,1,0,
Melbourne Stars,70,76,3,2eca67f5,a90e53ec,ab965cad,1,0,1,0,
Melbourne Stars,71,80,3,2eca67f5,bd93fea4,ab965cad,4,0,4,0,
Melbourne Stars,72,80,3,2eca67f5,bd93fea4,ab965cad,0,0,0,0,
Melbourne Stars,73,81,3,2eca67f5,bd93fea4,ab965cad,1,0,1,0,
Melbourne Stars,74,82,3,ab965cad,bd93fea4,2eca67f5,1,0,1,0,
Melbourne Stars,75,83,3,2eca67f5,bd93fea4,ab965cad,1,0,1,0,
Melbourne Stars,76,83,4,ab965cad,bd93fea4,2eca67f5,0,0,0,1,caught
Melbourne Stars,77,83,4,56b93d46,5f547c8b,2eca67f5,0,0,0,0,
Melbourne Stars,78,87,4,56b93d46,5f547c8b,2eca67f5,4,0,4,0,
Melbourne Stars,79,87,4,56b93d46,5f547c8b,2eca67f5,0,0,0,0,
Melbourne Stars,80,87,4,56b93d46,5f547c8b,2eca67f5,0,0,0,0,
Melbourne Stars,81,88,4,56b93d46,5f547c8b,2eca67f5,1,0,1,0,
Melbourne Stars,82,90,4,2eca67f5,5f547c8b,56b93d46,2,0,2,0,
Melbourne Stars,83,90,4,56b93d46,272fc5ad,2eca67f5,0,0,0,0,
Melbourne Stars,84,90,4,56b93d46,272fc5ad,2eca67f5,0,0,0,0,
Melbourne Stars,85,90,4,56b93d46,272fc5ad,2eca67f5,0,0,0,0,
Melbourne Stars,86,91,4,56b93d46,272fc5ad,2eca67f5,1,0,1,0,
Melbourne Stars,87,93,4,2eca67f5,272fc5ad,56b93d46,2,0,2,0,
Melbourne Stars,88,94,4,2eca67f5,272fc5ad,56b93d46,1,0,1,0,
Melbourne Stars,89,95,4,2eca67f5,5f547c8b,56b93d46,1,0,1,0,
Melbourne Stars,90,95,4,56b93d46,5f547c8b,2eca67f5,0,0,0,0,
Melbourne Stars,91,96,4,56b93d46,5f547c8b,2eca67f5,1,0,1,0,
Melbourne Stars,92,96,4,2eca67f5,5f547c8b,56b93d46,0,0,0,0,
Melbourne Stars,93,98,4,2eca67f5,5f547c8b,56b93d46,2,0,2,0,
Melbourne Stars,94,100,4,2eca67f5,5f547c8b,56b93d46,2,0,2,0,
Melbourne Stars,95,100,4,56b93d46,bd93fea4,2eca67f5,0,0,0,0,
Melbourne Stars,96,101,4,56b93d46,bd93fea4,2eca67f5,1,0,1,0,
Melbourne Stars,97,101,4,2eca67f5,bd93fea4,56b93d46,0,0,0,0,
Melbourne Stars,98,101,4,2eca67f5,bd93fea4,56b93d46,0,0,0,0,
Melbourne Stars,99,102,4,2eca67f5,bd93fea4,56b93d46,1,0,1,0,
Melbourne Stars,100,103,4,56b93d46,bd93fea4,2eca67f5,1,0,1,0,
Melbourne Stars,101,104,4,56b93d46,22ae3041,2eca67f5,1,0,1,0,
Melbourne Stars,102,104,4,2eca67f5,22ae3041,56b93d46,0,0,0,0,
Melbourne Stars,103,105,4,2eca67f5,22ae3041,56b93d46,1,0,1,0,
Melbourne Stars,104,106,4,56b93d46,22ae3041,2eca67f5,1,0,1,0,
Melbourne Stars,105,108,4,2eca67f5,22ae3041,56b93d46,2,0,2,0,
Melbourne Stars,106,109,4,2eca67f5,22ae3041,56b93d46,1,0,1,0,
Melbourne Stars,107,113,4,2eca67f5,272fc5ad,56b93d46,4,0,4,0,
Melbourne Stars,108,114,4,2eca67f5,272fc5ad,56b93d46,1,0,1,0,
Melbourne Stars,109,115,4,56b93d46,272fc5ad,2eca67f5,1,0,1,0,
Melbourne Stars,110,116,4,2eca67f5,272fc5ad,56b93d46,1,0,1,0,
Melbourne Stars,111,117,4,56b93d46,272fc5ad,2eca67f5,1,0,1,0,
Melbourne Stars,112,123,4,2eca67f5,272fc5ad,56b93d46,6,0,6,0,
Melbourne Stars,113,124,4,56b93d46,bd93fea4,2eca67f5,1,0,1,0,
Melbourne Stars,114,126,4,2eca67f5,bd93fea4,56b93d46,2,0,2,0,
Melbourne Stars,115,127,4,2eca67f5,bd93fea4,56b93d46,0,1,1,0,
Melbourne Stars,116,127,4,2eca67f5,bd93fea4,56b93d46,0,0,0,0,
Melbourne Stars,117,133,4,2eca67f5,bd93fea4,56b93d46,6,0,6,0,
Melbourne Stars,118,133,5,2eca67f5,bd93fea4,56b93d46,0,0,0,1,caught
Melbourne Stars,119,133,5,56b93d46,bd93fea4,8d5d991e,0,0,0,0,
Melbourne Stars,120,139,5,8d5d991e,a90e53ec,56b93d46,6,0,6,0,
Melbourne Stars,121,140,5,8d5d991e,a90e53ec,56b93d46,0,1,1,0,
