batting_team,ball_number,total_team_runs,total_team_wickets,striker_ID,bowler_ID,nonstriker_ID,batter_runs,extras_runs,total_delivery_runs,wicket,wicket_type
Seychelles,1,0,0,30564b3e,fe3e9880,b5dcec37,0,0,0,0,
Seychelles,2,1,0,30564b3e,fe3e9880,b5dcec37,1,0,1,0,
Seychelles,3,1,1,b5dcec37,fe3e9880,30564b3e,0,0,0,1,run out
Seychelles,4,1,1,95c2d309,fe3e9880,b5dcec37,0,0,0,0,
Seychelles,5,2,1,95c2d309,fe3e9880,b5dcec37,0,1,1,0,
Seychelles,6,2,1,b5dcec37,fe3e9880,95c2d309,0,0,0,0,
Seychelles,7,2,1,95c2d309,abbc06cf,b5dcec37,0,0,0,0,
Seychelles,8,3,1,95c2d309,abbc06cf,b5dcec37,0,1,1,0,
Seychelles,9,3,1,95c2d309,abbc06cf,b5dcec37,0,0,0,0,
Seychelles,10,5,1,95c2d309,abbc06cf,b5dcec37,2,0,2,0,
Seychelles,11,6,1,95c2d309,abbc06cf,b5dcec37,1,0,1,0,
Seychelles,12,7,1,b5dcec37,abbc06cf,95c2d309,1,0,1,0,
Seychelles,13,7,1,95c2d309,abbc06cf,b5dcec37,0,0,0,0,
Seychelles,14,7,1,b5dcec37,fe3e9880,95c2d309,0,0,0,0,
Seychelles,15,9,1,b5dcec37,fe3e9880,95c2d309,2,0,2,0,
Seychelles,16,9,1,b5dcec37,fe3e9880,95c2d309,0,0,0,0,
Seychelles,17,10,1,b5dcec37,fe3e9880,95c2d309,1,0,1,0,
Seychelles,18,12,1,95c2d309,fe3e9880,b5dcec37,0,2,2,0,
Seychelles,19,12,1,b5dcec37,fe3e9880,95c2d309,0,0,0,0,
Seychelles,20,12,1,b5dcec37,fe3e9880,95c2d309,0,0,0,0,
Seychelles,21,13,1,95c2d309,abbc06cf,b5dcec37,1,0,1,0,
Seychelles,22,14,1,b5dcec37,abbc06cf,95c2d309,0,1,1,0,
Seychelles,23,14,1,b5dcec37,abbc06cf,95c2d309,0,0,0,0,
Seychelles,24,15,1,b5dcec37,abbc06cf,95c2d309,1,0,1,0,
Seychelles,25,16,1,95c2d309,abbc06cf,b5dcec37,0,1,1,0,
Seychelles,26,16,1,95c2d309,abbc06cf,b5dcec37,0,0,0,0,
Seychelles,27,17,1,95c2d309,abbc06cf,b5dcec37,1,0,1,0,
Seychelles,28,18,1,b5dcec37,abbc06cf,95c2d309,0,1,1,0,
Seychelles,29,22,1,b5dcec37,abbc06cf,95c2d309,4,0,4,0,
Seychelles,30,26,1,95c2d309,86ea6123,b5dcec37,4,0,4,0,
Seychelles,31,26,1,95c2d309,86ea6123,b5dcec37,0,0,0,0,
Seychelles,32,27,1,95c2d309,86ea6123,b5dcec37,1,0,1,0,
Seychelles,33,27,1,b5dcec37,86ea6123,95c2d309,0,0,0,0,
Seychelles,34,27,1,b5dcec37,86ea6123,95c2d309,0,0,0,0,
Seychelles,35,30,1,b5dcec37,86ea6123,95c2d309,3,0,3,0,
Seychelles,36,31,1,b5dcec37,d7af6207,95c2d309,0,1,1,0,
Seychelles,37,35,1,b5dcec37,d7af6207,95c2d309,4,0,4,0,
Seychelles,38,35,1,b5dcec37,d7af6207,95c2d309,0,0,0,0,
Seychelles,39,35,1,b5dcec37,d7af6207,95c2d309,0,0,0,0,
Seychelles,40,36,1,b5dcec37,d7af6207,95c2d309,1,0,1,0,
Seychelles,41,40,1,95c2d309,d7af6207,b5dcec37,4,0,4,0,
Seychelles,42,40,1,95c2d309,d7af6207,b5dcec37,0,0,0,0,
Seychelles,43,40,1,b5dcec37,86ea6123,95c2d309,0,0,0,0,
Seychelles,44,40,1,b5dcec37,86ea6123,95c2d309,0,0,0,0,
Seychelles,45,40,1,b5dcec37,86ea6123,95c2d309,0,0,0,0,
Seychelles,46,42,1,b5dcec37,86ea6123,95c2d309,2,0,2,0,
Seychelles,47,43,1,b5dcec37,86ea6123,95c2d309,1,0,1,0,
Seychelles,48,46,1,95c2d309,86ea6123,b5dcec37,3,0,3,0,
Seychelles,49,50,1,95c2d309,d7af6207,b5dcec37,4,0,4,0,
Seychelles,50,52,1,95c2d309,d7af6207,b5dcec37,2,0,2,0,
Seychelles,51,56,1,95c2d309,d7af6207,b5dcec37,4,0,4,0,
Seychelles,52,57,1,95c2d309,d7af6207,b5dcec37,1,0,1,0,
Seychelles,53,58,1,b5dcec37,d7af6207,95c2d309,1,0,1,0,
Seychelles,54,58,1,95c2d309,d7af6207,b5dcec37,0,0,0,0,
Seychelles,55,59,1,b5dcec37,8a9320a1,95c2d309,1,0,1,0,
Seychelles,56,59,1,95c2d309,8a9320a1,b5dcec37,0,0,0,0,
Seychelles,57,60,1,95c2d309,8a9320a1,b5dcec37,1,0,1,0,
Seychelles,58,60,1,b5dcec37,8a9320a1,95c2d309,0,0,0,0,
Seychelles,59,60,1,b5dcec37,8a9320a1,95c2d309,0,0,0,0,
Seychelles,60,61,1,b5dcec37,8a9320a1,95c2d309,1,0,1,0,
Seychelles,61,62,1,b5dcec37,8c95e2dd,95c2d309,0,1,1,0,
Seychelles,62,62,1,b5dcec37,8c95e2dd,95c2d309,0,0,0,0,
Seychelles,63,63,1,b5dcec37,8c95e2dd,95c2d309,1,0,1,0,
Seychelles,64,63,2,95c2d309,8c95e2dd,b5dcec37,0,0,0,1,lbw
Seychelles,65,65,2,21fe743b,8c95e2dd,b5dcec37,2,0,2,0,
Seychelles,66,66,2,21fe743b,8c95e2dd,b5dcec37,1,0,1,0,
Seychelles,67,67,2,b5dcec37,8c95e2dd,21fe743b,0,1,1,0,
Seychelles,68,69,2,b5dcec37,8c95e2dd,21fe743b,2,0,2,0,
Seychelles,69,71,2,21fe743b,8a9320a1,b5dcec37,2,0,2,0,
Seychelles,70,71,2,21fe743b,8a9320a1,b5dcec37,0,0,0,0,
Seychelles,71,72,2,21fe743b,8a9320a1,b5dcec37,1,0,1,0,
Seychelles,72,73,2,b5dcec37,8a9320a1,21fe743b,1,0,1,0,
Seychelles,73,75,2,21fe743b,8a9320a1,b5dcec37,2,0,2,0,
Seychelles,74,75,2,21fe743b,8a9320a1,b5dcec37,0,0,0,0,
Seychelles,75,77,2,b5dcec37,8c95e2dd,21fe743b,2,0,2,0,
Seychelles,76,78,2,b5dcec37,8c95e2dd,21fe743b,1,0,1,0,
Seychelles,77,79,2,21fe743b,8c95e2dd,b5dcec37,0,1,1,0,
Seychelles,78,80,2,21fe743b,8c95e2dd,b5dcec37,1,0,1,0,
Seychelles,79,82,2,b5dcec37,8c95e2dd,21fe743b,2,0,2,0,
Seychelles,80,84,2,b5dcec37,8c95e2dd,21fe743b,2,0,2,0,
Seychelles,81,84,2,b5dcec37,8c95e2dd,21fe743b,0,0,0,0,
Seychelles,82,85,2,21fe743b,8a9320a1,b5dcec37,0,1,1,0,
Seychelles,83,85,2,b5dcec37,8a9320a1,21fe743b,0,0,0,0,
Seychelles,84,87,2,b5dcec37,8a9320a1,21fe743b,2,0,2,0,
Seychelles,85,87,2,b5dcec37,8a9320a1,21fe743b,0,0,0,0,
Seychelles,86,87,2,b5dcec37,8a9320a1,21fe743b,0,0,0,0,
Seychelles,87,88,2,b5dcec37,8a9320a1,21fe743b,1,0,1,0,
Seychelles,88,92,2,b5dcec37,8c95e2dd,21fe743b,4,0,4,0,
Seychelles,89,92,2,b5dcec37,8c95e2dd,21fe743b,0,0,0,0,
Seychelles,90,96,2,b5dcec37,8c95e2dd,21fe743b,4,0,4,0,
Seychelles,91,100,2,b5dcec37,8c95e2dd,21fe743b,4,0,4,0,
Seychelles,92,100,2,b5dcec37,8c95e2dd,21fe743b,0,0,0,0,
Seychelles,93,100,3,b5dcec37,8c95e2dd,21fe743b,0,0,0,1,bowled
Seychelles,94,100,3,21fe743b,8a9320a1,895ae8b6,0,0,0,0,
Seychelles,95,101,3,21fe743b,8a9320a1,895ae8b6,1,0,1,0,
Seychelles,96,101,3,895ae8b6,8a9320a1,21fe743b,0,0,0,0,
Seychelles,97,104,3,895ae8b6,8a9320a1,21fe743b,3,0,3,0,
Seychelles,98,106,3,21fe743b,8a9320a1,895ae8b6,1,1,2,0,
Seychelles,99,108,3,895ae8b6,8a9320a1,21fe743b,0,2,2,0,
Seychelles,100,110,3,895ae8b6,8a9320a1,21fe743b,0,2,2,0,
Seychelles,101,112,3,21fe743b,8c95e2dd,895ae8b6,2,0,2,0,
Seychelles,102,113,3,21fe743b,8c95e2dd,895ae8b6,1,0,1,0,
Seychelles,103,113,3,895ae8b6,8c95e2dd,21fe743b,0,0,0,0,
Seychelles,104,117,3,895ae8b6,8c95e2dd,21fe743b,4,0,4,0,
Seychelles,105,119,3,895ae8b6,8c95e2dd,21fe743b,2,0,2,0,
Seychelles,106,121,3,895ae8b6,8c95e2dd,21fe743b,2,0,2,0,
Seychelles,107,126,3,21fe743b,fe3e9880,895ae8b6,4,1,5,0,
Seychelles,108,130,3,21fe743b,fe3e9880,895ae8b6,4,0,4,0,
Seychelles,109,130,3,21fe743b,fe3e9880,895ae8b6,0,0,0,0,
Seychelles,110,132,3,21fe743b,fe3e9880,895ae8b6,2,0,2,0,
Seychelles,111,134,3,21fe743b,fe3e9880,895ae8b6,2,0,2,0,
Seychelles,112,138,3,21fe743b,fe3e9880,895ae8b6,4,0,4,0,
Seychelles,113,140,3,21fe743b,fe3e9880,895ae8b6,2,0,2,0,
Seychelles,114,140,3,895ae8b6,abbc06cf,21fe743b,0,0,0,0,
Seychelles,115,141,3,895ae8b6,abbc06cf,21fe743b,1,0,1,0,
Seychelles,116,143,3,21fe743b,abbc06cf,895ae8b6,2,0,2,0,
Seychelles,117,145,3,21fe743b,abbc06cf,895ae8b6,2,0,2,0,
Seychelles,118,145,3,21fe743b,abbc06cf,895ae8b6,0,0,0,0,
Seychelles,119,147,3,21fe743b,abbc06cf,895ae8b6,2,0,2,0,
Seychelles,120,149,3,895ae8b6,fe3e9880,21fe743b,2,0,2,0,
Seychelles,121,151,3,895ae8b6,fe3e9880,21fe743b,2,0,2,0,
Seychelles,122,151,3,895ae8b6,fe3e9880,21fe743b,0,0,0,0,
Seychelles,123,151,3,895ae8b6,fe3e9880,21fe743b,0,0,0,0,
Seychelles,124,151,3,895ae8b6,fe3e9880,21fe743b,0,0,0,0,
Seychelles,125,151,3,895ae8b6,fe3e9880,21fe743b,0,0,0,0,
Seychelles,126,155,3,21fe743b,abbc06cf,895ae8b6,4,0,4,0,
Seychelles,127,157,3,21fe743b,abbc06cf,895ae8b6,2,0,2,0,
Seychelles,128,158,3,21fe743b,abbc06cf,895ae8b6,1,0,1,0,
Seychelles,129,159,3,895ae8b6,abbc06cf,21fe743b,1,0,1,0,
Seychelles,130,160,3,21fe743b,abbc06cf,895ae8b6,1,0,1,0,
Seychelles,131,162,3,895ae8b6,abbc06cf,21fe743b,2,0,2,0,
Mali,1,0,0,5d00cd6f,60fc2c8c,86ea6123,0,0,0,0,
Mali,2,0,0,5d00cd6f,60fc2c8c,86ea6123,0,0,0,0,
Mali,3,0,0,5d00cd6f,60fc2c8c,86ea6123,0,0,0,0,
Mali,4,1,0,5d00cd6f,60fc2c8c,86ea6123,1,0,1,0,
Mali,5,1,0,86ea6123,60fc2c8c,5d00cd6f,0,0,0,0,
Mali,6,2,0,86ea6123,60fc2c8c,5d00cd6f,0,1,1,0,
Mali,7,2,0,86ea6123,60fc2c8c,5d00cd6f,0,0,0,0,
Mali,8,3,0,5d00cd6f,ee3bfb9b,86ea6123,1,0,1,0,
Mali,9,4,0,86ea6123,ee3bfb9b,5d00cd6f,1,0,1,0,
Mali,10,4,0,5d00cd6f,ee3bfb9b,86ea6123,0,0,0,0,
Mali,11,8,0,5d00cd6f,ee3bfb9b,86ea6123,4,0,4,0,
Mali,12,9,0,5d00cd6f,ee3bfb9b,86ea6123,0,1,1,0,
Mali,13,9,0,5d00cd6f,ee3bfb9b,86ea6123,0,0,0,0,
Mali,14,10,0,5d00cd6f,ee3bfb9b,86ea6123,1,0,1,0,
Mali,15,12,0,5d00cd6f,60fc2c8c,86ea6123,2,0,2,0,
Mali,16,12,0,5d00cd6f,60fc2c8c,86ea6123,0,0,0,0,
Mali,17,12,0,5d00cd6f,60fc2c8c,86ea6123,0,0,0,0,
Mali,18,12,0,5d00cd6f,60fc2c8c,86ea6123,0,0,0,0,
Mali,19,12,0,5d00cd6f,60fc2c8c,86ea6123,0,0,0,0,
Mali,20,12,0,5d00cd6f,60fc2c8c,86ea6123,0,0,0,0,
Mali,21,12,0,86ea6123,ee3bfb9b,5d00cd6f,0,0,0,0,
Mali,22,12,0,86ea6123,ee3bfb9b,5d00cd6f,0,0,0,0,
Mali,23,12,0,86ea6123,ee3bfb9b,5d00cd6f,0,0,0,0,
Mali,24,12,0,86ea6123,ee3bfb9b,5d00cd6f,0,0,0,0,
Mali,25,14,0,86ea6123,ee3bfb9b,5d00cd6f,2,0,2,0,
Mali,26,14,1,86ea6123,ee3bfb9b,5d00cd6f,0,0,0,1,bowled
Mali,27,14,2,5d00cd6f,c62a0327,8eb7c5a6,0,0,0,1,bowled
