batting_team,ball_number,total_team_runs,total_team_wickets,striker_ID,bowler_ID,nonstriker_ID,batter_runs,extras_runs,total_delivery_runs,wicket,wicket_type
Ghana,1,1,0,a1448a10,395695ce,bc3fc527,0,1,1,0,
Ghana,2,2,0,a1448a10,395695ce,bc3fc527,1,0,1,0,
Ghana,3,2,0,bc3fc527,395695ce,a1448a10,0,0,0,0,
Ghana,4,3,0,bc3fc527,395695ce,a1448a10,1,0,1,0,
Ghana,5,3,0,a1448a10,395695ce,bc3fc527,0,0,0,0,
Ghana,6,4,0,a1448a10,395695ce,bc3fc527,1,0,1,0,
Ghana,7,4,0,bc3fc527,395695ce,a1448a10,0,0,0,0,
Ghana,8,4,0,a1448a10,414d8a10,bc3fc527,0,0,0,0,
Ghana,9,4,0,a1448a10,414d8a10,bc3fc527,0,0,0,0,
Ghana,10,4,0,a1448a10,414d8a10,bc3fc527,0,0,0,0,
Ghana,11,4,0,a1448a10,414d8a10,bc3fc527,0,0,0,0,
Ghana,12,5,0,a1448a10,414d8a10,bc3fc527,0,1,1,0,
Ghana,13,6,0,a1448a10,414d8a10,bc3fc527,1,0,1,0,
Ghana,14,6,0,bc3fc527,414d8a10,a1448a10,0,0,0,0,
Ghana,15,7,0,a1448a10,395695ce,bc3fc527,1,0,1,0,
Ghana,16,7,0,bc3fc527,395695ce,a1448a10,0,0,0,0,
Ghana,17,8,0,bc3fc527,395695ce,a1448a10,1,0,1,0,
Ghana,18,9,0,a1448a10,395695ce,bc3fc527,1,0,1,0,
Ghana,19,10,0,bc3fc527,395695ce,a1448a10,1,0,1,0,
Ghana,20,14,0,a1448a10,395695ce,bc3fc527,4,0,4,0,
Ghana,21,15,0,bc3fc527,414d8a10,a1448a10,0,1,1,0,
Ghana,22,16,0,bc3fc527,414d8a10,a1448a10,1,0,1,0,
Ghana,23,16,0,a1448a10,414d8a10,bc3fc527,0,0,0,0,
Ghana,24,17,0,a1448a10,414d8a10,bc3fc527,0,1,1,0,
Ghana,25,17,0,bc3fc527,414d8a10,a1448a10,0,0,0,0,
Ghana,26,18,0,bc3fc527,414d8a10,a1448a10,1,0,1,0,
Ghana,27,18,0,a1448a10,414d8a10,bc3fc527,0,0,0,0,
Ghana,28,18,0,bc3fc527,87e33d07,a1448a10,0,0,0,0,
Ghana,29,18,0,bc3fc527,87e33d07,a1448a10,0,0,0,0,
Ghana,30,18,0,bc3fc527,87e33d07,a1448a10,0,0,0,0,
Ghana,31,18,0,bc3fc527,87e33d07,a1448a10,0,0,0,0,
Ghana,32,18,0,bc3fc527,87e33d07,a1448a10,0,0,0,0,
Ghana,33,18,0,bc3fc527,87e33d07,a1448a10,0,0,0,0,
Ghana,34,18,0,a1448a10,269cc4ff,bc3fc527,0,0,0,0,
Ghana,35,18,0,a1448a10,269cc4ff,bc3fc527,0,0,0,0,
Ghana,36,18,0,a1448a10,269cc4ff,bc3fc527,0,0,0,0,
Ghana,37,22,0,a1448a10,269cc4ff,bc3fc527,4,0,4,0,
Ghana,38,23,0,a1448a10,269cc4ff,bc3fc527,1,0,1,0,
Ghana,39,23,0,bc3fc527,269cc4ff,a1448a10,0,0,0,0,
Ghana,40,23,0,a1448a10,87e33d07,bc3fc527,0,0,0,0,
Ghana,41,24,0,a1448a10,87e33d07,bc3fc527,1,0,1,0,
Ghana,42,24,0,bc3fc527,87e33d07,a1448a10,0,0,0,0,
Ghana,43,24,0,bc3fc527,87e33d07,a1448a10,0,0,0,0,
Ghana,44,24,0,bc3fc527,87e33d07,a1448a10,0,0,0,0,
Ghana,45,24,0,bc3fc527,87e33d07,a1448a10,0,0,0,0,
Ghana,46,24,0,a1448a10,269cc4ff,bc3fc527,0,0,0,0,
Ghana,47,26,0,a1448a10,269cc4ff,bc3fc527,2,0,2,0,
Ghana,48,30,0,a1448a10,269cc4ff,bc3fc527,4,0,4,0,
Ghana,49,31,0,a1448a10,269cc4ff,bc3fc527,0,1,1,0,
Ghana,50,31,0,bc3fc527,269cc4ff,a1448a10,0,0,0,0,
Ghana,51,32,0,bc3fc527,269cc4ff,a1448a10,1,0,1,0,
Ghana,52,32,0,bc3fc527,87e33d07,a1448a10,0,0,0,0,
Ghana,53,33,0,bc3fc527,87e33d07,a1448a10,1,0,1,0,
Ghana,54,39,0,a1448a10,87e33d07,bc3fc527,6,0,6,0,
Ghana,55,39,0,a1448a10,87e33d07,bc3fc527,0,0,0,0,
Ghana,56,40,0,a1448a10,87e33d07,bc3fc527,1,0,1,0,
Ghana,57,41,0,bc3fc527,87e33d07,a1448a10,1,0,1,0,
Ghana,58,42,0,bc3fc527,a3a275ec,a1448a10,0,1,1,0,
Ghana,59,43,0,bc3fc527,a3a275ec,a1448a10,0,1,1,0,
Ghana,60,49,0,bc3fc527,a3a275ec,a1448a10,6,0,6,0,
Ghana,61,49,0,bc3fc527,a3a275ec,a1448a10,0,0,0,0,
Ghana,62,51,0,bc3fc527,a3a275ec,a1448a10,2,0,2,0,
Ghana,63,52,0,bc3fc527,a3a275ec,a1448a10,1,0,1,0,
Ghana,64,52,0,a1448a10,a3a275ec,bc3fc527,0,0,0,0,
Ghana,65,52,0,a1448a10,a3a275ec,bc3fc527,0,0,0,0,
Ghana,66,53,0,bc3fc527,30d8136b,a1448a10,1,0,1,0,
Ghana,67,59,0,a1448a10,30d8136b,bc3fc527,6,0,6,0,
Ghana,68,63,0,a1448a10,30d8136b,bc3fc527,4,0,4,0,
Ghana,69,67,0,a1448a10,30d8136b,bc3fc527,4,0,4,0,
Ghana,70,68,0,a1448a10,30d8136b,bc3fc527,1,0,1,0,
Ghana,71,68,0,bc3fc527,30d8136b,a1448a10,0,0,0,0,
Ghana,72,69,0,a1448a10,a3a275ec,bc3fc527,1,0,1,0,
Ghana,73,71,0,bc3fc527,a3a275ec,a1448a10,2,0,2,0,
Ghana,74,72,0,bc3fc527,a3a275ec,a1448a10,1,0,1,0,
Ghana,75,73,0,a1448a10,a3a275ec,bc3fc527,1,0,1,0,
Ghana,76,74,0,bc3fc527,a3a275ec,a1448a10,1,0,1,0,
Ghana,77,74,1,a1448a10,a3a275ec,bc3fc527,0,0,0,1,caught
Ghana,78,74,1,bc3fc527,395695ce,68e21fb1,0,0,0,0,
Ghana,79,74,1,bc3fc527,395695ce,68e21fb1,0,0,0,0,
Ghana,80,74,1,bc3fc527,395695ce,68e21fb1,0,0,0,0,
Ghana,81,78,1,bc3fc527,395695ce,68e21fb1,4,0,4,0,
Ghana,82,79,1,bc3fc527,395695ce,68e21fb1,1,0,1,0,
Ghana,83,79,1,68e21fb1,395695ce,bc3fc527,0,0,0,0,
Ghana,84,80,1,bc3fc527,a3a275ec,68e21fb1,1,0,1,0,
Ghana,85,81,1,68e21fb1,a3a275ec,bc3fc527,1,0,1,0,
Ghana,86,82,1,bc3fc527,a3a275ec,68e21fb1,1,0,1,0,
Ghana,87,83,1,68e21fb1,a3a275ec,bc3fc527,1,0,1,0,
Ghana,88,84,1,bc3fc527,a3a275ec,68e21fb1,1,0,1,0,
Ghana,89,84,2,68e21fb1,a3a275ec,bc3fc527,0,0,0,1,caught and bowled
Ghana,90,88,2,bc3fc527,414d8a10,b38a9f73,4,0,4,0,
Ghana,91,88,2,bc3fc527,414d8a10,b38a9f73,0,0,0,0,
Ghana,92,89,2,bc3fc527,414d8a10,b38a9f73,1,0,1,0,
Ghana,93,93,2,b38a9f73,414d8a10,bc3fc527,4,0,4,0,
Ghana,94,95,2,b38a9f73,414d8a10,bc3fc527,2,0,2,0,
Ghana,95,96,2,b38a9f73,414d8a10,bc3fc527,1,0,1,0,
Ghana,96,97,2,b38a9f73,a3a275ec,bc3fc527,1,0,1,0,
Ghana,97,99,2,bc3fc527,a3a275ec,b38a9f73,2,0,2,0,
Ghana,98,100,2,bc3fc527,a3a275ec,b38a9f73,1,0,1,0,
Ghana,99,100,3,b38a9f73,a3a275ec,bc3fc527,0,0,0,1,caught
Ghana,100,100,3,bc3fc527,a3a275ec,c74c583b,0,0,0,0,
Ghana,101,101,3,bc3fc527,a3a275ec,c74c583b,0,1,1,0,
Ghana,102,102,3,bc3fc527,a3a275ec,c74c583b,1,0,1,0,
Ghana,103,102,4,bc3fc527,269cc4ff,c74c583b,0,0,0,1,caught
Ghana,104,106,4,f98c24ec,269cc4ff,c74c583b,4,0,4,0,
Ghana,105,106,4,f98c24ec,269cc4ff,c74c583b,0,0,0,0,
Ghana,106,106,4,f98c24ec,269cc4ff,c74c583b,0,0,0,0,
Ghana,107,108,4,f98c24ec,269cc4ff,c74c583b,2,0,2,0,
Ghana,108,114,4,f98c24ec,269cc4ff,c74c583b,6,0,6,0,
Ghana,109,117,4,c74c583b,414d8a10,f98c24ec,3,0,3,0,
Ghana,110,118,4,f98c24ec,414d8a10,c74c583b,1,0,1,0,
Ghana,111,120,4,c74c583b,414d8a10,f98c24ec,2,0,2,0,
Ghana,112,120,5,c74c583b,414d8a10,f98c24ec,0,0,0,1,bowled
Ghana,113,120,6,c6c7d01b,414d8a10,f98c24ec,0,0,0,1,bowled
Ghana,114,120,6,87046e99,414d8a10,f98c24ec,0,0,0,0,
Ghana,115,122,6,f98c24ec,395695ce,87046e99,2,0,2,0,
Ghana,116,122,7,f98c24ec,395695ce,87046e99,0,0,0,1,run out
Ghana,117,122,8,4fafd79a,395695ce,87046e99,0,0,0,1,lbw
Ghana,118,123,8,1ce4f664,395695ce,87046e99,0,1,1,0,
Ghana,119,123,8,1ce4f664,395695ce,87046e99,0,0,0,0,
Ghana,120,124,8,1ce4f664,395695ce,87046e99,1,0,1,0,
Ghana,121,124,8,87046e99,395695ce,1ce4f664,0,0,0,0,
Ghana,122,125,8,1ce4f664,269cc4ff,87046e99,1,0,1,0,
Ghana,123,127,8,87046e99,269cc4ff,1ce4f664,2,0,2,0,
Ghana,124,127,8,87046e99,269cc4ff,1ce4f664,0,0,0,0,
Ghana,125,128,8,87046e99,269cc4ff,1ce4f664,1,0,1,0,
Ghana,126,129,9,1ce4f664,269cc4ff,87046e99,1,0,1,1,run out
Ghana,127,133,9,118b0a7c,269cc4ff,87046e99,4,0,4,0,
Uganda,1,0,0,c2c975f9,1ce4f664,f33cfd25,0,0,0,0,
Uganda,2,0,0,c2c975f9,1ce4f664,f33cfd25,0,0,0,0,
Uganda,3,0,0,c2c975f9,1ce4f664,f33cfd25,0,0,0,0,
Uganda,4,0,0,c2c975f9,1ce4f664,f33cfd25,0,0,0,0,
Uganda,5,4,0,c2c975f9,1ce4f664,f33cfd25,4,0,4,0,
Uganda,6,5,0,c2c975f9,1ce4f664,f33cfd25,0,1,1,0,
Uganda,7,9,0,c2c975f9,1ce4f664,f33cfd25,4,0,4,0,
Uganda,8,10,0,f33cfd25,c74c583b,c2c975f9,0,1,1,0,
Uganda,9,11,0,f33cfd25,c74c583b,c2c975f9,1,0,1,0,
Uganda,10,12,0,c2c975f9,c74c583b,f33cfd25,1,0,1,0,
Uganda,11,13,0,f33cfd25,c74c583b,c2c975f9,1,0,1,0,
Uganda,12,13,0,c2c975f9,c74c583b,f33cfd25,0,0,0,0,
Uganda,13,14,0,c2c975f9,c74c583b,f33cfd25,1,0,1,0,
Uganda,14,15,0,f33cfd25,c74c583b,c2c975f9,1,0,1,0,
Uganda,15,15,0,f33cfd25,87046e99,c2c975f9,0,0,0,0,
Uganda,16,16,0,f33cfd25,87046e99,c2c975f9,0,1,1,0,
Uganda,17,17,0,f33cfd25,87046e99,c2c975f9,0,1,1,0,
Uganda,18,19,0,f33cfd25,87046e99,c2c975f9,1,1,2,0,
Uganda,19,19,0,c2c975f9,87046e99,f33cfd25,0,0,0,0,
Uganda,20,24,0,c2c975f9,87046e99,f33cfd25,4,1,5,0,
Uganda,21,24,0,c2c975f9,87046e99,f33cfd25,0,0,0,0,
Uganda,22,25,0,c2c975f9,87046e99,f33cfd25,1,0,1,0,
Uganda,23,26,0,f33cfd25,87046e99,c2c975f9,0,1,1,0,
Uganda,24,26,0,f33cfd25,87046e99,c2c975f9,0,0,0,0,
Uganda,25,26,0,f33cfd25,87046e99,c2c975f9,0,0,0,0,
Uganda,26,26,0,c2c975f9,b38a9f73,f33cfd25,0,0,0,0,
Uganda,27,26,0,c2c975f9,b38a9f73,f33cfd25,0,0,0,0,
Uganda,28,26,0,c2c975f9,b38a9f73,f33cfd25,0,0,0,0,
Uganda,29,26,0,c2c975f9,b38a9f73,f33cfd25,0,0,0,0,
Uganda,30,30,0,c2c975f9,b38a9f73,f33cfd25,4,0,4,0,
Uganda,31,30,0,c2c975f9,b38a9f73,f33cfd25,0,0,0,0,
Uganda,32,30,0,f33cfd25,c74c583b,c2c975f9,0,0,0,0,
Uganda,33,30,0,f33cfd25,c74c583b,c2c975f9,0,0,0,0,
Uganda,34,31,0,f33cfd25,c74c583b,c2c975f9,1,0,1,0,
Uganda,35,31,0,c2c975f9,c74c583b,f33cfd25,0,0,0,0,
Uganda,36,37,0,c2c975f9,c74c583b,f33cfd25,6,0,6,0,
Uganda,37,37,0,c2c975f9,c74c583b,f33cfd25,0,0,0,0,
Uganda,38,38,0,f33cfd25,bc3fc527,c2c975f9,1,0,1,0,
Uganda,39,39,0,c2c975f9,bc3fc527,f33cfd25,1,0,1,0,
Uganda,40,39,0,f33cfd25,bc3fc527,c2c975f9,0,0,0,0,
Uganda,41,39,0,f33cfd25,bc3fc527,c2c975f9,0,0,0,0,
Uganda,42,39,0,f33cfd25,bc3fc527,c2c975f9,0,0,0,0,
Uganda,43,43,0,f33cfd25,bc3fc527,c2c975f9,4,0,4,0,
Uganda,44,43,0,c2c975f9,b38a9f73,f33cfd25,0,0,0,0,
Uganda,45,45,0,c2c975f9,b38a9f73,f33cfd25,2,0,2,0,
Uganda,46,45,0,c2c975f9,b38a9f73,f33cfd25,0,0,0,0,
Uganda,47,46,0,c2c975f9,b38a9f73,f33cfd25,1,0,1,0,
Uganda,48,46,0,f33cfd25,b38a9f73,c2c975f9,0,0,0,0,
Uganda,49,50,0,f33cfd25,b38a9f73,c2c975f9,4,0,4,0,
Uganda,50,52,0,c2c975f9,bc3fc527,f33cfd25,2,0,2,0,
Uganda,51,52,0,c2c975f9,bc3fc527,f33cfd25,0,0,0,0,
Uganda,52,53,0,c2c975f9,bc3fc527,f33cfd25,1,0,1,0,
Uganda,53,54,0,f33cfd25,bc3fc527,c2c975f9,1,0,1,0,
Uganda,54,55,0,c2c975f9,bc3fc527,f33cfd25,1,0,1,0,
Uganda,55,56,0,f33cfd25,bc3fc527,c2c975f9,1,0,1,0,
Uganda,56,60,0,f33cfd25,b38a9f73,c2c975f9,0,4,4,0,
Uganda,57,60,0,f33cfd25,b38a9f73,c2c975f9,0,0,0,0,
Uganda,58,60,0,f33cfd25,b38a9f73,c2c975f9,0,0,0,0,
Uganda,59,63,0,f33cfd25,b38a9f73,c2c975f9,3,0,3,0,
Uganda,60,64,0,c2c975f9,b38a9f73,f33cfd25,1,0,1,0,
Uganda,61,65,0,f33cfd25,b38a9f73,c2c975f9,0,1,1,0,
Uganda,62,69,0,f33cfd25,f98c24ec,c2c975f9,4,0,4,0,
Uganda,63,70,0,f33cfd25,f98c24ec,c2c975f9,0,1,1,0,
Uganda,64,71,0,f33cfd25,f98c24ec,c2c975f9,0,1,1,0,
Uganda,65,72,0,f33cfd25,f98c24ec,c2c975f9,0,1,1,0,
Uganda,66,74,0,f33cfd25,f98c24ec,c2c975f9,2,0,2,0,
Uganda,67,74,0,f33cfd25,f98c24ec,c2c975f9,0,0,0,0,
Uganda,68,75,0,f33cfd25,f98c24ec,c2c975f9,1,0,1,0,
Uganda,69,76,0,c2c975f9,f98c24ec,f33cfd25,1,0,1,0,
Uganda,70,77,0,f33cfd25,f98c24ec,c2c975f9,1,0,1,0,
Uganda,71,78,0,f33cfd25,118b0a7c,c2c975f9,1,0,1,0,
Uganda,72,80,0,c2c975f9,118b0a7c,f33cfd25,2,0,2,0,
Uganda,73,80,0,c2c975f9,118b0a7c,f33cfd25,0,0,0,0,
Uganda,74,81,0,c2c975f9,118b0a7c,f33cfd25,1,0,1,0,
Uganda,75,85,0,f33cfd25,118b0a7c,c2c975f9,4,0,4,0,
Uganda,76,85,1,f33cfd25,118b0a7c,c2c975f9,0,0,0,1,caught
Uganda,77,86,1,c2c975f9,bc3fc527,7636b587,1,0,1,0,
Uganda,78,86,1,7636b587,bc3fc527,c2c975f9,0,0,0,0,
Uganda,79,87,1,7636b587,bc3fc527,c2c975f9,1,0,1,0,
Uganda,80,88,1,c2c975f9,bc3fc527,7636b587,1,0,1,0,
Uganda,81,89,1,7636b587,bc3fc527,c2c975f9,1,0,1,0,
Uganda,82,90,1,c2c975f9,bc3fc527,7636b587,1,0,1,0,
Uganda,83,91,1,c2c975f9,118b0a7c,7636b587,1,0,1,0,
Uganda,84,91,1,7636b587,118b0a7c,c2c975f9,0,0,0,0,
Uganda,85,91,1,7636b587,118b0a7c,c2c975f9,0,0,0,0,
Uganda,86,91,1,7636b587,118b0a7c,c2c975f9,0,0,0,0,
Uganda,87,91,1,7636b587,118b0a7c,c2c975f9,0,0,0,0,
Uganda,88,91,1,7636b587,118b0a7c,c2c975f9,0,0,0,0,
Uganda,89,92,1,c2c975f9,bc3fc527,7636b587,1,0,1,0,
Uganda,90,94,1,7636b587,bc3fc527,c2c975f9,2,0,2,0,
Uganda,91,95,1,7636b587,bc3fc527,c2c975f9,1,0,1,0,
Uganda,92,96,1,c2c975f9,bc3fc527,7636b587,1,0,1,0,
Uganda,93,99,1,7636b587,bc3fc527,c2c975f9,3,0,3,0,
Uganda,94,100,1,c2c975f9,bc3fc527,7636b587,1,0,1,0,
Uganda,95,101,1,c2c975f9,118b0a7c,7636b587,0,1,1,0,
Uganda,96,104,1,c2c975f9,118b0a7c,7636b587,2,1,3,0,
Uganda,97,105,1,c2c975f9,118b0a7c,7636b587,1,0,1,0,
Uganda,98,107,1,7636b587,118b0a7c,c2c975f9,1,1,2,0,
Uganda,99,107,1,c2c975f9,118b0a7c,7636b587,0,0,0,0,
Uganda,100,109,1,c2c975f9,118b0a7c,7636b587,1,1,2,0,
Uganda,101,111,1,7636b587,118b0a7c,c2c975f9,1,1,2,0,
Uganda,102,112,1,c2c975f9,118b0a7c,7636b587,1,0,1,0,
Uganda,103,112,1,7636b587,118b0a7c,c2c975f9,0,0,0,0,
Uganda,104,112,2,7636b587,118b0a7c,c2c975f9,0,0,0,1,caught
Uganda,105,116,2,269cc4ff,118b0a7c,c2c975f9,4,0,4,0,
Uganda,106,117,2,c2c975f9,a1448a10,269cc4ff,1,0,1,0,
Uganda,107,118,2,269cc4ff,a1448a10,c2c975f9,1,0,1,0,
Uganda,108,119,2,c2c975f9,a1448a10,269cc4ff,1,0,1,0,
Uganda,109,120,2,269cc4ff,a1448a10,c2c975f9,1,0,1,0,
Uganda,110,121,2,c2c975f9,a1448a10,269cc4ff,1,0,1,0,
Uganda,111,122,2,269cc4ff,a1448a10,c2c975f9,1,0,1,0,
Uganda,112,122,2,269cc4ff,b38a9f73,c2c975f9,0,0,0,0,
Uganda,113,123,2,269cc4ff,b38a9f73,c2c975f9,1,0,1,0,
Uganda,114,123,2,c2c975f9,b38a9f73,269cc4ff,0,0,0,0,
Uganda,115,124,2,c2c975f9,b38a9f73,269cc4ff,1,0,1,0,
Uganda,116,125,2,269cc4ff,b38a9f73,c2c975f9,1,0,1,0,
Uganda,117,126,2,c2c975f9,b38a9f73,269cc4ff,1,0,1,0,
Uganda,118,127,2,c2c975f9,a1448a10,269cc4ff,1,0,1,0,
Uganda,119,127,2,269cc4ff,a1448a10,c2c975f9,0,0,0,0,
Uganda,120,131,2,269cc4ff,a1448a10,c2c975f9,4,0,4,0,
Uganda,121,135,2,269cc4ff,a1448a10,c2c975f9,4,0,4,0,
