batting_team,ball_number,total_team_runs,total_team_wickets,striker_ID,bowler_ID,nonstriker_ID,batter_runs,extras_runs,total_delivery_runs,wicket,wicket_type
England,1,0,0,99b75528,a818c1be,92aeac25,0,0,0,0,
England,2,3,0,99b75528,a818c1be,92aeac25,3,0,3,0,
England,3,3,0,92aeac25,a818c1be,99b75528,0,0,0,0,
England,4,3,0,92aeac25,a818c1be,99b75528,0,0,0,0,
England,5,7,0,92aeac25,a818c1be,99b75528,4,0,4,0,
England,6,9,0,92aeac25,a818c1be,99b75528,2,0,2,0,
England,7,10,0,99b75528,13c35c9e,92aeac25,1,0,1,0,
England,8,10,0,92aeac25,13c35c9e,99b75528,0,0,0,0,
England,9,10,0,92aeac25,13c35c9e,99b75528,0,0,0,0,
England,10,14,0,92aeac25,13c35c9e,99b75528,4,0,4,0,
England,11,16,0,92aeac25,13c35c9e,99b75528,2,0,2,0,
England,12,16,0,92aeac25,13c35c9e,99b75528,0,0,0,0,
England,13,16,0,99b75528,a818c1be,92aeac25,0,0,0,0,
England,14,16,0,99b75528,a818c1be,92aeac25,0,0,0,0,
England,15,17,0,99b75528,a818c1be,92aeac25,1,0,1,0,
England,16,17,0,92aeac25,a818c1be,99b75528,0,0,0,0,
England,17,17,0,92aeac25,a818c1be,99b75528,0,0,0,0,
England,18,21,0,92aeac25,a818c1be,99b75528,4,0,4,0,
England,19,22,0,99b75528,e4a0deae,92aeac25,1,0,1,0,
England,20,22,0,92aeac25,e4a0deae,99b75528,0,0,0,0,
England,21,22,0,92aeac25,e4a0deae,99b75528,0,0,0,0,
England,22,22,0,92aeac25,e4a0deae,99b75528,0,0,0,0,
England,23,23,0,92aeac25,e4a0deae,99b75528,0,1,1,0,
England,24,25,0,99b75528,e4a0deae,92aeac25,2,0,2,0,
England,25,31,0,92aeac25,13c35c9e,99b75528,6,0,6,0,
England,26,31,0,92aeac25,13c35c9e,99b75528,0,0,0,0,
England,27,35,0,92aeac25,13c35c9e,99b75528,4,0,4,0,
England,28,39,0,92aeac25,13c35c9e,99b75528,4,0,4,0,
England,29,39,0,92aeac25,13c35c9e,99b75528,0,0,0,0,
England,30,40,0,92aeac25,13c35c9e,99b75528,1,0,1,0,
England,31,44,0,92aeac25,e4a0deae,99b75528,4,0,4,0,
England,32,45,0,92aeac25,e4a0deae,99b75528,1,0,1,0,
England,33,45,0,99b75528,e4a0deae,92aeac25,0,0,0,0,
England,34,46,0,99b75528,e4a0deae,92aeac25,1,0,1,0,
England,35,47,0,92aeac25,e4a0deae,99b75528,1,0,1,0,
England,36,48,0,99b75528,e4a0deae,92aeac25,1,0,1,0,
England,37,49,0,99b75528,2f9d0389,92aeac25,1,0,1,0,
England,38,50,0,92aeac25,2f9d0389,99b75528,1,0,1,0,
England,39,56,0,99b75528,2f9d0389,92aeac25,6,0,6,0,
England,40,57,0,99b75528,2f9d0389,92aeac25,1,0,1,0,
England,41,57,0,92aeac25,2f9d0389,99b75528,0,0,0,0,
England,42,58,0,92aeac25,2f9d0389,99b75528,1,0,1,0,
England,43,58,0,92aeac25,641ac5ff,99b75528,0,0,0,0,
England,44,59,0,92aeac25,641ac5ff,99b75528,1,0,1,0,
England,45,60,0,99b75528,641ac5ff,92aeac25,0,1,1,0,
England,46,61,0,92aeac25,641ac5ff,99b75528,1,0,1,0,
England,47,61,0,99b75528,641ac5ff,92aeac25,0,0,0,0,
England,48,61,0,99b75528,641ac5ff,92aeac25,0,0,0,0,
England,49,63,0,92aeac25,e4a0deae,99b75528,2,0,2,0,
England,50,63,0,92aeac25,e4a0deae,99b75528,0,0,0,0,
England,51,63,0,92aeac25,e4a0deae,99b75528,0,0,0,0,
England,52,64,0,92aeac25,e4a0deae,99b75528,1,0,1,0,
England,53,65,0,99b75528,e4a0deae,92aeac25,1,0,1,0,
England,54,67,0,92aeac25,e4a0deae,99b75528,2,0,2,0,
England,55,69,0,99b75528,641ac5ff,92aeac25,2,0,2,0,
England,56,73,0,99b75528,641ac5ff,92aeac25,4,0,4,0,
England,57,74,0,99b75528,641ac5ff,92aeac25,1,0,1,0,
England,58,75,0,92aeac25,641ac5ff,99b75528,1,0,1,0,
England,59,76,0,99b75528,641ac5ff,92aeac25,1,0,1,0,
England,60,77,0,92aeac25,641ac5ff,99b75528,1,0,1,0,
England,61,81,0,92aeac25,e4a0deae,99b75528,4,0,4,0,
England,62,81,1,92aeac25,e4a0deae,99b75528,0,0,0,1,stumped
England,63,82,1,bb351c23,e4a0deae,99b75528,1,0,1,0,
England,64,83,1,99b75528,e4a0deae,bb351c23,1,0,1,0,
England,65,84,1,bb351c23,e4a0deae,99b75528,1,0,1,0,
England,66,85,1,99b75528,e4a0deae,bb351c23,1,0,1,0,
England,67,85,1,99b75528,641ac5ff,bb351c23,0,0,0,0,
England,68,87,1,99b75528,641ac5ff,bb351c23,2,0,2,0,
England,69,91,1,99b75528,641ac5ff,bb351c23,4,0,4,0,
England,70,92,1,99b75528,641ac5ff,bb351c23,1,0,1,0,
England,71,94,1,bb351c23,641ac5ff,99b75528,2,0,2,0,
England,72,94,1,bb351c23,641ac5ff,99b75528,0,0,0,0,
England,73,94,1,99b75528,2f9d0389,bb351c23,0,0,0,0,
England,74,98,1,99b75528,2f9d0389,bb351c23,4,0,4,0,
England,75,99,1,99b75528,2f9d0389,bb351c23,1,0,1,0,
England,76,100,1,bb351c23,2f9d0389,99b75528,1,0,1,0,
England,77,104,1,99b75528,2f9d0389,bb351c23,4,0,4,0,
England,78,108,1,99b75528,2f9d0389,bb351c23,4,0,4,0,
England,79,108,2,bb351c23,641ac5ff,99b75528,0,0,0,1,caught
England,80,108,2,50c6bc2b,641ac5ff,99b75528,0,0,0,0,
England,81,108,2,50c6bc2b,641ac5ff,99b75528,0,0,0,0,
England,82,109,2,50c6bc2b,641ac5ff,99b75528,1,0,1,0,
England,83,109,2,99b75528,641ac5ff,50c6bc2b,0,0,0,0,
England,84,110,2,99b75528,641ac5ff,50c6bc2b,1,0,1,0,
England,85,112,2,99b75528,a818c1be,50c6bc2b,2,0,2,0,
England,86,116,2,99b75528,a818c1be,50c6bc2b,4,0,4,0,
England,87,120,2,99b75528,a818c1be,50c6bc2b,4,0,4,0,
England,88,121,2,99b75528,a818c1be,50c6bc2b,0,1,1,0,
England,89,122,2,99b75528,a818c1be,50c6bc2b,1,0,1,0,
England,90,124,2,50c6bc2b,a818c1be,99b75528,2,0,2,0,
England,91,125,2,50c6bc2b,a818c1be,99b75528,1,0,1,0,
England,92,126,2,50c6bc2b,13c35c9e,99b75528,1,0,1,0,
England,93,128,2,99b75528,13c35c9e,50c6bc2b,2,0,2,0,
England,94,129,2,99b75528,13c35c9e,50c6bc2b,1,0,1,0,
England,95,129,2,50c6bc2b,13c35c9e,99b75528,0,0,0,0,
England,96,135,2,50c6bc2b,13c35c9e,99b75528,6,0,6,0,
England,97,137,2,50c6bc2b,13c35c9e,99b75528,2,0,2,0,
England,98,138,2,99b75528,a818c1be,50c6bc2b,1,0,1,0,
England,99,139,2,50c6bc2b,a818c1be,99b75528,1,0,1,0,
England,100,145,2,99b75528,a818c1be,50c6bc2b,6,0,6,0,
England,101,145,2,99b75528,a818c1be,50c6bc2b,0,0,0,0,
England,102,146,2,99b75528,a818c1be,50c6bc2b,1,0,1,0,
England,103,148,2,50c6bc2b,a818c1be,99b75528,2,0,2,0,
England,104,149,2,99b75528,2f9d0389,50c6bc2b,1,0,1,0,
England,105,149,2,50c6bc2b,2f9d0389,99b75528,0,0,0,0,
England,106,153,2,50c6bc2b,2f9d0389,99b75528,4,0,4,0,
England,107,153,3,50c6bc2b,2f9d0389,99b75528,0,0,0,1,bowled
England,108,154,3,4ae1755b,2f9d0389,99b75528,1,0,1,0,
England,109,154,3,99b75528,2f9d0389,4ae1755b,0,0,0,0,
England,110,160,3,4ae1755b,13c35c9e,99b75528,6,0,6,0,
England,111,160,4,4ae1755b,13c35c9e,99b75528,0,0,0,1,caught
England,112,162,4,e087956b,13c35c9e,99b75528,2,0,2,0,
England,113,162,5,e087956b,13c35c9e,99b75528,0,0,0,1,run out
England,114,163,5,e087956b,13c35c9e,e94915e6,1,0,1,0,
England,115,163,5,e94915e6,13c35c9e,e087956b,0,0,0,0,
England,116,165,5,e087956b,2f9d0389,e94915e6,2,0,2,0,
England,117,166,5,e087956b,2f9d0389,e94915e6,1,0,1,0,
England,118,172,5,e94915e6,2f9d0389,e087956b,6,0,6,0,
England,119,174,5,e94915e6,2f9d0389,e087956b,0,2,2,0,
England,120,176,5,e087956b,2f9d0389,e94915e6,2,0,2,0,
England,121,176,6,e087956b,2f9d0389,e94915e6,0,0,0,1,lbw
England,122,179,6,ad9c32a2,2f9d0389,e94915e6,3,0,3,0,
New Zealand,1,2,0,bf74b130,bb351c23,df5a6881,2,0,2,0,
New Zealand,2,3,0,bf74b130,bb351c23,df5a6881,1,0,1,0,
New Zealand,3,3,0,df5a6881,bb351c23,bf74b130,0,0,0,0,
New Zealand,4,3,0,df5a6881,bb351c23,bf74b130,0,0,0,0,
New Zealand,5,3,0,df5a6881,bb351c23,bf74b130,0,0,0,0,
New Zealand,6,4,0,df5a6881,bb351c23,bf74b130,1,0,1,0,
New Zealand,7,4,0,df5a6881,4c5d73db,bf74b130,0,0,0,0,
New Zealand,8,6,0,df5a6881,4c5d73db,bf74b130,2,0,2,0,
New Zealand,9,7,0,df5a6881,4c5d73db,bf74b130,0,1,1,0,
New Zealand,10,8,0,bf74b130,4c5d73db,df5a6881,1,0,1,0,
New Zealand,11,8,0,df5a6881,4c5d73db,bf74b130,0,0,0,0,
New Zealand,12,8,1,df5a6881,4c5d73db,bf74b130,0,0,0,1,caught
New Zealand,13,9,1,bf74b130,249d60c9,d027ba9f,1,0,1,0,
New Zealand,14,9,1,d027ba9f,249d60c9,bf74b130,0,0,0,0,
New Zealand,15,10,1,d027ba9f,249d60c9,bf74b130,1,0,1,0,
New Zealand,16,13,1,bf74b130,249d60c9,d027ba9f,3,0,3,0,
New Zealand,17,13,1,d027ba9f,249d60c9,bf74b130,0,0,0,0,
New Zealand,18,14,1,d027ba9f,249d60c9,bf74b130,1,0,1,0,
New Zealand,19,15,1,d027ba9f,4c5d73db,bf74b130,1,0,1,0,
New Zealand,20,21,1,bf74b130,4c5d73db,d027ba9f,6,0,6,0,
New Zealand,21,22,1,bf74b130,4c5d73db,d027ba9f,1,0,1,0,
New Zealand,22,22,1,d027ba9f,4c5d73db,bf74b130,0,0,0,0,
New Zealand,23,22,1,d027ba9f,4c5d73db,bf74b130,0,0,0,0,
New Zealand,24,26,1,d027ba9f,4c5d73db,bf74b130,4,0,4,0,
New Zealand,25,26,1,bf74b130,e94915e6,d027ba9f,0,0,0,0,
New Zealand,26,27,1,bf74b130,e94915e6,d027ba9f,1,0,1,0,
New Zealand,27,27,1,d027ba9f,e94915e6,bf74b130,0,0,0,0,
New Zealand,28,28,1,d027ba9f,e94915e6,bf74b130,1,0,1,0,
New Zealand,29,28,1,bf74b130,e94915e6,d027ba9f,0,0,0,0,
New Zealand,30,28,2,bf74b130,e94915e6,d027ba9f,0,0,0,1,caught
New Zealand,31,30,2,d027ba9f,8d92a2c3,9a46c4e5,2,0,2,0,
New Zealand,32,31,2,d027ba9f,8d92a2c3,9a46c4e5,0,1,1,0,
New Zealand,33,31,2,d027ba9f,8d92a2c3,9a46c4e5,0,0,0,0,
New Zealand,34,35,2,d027ba9f,8d92a2c3,9a46c4e5,4,0,4,0,
New Zealand,35,35,2,d027ba9f,8d92a2c3,9a46c4e5,0,0,0,0,
New Zealand,36,36,2,d027ba9f,8d92a2c3,9a46c4e5,1,0,1,0,
New Zealand,37,40,2,9a46c4e5,8d92a2c3,d027ba9f,4,0,4,0,
New Zealand,38,40,2,d027ba9f,50c6bc2b,9a46c4e5,0,0,0,0,
New Zealand,39,41,2,d027ba9f,50c6bc2b,9a46c4e5,1,0,1,0,
New Zealand,40,41,2,9a46c4e5,50c6bc2b,d027ba9f,0,0,0,0,
New Zealand,41,42,2,9a46c4e5,50c6bc2b,d027ba9f,1,0,1,0,
New Zealand,42,43,2,d027ba9f,50c6bc2b,9a46c4e5,1,0,1,0,
New Zealand,43,47,2,9a46c4e5,50c6bc2b,d027ba9f,4,0,4,0,
New Zealand,44,47,2,d027ba9f,249d60c9,9a46c4e5,0,0,0,0,
New Zealand,45,48,2,d027ba9f,249d60c9,9a46c4e5,1,0,1,0,
New Zealand,46,50,2,9a46c4e5,249d60c9,d027ba9f,2,0,2,0,
New Zealand,47,51,2,9a46c4e5,249d60c9,d027ba9f,1,0,1,0,
New Zealand,48,51,2,d027ba9f,249d60c9,9a46c4e5,0,0,0,0,
New Zealand,49,53,2,d027ba9f,249d60c9,9a46c4e5,2,0,2,0,
New Zealand,50,54,2,9a46c4e5,50c6bc2b,d027ba9f,1,0,1,0,
New Zealand,51,56,2,d027ba9f,50c6bc2b,9a46c4e5,2,0,2,0,
New Zealand,52,57,2,d027ba9f,50c6bc2b,9a46c4e5,1,0,1,0,
New Zealand,53,58,2,9a46c4e5,50c6bc2b,d027ba9f,1,0,1,0,
New Zealand,54,58,2,d027ba9f,50c6bc2b,9a46c4e5,0,0,0,0,
New Zealand,55,62,2,d027ba9f,50c6bc2b,9a46c4e5,4,0,4,0,
New Zealand,56,62,2,9a46c4e5,249d60c9,d027ba9f,0,0,0,0,
New Zealand,57,63,2,9a46c4e5,249d60c9,d027ba9f,1,0,1,0,
New Zealand,58,63,2,d027ba9f,249d60c9,9a46c4e5,0,0,0,0,
New Zealand,59,64,2,d027ba9f,249d60c9,9a46c4e5,1,0,1,0,
New Zealand,60,65,2,9a46c4e5,249d60c9,d027ba9f,1,0,1,0,
New Zealand,61,66,2,d027ba9f,249d60c9,9a46c4e5,1,0,1,0,
New Zealand,62,68,2,d027ba9f,50c6bc2b,9a46c4e5,2,0,2,0,
New Zealand,63,69,2,d027ba9f,50c6bc2b,9a46c4e5,1,0,1,0,
New Zealand,64,73,2,9a46c4e5,50c6bc2b,d027ba9f,4,0,4,0,
New Zealand,65,74,2,9a46c4e5,50c6bc2b,d027ba9f,1,0,1,0,
New Zealand,66,76,2,d027ba9f,50c6bc2b,9a46c4e5,2,0,2,0,
New Zealand,67,76,2,d027ba9f,50c6bc2b,9a46c4e5,0,0,0,0,
New Zealand,68,78,2,9a46c4e5,8d92a2c3,d027ba9f,2,0,2,0,
New Zealand,69,78,2,9a46c4e5,8d92a2c3,d027ba9f,0,0,0,0,
New Zealand,70,84,2,9a46c4e5,8d92a2c3,d027ba9f,6,0,6,0,
New Zealand,71,84,2,9a46c4e5,8d92a2c3,d027ba9f,0,0,0,0,
New Zealand,72,85,2,9a46c4e5,8d92a2c3,d027ba9f,1,0,1,0,
New Zealand,73,86,2,d027ba9f,8d92a2c3,9a46c4e5,1,0,1,0,
New Zealand,74,87,2,d027ba9f,e94915e6,9a46c4e5,1,0,1,0,
New Zealand,75,89,2,9a46c4e5,e94915e6,d027ba9f,0,2,2,0,
New Zealand,76,90,2,d027ba9f,e94915e6,9a46c4e5,1,0,1,0,
New Zealand,77,92,2,9a46c4e5,e94915e6,d027ba9f,2,0,2,0,
New Zealand,78,92,2,9a46c4e5,e94915e6,d027ba9f,0,0,0,0,
New Zealand,79,94,2,9a46c4e5,e94915e6,d027ba9f,2,0,2,0,
New Zealand,80,96,2,9a46c4e5,e94915e6,d027ba9f,2,0,2,0,
New Zealand,81,97,2,d027ba9f,249d60c9,9a46c4e5,1,0,1,0,
New Zealand,82,103,2,9a46c4e5,249d60c9,d027ba9f,6,0,6,0,
New Zealand,83,109,2,9a46c4e5,249d60c9,d027ba9f,6,0,6,0,
New Zealand,84,111,2,9a46c4e5,249d60c9,d027ba9f,2,0,2,0,
New Zealand,85,112,2,9a46c4e5,249d60c9,d027ba9f,1,0,1,0,
New Zealand,86,113,2,d027ba9f,249d60c9,9a46c4e5,1,0,1,0,
New Zealand,87,114,2,d027ba9f,e087956b,9a46c4e5,1,0,1,0,
New Zealand,88,118,2,9a46c4e5,e087956b,d027ba9f,4,0,4,0,
New Zealand,89,118,2,9a46c4e5,e087956b,d027ba9f,0,0,0,0,
New Zealand,90,119,2,9a46c4e5,e087956b,d027ba9f,1,0,1,0,
New Zealand,91,119,3,d027ba9f,e087956b,9a46c4e5,0,0,0,1,caught
New Zealand,92,123,3,9219eff0,e087956b,9a46c4e5,4,0,4,0,
New Zealand,93,123,3,9a46c4e5,8d92a2c3,9219eff0,0,0,0,0,
New Zealand,94,124,3,9a46c4e5,8d92a2c3,9219eff0,1,0,1,0,
New Zealand,95,126,3,9219eff0,8d92a2c3,9a46c4e5,2,0,2,0,
New Zealand,96,126,4,9219eff0,8d92a2c3,9a46c4e5,0,0,0,1,caught
New Zealand,97,126,4,eade4650,8d92a2c3,9a46c4e5,0,0,0,0,
New Zealand,98,126,4,eade4650,8d92a2c3,9a46c4e5,0,0,0,0,
New Zealand,99,127,4,9a46c4e5,4c5d73db,eade4650,1,0,1,0,
New Zealand,100,129,4,eade4650,4c5d73db,9a46c4e5,2,0,2,0,
New Zealand,101,130,4,eade4650,4c5d73db,9a46c4e5,1,0,1,0,
New Zealand,102,130,4,9a46c4e5,4c5d73db,eade4650,0,0,0,0,
New Zealand,103,131,4,9a46c4e5,4c5d73db,eade4650,1,0,1,0,
New Zealand,104,131,5,eade4650,4c5d73db,9a46c4e5,0,0,0,1,caught
New Zealand,105,134,5,9a46c4e5,e94915e6,e4a0deae,3,0,3,0,
New Zealand,106,135,5,e4a0deae,e94915e6,9a46c4e5,1,0,1,0,
New Zealand,107,135,6,9a46c4e5,e94915e6,e4a0deae,0,0,0,1,caught
New Zealand,108,138,6,641ac5ff,e94915e6,e4a0deae,3,0,3,0,
New Zealand,109,139,6,e4a0deae,e94915e6,641ac5ff,1,0,1,0,
New Zealand,110,140,6,641ac5ff,e94915e6,e4a0deae,1,0,1,0,
New Zealand,111,141,6,641ac5ff,4c5d73db,e4a0deae,1,0,1,0,
New Zealand,112,142,6,e4a0deae,4c5d73db,641ac5ff,1,0,1,0,
New Zealand,113,143,6,641ac5ff,4c5d73db,e4a0deae,0,1,1,0,
New Zealand,114,145,6,e4a0deae,4c5d73db,641ac5ff,2,0,2,0,
New Zealand,115,147,6,e4a0deae,4c5d73db,641ac5ff,2,0,2,0,
New Zealand,116,148,6,e4a0deae,4c5d73db,641ac5ff,0,1,1,0,
New Zealand,117,154,6,e4a0deae,4c5d73db,641ac5ff,6,0,6,0,
New Zealand,118,154,6,641ac5ff,e94915e6,e4a0deae,0,0,0,0,
New Zealand,119,155,6,641ac5ff,e94915e6,e4a0deae,1,0,1,0,
New Zealand,120,156,6,e4a0deae,e94915e6,641ac5ff,0,1,1,0,
New Zealand,121,158,6,e4a0deae,e94915e6,641ac5ff,2,0,2,0,
New Zealand,122,158,6,e4a0deae,e94915e6,641ac5ff,0,0,0,0,
New Zealand,123,158,6,e4a0deae,e94915e6,641ac5ff,0,0,0,0,
New Zealand,124,159,6,e4a0deae,e94915e6,641ac5ff,1,0,1,0,
