batting_team,ball_number,total_team_runs,total_team_wickets,striker_ID,bowler_ID,nonstriker_ID,batter_runs,extras_runs,total_delivery_runs,wicket,wicket_type
Adelaide Strikers,1,4,0,a90e53ec,e7dd5eca,218d4d78,4,0,4,0,
Adelaide Strikers,2,5,0,a90e53ec,e7dd5eca,218d4d78,0,1,1,0,
Adelaide Strikers,3,7,0,a90e53ec,e7dd5eca,218d4d78,2,0,2,0,
Adelaide Strikers,4,7,0,a90e53ec,e7dd5eca,218d4d78,0,0,0,0,
Adelaide Strikers,5,8,0,a90e53ec,e7dd5eca,218d4d78,1,0,1,0,
Adelaide Strikers,6,8,0,218d4d78,e7dd5eca,a90e53ec,0,0,0,0,
Adelaide Strikers,7,8,0,218d4d78,e7dd5eca,a90e53ec,0,0,0,0,
Adelaide Strikers,8,8,0,a90e53ec,9656afbf,218d4d78,0,0,0,0,
Adelaide Strikers,9,8,0,a90e53ec,9656afbf,218d4d78,0,0,0,0,
Adelaide Strikers,10,10,0,a90e53ec,9656afbf,218d4d78,2,0,2,0,
Adelaide Strikers,11,16,0,a90e53ec,9656afbf,218d4d78,6,0,6,0,
Adelaide Strikers,12,16,0,a90e53ec,9656afbf,218d4d78,0,0,0,0,
Adelaide Strikers,13,20,0,a90e53ec,9656afbf,218d4d78,4,0,4,0,
Adelaide Strikers,14,22,0,218d4d78,e7dd5eca,a90e53ec,2,0,2,0,
Adelaide Strikers,15,22,1,218d4d78,e7dd5eca,a90e53ec,0,0,0,1,bowled
Adelaide Strikers,16,22,1,542fd5a6,e7dd5eca,a90e53ec,0,0,0,0,
Adelaide Strikers,17,23,1,542fd5a6,e7dd5eca,a90e53ec,1,0,1,0,
Adelaide Strikers,18,27,1,a90e53ec,e7dd5eca,542fd5a6,4,0,4,0,
Adelaide Strikers,19,27,1,a90e53ec,e7dd5eca,542fd5a6,0,0,0,0,
Adelaide Strikers,20,28,1,542fd5a6,14f96089,a90e53ec,1,0,1,0,
Adelaide Strikers,21,32,1,a90e53ec,14f96089,542fd5a6,4,0,4,0,
Adelaide Strikers,22,36,1,a90e53ec,14f96089,542fd5a6,4,0,4,0,
Adelaide Strikers,23,36,1,a90e53ec,14f96089,542fd5a6,0,0,0,0,
Adelaide Strikers,24,36,1,a90e53ec,14f96089,542fd5a6,0,0,0,0,
Adelaide Strikers,25,36,1,a90e53ec,14f96089,542fd5a6,0,0,0,0,
Adelaide Strikers,26,36,1,542fd5a6,be69e09d,a90e53ec,0,0,0,0,
Adelaide Strikers,27,37,1,542fd5a6,be69e09d,a90e53ec,1,0,1,0,
Adelaide Strikers,28,38,1,a90e53ec,be69e09d,542fd5a6,1,0,1,0,
Adelaide Strikers,29,39,1,542fd5a6,be69e09d,a90e53ec,1,0,1,0,
Adelaide Strikers,30,40,1,a90e53ec,be69e09d,542fd5a6,0,1,1,0,
Adelaide Strikers,31,40,1,542fd5a6,be69e09d,a90e53ec,0,0,0,0,
Adelaide Strikers,32,40,1,a90e53ec,8891669e,542fd5a6,0,0,0,0,
Adelaide Strikers,33,41,1,a90e53ec,8891669e,542fd5a6,1,0,1,0,
Adelaide Strikers,34,42,1,542fd5a6,8891669e,a90e53ec,1,0,1,0,
Adelaide Strikers,35,42,2,a90e53ec,8891669e,542fd5a6,0,0,0,1,caught and bowled
Adelaide Strikers,36,43,2,542fd5a6,8891669e,8bdac857,1,0,1,0,
Adelaide Strikers,37,44,2,8bdac857,8891669e,542fd5a6,1,0,1,0,
Adelaide Strikers,38,45,2,8bdac857,14f96089,542fd5a6,1,0,1,0,
Adelaide Strikers,39,46,2,542fd5a6,14f96089,8bdac857,1,0,1,0,
Adelaide Strikers,40,47,2,8bdac857,14f96089,542fd5a6,1,0,1,0,
Adelaide Strikers,41,48,2,542fd5a6,14f96089,8bdac857,1,0,1,0,
Adelaide Strikers,42,48,2,8bdac857,14f96089,542fd5a6,0,0,0,0,
Adelaide Strikers,43,49,2,8bdac857,14f96089,542fd5a6,1,0,1,0,
Adelaide Strikers,44,50,2,8bdac857,9656afbf,542fd5a6,1,0,1,0,
Adelaide Strikers,45,51,2,542fd5a6,9656afbf,8bdac857,1,0,1,0,
Adelaide Strikers,46,52,2,8bdac857,9656afbf,542fd5a6,1,0,1,0,
Adelaide Strikers,47,53,2,542fd5a6,9656afbf,8bdac857,1,0,1,0,
Adelaide Strikers,48,55,2,8bdac857,9656afbf,542fd5a6,2,0,2,0,
Adelaide Strikers,49,57,2,8bdac857,9656afbf,542fd5a6,2,0,2,0,
Adelaide Strikers,50,61,2,542fd5a6,8891669e,8bdac857,4,0,4,0,
Adelaide Strikers,51,63,2,542fd5a6,8891669e,8bdac857,2,0,2,0,
Adelaide Strikers,52,64,2,542fd5a6,8891669e,8bdac857,1,0,1,0,
Adelaide Strikers,53,68,2,8bdac857,8891669e,542fd5a6,4,0,4,0,
Adelaide Strikers,54,69,2,8bdac857,8891669e,542fd5a6,1,0,1,0,
Adelaide Strikers,55,69,3,542fd5a6,8891669e,8bdac857,0,0,0,1,stumped
Adelaide Strikers,56,70,3,8bdac857,14f96089,edc7ddb6,1,0,1,0,
Adelaide Strikers,57,71,3,edc7ddb6,14f96089,8bdac857,1,0,1,0,
Adelaide Strikers,58,71,3,8bdac857,14f96089,edc7ddb6,0,0,0,0,
Adelaide Strikers,59,72,3,8bdac857,14f96089,edc7ddb6,1,0,1,0,
Adelaide Strikers,60,73,3,edc7ddb6,14f96089,8bdac857,1,0,1,0,
Adelaide Strikers,61,74,3,8bdac857,14f96089,edc7ddb6,1,0,1,0,
Adelaide Strikers,62,75,3,8bdac857,b681e71e,edc7ddb6,1,0,1,0,
Adelaide Strikers,63,76,3,edc7ddb6,b681e71e,8bdac857,1,0,1,0,
Adelaide Strikers,64,77,3,8bdac857,b681e71e,edc7ddb6,1,0,1,0,
Adelaide Strikers,65,78,3,edc7ddb6,b681e71e,8bdac857,1,0,1,0,
Adelaide Strikers,66,80,3,8bdac857,b681e71e,edc7ddb6,2,0,2,0,
Adelaide Strikers,67,80,3,8bdac857,b681e71e,edc7ddb6,0,0,0,0,
Adelaide Strikers,68,80,3,edc7ddb6,be69e09d,8bdac857,0,0,0,0,
Adelaide Strikers,69,81,3,edc7ddb6,be69e09d,8bdac857,1,0,1,0,
Adelaide Strikers,70,82,3,8bdac857,be69e09d,edc7ddb6,1,0,1,0,
Adelaide Strikers,71,82,3,edc7ddb6,be69e09d,8bdac857,0,0,0,0,
Adelaide Strikers,72,83,3,edc7ddb6,be69e09d,8bdac857,1,0,1,0,
Adelaide Strikers,73,84,3,8bdac857,be69e09d,edc7ddb6,1,0,1,0,
Adelaide Strikers,74,85,3,8bdac857,8891669e,edc7ddb6,1,0,1,0,
Adelaide Strikers,75,88,3,edc7ddb6,8891669e,8bdac857,0,3,3,0,
Adelaide Strikers,76,89,3,8bdac857,8891669e,edc7ddb6,1,0,1,0,
Adelaide Strikers,77,90,3,edc7ddb6,8891669e,8bdac857,1,0,1,0,
Adelaide Strikers,78,90,3,8bdac857,8891669e,edc7ddb6,0,0,0,0,
Adelaide Strikers,79,92,3,8bdac857,8891669e,edc7ddb6,2,0,2,0,
Adelaide Strikers,80,93,3,edc7ddb6,e7dd5eca,8bdac857,1,0,1,0,
Adelaide Strikers,81,95,3,8bdac857,e7dd5eca,edc7ddb6,2,0,2,0,
Adelaide Strikers,82,96,3,8bdac857,e7dd5eca,edc7ddb6,1,0,1,0,
Adelaide Strikers,83,97,3,edc7ddb6,e7dd5eca,8bdac857,1,0,1,0,
Adelaide Strikers,84,98,3,8bdac857,e7dd5eca,edc7ddb6,1,0,1,0,
Adelaide Strikers,85,99,3,edc7ddb6,e7dd5eca,8bdac857,1,0,1,0,
Adelaide Strikers,86,100,3,edc7ddb6,be69e09d,8bdac857,1,0,1,0,
Adelaide Strikers,87,101,3,8bdac857,be69e09d,edc7ddb6,0,1,1,0,
Adelaide Strikers,88,102,3,edc7ddb6,be69e09d,8bdac857,1,0,1,0,
Adelaide Strikers,89,103,3,8bdac857,be69e09d,edc7ddb6,1,0,1,0,
Adelaide Strikers,90,105,3,edc7ddb6,be69e09d,8bdac857,2,0,2,0,
Adelaide Strikers,91,105,3,edc7ddb6,be69e09d,8bdac857,0,0,0,0,
Adelaide Strikers,92,109,3,8bdac857,14f96089,edc7ddb6,4,0,4,0,
Adelaide Strikers,93,110,3,8bdac857,14f96089,edc7ddb6,1,0,1,0,
Adelaide Strikers,94,111,3,edc7ddb6,14f96089,8bdac857,1,0,1,0,
Adelaide Strikers,95,111,3,8bdac857,14f96089,edc7ddb6,0,0,0,0,
Adelaide Strikers,96,115,3,8bdac857,14f96089,edc7ddb6,4,0,4,0,
Adelaide Strikers,97,121,3,8bdac857,14f96089,edc7ddb6,6,0,6,0,
Adelaide Strikers,98,122,3,edc7ddb6,9656afbf,8bdac857,1,0,1,0,
Adelaide Strikers,99,124,3,8bdac857,9656afbf,edc7ddb6,2,0,2,0,
Adelaide Strikers,100,125,3,8bdac857,9656afbf,edc7ddb6,1,0,1,0,
Adelaide Strikers,101,125,3,edc7ddb6,9656afbf,8bdac857,0,0,0,0,
Adelaide Strikers,102,126,3,edc7ddb6,9656afbf,8bdac857,1,0,1,0,
Adelaide Strikers,103,127,3,8bdac857,9656afbf,edc7ddb6,1,0,1,0,
Adelaide Strikers,104,128,3,8bdac857,e7dd5eca,edc7ddb6,1,0,1,0,
Adelaide Strikers,105,129,3,edc7ddb6,e7dd5eca,8bdac857,0,1,1,0,
Adelaide Strikers,106,130,3,8bdac857,e7dd5eca,edc7ddb6,1,0,1,0,
Adelaide Strikers,107,130,4,edc7ddb6,e7dd5eca,8bdac857,0,0,0,1,caught
Adelaide Strikers,108,131,4,8bdac857,e7dd5eca,6ceb94d0,1,0,1,0,
Adelaide Strikers,109,131,4,6ceb94d0,e7dd5eca,8bdac857,0,0,0,0,
Adelaide Strikers,110,135,4,8bdac857,be69e09d,6ceb94d0,4,0,4,0,
Adelaide Strikers,111,137,4,8bdac857,be69e09d,6ceb94d0,2,0,2,0,
Adelaide Strikers,112,138,4,8bdac857,be69e09d,6ceb94d0,1,0,1,0,
Adelaide Strikers,113,139,4,6ceb94d0,be69e09d,8bdac857,1,0,1,0,
Adelaide Strikers,114,140,4,8bdac857,be69e09d,6ceb94d0,1,0,1,0,
Adelaide Strikers,115,144,4,6ceb94d0,be69e09d,8bdac857,4,0,4,0,
Adelaide Strikers,116,145,4,8bdac857,9656afbf,6ceb94d0,1,0,1,0,
Adelaide Strikers,117,145,5,6ceb94d0,9656afbf,8bdac857,0,0,0,1,bowled
Adelaide Strikers,118,146,5,0ea1455a,9656afbf,8bdac857,1,0,1,0,
Adelaide Strikers,119,150,5,8bdac857,9656afbf,0ea1455a,4,0,4,0,
Adelaide Strikers,120,154,5,8bdac857,9656afbf,0ea1455a,4,0,4,0,
Adelaide Strikers,121,155,6,8bdac857,9656afbf,0ea1455a,1,0,1,1,run out
Melbourne Stars,1,1,0,2eca67f5,a90e53ec,b681e71e,1,0,1,0,
Melbourne Stars,2,1,0,b681e71e,a90e53ec,2eca67f5,0,0,0,0,
Melbourne Stars,3,7,0,b681e71e,a90e53ec,2eca67f5,6,0,6,0,
Melbourne Stars,4,8,0,b681e71e,a90e53ec,2eca67f5,1,0,1,0,
Melbourne Stars,5,9,0,2eca67f5,a90e53ec,b681e71e,1,0,1,0,
Melbourne Stars,6,10,0,b681e71e,a90e53ec,2eca67f5,1,0,1,0,
Melbourne Stars,7,12,0,b681e71e,272fc5ad,2eca67f5,2,0,2,0,
Melbourne Stars,8,13,0,b681e71e,272fc5ad,2eca67f5,0,1,1,0,
Melbourne Stars,9,14,0,2eca67f5,272fc5ad,b681e71e,1,0,1,0,
Melbourne Stars,10,14,0,b681e71e,272fc5ad,2eca67f5,0,0,0,0,
Melbourne Stars,11,20,0,b681e71e,272fc5ad,2eca67f5,6,0,6,0,
Melbourne Stars,12,20,0,b681e71e,272fc5ad,2eca67f5,0,0,0,0,
Melbourne Stars,13,21,0,2eca67f5,055be93a,b681e71e,1,0,1,0,
Melbourne Stars,14,21,1,b681e71e,055be93a,2eca67f5,0,0,0,1,bowled
Melbourne Stars,15,23,1,56b93d46,055be93a,2eca67f5,2,0,2,0,
Melbourne Stars,16,23,1,56b93d46,055be93a,2eca67f5,0,0,0,0,
Melbourne Stars,17,24,1,56b93d46,055be93a,2eca67f5,1,0,1,0,
Melbourne Stars,18,25,1,2eca67f5,055be93a,56b93d46,1,0,1,0,
Melbourne Stars,19,25,1,2eca67f5,bd93fea4,56b93d46,0,0,0,0,
Melbourne Stars,20,26,1,2eca67f5,bd93fea4,56b93d46,1,0,1,0,
Melbourne Stars,21,27,1,56b93d46,bd93fea4,2eca67f5,1,0,1,0,
Melbourne Stars,22,29,1,2eca67f5,bd93fea4,56b93d46,2,0,2,0,
Melbourne Stars,23,30,1,2eca67f5,bd93fea4,56b93d46,1,0,1,0,
Melbourne Stars,24,31,1,56b93d46,bd93fea4,2eca67f5,1,0,1,0,
Melbourne Stars,25,31,1,56b93d46,a90e53ec,2eca67f5,0,0,0,0,
Melbourne Stars,26,31,1,56b93d46,a90e53ec,2eca67f5,0,0,0,0,
Melbourne Stars,27,32,1,56b93d46,a90e53ec,2eca67f5,1,0,1,0,
Melbourne Stars,28,32,1,2eca67f5,a90e53ec,56b93d46,0,0,0,0,
Melbourne Stars,29,32,2,2eca67f5,a90e53ec,56b93d46,0,0,0,1,bowled
Melbourne Stars,30,33,2,d9273ee7,a90e53ec,56b93d46,1,0,1,0,
Melbourne Stars,31,33,2,d9273ee7,22ae3041,56b93d46,0,0,0,0,
Melbourne Stars,32,33,2,d9273ee7,22ae3041,56b93d46,0,0,0,0,
Melbourne Stars,33,33,3,d9273ee7,22ae3041,56b93d46,0,0,0,1,caught
Melbourne Stars,34,33,3,ab965cad,22ae3041,56b93d46,0,0,0,0,
Melbourne Stars,35,34,3,ab965cad,22ae3041,56b93d46,1,0,1,0,
Melbourne Stars,36,35,3,56b93d46,22ae3041,ab965cad,1,0,1,0,
Melbourne Stars,37,36,3,56b93d46,055be93a,ab965cad,1,0,1,0,
Melbourne Stars,38,37,3,ab965cad,055be93a,56b93d46,1,0,1,0,
Melbourne Stars,39,37,4,56b93d46,055be93a,ab965cad,0,0,0,1,caught
Melbourne Stars,40,37,4,7a5f232a,055be93a,ab965cad,0,0,0,0,
Melbourne Stars,41,38,4,7a5f232a,055be93a,ab965cad,1,0,1,0,
Melbourne Stars,42,38,4,ab965cad,055be93a,7a5f232a,0,0,0,0,
Melbourne Stars,43,39,4,7a5f232a,22ae3041,ab965cad,1,0,1,0,
Melbourne Stars,44,39,4,ab965cad,22ae3041,7a5f232a,0,0,0,0,
Melbourne Stars,45,40,4,ab965cad,22ae3041,7a5f232a,1,0,1,0,
Melbourne Stars,46,41,4,7a5f232a,22ae3041,ab965cad,1,0,1,0,
Melbourne Stars,47,42,4,ab965cad,22ae3041,7a5f232a,1,0,1,0,
Melbourne Stars,48,43,4,7a5f232a,22ae3041,ab965cad,1,0,1,0,
Melbourne Stars,49,43,4,7a5f232a,a90e53ec,ab965cad,0,0,0,0,
Melbourne Stars,50,44,4,7a5f232a,a90e53ec,ab965cad,1,0,1,0,
Melbourne Stars,51,45,4,ab965cad,a90e53ec,7a5f232a,1,0,1,0,
Melbourne Stars,52,46,4,7a5f232a,a90e53ec,ab965cad,1,0,1,0,
Melbourne Stars,53,46,4,ab965cad,a90e53ec,7a5f232a,0,0,0,0,
Melbourne Stars,54,47,4,ab965cad,a90e53ec,7a5f232a,1,0,1,0,
Melbourne Stars,55,48,4,ab965cad,272fc5ad,7a5f232a,1,0,1,0,
Melbourne Stars,56,48,4,7a5f232a,272fc5ad,ab965cad,0,0,0,0,
Melbourne Stars,57,49,4,7a5f232a,272fc5ad,ab965cad,1,0,1,0,
Melbourne Stars,58,49,4,ab965cad,272fc5ad,7a5f232a,0,0,0,0,
Melbourne Stars,59,49,4,ab965cad,272fc5ad,7a5f232a,0,0,0,0,
Melbourne Stars,60,49,4,ab965cad,272fc5ad,7a5f232a,0,0,0,0,
Melbourne Stars,61,53,4,7a5f232a,a90e53ec,ab965cad,4,0,4,0,
Melbourne Stars,62,54,4,7a5f232a,a90e53ec,ab965cad,1,0,1,0,
Melbourne Stars,63,54,4,ab965cad,a90e53ec,7a5f232a,0,0,0,0,
Melbourne Stars,64,55,4,ab965cad,a90e53ec,7a5f232a,1,0,1,0,
Melbourne Stars,65,55,4,7a5f232a,a90e53ec,ab965cad,0,0,0,0,
Melbourne Stars,66,56,4,7a5f232a,a90e53ec,ab965cad,1,0,1,0,
Melbourne Stars,67,57,4,7a5f232a,bd93fea4,ab965cad,1,0,1,0,
Melbourne Stars,68,58,4,ab965cad,bd93fea4,7a5f232a,1,0,1,0,
Melbourne Stars,69,58,4,7a5f232a,bd93fea4,ab965cad,0,0,0,0,
Melbourne Stars,70,59,4,7a5f232a,bd93fea4,ab965cad,1,0,1,0,
Melbourne Stars,71,60,4,ab965cad,bd93fea4,7a5f232a,1,0,1,0,
Melbourne Stars,72,61,4,7a5f232a,bd93fea4,ab965cad,1,0,1,0,
Melbourne Stars,73,62,4,7a5f232a,272fc5ad,ab965cad,1,0,1,0,
Melbourne Stars,74,64,4,ab965cad,272fc5ad,7a5f232a,2,0,2,0,
Melbourne Stars,75,68,4,ab965cad,272fc5ad,7a5f232a,4,0,4,0,
Melbourne Stars,76,69,4,ab965cad,272fc5ad,7a5f232a,1,0,1,0,
Melbourne Stars,77,71,4,7a5f232a,272fc5ad,ab965cad,2,0,2,0,
Melbourne Stars,78,72,4,7a5f232a,272fc5ad,ab965cad,0,1,1,0,
Melbourne Stars,79,72,4,7a5f232a,272fc5ad,ab965cad,0,0,0,0,
Melbourne Stars,80,73,4,ab965cad,bd93fea4,7a5f232a,1,0,1,0,
Melbourne Stars,81,73,4,7a5f232a,bd93fea4,ab965cad,0,0,0,0,
Melbourne Stars,82,75,4,7a5f232a,bd93fea4,ab965cad,2,0,2,0,
Melbourne Stars,83,77,4,7a5f232a,bd93fea4,ab965cad,2,0,2,0,
Melbourne Stars,84,79,4,7a5f232a,bd93fea4,ab965cad,2,0,2,0,
Melbourne Stars,85,79,5,7a5f232a,bd93fea4,ab965cad,0,0,0,1,bowled
Melbourne Stars,86,80,5,ab965cad,22ae3041,8891669e,1,0,1,0,
Melbourne Stars,87,81,5,8891669e,22ae3041,ab965cad,1,0,1,0,
Melbourne Stars,88,82,5,ab965cad,22ae3041,8891669e,1,0,1,0,
Melbourne Stars,89,82,5,8891669e,22ae3041,ab965cad,0,0,0,0,
Melbourne Stars,90,82,5,8891669e,22ae3041,ab965cad,0,0,0,0,
Melbourne Stars,91,83,5,8891669e,22ae3041,ab965cad,1,0,1,0,
Melbourne Stars,92,84,5,8891669e,055be93a,ab965cad,1,0,1,0,
Melbourne Stars,93,85,5,ab965cad,055be93a,8891669e,1,0,1,0,
Melbourne Stars,94,85,5,8891669e,055be93a,ab965cad,0,0,0,0,
Melbourne Stars,95,87,5,8891669e,055be93a,ab965cad,2,0,2,0,
Melbourne Stars,96,89,5,8891669e,055be93a,ab965cad,2,0,2,0,
Melbourne Stars,97,95,5,8891669e,055be93a,ab965cad,6,0,6,0,
Melbourne Stars,98,97,5,ab965cad,22ae3041,8891669e,2,0,2,0,
Melbourne Stars,99,103,5,ab965cad,22ae3041,8891669e,6,0,6,0,
Melbourne Stars,100,103,5,ab965cad,22ae3041,8891669e,0,0,0,0,
Melbourne Stars,101,109,5,ab965cad,22ae3041,8891669e,6,0,6,0,
Melbourne Stars,102,111,5,ab965cad,22ae3041,8891669e,2,0,2,0,
Melbourne Stars,103,117,5,ab965cad,22ae3041,8891669e,6,0,6,0,
Melbourne Stars,104,118,5,8891669e,272fc5ad,ab965cad,1,0,1,0,
Melbourne Stars,105,119,5,ab965cad,272fc5ad,8891669e,1,0,1,0,
Melbourne Stars,106,120,5,8891669e,272fc5ad,ab965cad,1,0,1,0,
Melbourne Stars,107,121,5,ab965cad,272fc5ad,8891669e,1,0,1,0,
Melbourne Stars,108,121,6,8891669e,272fc5ad,ab965cad,0,0,0,1,caught
Melbourne Stars,109,121,6,e7dd5eca,272fc5ad,ab965cad,0,0,0,0,
Melbourne Stars,110,125,6,ab965cad,055be93a,e7dd5eca,4,0,4,0,
Melbourne Stars,111,125,7,ab965cad,055be93a,e7dd5eca,0,0,0,1,caught
Melbourne Stars,112,125,7,e7dd5eca,055be93a,be69e09d,0,0,0,0,
Melbourne Stars,113,126,7,e7dd5eca,055be93a,be69e09d,1,0,1,0,
Melbourne Stars,114,127,7,be69e09d,055be93a,e7dd5eca,1,0,1,0,
Melbourne Stars,115,127,8,e7dd5eca,055be93a,be69e09d,0,0,0,1,bowled
Melbourne Stars,116,128,8,be69e09d,bd93fea4,14f96089,0,1,1,0,
Melbourne Stars,117,129,8,14f96089,bd93fea4,be69e09d,1,0,1,0,
Melbourne Stars,118,129,8,be69e09d,bd93fea4,14f96089,0,0,0,0,
Melbourne Stars,119,129,8,be69e09d,bd93fea4,14f96089,0,0,0,0,
Melbourne Stars,120,131,8,be69e09d,bd93fea4,14f96089,2,0,2,0,
Melbourne Stars,121,132,8,be69e09d,bd93fea4,14f96089,1,0,1,0,
