batting_team,ball_number,total_team_runs,total_team_wickets,striker_ID,bowler_ID,nonstriker_ID,batter_runs,extras_runs,total_delivery_runs,wicket,wicket_type
Uganda,1,0,0,c4e7749a,eb9082b2,1b378842,0,0,0,0,
Uganda,2,0,0,c4e7749a,eb9082b2,1b378842,0,0,0,0,
Uganda,3,0,0,c4e7749a,eb9082b2,1b378842,0,0,0,0,
Uganda,4,0,0,c4e7749a,eb9082b2,1b378842,0,0,0,0,
Uganda,5,0,0,c4e7749a,eb9082b2,1b378842,0,0,0,0,
Uganda,6,0,0,c4e7749a,eb9082b2,1b378842,0,0,0,0,
Uganda,7,1,0,1b378842,edbc9441,c4e7749a,0,1,1,0,
Uganda,8,3,0,1b378842,edbc9441,c4e7749a,2,0,2,0,
Uganda,9,3,0,1b378842,edbc9441,c4e7749a,0,0,0,0,
Uganda,10,4,0,1b378842,edbc9441,c4e7749a,1,0,1,0,
Uganda,11,8,0,c4e7749a,edbc9441,1b378842,4,0,4,0,
Uganda,12,12,0,c4e7749a,edbc9441,1b378842,4,0,4,0,
Uganda,13,13,0,c4e7749a,edbc9441,1b378842,0,1,1,0,
Uganda,14,13,0,c4e7749a,edbc9441,1b378842,0,0,0,0,
Uganda,15,14,0,1b378842,eb9082b2,c4e7749a,1,0,1,0,
Uganda,16,14,0,c4e7749a,eb9082b2,1b378842,0,0,0,0,
Uganda,17,16,0,c4e7749a,eb9082b2,1b378842,2,0,2,0,
Uganda,18,17,0,c4e7749a,eb9082b2,1b378842,1,0,1,0,
Uganda,19,17,0,1b378842,eb9082b2,c4e7749a,0,0,0,0,
Uganda,20,17,0,1b378842,eb9082b2,c4e7749a,0,0,0,0,
Uganda,21,17,0,c4e7749a,edbc9441,1b378842,0,0,0,0,
Uganda,22,21,0,c4e7749a,edbc9441,1b378842,4,0,4,0,
Uganda,23,22,0,c4e7749a,edbc9441,1b378842,1,0,1,0,
Uganda,24,25,0,1b378842,edbc9441,c4e7749a,3,0,3,0,
Uganda,25,29,0,c4e7749a,edbc9441,1b378842,4,0,4,0,
Uganda,26,29,0,c4e7749a,edbc9441,1b378842,0,0,0,0,
Uganda,27,29,0,1b378842,eb9082b2,c4e7749a,0,0,0,0,
Uganda,28,30,0,1b378842,eb9082b2,c4e7749a,0,1,1,0,
Uganda,29,34,0,1b378842,eb9082b2,c4e7749a,4,0,4,0,
Uganda,30,35,0,1b378842,eb9082b2,c4e7749a,1,0,1,0,
Uganda,31,37,0,c4e7749a,eb9082b2,1b378842,2,0,2,0,
Uganda,32,37,0,c4e7749a,eb9082b2,1b378842,0,0,0,0,
Uganda,33,38,0,c4e7749a,eb9082b2,1b378842,0,1,1,0,
Uganda,34,38,0,c4e7749a,eb9082b2,1b378842,0,0,0,0,
Uganda,35,40,0,1b378842,acd030a0,c4e7749a,2,0,2,0,
Uganda,36,41,0,1b378842,acd030a0,c4e7749a,1,0,1,0,
Uganda,37,45,0,c4e7749a,acd030a0,1b378842,4,0,4,0,
Uganda,38,46,0,c4e7749a,acd030a0,1b378842,1,0,1,0,
Uganda,39,46,0,1b378842,acd030a0,c4e7749a,0,0,0,0,
Uganda,40,46,0,1b378842,acd030a0,c4e7749a,0,0,0,0,
Uganda,41,47,0,c4e7749a,26eb73f9,1b378842,0,1,1,0,
Uganda,42,48,0,c4e7749a,26eb73f9,1b378842,1,0,1,0,
Uganda,43,48,0,1b378842,26eb73f9,c4e7749a,0,0,0,0,
Uganda,44,52,0,1b378842,26eb73f9,c4e7749a,4,0,4,0,
Uganda,45,56,0,1b378842,26eb73f9,c4e7749a,4,0,4,0,
Uganda,46,57,0,1b378842,26eb73f9,c4e7749a,1,0,1,0,
Uganda,47,57,0,c4e7749a,26eb73f9,1b378842,0,0,0,0,
Uganda,48,58,0,1b378842,acd030a0,c4e7749a,1,0,1,0,
Uganda,49,58,0,c4e7749a,acd030a0,1b378842,0,0,0,0,
Uganda,50,59,0,c4e7749a,acd030a0,1b378842,1,0,1,0,
Uganda,51,59,0,1b378842,acd030a0,c4e7749a,0,0,0,0,
Uganda,52,61,0,1b378842,acd030a0,c4e7749a,2,0,2,0,
Uganda,53,62,0,1b378842,acd030a0,c4e7749a,1,0,1,0,
Uganda,54,63,0,1b378842,26eb73f9,c4e7749a,0,1,1,0,
Uganda,55,63,0,1b378842,26eb73f9,c4e7749a,0,0,0,0,
Uganda,56,65,0,1b378842,26eb73f9,c4e7749a,2,0,2,0,
Uganda,57,66,0,1b378842,26eb73f9,c4e7749a,1,0,1,0,
Uganda,58,67,0,c4e7749a,26eb73f9,1b378842,0,1,1,0,
Uganda,59,68,0,c4e7749a,26eb73f9,1b378842,1,0,1,0,
Uganda,60,68,0,1b378842,26eb73f9,c4e7749a,0,0,0,0,
Uganda,61,72,0,1b378842,26eb73f9,c4e7749a,4,0,4,0,
Uganda,62,73,0,c4e7749a,acd030a0,1b378842,1,0,1,0,
Uganda,63,74,0,1b378842,acd030a0,c4e7749a,1,0,1,0,
Uganda,64,75,0,c4e7749a,acd030a0,1b378842,1,0,1,0,
Uganda,65,76,0,1b378842,acd030a0,c4e7749a,1,0,1,0,
Uganda,66,77,0,c4e7749a,acd030a0,1b378842,1,0,1,0,
Uganda,67,78,0,1b378842,acd030a0,c4e7749a,1,0,1,0,
Uganda,68,82,0,1b378842,bb1be934,c4e7749a,4,0,4,0,
Uganda,69,87,0,1b378842,bb1be934,c4e7749a,0,5,5,0,
Uganda,70,88,0,1b378842,bb1be934,c4e7749a,1,0,1,0,
Uganda,71,89,0,c4e7749a,bb1be934,1b378842,1,0,1,0,
Uganda,72,93,0,1b378842,bb1be934,c4e7749a,4,0,4,0,
Uganda,73,93,0,1b378842,bb1be934,c4e7749a,0,0,0,0,
Uganda,74,93,0,1b378842,bb1be934,c4e7749a,0,0,0,0,
Uganda,75,94,0,c4e7749a,acd030a0,1b378842,1,0,1,0,
Uganda,76,96,0,1b378842,acd030a0,c4e7749a,2,0,2,0,
Uganda,77,97,0,1b378842,acd030a0,c4e7749a,0,1,1,0,
Uganda,78,98,0,1b378842,acd030a0,c4e7749a,1,0,1,0,
Uganda,79,100,0,c4e7749a,acd030a0,1b378842,2,0,2,0,
Uganda,80,101,0,c4e7749a,acd030a0,1b378842,1,0,1,0,
Uganda,81,103,0,1b378842,acd030a0,c4e7749a,2,0,2,0,
Uganda,82,104,0,c4e7749a,11898ffe,1b378842,1,0,1,0,
Uganda,83,104,0,1b378842,11898ffe,c4e7749a,0,0,0,0,
Uganda,84,105,0,1b378842,11898ffe,c4e7749a,0,1,1,0,
Uganda,85,110,0,1b378842,11898ffe,c4e7749a,4,1,5,0,
Uganda,86,112,0,1b378842,11898ffe,c4e7749a,0,2,2,0,
Uganda,87,113,0,c4e7749a,11898ffe,1b378842,1,0,1,0,
Uganda,88,115,0,1b378842,11898ffe,c4e7749a,2,0,2,0,
Uganda,89,116,0,1b378842,11898ffe,c4e7749a,1,0,1,0,
Uganda,90,120,0,c4e7749a,11898ffe,1b378842,4,0,4,0,
Uganda,91,121,0,1b378842,761c929e,c4e7749a,1,0,1,0,
Uganda,92,122,0,c4e7749a,761c929e,1b378842,1,0,1,0,
Uganda,93,123,0,1b378842,761c929e,c4e7749a,1,0,1,0,
Uganda,94,124,0,c4e7749a,761c929e,1b378842,1,0,1,0,
Uganda,95,125,0,1b378842,761c929e,c4e7749a,1,0,1,0,
Uganda,96,129,0,c4e7749a,761c929e,1b378842,4,0,4,0,
Uganda,97,133,0,1b378842,11898ffe,c4e7749a,4,0,4,0,
Uganda,98,134,0,1b378842,11898ffe,c4e7749a,1,0,1,0,
Uganda,99,139,0,c4e7749a,11898ffe,1b378842,4,1,5,0,
Uganda,100,141,0,c4e7749a,f1328a90,1b378842,2,0,2,0,
Uganda,101,143,0,c4e7749a,f1328a90,1b378842,2,0,2,0,
Uganda,102,146,0,c4e7749a,f1328a90,1b378842,3,0,3,0,
Uganda,103,148,0,1b378842,f1328a90,c4e7749a,2,0,2,0,
Uganda,104,152,0,c4e7749a,761c929e,1b378842,4,0,4,0,
Uganda,105,157,0,c4e7749a,761c929e,1b378842,0,5,5,0,
Uganda,106,161,0,c4e7749a,761c929e,1b378842,4,0,4,0,
Uganda,107,161,0,c4e7749a,761c929e,1b378842,0,0,0,0,
Uganda,108,162,0,c4e7749a,761c929e,1b378842,1,0,1,0,
Uganda,109,163,0,1b378842,761c929e,c4e7749a,1,0,1,0,
Uganda,110,163,0,c4e7749a,761c929e,1b378842,0,0,0,0,
Uganda,111,165,0,1b378842,f1328a90,c4e7749a,2,0,2,0,
Uganda,112,165,1,1b378842,f1328a90,c4e7749a,0,0,0,1,caught
Uganda,113,165,1,c4e7749a,f1328a90,aaa6e84c,0,0,0,0,
Uganda,114,169,1,c4e7749a,f1328a90,aaa6e84c,4,0,4,0,
Uganda,115,170,1,c4e7749a,f1328a90,aaa6e84c,1,0,1,0,
Uganda,116,174,1,aaa6e84c,f1328a90,c4e7749a,0,4,4,0,
Uganda,117,178,1,c4e7749a,761c929e,aaa6e84c,4,0,4,0,
Uganda,118,179,1,c4e7749a,761c929e,aaa6e84c,1,0,1,0,
Uganda,119,180,1,aaa6e84c,761c929e,c4e7749a,0,1,1,0,
Uganda,120,181,1,c4e7749a,761c929e,aaa6e84c,1,0,1,0,
Uganda,121,182,1,aaa6e84c,761c929e,c4e7749a,1,0,1,0,
Uganda,122,184,1,c4e7749a,761c929e,aaa6e84c,2,0,2,0,
Uganda,123,188,1,aaa6e84c,eb9082b2,c4e7749a,4,0,4,0,
Uganda,124,189,1,aaa6e84c,eb9082b2,c4e7749a,1,0,1,0,
Uganda,125,190,1,c4e7749a,eb9082b2,aaa6e84c,1,0,1,0,
Uganda,126,191,1,aaa6e84c,eb9082b2,c4e7749a,0,1,1,0,
Uganda,127,193,1,aaa6e84c,eb9082b2,c4e7749a,2,0,2,0,
Uganda,128,194,1,aaa6e84c,eb9082b2,c4e7749a,1,0,1,0,
Uganda,129,198,1,c4e7749a,eb9082b2,aaa6e84c,4,0,4,0,
Uganda,130,198,1,aaa6e84c,761c929e,c4e7749a,0,0,0,0,
Uganda,131,202,1,aaa6e84c,761c929e,c4e7749a,4,0,4,0,
Uganda,132,204,1,aaa6e84c,761c929e,c4e7749a,0,2,2,0,
Uganda,133,205,1,c4e7749a,761c929e,aaa6e84c,0,1,1,0,
Uganda,134,209,1,c4e7749a,761c929e,aaa6e84c,4,0,4,0,
Uganda,135,210,1,c4e7749a,761c929e,aaa6e84c,1,0,1,0,
Uganda,136,211,1,aaa6e84c,761c929e,c4e7749a,1,0,1,0,
Uganda,137,213,1,c4e7749a,761c929e,aaa6e84c,2,0,2,0,
Germany,1,0,0,d4f98302,d9e5ecb4,f1328a90,0,0,0,0,
Germany,2,4,0,d4f98302,d9e5ecb4,f1328a90,4,0,4,0,
Germany,3,4,0,d4f98302,d9e5ecb4,f1328a90,0,0,0,0,
Germany,4,4,0,d4f98302,d9e5ecb4,f1328a90,0,0,0,0,
Germany,5,4,0,d4f98302,d9e5ecb4,f1328a90,0,0,0,0,
Germany,6,4,0,d4f98302,d9e5ecb4,f1328a90,0,0,0,0,
Germany,7,4,0,f1328a90,01c1b96c,d4f98302,0,0,0,0,
Germany,8,5,0,f1328a90,01c1b96c,d4f98302,1,0,1,0,
Germany,9,5,1,d4f98302,01c1b96c,f1328a90,0,0,0,1,bowled
Germany,10,5,1,acd030a0,01c1b96c,f1328a90,0,0,0,0,
Germany,11,5,1,acd030a0,01c1b96c,f1328a90,0,0,0,0,
Germany,12,5,1,acd030a0,01c1b96c,f1328a90,0,0,0,0,
Germany,13,5,1,f1328a90,d9e5ecb4,acd030a0,0,0,0,0,
Germany,14,6,1,f1328a90,d9e5ecb4,acd030a0,1,0,1,0,
Germany,15,6,1,acd030a0,d9e5ecb4,f1328a90,0,0,0,0,
Germany,16,6,1,acd030a0,d9e5ecb4,f1328a90,0,0,0,0,
Germany,17,6,1,acd030a0,d9e5ecb4,f1328a90,0,0,0,0,
Germany,18,6,1,acd030a0,d9e5ecb4,f1328a90,0,0,0,0,
Germany,19,6,2,f1328a90,01c1b96c,acd030a0,0,0,0,1,bowled
Germany,20,6,2,7e8bcfc1,01c1b96c,acd030a0,0,0,0,0,
Germany,21,6,2,7e8bcfc1,01c1b96c,acd030a0,0,0,0,0,
Germany,22,6,2,7e8bcfc1,01c1b96c,acd030a0,0,0,0,0,
Germany,23,6,2,7e8bcfc1,01c1b96c,acd030a0,0,0,0,0,
Germany,24,6,2,7e8bcfc1,01c1b96c,acd030a0,0,0,0,0,
Germany,25,7,2,acd030a0,d9e5ecb4,7e8bcfc1,0,1,1,0,
Germany,26,11,2,acd030a0,d9e5ecb4,7e8bcfc1,4,0,4,0,
Germany,27,11,2,acd030a0,d9e5ecb4,7e8bcfc1,0,0,0,0,
Germany,28,12,2,acd030a0,d9e5ecb4,7e8bcfc1,0,1,1,0,
Germany,29,12,2,acd030a0,d9e5ecb4,7e8bcfc1,0,0,0,0,
Germany,30,14,2,acd030a0,d9e5ecb4,7e8bcfc1,2,0,2,0,
Germany,31,14,2,acd030a0,d9e5ecb4,7e8bcfc1,0,0,0,0,
Germany,32,14,2,acd030a0,d9e5ecb4,7e8bcfc1,0,0,0,0,
Germany,33,14,2,7e8bcfc1,aaa6e84c,acd030a0,0,0,0,0,
Germany,34,14,2,7e8bcfc1,aaa6e84c,acd030a0,0,0,0,0,
Germany,35,14,2,7e8bcfc1,aaa6e84c,acd030a0,0,0,0,0,
Germany,36,14,2,7e8bcfc1,aaa6e84c,acd030a0,0,0,0,0,
Germany,37,14,2,7e8bcfc1,aaa6e84c,acd030a0,0,0,0,0,
Germany,38,15,2,7e8bcfc1,aaa6e84c,acd030a0,0,1,1,0,
Germany,39,15,2,7e8bcfc1,aaa6e84c,acd030a0,0,0,0,0,
Germany,40,15,2,acd030a0,cf92d76b,7e8bcfc1,0,0,0,0,
Germany,41,15,2,acd030a0,cf92d76b,7e8bcfc1,0,0,0,0,
Germany,42,15,2,acd030a0,cf92d76b,7e8bcfc1,0,0,0,0,
Germany,43,15,2,acd030a0,cf92d76b,7e8bcfc1,0,0,0,0,
Germany,44,15,3,acd030a0,cf92d76b,7e8bcfc1,0,0,0,1,caught
Germany,45,15,3,7e8bcfc1,cf92d76b,11898ffe,0,0,0,0,
Germany,46,15,3,11898ffe,aaa6e84c,7e8bcfc1,0,0,0,0,
Germany,47,15,3,11898ffe,aaa6e84c,7e8bcfc1,0,0,0,0,
Germany,48,15,3,11898ffe,aaa6e84c,7e8bcfc1,0,0,0,0,
Germany,49,16,3,11898ffe,aaa6e84c,7e8bcfc1,0,1,1,0,
Germany,50,16,3,11898ffe,aaa6e84c,7e8bcfc1,0,0,0,0,
Germany,51,16,3,11898ffe,aaa6e84c,7e8bcfc1,0,0,0,0,
Germany,52,17,3,11898ffe,aaa6e84c,7e8bcfc1,1,0,1,0,
Germany,53,17,3,11898ffe,cf92d76b,7e8bcfc1,0,0,0,0,
Germany,54,17,3,11898ffe,cf92d76b,7e8bcfc1,0,0,0,0,
Germany,55,17,3,11898ffe,cf92d76b,7e8bcfc1,0,0,0,0,
Germany,56,17,3,11898ffe,cf92d76b,7e8bcfc1,0,0,0,0,
Germany,57,17,3,11898ffe,cf92d76b,7e8bcfc1,0,0,0,0,
Germany,58,17,4,11898ffe,cf92d76b,7e8bcfc1,0,0,0,1,caught
Germany,59,17,4,7e8bcfc1,aaa6e84c,eb9082b2,0,0,0,0,
Germany,60,18,4,7e8bcfc1,aaa6e84c,eb9082b2,1,0,1,0,
Germany,61,22,4,eb9082b2,aaa6e84c,7e8bcfc1,4,0,4,0,
Germany,62,22,4,eb9082b2,aaa6e84c,7e8bcfc1,0,0,0,0,
Germany,63,23,4,eb9082b2,aaa6e84c,7e8bcfc1,1,0,1,0,
Germany,64,23,4,7e8bcfc1,aaa6e84c,eb9082b2,0,0,0,0,
Germany,65,24,4,eb9082b2,cf92d76b,7e8bcfc1,1,0,1,0,
Germany,66,24,4,7e8bcfc1,cf92d76b,eb9082b2,0,0,0,0,
Germany,67,24,5,7e8bcfc1,cf92d76b,eb9082b2,0,0,0,1,bowled
Germany,68,25,5,048da365,cf92d76b,eb9082b2,0,1,1,0,
Germany,69,25,5,048da365,cf92d76b,eb9082b2,0,0,0,0,
Germany,70,25,5,048da365,cf92d76b,eb9082b2,0,0,0,0,
Germany,71,25,5,048da365,cf92d76b,eb9082b2,0,0,0,0,
Germany,72,25,5,eb9082b2,1b378842,048da365,0,0,0,0,
Germany,73,26,5,eb9082b2,1b378842,048da365,1,0,1,0,
Germany,74,27,5,048da365,1b378842,eb9082b2,1,0,1,0,
Germany,75,27,5,eb9082b2,1b378842,048da365,0,0,0,0,
Germany,76,29,5,eb9082b2,1b378842,048da365,2,0,2,0,
Germany,77,29,5,eb9082b2,1b378842,048da365,0,0,0,0,
Germany,78,29,5,048da365,cf92d76b,eb9082b2,0,0,0,0,
Germany,79,29,5,048da365,cf92d76b,eb9082b2,0,0,0,0,
Germany,80,29,5,048da365,cf92d76b,eb9082b2,0,0,0,0,
Germany,81,30,5,048da365,cf92d76b,eb9082b2,1,0,1,0,
Germany,82,30,5,eb9082b2,cf92d76b,048da365,0,0,0,0,
Germany,83,30,6,eb9082b2,cf92d76b,048da365,0,0,0,1,caught
Germany,84,30,6,761c929e,1b378842,048da365,0,0,0,0,
Germany,85,30,6,761c929e,1b378842,048da365,0,0,0,0,
Germany,86,32,6,761c929e,1b378842,048da365,2,0,2,0,
Germany,87,32,6,761c929e,1b378842,048da365,0,0,0,0,
Germany,88,34,6,761c929e,1b378842,048da365,2,0,2,0,
Germany,89,34,6,761c929e,1b378842,048da365,0,0,0,0,
Germany,90,35,6,048da365,01c1b96c,761c929e,1,0,1,0,
Germany,91,35,6,761c929e,01c1b96c,048da365,0,0,0,0,
Germany,92,35,6,761c929e,01c1b96c,048da365,0,0,0,0,
Germany,93,35,7,761c929e,01c1b96c,048da365,0,0,0,1,caught and bowled
Germany,94,36,7,26eb73f9,01c1b96c,048da365,1,0,1,0,
Germany,95,36,7,048da365,01c1b96c,26eb73f9,0,0,0,0,
Germany,96,36,7,26eb73f9,1b378842,048da365,0,0,0,0,
Germany,97,36,7,26eb73f9,1b378842,048da365,0,0,0,0,
Germany,98,36,7,26eb73f9,1b378842,048da365,0,0,0,0,
Germany,99,36,7,26eb73f9,1b378842,048da365,0,0,0,0,
Germany,100,36,7,26eb73f9,1b378842,048da365,0,0,0,0,
Germany,101,37,7,26eb73f9,1b378842,048da365,1,0,1,0,
Germany,102,37,8,26eb73f9,aaa6e84c,048da365,0,0,0,1,caught
Germany,103,38,8,bb1be934,aaa6e84c,048da365,0,1,1,0,
Germany,104,38,8,bb1be934,aaa6e84c,048da365,0,0,0,0,
Germany,105,38,9,bb1be934,aaa6e84c,048da365,0,0,0,1,bowled
Germany,106,38,9,edbc9441,aaa6e84c,048da365,0,0,0,0,
Germany,107,38,9,edbc9441,aaa6e84c,048da365,0,0,0,0,
Germany,108,38,9,edbc9441,aaa6e84c,048da365,0,0,0,0,
Germany,109,38,9,048da365,1b378842,edbc9441,0,0,0,0,
Germany,110,42,9,048da365,1b378842,edbc9441,4,0,4,0,
Germany,111,42,9,048da365,1b378842,edbc9441,0,0,0,0,
Germany,112,43,9,048da365,1b378842,edbc9441,1,0,1,0,
Germany,113,43,9,edbc9441,1b378842,048da365,0,0,0,0,
Germany,114,44,9,edbc9441,1b378842,048da365,1,0,1,0,
Germany,115,44,9,edbc9441,01c1b96c,048da365,0,0,0,0,
Germany,116,44,9,edbc9441,01c1b96c,048da365,0,0,0,0,
Germany,117,45,9,edbc9441,01c1b96c,048da365,0,1,1,0,
Germany,118,46,9,edbc9441,01c1b96c,048da365,1,0,1,0,
Germany,119,46,9,048da365,01c1b96c,edbc9441,0,0,0,0,
Germany,120,46,10,048da365,01c1b96c,edbc9441,0,0,0,1,run out
