batting_team,ball_number,total_team_runs,total_team_wickets,striker_ID,bowler_ID,nonstriker_ID,batter_runs,extras_runs,total_delivery_runs,wicket,wicket_type
Bhutan,1,0,0,a904600a,4bed6af7,6f17c546,0,0,0,0,
Bhutan,2,0,0,a904600a,4bed6af7,6f17c546,0,0,0,0,
Bhutan,3,1,0,a904600a,4bed6af7,6f17c546,1,0,1,0,
Bhutan,4,6,0,6f17c546,4bed6af7,a904600a,0,5,5,0,
Bhutan,5,6,0,6f17c546,4bed6af7,a904600a,0,0,0,0,
Bhutan,6,6,0,6f17c546,4bed6af7,a904600a,0,0,0,0,
Bhutan,7,6,0,6f17c546,4bed6af7,a904600a,0,0,0,0,
Bhutan,8,6,0,a904600a,c8ae2573,6f17c546,0,0,0,0,
Bhutan,9,6,0,a904600a,c8ae2573,6f17c546,0,0,0,0,
Bhutan,10,7,0,a904600a,c8ae2573,6f17c546,1,0,1,0,
Bhutan,11,9,0,6f17c546,c8ae2573,a904600a,2,0,2,0,
Bhutan,12,10,0,6f17c546,c8ae2573,a904600a,1,0,1,0,
Bhutan,13,10,0,a904600a,c8ae2573,6f17c546,0,0,0,0,
Bhutan,14,10,0,6f17c546,4bed6af7,a904600a,0,0,0,0,
Bhutan,15,14,0,6f17c546,4bed6af7,a904600a,4,0,4,0,
Bhutan,16,16,0,6f17c546,4bed6af7,a904600a,2,0,2,0,
Bhutan,17,20,0,6f17c546,4bed6af7,a904600a,4,0,4,0,
Bhutan,18,20,0,6f17c546,4bed6af7,a904600a,0,0,0,0,
Bhutan,19,21,0,6f17c546,4bed6af7,a904600a,0,1,1,0,
Bhutan,20,22,0,6f17c546,4bed6af7,a904600a,1,0,1,0,
Bhutan,21,22,0,6f17c546,c8ae2573,a904600a,0,0,0,0,
Bhutan,22,23,0,6f17c546,c8ae2573,a904600a,1,0,1,0,
Bhutan,23,24,0,a904600a,c8ae2573,6f17c546,1,0,1,0,
Bhutan,24,24,0,6f17c546,c8ae2573,a904600a,0,0,0,0,
Bhutan,25,26,0,6f17c546,c8ae2573,a904600a,2,0,2,0,
Bhutan,26,27,0,6f17c546,c8ae2573,a904600a,1,0,1,0,
Bhutan,27,27,1,6f17c546,b4d08794,a904600a,0,0,0,1,bowled
Bhutan,28,31,1,760fcf65,b4d08794,a904600a,4,0,4,0,
Bhutan,29,32,1,760fcf65,b4d08794,a904600a,1,0,1,0,
Bhutan,30,36,1,a904600a,b4d08794,760fcf65,4,0,4,0,
Bhutan,31,37,1,a904600a,b4d08794,760fcf65,1,0,1,0,
Bhutan,32,37,1,760fcf65,b4d08794,a904600a,0,0,0,0,
Bhutan,33,37,1,a904600a,c8ae2573,760fcf65,0,0,0,0,
Bhutan,34,37,1,a904600a,c8ae2573,760fcf65,0,0,0,0,
Bhutan,35,37,1,a904600a,c8ae2573,760fcf65,0,0,0,0,
Bhutan,36,37,1,a904600a,c8ae2573,760fcf65,0,0,0,0,
Bhutan,37,38,1,a904600a,c8ae2573,760fcf65,1,0,1,0,
Bhutan,38,38,1,760fcf65,c8ae2573,a904600a,0,0,0,0,
Bhutan,39,38,1,a904600a,b4d08794,760fcf65,0,0,0,0,
Bhutan,40,39,1,a904600a,b4d08794,760fcf65,1,0,1,0,
Bhutan,41,39,1,760fcf65,b4d08794,a904600a,0,0,0,0,
Bhutan,42,39,1,760fcf65,b4d08794,a904600a,0,0,0,0,
Bhutan,43,40,1,760fcf65,b4d08794,a904600a,1,0,1,0,
Bhutan,44,40,1,a904600a,b4d08794,760fcf65,0,0,0,0,
Bhutan,45,41,1,760fcf65,7c61a686,a904600a,0,1,1,0,
Bhutan,46,41,1,760fcf65,7c61a686,a904600a,0,0,0,0,
Bhutan,47,42,1,760fcf65,7c61a686,a904600a,1,0,1,0,
Bhutan,48,42,1,a904600a,7c61a686,760fcf65,0,0,0,0,
Bhutan,49,45,1,a904600a,7c61a686,760fcf65,3,0,3,0,
Bhutan,50,46,1,760fcf65,7c61a686,a904600a,0,1,1,0,
Bhutan,51,47,1,760fcf65,7c61a686,a904600a,1,0,1,0,
Bhutan,52,47,1,a904600a,7c61a686,760fcf65,0,0,0,0,
Bhutan,53,48,1,760fcf65,b4d08794,a904600a,1,0,1,0,
Bhutan,54,48,1,a904600a,b4d08794,760fcf65,0,0,0,0,
Bhutan,55,49,1,a904600a,b4d08794,760fcf65,1,0,1,0,
Bhutan,56,49,1,760fcf65,b4d08794,a904600a,0,0,0,0,
Bhutan,57,50,1,760fcf65,b4d08794,a904600a,0,1,1,0,
Bhutan,58,51,1,a904600a,b4d08794,760fcf65,0,1,1,0,
Bhutan,59,53,1,a904600a,b4d08794,760fcf65,2,0,2,0,
Bhutan,60,54,1,760fcf65,f4b942ae,a904600a,0,1,1,0,
Bhutan,61,54,1,760fcf65,f4b942ae,a904600a,0,0,0,0,
Bhutan,62,54,1,760fcf65,f4b942ae,a904600a,0,0,0,0,
Bhutan,63,58,1,760fcf65,f4b942ae,a904600a,4,0,4,0,
Bhutan,64,59,1,760fcf65,f4b942ae,a904600a,1,0,1,0,
Bhutan,65,59,1,a904600a,f4b942ae,760fcf65,0,0,0,0,
Bhutan,66,59,1,a904600a,f4b942ae,760fcf65,0,0,0,0,
Bhutan,67,60,1,760fcf65,b4d08794,a904600a,1,0,1,0,
Bhutan,68,61,1,a904600a,b4d08794,760fcf65,0,1,1,0,
Bhutan,69,62,1,760fcf65,b4d08794,a904600a,1,0,1,0,
Bhutan,70,62,1,a904600a,b4d08794,760fcf65,0,0,0,0,
Bhutan,71,63,1,a904600a,b4d08794,760fcf65,1,0,1,0,
Bhutan,72,63,1,760fcf65,b4d08794,a904600a,0,0,0,0,
Bhutan,73,65,1,a904600a,f4b942ae,760fcf65,2,0,2,0,
Bhutan,74,69,1,a904600a,f4b942ae,760fcf65,4,0,4,0,
Bhutan,75,73,1,a904600a,f4b942ae,760fcf65,4,0,4,0,
Bhutan,76,74,1,a904600a,f4b942ae,760fcf65,1,0,1,0,
Bhutan,77,75,1,760fcf65,f4b942ae,a904600a,0,1,1,0,
Bhutan,78,75,1,760fcf65,f4b942ae,a904600a,0,0,0,0,
Bhutan,79,76,1,760fcf65,f4b942ae,a904600a,1,0,1,0,
Bhutan,80,76,1,760fcf65,44b53fba,a904600a,0,0,0,0,
Bhutan,81,76,1,760fcf65,44b53fba,a904600a,0,0,0,0,
Bhutan,82,77,1,760fcf65,44b53fba,a904600a,1,0,1,0,
Bhutan,83,77,2,a904600a,44b53fba,760fcf65,0,0,0,1,lbw
Bhutan,84,78,2,b1f21c0f,44b53fba,760fcf65,1,0,1,0,
Bhutan,85,78,2,760fcf65,44b53fba,b1f21c0f,0,0,0,0,
Bhutan,86,78,2,b1f21c0f,f4b942ae,760fcf65,0,0,0,0,
Bhutan,87,78,2,b1f21c0f,f4b942ae,760fcf65,0,0,0,0,
Bhutan,88,79,2,b1f21c0f,f4b942ae,760fcf65,1,0,1,0,
Bhutan,89,80,2,760fcf65,f4b942ae,b1f21c0f,1,0,1,0,
Bhutan,90,80,2,b1f21c0f,f4b942ae,760fcf65,0,0,0,0,
Bhutan,91,80,2,b1f21c0f,f4b942ae,760fcf65,0,0,0,0,
Bhutan,92,82,2,760fcf65,44b53fba,b1f21c0f,2,0,2,0,
Bhutan,93,82,3,760fcf65,44b53fba,b1f21c0f,0,0,0,1,run out
Bhutan,94,83,3,b1f21c0f,44b53fba,e1e0775d,1,0,1,0,
Bhutan,95,83,3,e1e0775d,44b53fba,b1f21c0f,0,0,0,0,
Bhutan,96,84,3,e1e0775d,44b53fba,b1f21c0f,1,0,1,0,
Bhutan,97,88,3,b1f21c0f,44b53fba,e1e0775d,4,0,4,0,
Bhutan,98,88,4,e1e0775d,f4b942ae,b1f21c0f,0,0,0,1,caught
Bhutan,99,90,4,b1f21c0f,f4b942ae,c5dd13c3,2,0,2,0,
Bhutan,100,90,5,b1f21c0f,f4b942ae,c5dd13c3,0,0,0,1,caught
Bhutan,101,91,5,c5dd13c3,f4b942ae,0b211a32,1,0,1,0,
Bhutan,102,92,5,0b211a32,f4b942ae,c5dd13c3,1,0,1,0,
Bhutan,103,93,5,c5dd13c3,f4b942ae,0b211a32,1,0,1,0,
Bhutan,104,93,5,c5dd13c3,44b53fba,0b211a32,0,0,0,0,
Bhutan,105,94,5,c5dd13c3,44b53fba,0b211a32,1,0,1,0,
Bhutan,106,96,5,0b211a32,44b53fba,c5dd13c3,2,0,2,0,
Bhutan,107,97,5,0b211a32,44b53fba,c5dd13c3,1,0,1,0,
Bhutan,108,98,5,c5dd13c3,44b53fba,0b211a32,1,0,1,0,
Bhutan,109,98,5,0b211a32,44b53fba,c5dd13c3,0,0,0,0,
Bhutan,110,99,5,c5dd13c3,c8ae2573,0b211a32,1,0,1,0,
Bhutan,111,100,5,0b211a32,c8ae2573,c5dd13c3,1,0,1,0,
Bhutan,112,100,5,c5dd13c3,c8ae2573,0b211a32,0,0,0,0,
Bhutan,113,101,5,c5dd13c3,c8ae2573,0b211a32,1,0,1,0,
Bhutan,114,102,5,0b211a32,c8ae2573,c5dd13c3,1,0,1,0,
Bhutan,115,102,6,c5dd13c3,c8ae2573,0b211a32,0,0,0,1,bowled
Bhutan,116,104,6,0b211a32,44b53fba,09cbca15,2,0,2,0,
Bhutan,117,106,6,0b211a32,44b53fba,09cbca15,2,0,2,0,
Bhutan,118,106,7,0b211a32,44b53fba,09cbca15,0,0,0,1,caught
Bhutan,119,106,7,09cbca15,44b53fba,10854c82,0,0,0,0,
Bhutan,120,107,7,09cbca15,44b53fba,10854c82,0,1,1,0,
Bhutan,121,108,8,10854c82,44b53fba,09cbca15,1,0,1,1,run out
Bhutan,122,109,8,dbfa8b20,4bed6af7,10854c82,1,0,1,0,
Bhutan,123,110,8,10854c82,4bed6af7,dbfa8b20,1,0,1,0,
Bhutan,124,110,9,dbfa8b20,4bed6af7,10854c82,0,0,0,1,bowled
Bhutan,125,112,10,f037f4d8,4bed6af7,10854c82,0,2,2,1,run out
Kuwait,1,0,0,b4d08794,10854c82,f4b942ae,0,0,0,0,
Kuwait,2,0,0,b4d08794,10854c82,f4b942ae,0,0,0,0,
Kuwait,3,0,0,b4d08794,10854c82,f4b942ae,0,0,0,0,
Kuwait,4,1,0,b4d08794,10854c82,f4b942ae,1,0,1,0,
Kuwait,5,5,0,f4b942ae,10854c82,b4d08794,4,0,4,0,
Kuwait,6,9,0,f4b942ae,10854c82,b4d08794,4,0,4,0,
Kuwait,7,10,0,b4d08794,09cbca15,f4b942ae,0,1,1,0,
Kuwait,8,11,0,b4d08794,09cbca15,f4b942ae,0,1,1,0,
Kuwait,9,11,0,b4d08794,09cbca15,f4b942ae,0,0,0,0,
Kuwait,10,12,0,b4d08794,09cbca15,f4b942ae,0,1,1,0,
Kuwait,11,12,0,b4d08794,09cbca15,f4b942ae,0,0,0,0,
Kuwait,12,12,0,b4d08794,09cbca15,f4b942ae,0,0,0,0,
Kuwait,13,13,0,b4d08794,09cbca15,f4b942ae,1,0,1,0,
Kuwait,14,14,0,f4b942ae,09cbca15,b4d08794,1,0,1,0,
Kuwait,15,14,0,b4d08794,09cbca15,f4b942ae,0,0,0,0,
Kuwait,16,15,0,f4b942ae,10854c82,b4d08794,1,0,1,0,
Kuwait,17,16,0,b4d08794,10854c82,f4b942ae,1,0,1,0,
Kuwait,18,17,0,f4b942ae,10854c82,b4d08794,1,0,1,0,
Kuwait,19,17,0,b4d08794,10854c82,f4b942ae,0,0,0,0,
Kuwait,20,17,0,b4d08794,10854c82,f4b942ae,0,0,0,0,
Kuwait,21,17,0,b4d08794,10854c82,f4b942ae,0,0,0,0,
Kuwait,22,17,0,f4b942ae,09cbca15,b4d08794,0,0,0,0,
Kuwait,23,18,0,f4b942ae,09cbca15,b4d08794,0,1,1,0,
Kuwait,24,19,0,f4b942ae,09cbca15,b4d08794,1,0,1,0,
Kuwait,25,20,0,b4d08794,09cbca15,f4b942ae,1,0,1,0,
Kuwait,26,20,0,f4b942ae,09cbca15,b4d08794,0,0,0,0,
Kuwait,27,20,1,f4b942ae,09cbca15,b4d08794,0,0,0,1,caught
Kuwait,28,20,1,3f2b40f0,09cbca15,b4d08794,0,0,0,0,
Kuwait,29,20,1,b4d08794,b1f21c0f,3f2b40f0,0,0,0,0,
Kuwait,30,20,1,b4d08794,b1f21c0f,3f2b40f0,0,0,0,0,
Kuwait,31,20,1,b4d08794,b1f21c0f,3f2b40f0,0,0,0,0,
Kuwait,32,21,1,b4d08794,b1f21c0f,3f2b40f0,1,0,1,0,
Kuwait,33,21,1,3f2b40f0,b1f21c0f,b4d08794,0,0,0,0,
Kuwait,34,21,1,3f2b40f0,b1f21c0f,b4d08794,0,0,0,0,
Kuwait,35,21,1,b4d08794,760fcf65,3f2b40f0,0,0,0,0,
Kuwait,36,21,1,b4d08794,760fcf65,3f2b40f0,0,0,0,0,
Kuwait,37,22,1,b4d08794,760fcf65,3f2b40f0,1,0,1,0,
Kuwait,38,22,1,3f2b40f0,760fcf65,b4d08794,0,0,0,0,
Kuwait,39,23,1,3f2b40f0,760fcf65,b4d08794,1,0,1,0,
Kuwait,40,23,1,b4d08794,760fcf65,3f2b40f0,0,0,0,0,
Kuwait,41,23,2,3f2b40f0,b1f21c0f,b4d08794,0,0,0,1,bowled
Kuwait,42,25,2,7c61a686,b1f21c0f,b4d08794,2,0,2,0,
Kuwait,43,25,2,7c61a686,b1f21c0f,b4d08794,0,0,0,0,
Kuwait,44,26,2,7c61a686,b1f21c0f,b4d08794,1,0,1,0,
Kuwait,45,26,2,b4d08794,b1f21c0f,7c61a686,0,0,0,0,
Kuwait,46,27,2,b4d08794,b1f21c0f,7c61a686,1,0,1,0,
Kuwait,47,27,2,b4d08794,760fcf65,7c61a686,0,0,0,0,
Kuwait,48,28,2,b4d08794,760fcf65,7c61a686,1,0,1,0,
Kuwait,49,30,2,7c61a686,760fcf65,b4d08794,2,0,2,0,
Kuwait,50,31,2,7c61a686,760fcf65,b4d08794,1,0,1,0,
Kuwait,51,31,2,b4d08794,760fcf65,7c61a686,0,0,0,0,
Kuwait,52,31,2,b4d08794,760fcf65,7c61a686,0,0,0,0,
Kuwait,53,31,2,7c61a686,b1f21c0f,b4d08794,0,0,0,0,
Kuwait,54,31,2,7c61a686,b1f21c0f,b4d08794,0,0,0,0,
Kuwait,55,32,2,7c61a686,b1f21c0f,b4d08794,1,0,1,0,
Kuwait,56,35,2,b4d08794,b1f21c0f,7c61a686,0,3,3,0,
Kuwait,57,35,2,b4d08794,b1f21c0f,7c61a686,0,0,0,0,
Kuwait,58,36,2,b4d08794,b1f21c0f,7c61a686,1,0,1,0,
Kuwait,59,36,2,7c61a686,b1f21c0f,b4d08794,0,0,0,0,
Kuwait,60,40,2,b4d08794,760fcf65,7c61a686,4,0,4,0,
Kuwait,61,41,2,b4d08794,760fcf65,7c61a686,1,0,1,0,
Kuwait,62,43,2,7c61a686,760fcf65,b4d08794,2,0,2,0,
Kuwait,63,44,2,7c61a686,760fcf65,b4d08794,1,0,1,0,
Kuwait,64,45,2,b4d08794,760fcf65,7c61a686,1,0,1,0,
Kuwait,65,48,2,7c61a686,760fcf65,b4d08794,0,3,3,0,
Kuwait,66,49,2,7c61a686,760fcf65,b4d08794,1,0,1,0,
Kuwait,67,49,2,7c61a686,b1f21c0f,b4d08794,0,0,0,0,
Kuwait,68,50,2,7c61a686,b1f21c0f,b4d08794,1,0,1,0,
Kuwait,69,52,2,b4d08794,b1f21c0f,7c61a686,2,0,2,0,
Kuwait,70,56,2,b4d08794,b1f21c0f,7c61a686,4,0,4,0,
Kuwait,71,57,2,b4d08794,b1f21c0f,7c61a686,1,0,1,0,
Kuwait,72,58,2,7c61a686,b1f21c0f,b4d08794,1,0,1,0,
Kuwait,73,59,2,7c61a686,760fcf65,b4d08794,1,0,1,0,
Kuwait,74,63,2,b4d08794,760fcf65,7c61a686,4,0,4,0,
Kuwait,75,64,2,b4d08794,760fcf65,7c61a686,1,0,1,0,
Kuwait,76,64,3,7c61a686,760fcf65,b4d08794,0,0,0,1,lbw
Kuwait,77,65,3,02264be0,760fcf65,b4d08794,1,0,1,0,
Kuwait,78,67,3,b4d08794,760fcf65,02264be0,2,0,2,0,
Kuwait,79,68,3,02264be0,f037f4d8,b4d08794,1,0,1,0,
Kuwait,80,69,3,b4d08794,f037f4d8,02264be0,0,1,1,0,
Kuwait,81,73,3,b4d08794,f037f4d8,02264be0,4,0,4,0,
Kuwait,82,74,3,b4d08794,f037f4d8,02264be0,1,0,1,0,
Kuwait,83,75,3,02264be0,f037f4d8,b4d08794,1,0,1,0,
Kuwait,84,77,3,b4d08794,f037f4d8,02264be0,2,0,2,0,
Kuwait,85,78,3,b4d08794,f037f4d8,02264be0,1,0,1,0,
Kuwait,86,79,3,b4d08794,09cbca15,02264be0,0,1,1,0,
Kuwait,87,79,3,b4d08794,09cbca15,02264be0,0,0,0,0,
Kuwait,88,80,3,b4d08794,09cbca15,02264be0,0,1,1,0,
Kuwait,89,82,3,b4d08794,09cbca15,02264be0,2,0,2,0,
Kuwait,90,84,3,b4d08794,09cbca15,02264be0,2,0,2,0,
Kuwait,91,84,3,b4d08794,09cbca15,02264be0,0,0,0,0,
Kuwait,92,85,3,b4d08794,09cbca15,02264be0,1,0,1,0,
Kuwait,93,86,3,02264be0,09cbca15,b4d08794,1,0,1,0,
Kuwait,94,86,3,02264be0,10854c82,b4d08794,0,0,0,0,
Kuwait,95,86,3,02264be0,10854c82,b4d08794,0,0,0,0,
Kuwait,96,87,3,02264be0,10854c82,b4d08794,0,1,1,0,
Kuwait,97,88,3,02264be0,10854c82,b4d08794,1,0,1,0,
Kuwait,98,89,3,b4d08794,10854c82,02264be0,1,0,1,0,
Kuwait,99,89,3,02264be0,10854c82,b4d08794,0,0,0,0,
Kuwait,100,89,4,02264be0,10854c82,b4d08794,0,0,0,1,bowled
Kuwait,101,90,4,b4d08794,f037f4d8,44b53fba,1,0,1,0,
Kuwait,102,91,4,44b53fba,f037f4d8,b4d08794,1,0,1,0,
Kuwait,103,91,4,b4d08794,f037f4d8,44b53fba,0,0,0,0,
Kuwait,104,92,4,b4d08794,f037f4d8,44b53fba,1,0,1,0,
Kuwait,105,92,5,44b53fba,f037f4d8,b4d08794,0,0,0,1,caught
Kuwait,106,92,5,c8ae2573,f037f4d8,b4d08794,0,0,0,0,
Kuwait,107,93,5,b4d08794,09cbca15,c8ae2573,1,0,1,0,
Kuwait,108,94,6,c8ae2573,09cbca15,b4d08794,1,0,1,1,run out
Kuwait,109,94,6,c8ae2573,09cbca15,4bed6af7,0,0,0,0,
Kuwait,110,94,6,c8ae2573,09cbca15,4bed6af7,0,0,0,0,
Kuwait,111,98,6,c8ae2573,09cbca15,4bed6af7,4,0,4,0,
Kuwait,112,99,6,c8ae2573,09cbca15,4bed6af7,1,0,1,0,
Kuwait,113,101,6,c8ae2573,f037f4d8,4bed6af7,2,0,2,0,
Kuwait,114,101,6,c8ae2573,f037f4d8,4bed6af7,0,0,0,0,
Kuwait,115,105,6,c8ae2573,f037f4d8,4bed6af7,4,0,4,0,
Kuwait,116,106,6,c8ae2573,f037f4d8,4bed6af7,1,0,1,0,
Kuwait,117,107,6,4bed6af7,f037f4d8,c8ae2573,1,0,1,0,
Kuwait,118,109,6,c8ae2573,f037f4d8,4bed6af7,2,0,2,0,
Kuwait,119,109,7,4bed6af7,10854c82,c8ae2573,0,0,0,1,lbw
Kuwait,120,109,7,f50ca46d,10854c82,c8ae2573,0,0,0,0,
Kuwait,121,109,7,f50ca46d,10854c82,c8ae2573,0,0,0,0,
Kuwait,122,109,7,f50ca46d,10854c82,c8ae2573,0,0,0,0,
Kuwait,123,110,7,f50ca46d,10854c82,c8ae2573,1,0,1,0,
Kuwait,124,116,7,c8ae2573,10854c82,f50ca46d,6,0,6,0,
