batting_team,ball_number,total_team_runs,total_team_wickets,striker_ID,bowler_ID,nonstriker_ID,batter_runs,extras_runs,total_delivery_runs,wicket,wicket_type
Wellington,1,4,0,bf74b130,a818c1be,df5a6881,4,0,4,0,
Wellington,2,8,0,bf74b130,a818c1be,df5a6881,4,0,4,0,
Wellington,3,8,0,bf74b130,a818c1be,df5a6881,0,0,0,0,
Wellington,4,12,0,bf74b130,a818c1be,df5a6881,4,0,4,0,
Wellington,5,12,0,bf74b130,a818c1be,df5a6881,0,0,0,0,
Wellington,6,16,0,bf74b130,a818c1be,df5a6881,4,0,4,0,
Wellington,7,16,0,df5a6881,13c35c9e,bf74b130,0,0,0,0,
Wellington,8,16,0,df5a6881,13c35c9e,bf74b130,0,0,0,0,
Wellington,9,16,1,df5a6881,13c35c9e,bf74b130,0,0,0,1,caught
Wellington,10,16,1,e38bce7a,13c35c9e,bf74b130,0,0,0,0,
Wellington,11,16,1,e38bce7a,13c35c9e,bf74b130,0,0,0,0,
Wellington,12,20,1,e38bce7a,13c35c9e,bf74b130,4,0,4,0,
Wellington,13,20,1,bf74b130,8e9a5d20,e38bce7a,0,0,0,0,
Wellington,14,20,1,bf74b130,8e9a5d20,e38bce7a,0,0,0,0,
Wellington,15,24,1,bf74b130,8e9a5d20,e38bce7a,4,0,4,0,
Wellington,16,30,1,bf74b130,8e9a5d20,e38bce7a,6,0,6,0,
Wellington,17,31,1,bf74b130,8e9a5d20,e38bce7a,1,0,1,0,
Wellington,18,32,1,e38bce7a,8e9a5d20,bf74b130,1,0,1,0,
Wellington,19,33,1,e38bce7a,13c35c9e,bf74b130,1,0,1,0,
Wellington,20,34,1,bf74b130,13c35c9e,e38bce7a,1,0,1,0,
Wellington,21,34,1,e38bce7a,13c35c9e,bf74b130,0,0,0,0,
Wellington,22,35,1,e38bce7a,13c35c9e,bf74b130,1,0,1,0,
Wellington,23,41,1,bf74b130,13c35c9e,e38bce7a,6,0,6,0,
Wellington,24,41,1,bf74b130,13c35c9e,e38bce7a,0,0,0,0,
Wellington,25,45,1,e38bce7a,a818c1be,bf74b130,4,0,4,0,
Wellington,26,46,1,e38bce7a,a818c1be,bf74b130,1,0,1,0,
Wellington,27,50,1,bf74b130,a818c1be,e38bce7a,4,0,4,0,
Wellington,28,52,1,bf74b130,a818c1be,e38bce7a,2,0,2,0,
Wellington,29,56,1,bf74b130,a818c1be,e38bce7a,4,0,4,0,
Wellington,30,56,1,bf74b130,a818c1be,e38bce7a,0,0,0,0,
Wellington,31,56,1,e38bce7a,8e9a5d20,bf74b130,0,0,0,0,
Wellington,32,57,1,e38bce7a,8e9a5d20,bf74b130,1,0,1,0,
Wellington,33,61,1,bf74b130,8e9a5d20,e38bce7a,4,0,4,0,
Wellington,34,61,1,bf74b130,8e9a5d20,e38bce7a,0,0,0,0,
Wellington,35,67,1,bf74b130,8e9a5d20,e38bce7a,6,0,6,0,
Wellington,36,67,1,bf74b130,8e9a5d20,e38bce7a,0,0,0,0,
Wellington,37,71,1,e38bce7a,641ac5ff,bf74b130,4,0,4,0,
Wellington,38,75,1,e38bce7a,641ac5ff,bf74b130,4,0,4,0,
Wellington,39,76,1,e38bce7a,641ac5ff,bf74b130,1,0,1,0,
Wellington,40,77,1,bf74b130,641ac5ff,e38bce7a,1,0,1,0,
Wellington,41,78,1,e38bce7a,641ac5ff,bf74b130,1,0,1,0,
Wellington,42,82,1,bf74b130,641ac5ff,e38bce7a,4,0,4,0,
Wellington,43,83,1,e38bce7a,e4a0deae,bf74b130,1,0,1,0,
Wellington,44,83,1,bf74b130,e4a0deae,e38bce7a,0,0,0,0,
Wellington,45,87,1,bf74b130,e4a0deae,e38bce7a,4,0,4,0,
Wellington,46,88,1,bf74b130,e4a0deae,e38bce7a,1,0,1,0,
Wellington,47,92,1,e38bce7a,e4a0deae,bf74b130,4,0,4,0,
Wellington,48,93,1,e38bce7a,e4a0deae,bf74b130,1,0,1,0,
Wellington,49,93,1,e38bce7a,94734e80,bf74b130,0,0,0,0,
Wellington,50,93,1,e38bce7a,94734e80,bf74b130,0,0,0,0,
Wellington,51,99,1,e38bce7a,94734e80,bf74b130,6,0,6,0,
Wellington,52,100,1,e38bce7a,94734e80,bf74b130,1,0,1,0,
Wellington,53,100,2,bf74b130,94734e80,e38bce7a,0,0,0,1,caught
Wellington,54,100,2,21e5f325,94734e80,e38bce7a,0,0,0,0,
Wellington,55,100,2,e38bce7a,e4a0deae,21e5f325,0,0,0,0,
Wellington,56,101,2,e38bce7a,e4a0deae,21e5f325,0,1,1,0,
Wellington,57,102,2,e38bce7a,e4a0deae,21e5f325,0,1,1,0,
Wellington,58,102,2,21e5f325,e4a0deae,e38bce7a,0,0,0,0,
Wellington,59,102,2,21e5f325,e4a0deae,e38bce7a,0,0,0,0,
Wellington,60,103,2,21e5f325,e4a0deae,e38bce7a,1,0,1,0,
Wellington,61,105,2,e38bce7a,e4a0deae,21e5f325,2,0,2,0,
Wellington,62,106,2,21e5f325,94734e80,e38bce7a,1,0,1,0,
Wellington,63,108,2,e38bce7a,94734e80,21e5f325,2,0,2,0,
Wellington,64,109,2,e38bce7a,94734e80,21e5f325,0,1,1,0,
Wellington,65,113,2,e38bce7a,94734e80,21e5f325,4,0,4,0,
Wellington,66,119,2,e38bce7a,94734e80,21e5f325,6,0,6,0,
Wellington,67,121,2,e38bce7a,94734e80,21e5f325,2,0,2,0,
Wellington,68,122,2,e38bce7a,94734e80,21e5f325,1,0,1,0,
Wellington,69,122,2,e38bce7a,13c35c9e,21e5f325,0,0,0,0,
Wellington,70,124,2,e38bce7a,13c35c9e,21e5f325,2,0,2,0,
Wellington,71,125,2,e38bce7a,13c35c9e,21e5f325,1,0,1,0,
Wellington,72,125,3,21e5f325,13c35c9e,e38bce7a,0,0,0,1,caught
Wellington,73,126,3,e38bce7a,13c35c9e,9219eff0,1,0,1,0,
Wellington,74,126,3,9219eff0,13c35c9e,e38bce7a,0,0,0,0,
Wellington,75,130,3,e38bce7a,94734e80,9219eff0,4,0,4,0,
Wellington,76,131,3,e38bce7a,94734e80,9219eff0,1,0,1,0,
Wellington,77,132,3,9219eff0,94734e80,e38bce7a,1,0,1,0,
Wellington,78,133,3,e38bce7a,94734e80,9219eff0,1,0,1,0,
Wellington,79,134,3,9219eff0,94734e80,e38bce7a,1,0,1,0,
Wellington,80,134,4,e38bce7a,94734e80,9219eff0,0,0,0,1,caught
Wellington,81,134,4,9219eff0,641ac5ff,ba5e1069,0,0,0,0,
Wellington,82,134,4,9219eff0,641ac5ff,ba5e1069,0,0,0,0,
Wellington,83,134,5,9219eff0,641ac5ff,ba5e1069,0,0,0,1,caught
Wellington,84,135,5,05b1aef8,641ac5ff,ba5e1069,1,0,1,0,
Wellington,85,135,5,ba5e1069,641ac5ff,05b1aef8,0,0,0,0,
Wellington,86,136,5,ba5e1069,641ac5ff,05b1aef8,1,0,1,0,
Wellington,87,137,5,ba5e1069,94734e80,05b1aef8,1,0,1,0,
Wellington,88,137,6,05b1aef8,94734e80,ba5e1069,0,0,0,1,bowled
Wellington,89,137,6,782fb776,94734e80,ba5e1069,0,0,0,0,
Wellington,90,139,6,782fb776,94734e80,ba5e1069,2,0,2,0,
Wellington,91,139,6,782fb776,94734e80,ba5e1069,0,0,0,0,
Wellington,92,140,6,782fb776,94734e80,ba5e1069,1,0,1,0,
Wellington,93,141,6,782fb776,e4a0deae,ba5e1069,1,0,1,0,
Wellington,94,142,6,ba5e1069,e4a0deae,782fb776,1,0,1,0,
Wellington,95,142,6,782fb776,e4a0deae,ba5e1069,0,0,0,0,
Wellington,96,143,6,782fb776,e4a0deae,ba5e1069,1,0,1,0,
Wellington,97,143,6,ba5e1069,e4a0deae,782fb776,0,0,0,0,
Wellington,98,144,6,ba5e1069,e4a0deae,782fb776,1,0,1,0,
Wellington,99,144,6,ba5e1069,641ac5ff,782fb776,0,0,0,0,
Wellington,100,145,6,ba5e1069,641ac5ff,782fb776,1,0,1,0,
Wellington,101,148,6,782fb776,641ac5ff,ba5e1069,3,0,3,0,
Wellington,102,149,6,ba5e1069,641ac5ff,782fb776,1,0,1,0,
Wellington,103,150,6,782fb776,641ac5ff,ba5e1069,0,1,1,0,
Wellington,104,151,6,ba5e1069,641ac5ff,782fb776,1,0,1,0,
Wellington,105,151,7,ba5e1069,e4a0deae,782fb776,0,0,0,1,caught
Wellington,106,151,7,782fb776,e4a0deae,149d0c18,0,0,0,0,
Wellington,107,152,7,782fb776,e4a0deae,149d0c18,1,0,1,0,
Wellington,108,153,7,149d0c18,e4a0deae,782fb776,1,0,1,0,
Wellington,109,154,7,782fb776,e4a0deae,149d0c18,0,1,1,0,
Wellington,110,154,7,782fb776,e4a0deae,149d0c18,0,0,0,0,
Wellington,111,155,7,782fb776,e4a0deae,149d0c18,1,0,1,0,
Wellington,112,156,7,782fb776,a818c1be,149d0c18,1,0,1,0,
Wellington,113,156,8,149d0c18,a818c1be,782fb776,0,0,0,1,caught
Wellington,114,156,9,4e520f6c,a818c1be,782fb776,0,0,0,1,caught
Wellington,115,157,9,782fb776,a818c1be,e1891e00,1,0,1,0,
Wellington,116,158,9,e1891e00,a818c1be,782fb776,1,0,1,0,
Wellington,117,164,9,782fb776,a818c1be,e1891e00,6,0,6,0,
Wellington,118,166,9,e1891e00,13c35c9e,782fb776,2,0,2,0,
Wellington,119,166,9,e1891e00,13c35c9e,782fb776,0,0,0,0,
Wellington,120,167,9,e1891e00,13c35c9e,782fb776,1,0,1,0,
Wellington,121,167,10,782fb776,13c35c9e,e1891e00,0,0,0,1,lbw
Northern Districts,1,4,0,7a12be0a,05b1aef8,4663bd23,4,0,4,0,
Northern Districts,2,4,1,7a12be0a,05b1aef8,4663bd23,0,0,0,1,caught
Northern Districts,3,4,1,5f966ec0,05b1aef8,4663bd23,0,0,0,0,
Northern Districts,4,4,1,5f966ec0,05b1aef8,4663bd23,0,0,0,0,
Northern Districts,5,4,1,5f966ec0,05b1aef8,4663bd23,0,0,0,0,
Northern Districts,6,4,1,5f966ec0,05b1aef8,4663bd23,0,0,0,0,
Northern Districts,7,8,1,4663bd23,4e520f6c,5f966ec0,4,0,4,0,
Northern Districts,8,9,1,4663bd23,4e520f6c,5f966ec0,0,1,1,0,
Northern Districts,9,11,1,5f966ec0,4e520f6c,4663bd23,2,0,2,0,
Northern Districts,10,13,1,5f966ec0,4e520f6c,4663bd23,2,0,2,0,
Northern Districts,11,14,1,5f966ec0,4e520f6c,4663bd23,1,0,1,0,
Northern Districts,12,14,1,4663bd23,4e520f6c,5f966ec0,0,0,0,0,
Northern Districts,13,14,1,5f966ec0,05b1aef8,4663bd23,0,0,0,0,
Northern Districts,14,18,1,5f966ec0,05b1aef8,4663bd23,4,0,4,0,
Northern Districts,15,19,1,5f966ec0,05b1aef8,4663bd23,1,0,1,0,
Northern Districts,16,21,1,4663bd23,05b1aef8,5f966ec0,2,0,2,0,
Northern Districts,17,22,1,4663bd23,05b1aef8,5f966ec0,1,0,1,0,
Northern Districts,18,22,1,5f966ec0,05b1aef8,4663bd23,0,0,0,0,
Northern Districts,19,26,1,4663bd23,e1891e00,5f966ec0,4,0,4,0,
Northern Districts,20,26,1,4663bd23,e1891e00,5f966ec0,0,0,0,0,
Northern Districts,21,32,1,4663bd23,e1891e00,5f966ec0,6,0,6,0,
Northern Districts,22,32,1,4663bd23,e1891e00,5f966ec0,0,0,0,0,
Northern Districts,23,38,1,4663bd23,e1891e00,5f966ec0,6,0,6,0,
Northern Districts,24,42,1,4663bd23,e1891e00,5f966ec0,4,0,4,0,
Northern Districts,25,42,2,5f966ec0,782fb776,4663bd23,0,0,0,1,caught
Northern Districts,26,43,2,94d7f855,782fb776,4663bd23,1,0,1,0,
Northern Districts,27,43,2,4663bd23,782fb776,94d7f855,0,0,0,0,
Northern Districts,28,44,2,4663bd23,782fb776,94d7f855,1,0,1,0,
Northern Districts,29,44,2,94d7f855,782fb776,4663bd23,0,0,0,0,
Northern Districts,30,46,2,94d7f855,782fb776,4663bd23,2,0,2,0,
Northern Districts,31,50,2,4663bd23,9219eff0,94d7f855,4,0,4,0,
Northern Districts,32,50,3,4663bd23,9219eff0,94d7f855,0,0,0,1,caught
Northern Districts,33,51,3,94d7f855,9219eff0,e4a0deae,1,0,1,0,
Northern Districts,34,51,3,e4a0deae,9219eff0,94d7f855,0,0,0,0,
Northern Districts,35,51,3,e4a0deae,9219eff0,94d7f855,0,0,0,0,
Northern Districts,36,55,3,e4a0deae,9219eff0,94d7f855,4,0,4,0,
Northern Districts,37,56,3,94d7f855,782fb776,e4a0deae,0,1,1,0,
Northern Districts,38,62,3,94d7f855,782fb776,e4a0deae,6,0,6,0,
Northern Districts,39,66,3,94d7f855,782fb776,e4a0deae,4,0,4,0,
Northern Districts,40,67,3,94d7f855,782fb776,e4a0deae,1,0,1,0,
Northern Districts,41,67,3,e4a0deae,782fb776,94d7f855,0,0,0,0,
Northern Districts,42,67,3,e4a0deae,782fb776,94d7f855,0,0,0,0,
Northern Districts,43,67,3,e4a0deae,782fb776,94d7f855,0,0,0,0,
Northern Districts,44,67,3,94d7f855,e1891e00,e4a0deae,0,0,0,0,
Northern Districts,45,68,3,94d7f855,e1891e00,e4a0deae,1,0,1,0,
Northern Districts,46,69,3,e4a0deae,e1891e00,94d7f855,1,0,1,0,
Northern Districts,47,69,4,94d7f855,e1891e00,e4a0deae,0,0,0,1,caught
Northern Districts,48,69,4,99528b4b,e1891e00,e4a0deae,0,0,0,0,
Northern Districts,49,75,4,99528b4b,e1891e00,e4a0deae,6,0,6,0,
Northern Districts,50,76,4,e4a0deae,ba5e1069,99528b4b,1,0,1,0,
Northern Districts,51,76,4,99528b4b,ba5e1069,e4a0deae,0,0,0,0,
Northern Districts,52,77,4,99528b4b,ba5e1069,e4a0deae,1,0,1,0,
Northern Districts,53,77,4,e4a0deae,ba5e1069,99528b4b,0,0,0,0,
Northern Districts,54,78,4,e4a0deae,ba5e1069,99528b4b,1,0,1,0,
Northern Districts,55,84,4,99528b4b,ba5e1069,e4a0deae,6,0,6,0,
Northern Districts,56,84,4,e4a0deae,e38bce7a,99528b4b,0,0,0,0,
Northern Districts,57,88,4,e4a0deae,e38bce7a,99528b4b,4,0,4,0,
Northern Districts,58,88,4,e4a0deae,e38bce7a,99528b4b,0,0,0,0,
Northern Districts,59,90,4,e4a0deae,e38bce7a,99528b4b,2,0,2,0,
Northern Districts,60,90,4,e4a0deae,e38bce7a,99528b4b,0,0,0,0,
Northern Districts,61,90,4,e4a0deae,e38bce7a,99528b4b,0,0,0,0,
Northern Districts,62,91,4,99528b4b,ba5e1069,e4a0deae,1,0,1,0,
Northern Districts,63,95,4,e4a0deae,ba5e1069,99528b4b,4,0,4,0,
Northern Districts,64,99,4,e4a0deae,ba5e1069,99528b4b,4,0,4,0,
Northern Districts,65,99,4,e4a0deae,ba5e1069,99528b4b,0,0,0,0,
Northern Districts,66,105,4,e4a0deae,ba5e1069,99528b4b,6,0,6,0,
Northern Districts,67,105,4,e4a0deae,ba5e1069,99528b4b,0,0,0,0,
Northern Districts,68,109,4,99528b4b,e38bce7a,e4a0deae,4,0,4,0,
Northern Districts,69,110,4,99528b4b,e38bce7a,e4a0deae,1,0,1,0,
Northern Districts,70,111,4,e4a0deae,e38bce7a,99528b4b,1,0,1,0,
Northern Districts,71,112,4,99528b4b,e38bce7a,e4a0deae,1,0,1,0,
Northern Districts,72,118,4,e4a0deae,e38bce7a,99528b4b,6,0,6,0,
Northern Districts,73,119,4,e4a0deae,e38bce7a,99528b4b,1,0,1,0,
Northern Districts,74,119,4,e4a0deae,149d0c18,99528b4b,0,0,0,0,
Northern Districts,75,123,4,e4a0deae,149d0c18,99528b4b,4,0,4,0,
Northern Districts,76,124,4,e4a0deae,149d0c18,99528b4b,1,0,1,0,
Northern Districts,77,125,4,99528b4b,149d0c18,e4a0deae,1,0,1,0,
Northern Districts,78,125,5,e4a0deae,149d0c18,99528b4b,0,0,0,1,run out
Northern Districts,79,126,5,e4a0deae,149d0c18,8e9a5d20,1,0,1,0,
Northern Districts,80,127,5,e4a0deae,e1891e00,8e9a5d20,1,0,1,0,
Northern Districts,81,127,5,8e9a5d20,e1891e00,e4a0deae,0,0,0,0,
Northern Districts,82,128,5,8e9a5d20,e1891e00,e4a0deae,1,0,1,0,
Northern Districts,83,134,5,e4a0deae,e1891e00,8e9a5d20,6,0,6,0,
Northern Districts,84,138,5,e4a0deae,e1891e00,8e9a5d20,4,0,4,0,
Northern Districts,85,144,5,e4a0deae,e1891e00,8e9a5d20,6,0,6,0,
Northern Districts,86,145,5,8e9a5d20,149d0c18,e4a0deae,1,0,1,0,
Northern Districts,87,146,5,e4a0deae,149d0c18,8e9a5d20,1,0,1,0,
Northern Districts,88,147,5,8e9a5d20,149d0c18,e4a0deae,1,0,1,0,
Northern Districts,89,148,5,e4a0deae,149d0c18,8e9a5d20,0,1,1,0,
Northern Districts,90,148,6,e4a0deae,149d0c18,8e9a5d20,0,0,0,1,caught
Northern Districts,91,148,6,8e9a5d20,149d0c18,13c35c9e,0,0,0,0,
Northern Districts,92,148,6,8e9a5d20,149d0c18,13c35c9e,0,0,0,0,
Northern Districts,93,149,6,13c35c9e,782fb776,8e9a5d20,1,0,1,0,
Northern Districts,94,153,6,8e9a5d20,782fb776,13c35c9e,4,0,4,0,
Northern Districts,95,153,6,8e9a5d20,782fb776,13c35c9e,0,0,0,0,
Northern Districts,96,153,6,8e9a5d20,782fb776,13c35c9e,0,0,0,0,
Northern Districts,97,153,6,8e9a5d20,782fb776,13c35c9e,0,0,0,0,
Northern Districts,98,155,6,8e9a5d20,782fb776,13c35c9e,2,0,2,0,
Northern Districts,99,157,6,13c35c9e,9219eff0,8e9a5d20,2,0,2,0,
Northern Districts,100,157,6,13c35c9e,9219eff0,8e9a5d20,0,0,0,0,
Northern Districts,101,161,6,13c35c9e,9219eff0,8e9a5d20,4,0,4,0,
Northern Districts,102,161,6,13c35c9e,9219eff0,8e9a5d20,0,0,0,0,
Northern Districts,103,161,6,13c35c9e,9219eff0,8e9a5d20,0,0,0,0,
Northern Districts,104,161,6,13c35c9e,9219eff0,8e9a5d20,0,0,0,0,
Northern Districts,105,162,6,8e9a5d20,782fb776,13c35c9e,1,0,1,0,
Northern Districts,106,163,6,13c35c9e,782fb776,8e9a5d20,1,0,1,0,
Northern Districts,107,163,6,8e9a5d20,782fb776,13c35c9e,0,0,0,0,
Northern Districts,108,164,6,8e9a5d20,782fb776,13c35c9e,1,0,1,0,
Northern Districts,109,164,6,13c35c9e,782fb776,8e9a5d20,0,0,0,0,
Northern Districts,110,164,6,13c35c9e,782fb776,8e9a5d20,0,0,0,0,
Northern Districts,111,164,7,8e9a5d20,9219eff0,13c35c9e,0,0,0,1,caught
Northern Districts,112,165,7,13c35c9e,9219eff0,641ac5ff,1,0,1,0,
Northern Districts,113,165,7,641ac5ff,9219eff0,13c35c9e,0,0,0,0,
Northern Districts,114,165,7,641ac5ff,9219eff0,13c35c9e,0,0,0,0,
Northern Districts,115,166,7,641ac5ff,9219eff0,13c35c9e,1,0,1,0,
Northern Districts,116,167,7,13c35c9e,9219eff0,641ac5ff,1,0,1,0,
Northern Districts,117,167,7,13c35c9e,e1891e00,641ac5ff,0,0,0,0,
Northern Districts,118,167,8,13c35c9e,e1891e00,641ac5ff,0,0,0,1,caught
Northern Districts,119,168,8,641ac5ff,e1891e00,94734e80,1,0,1,0,
