batting_team,ball_number,total_team_runs,total_team_wickets,striker_ID,bowler_ID,nonstriker_ID,batter_runs,extras_runs,total_delivery_runs,wicket,wicket_type
Qatar,1,1,0,faa8843f,f82a0b02,47884f8e,0,1,1,0,
Qatar,2,1,0,faa8843f,f82a0b02,47884f8e,0,0,0,0,
Qatar,3,5,0,faa8843f,f82a0b02,47884f8e,4,0,4,0,
Qatar,4,5,0,faa8843f,f82a0b02,47884f8e,0,0,0,0,
Qatar,5,6,0,faa8843f,f82a0b02,47884f8e,1,0,1,0,
Qatar,6,8,0,47884f8e,f82a0b02,faa8843f,0,2,2,0,
Qatar,7,12,0,faa8843f,f82a0b02,47884f8e,4,0,4,0,
Qatar,8,13,0,faa8843f,f82a0b02,47884f8e,1,0,1,0,
Qatar,9,14,0,faa8843f,32832dc8,47884f8e,0,1,1,0,
Qatar,10,15,0,faa8843f,32832dc8,47884f8e,0,1,1,0,
Qatar,11,16,0,47884f8e,32832dc8,faa8843f,0,1,1,0,
Qatar,12,17,0,47884f8e,32832dc8,faa8843f,1,0,1,0,
Qatar,13,19,0,faa8843f,32832dc8,47884f8e,2,0,2,0,
Qatar,14,23,0,faa8843f,32832dc8,47884f8e,4,0,4,0,
Qatar,15,27,0,faa8843f,32832dc8,47884f8e,4,0,4,0,
Qatar,16,27,0,faa8843f,32832dc8,47884f8e,0,0,0,0,
Qatar,17,30,0,47884f8e,f82a0b02,faa8843f,0,3,3,0,
Qatar,18,31,0,47884f8e,f82a0b02,faa8843f,0,1,1,0,
Qatar,19,35,0,47884f8e,f82a0b02,faa8843f,4,0,4,0,
Qatar,20,37,0,47884f8e,f82a0b02,faa8843f,2,0,2,0,
Qatar,21,37,0,47884f8e,f82a0b02,faa8843f,0,0,0,0,
Qatar,22,38,0,47884f8e,f82a0b02,faa8843f,0,1,1,0,
Qatar,23,38,0,47884f8e,f82a0b02,faa8843f,0,0,0,0,
Qatar,24,42,0,47884f8e,f82a0b02,faa8843f,0,4,4,0,
Qatar,25,43,0,47884f8e,f82a0b02,faa8843f,0,1,1,0,
Qatar,26,43,1,47884f8e,32832dc8,faa8843f,0,0,0,1,lbw
Qatar,27,43,1,7e2c16a3,32832dc8,faa8843f,0,0,0,0,
Qatar,28,43,1,7e2c16a3,32832dc8,faa8843f,0,0,0,0,
Qatar,29,44,1,7e2c16a3,32832dc8,faa8843f,0,1,1,0,
Qatar,30,45,1,7e2c16a3,32832dc8,faa8843f,0,1,1,0,
Qatar,31,46,1,7e2c16a3,32832dc8,faa8843f,1,0,1,0,
Qatar,32,47,1,faa8843f,32832dc8,7e2c16a3,1,0,1,0,
Qatar,33,47,2,7e2c16a3,32832dc8,faa8843f,0,0,0,1,bowled
Qatar,34,48,2,faa8843f,81d5afce,37ceee4e,0,1,1,0,
Qatar,35,52,2,faa8843f,81d5afce,37ceee4e,4,0,4,0,
Qatar,36,54,2,faa8843f,81d5afce,37ceee4e,2,0,2,0,
Qatar,37,55,2,faa8843f,81d5afce,37ceee4e,0,1,1,0,
Qatar,38,56,2,faa8843f,81d5afce,37ceee4e,0,1,1,0,
Qatar,39,57,2,faa8843f,81d5afce,37ceee4e,0,1,1,0,
Qatar,40,58,2,faa8843f,81d5afce,37ceee4e,0,1,1,0,
Qatar,41,59,2,faa8843f,81d5afce,37ceee4e,1,0,1,0,
Qatar,42,59,2,37ceee4e,81d5afce,faa8843f,0,0,0,0,
Qatar,43,59,2,37ceee4e,81d5afce,faa8843f,0,0,0,0,
Qatar,44,61,2,37ceee4e,81d5afce,faa8843f,2,0,2,0,
Qatar,45,62,2,faa8843f,32832dc8,37ceee4e,0,1,1,0,
Qatar,46,63,2,faa8843f,32832dc8,37ceee4e,0,1,1,0,
Qatar,47,67,2,faa8843f,32832dc8,37ceee4e,4,0,4,0,
Qatar,48,68,2,faa8843f,32832dc8,37ceee4e,0,1,1,0,
Qatar,49,68,2,faa8843f,32832dc8,37ceee4e,0,0,0,0,
Qatar,50,69,2,faa8843f,32832dc8,37ceee4e,1,0,1,0,
Qatar,51,70,2,37ceee4e,32832dc8,faa8843f,0,1,1,0,
Qatar,52,71,2,37ceee4e,32832dc8,faa8843f,0,1,1,0,
Qatar,53,72,2,37ceee4e,32832dc8,faa8843f,0,1,1,0,
Qatar,54,73,2,37ceee4e,32832dc8,faa8843f,0,1,1,0,
Qatar,55,74,2,37ceee4e,32832dc8,faa8843f,1,0,1,0,
Qatar,56,76,2,faa8843f,32832dc8,37ceee4e,0,2,2,0,
Qatar,57,77,2,37ceee4e,32832dc8,faa8843f,1,0,1,0,
Qatar,58,77,2,faa8843f,32832dc8,37ceee4e,0,0,0,0,
Qatar,59,81,2,37ceee4e,604b19e3,faa8843f,4,0,4,0,
Qatar,60,81,2,37ceee4e,604b19e3,faa8843f,0,0,0,0,
Qatar,61,83,2,37ceee4e,604b19e3,faa8843f,2,0,2,0,
Qatar,62,84,2,37ceee4e,604b19e3,faa8843f,1,0,1,0,
Qatar,63,85,2,faa8843f,604b19e3,37ceee4e,0,1,1,0,
Qatar,64,86,2,faa8843f,604b19e3,37ceee4e,1,0,1,0,
Qatar,65,87,2,37ceee4e,604b19e3,faa8843f,0,1,1,0,
Qatar,66,88,2,37ceee4e,604b19e3,faa8843f,1,0,1,0,
Qatar,67,89,2,37ceee4e,81d5afce,faa8843f,0,1,1,0,
Qatar,68,94,2,37ceee4e,81d5afce,faa8843f,4,1,5,0,
Qatar,69,95,2,37ceee4e,81d5afce,faa8843f,0,1,1,0,
Qatar,70,97,2,37ceee4e,81d5afce,faa8843f,2,0,2,0,
Qatar,71,101,2,37ceee4e,81d5afce,faa8843f,4,0,4,0,
Qatar,72,102,2,37ceee4e,81d5afce,faa8843f,1,0,1,0,
Qatar,73,106,2,faa8843f,81d5afce,37ceee4e,4,0,4,0,
Qatar,74,107,2,faa8843f,81d5afce,37ceee4e,1,0,1,0,
Qatar,75,108,2,37ceee4e,81d5afce,faa8843f,0,1,1,0,
Qatar,76,110,2,37ceee4e,81d5afce,faa8843f,2,0,2,0,
Qatar,77,112,2,faa8843f,604b19e3,37ceee4e,0,2,2,0,
Qatar,78,116,2,37ceee4e,604b19e3,faa8843f,4,0,4,0,
Qatar,79,120,2,37ceee4e,604b19e3,faa8843f,4,0,4,0,
Qatar,80,122,2,37ceee4e,604b19e3,faa8843f,1,1,2,0,
Qatar,81,123,2,faa8843f,604b19e3,37ceee4e,1,0,1,0,
Qatar,82,124,2,37ceee4e,604b19e3,faa8843f,0,1,1,0,
Qatar,83,125,2,37ceee4e,604b19e3,faa8843f,1,0,1,0,
Qatar,84,127,2,faa8843f,604b19e3,37ceee4e,2,0,2,0,
Qatar,85,128,2,faa8843f,604b19e3,37ceee4e,1,0,1,0,
Qatar,86,129,2,faa8843f,e95cf4f8,37ceee4e,0,1,1,0,
Qatar,87,133,2,faa8843f,e95cf4f8,37ceee4e,4,0,4,0,
Qatar,88,134,2,faa8843f,e95cf4f8,37ceee4e,1,0,1,0,
Qatar,89,138,2,37ceee4e,e95cf4f8,faa8843f,4,0,4,0,
Qatar,90,142,2,37ceee4e,e95cf4f8,faa8843f,4,0,4,0,
Qatar,91,142,2,37ceee4e,e95cf4f8,faa8843f,0,0,0,0,
Qatar,92,146,2,37ceee4e,e95cf4f8,faa8843f,4,0,4,0,
Qatar,93,147,2,faa8843f,f802485d,37ceee4e,1,0,1,0,
Qatar,94,147,2,37ceee4e,f802485d,faa8843f,0,0,0,0,
Qatar,95,148,2,37ceee4e,f802485d,faa8843f,0,1,1,0,
Qatar,96,149,2,37ceee4e,f802485d,faa8843f,0,1,1,0,
Qatar,97,153,2,37ceee4e,f802485d,faa8843f,4,0,4,0,
Qatar,98,157,2,37ceee4e,f802485d,faa8843f,4,0,4,0,
Qatar,99,157,2,37ceee4e,f802485d,faa8843f,0,0,0,0,
Qatar,100,159,2,37ceee4e,f802485d,faa8843f,2,0,2,0,
Qatar,101,160,2,faa8843f,604b19e3,37ceee4e,1,0,1,0,
Qatar,102,164,2,37ceee4e,604b19e3,faa8843f,4,0,4,0,
Qatar,103,166,2,37ceee4e,604b19e3,faa8843f,2,0,2,0,
Qatar,104,166,2,37ceee4e,604b19e3,faa8843f,0,0,0,0,
Qatar,105,170,2,37ceee4e,604b19e3,faa8843f,4,0,4,0,
Qatar,106,170,2,37ceee4e,604b19e3,faa8843f,0,0,0,0,
Qatar,107,171,2,faa8843f,f802485d,37ceee4e,0,1,1,0,
Qatar,108,173,2,faa8843f,f802485d,37ceee4e,2,0,2,0,
Qatar,109,177,2,faa8843f,f802485d,37ceee4e,4,0,4,0,
Qatar,110,178,2,faa8843f,f802485d,37ceee4e,1,0,1,0,
Qatar,111,180,2,37ceee4e,f802485d,faa8843f,2,0,2,0,
Qatar,112,181,2,37ceee4e,f802485d,faa8843f,1,0,1,0,
Qatar,113,182,2,faa8843f,f802485d,37ceee4e,1,0,1,0,
Qatar,114,186,2,faa8843f,604b19e3,37ceee4e,4,0,4,0,
Qatar,115,190,2,faa8843f,604b19e3,37ceee4e,4,0,4,0,
Qatar,116,194,2,faa8843f,604b19e3,37ceee4e,4,0,4,0,
Qatar,117,198,2,faa8843f,604b19e3,37ceee4e,4,0,4,0,
Qatar,118,199,2,faa8843f,604b19e3,37ceee4e,0,1,1,0,
Qatar,119,200,2,faa8843f,604b19e3,37ceee4e,1,0,1,0,
Qatar,120,202,2,37ceee4e,604b19e3,faa8843f,2,0,2,0,
Qatar,121,203,2,faa8843f,f802485d,37ceee4e,1,0,1,0,
Qatar,122,203,2,37ceee4e,f802485d,faa8843f,0,0,0,0,
Qatar,123,208,2,37ceee4e,f802485d,faa8843f,4,1,5,0,
Qatar,124,209,2,37ceee4e,f802485d,faa8843f,1,0,1,0,
Qatar,125,210,2,faa8843f,f802485d,37ceee4e,1,0,1,0,
Qatar,126,211,2,37ceee4e,f802485d,faa8843f,1,0,1,0,
Qatar,127,215,2,faa8843f,f802485d,37ceee4e,4,0,4,0,
Qatar,128,216,2,37ceee4e,e95cf4f8,faa8843f,0,1,1,0,
Qatar,129,220,2,37ceee4e,e95cf4f8,faa8843f,4,0,4,0,
Qatar,130,224,2,37ceee4e,e95cf4f8,faa8843f,4,0,4,0,
Qatar,131,225,2,37ceee4e,e95cf4f8,faa8843f,1,0,1,0,
Qatar,132,225,2,faa8843f,e95cf4f8,37ceee4e,0,0,0,0,
Qatar,133,226,2,faa8843f,e95cf4f8,37ceee4e,0,1,1,0,
Qatar,134,227,2,faa8843f,e95cf4f8,37ceee4e,0,1,1,0,
Qatar,135,228,2,faa8843f,e95cf4f8,37ceee4e,0,1,1,0,
Qatar,136,232,2,faa8843f,e95cf4f8,37ceee4e,4,0,4,0,
Qatar,137,233,2,faa8843f,e95cf4f8,37ceee4e,0,1,1,0,
Qatar,138,235,2,faa8843f,e95cf4f8,37ceee4e,2,0,2,0,
Qatar,139,237,2,37ceee4e,f82a0b02,faa8843f,1,1,2,0,
Qatar,140,238,2,faa8843f,f82a0b02,37ceee4e,0,1,1,0,
Qatar,141,239,2,faa8843f,f82a0b02,37ceee4e,1,0,1,0,
Qatar,142,241,2,37ceee4e,f82a0b02,faa8843f,2,0,2,0,
Qatar,143,245,2,37ceee4e,f82a0b02,faa8843f,4,0,4,0,
Qatar,144,247,2,37ceee4e,f82a0b02,faa8843f,2,0,2,0,
Qatar,145,248,2,37ceee4e,f82a0b02,faa8843f,1,0,1,0,
Qatar,146,249,2,faa8843f,f82a0b02,37ceee4e,1,0,1,0,
Qatar,147,250,2,faa8843f,f802485d,37ceee4e,0,1,1,0,
Qatar,148,251,2,faa8843f,f802485d,37ceee4e,1,0,1,0,
Qatar,149,252,2,37ceee4e,f802485d,faa8843f,1,0,1,0,
Qatar,150,253,2,faa8843f,f802485d,37ceee4e,1,0,1,0,
Qatar,151,253,2,37ceee4e,f802485d,faa8843f,0,0,0,0,
Qatar,152,254,2,37ceee4e,f802485d,faa8843f,1,0,1,0,
Qatar,153,255,2,faa8843f,f802485d,37ceee4e,0,1,1,0,
Qatar,154,256,2,faa8843f,f802485d,37ceee4e,1,0,1,0,
Qatar,155,256,2,faa8843f,f82a0b02,37ceee4e,0,0,0,0,
Qatar,156,260,2,faa8843f,f82a0b02,37ceee4e,4,0,4,0,
Qatar,157,261,2,faa8843f,f82a0b02,37ceee4e,1,0,1,0,
Qatar,158,265,2,37ceee4e,f82a0b02,faa8843f,4,0,4,0,
Qatar,159,266,2,37ceee4e,f82a0b02,faa8843f,1,0,1,0,
Qatar,160,267,2,faa8843f,f82a0b02,37ceee4e,1,0,1,0,
Qatar,161,271,2,faa8843f,32832dc8,37ceee4e,4,0,4,0,
Qatar,162,272,2,faa8843f,32832dc8,37ceee4e,1,0,1,0,
Qatar,163,276,2,37ceee4e,32832dc8,faa8843f,4,0,4,0,
Qatar,164,277,2,37ceee4e,32832dc8,faa8843f,1,0,1,0,
Qatar,165,278,2,faa8843f,32832dc8,37ceee4e,1,0,1,0,
Qatar,166,282,2,37ceee4e,32832dc8,faa8843f,4,0,4,0,
Saudi Arabia,1,0,0,221ba3f5,7e2c16a3,7d70dc87,0,0,0,0,
Saudi Arabia,2,1,0,221ba3f5,7e2c16a3,7d70dc87,0,1,1,0,
Saudi Arabia,3,1,0,221ba3f5,7e2c16a3,7d70dc87,0,0,0,0,
Saudi Arabia,4,1,0,221ba3f5,7e2c16a3,7d70dc87,0,0,0,0,
Saudi Arabia,5,1,0,221ba3f5,7e2c16a3,7d70dc87,0,0,0,0,
Saudi Arabia,6,1,0,221ba3f5,7e2c16a3,7d70dc87,0,0,0,0,
Saudi Arabia,7,1,0,221ba3f5,7e2c16a3,7d70dc87,0,0,0,0,
Saudi Arabia,8,1,0,7d70dc87,3f886270,221ba3f5,0,0,0,0,
Saudi Arabia,9,2,0,7d70dc87,3f886270,221ba3f5,1,0,1,0,
Saudi Arabia,10,2,0,221ba3f5,3f886270,7d70dc87,0,0,0,0,
Saudi Arabia,11,2,0,221ba3f5,3f886270,7d70dc87,0,0,0,0,
Saudi Arabia,12,2,0,221ba3f5,3f886270,7d70dc87,0,0,0,0,
Saudi Arabia,13,2,0,221ba3f5,3f886270,7d70dc87,0,0,0,0,
Saudi Arabia,14,3,0,7d70dc87,7e2c16a3,221ba3f5,0,1,1,0,
Saudi Arabia,15,3,0,7d70dc87,7e2c16a3,221ba3f5,0,0,0,0,
Saudi Arabia,16,3,0,7d70dc87,7e2c16a3,221ba3f5,0,0,0,0,
Saudi Arabia,17,3,1,7d70dc87,7e2c16a3,221ba3f5,0,0,0,1,bowled
Saudi Arabia,18,3,1,32832dc8,7e2c16a3,221ba3f5,0,0,0,0,
Saudi Arabia,19,3,1,32832dc8,7e2c16a3,221ba3f5,0,0,0,0,
Saudi Arabia,20,3,1,32832dc8,7e2c16a3,221ba3f5,0,0,0,0,
Saudi Arabia,21,3,2,221ba3f5,3f886270,32832dc8,0,0,0,1,caught
Saudi Arabia,22,3,2,f82a0b02,3f886270,32832dc8,0,0,0,0,
Saudi Arabia,23,3,2,f82a0b02,3f886270,32832dc8,0,0,0,0,
Saudi Arabia,24,3,2,f82a0b02,3f886270,32832dc8,0,0,0,0,
Saudi Arabia,25,3,2,f82a0b02,3f886270,32832dc8,0,0,0,0,
Saudi Arabia,26,3,2,f82a0b02,3f886270,32832dc8,0,0,0,0,
Saudi Arabia,27,3,2,32832dc8,7e2c16a3,f82a0b02,0,0,0,0,
Saudi Arabia,28,3,2,32832dc8,7e2c16a3,f82a0b02,0,0,0,0,
Saudi Arabia,29,3,2,32832dc8,7e2c16a3,f82a0b02,0,0,0,0,
Saudi Arabia,30,3,2,32832dc8,7e2c16a3,f82a0b02,0,0,0,0,
Saudi Arabia,31,3,2,32832dc8,7e2c16a3,f82a0b02,0,0,0,0,
Saudi Arabia,32,3,2,32832dc8,7e2c16a3,f82a0b02,0,0,0,0,
Saudi Arabia,33,3,2,f82a0b02,3f886270,32832dc8,0,0,0,0,
Saudi Arabia,34,5,2,f82a0b02,3f886270,32832dc8,2,0,2,0,
Saudi Arabia,35,5,3,f82a0b02,3f886270,32832dc8,0,0,0,1,caught
Saudi Arabia,36,5,4,8067b378,3f886270,32832dc8,0,0,0,1,lbw
Saudi Arabia,37,5,4,f802485d,3f886270,32832dc8,0,0,0,0,
Saudi Arabia,38,6,4,f802485d,3f886270,32832dc8,0,1,1,0,
Saudi Arabia,39,6,4,f802485d,3f886270,32832dc8,0,0,0,0,
Saudi Arabia,40,6,4,32832dc8,57a25400,f802485d,0,0,0,0,
Saudi Arabia,41,6,4,32832dc8,57a25400,f802485d,0,0,0,0,
Saudi Arabia,42,6,4,32832dc8,57a25400,f802485d,0,0,0,0,
Saudi Arabia,43,6,4,32832dc8,57a25400,f802485d,0,0,0,0,
Saudi Arabia,44,6,4,32832dc8,57a25400,f802485d,0,0,0,0,
Saudi Arabia,45,6,4,32832dc8,57a25400,f802485d,0,0,0,0,
Saudi Arabia,46,6,4,f802485d,97f2faf0,32832dc8,0,0,0,0,
Saudi Arabia,47,7,4,f802485d,97f2faf0,32832dc8,0,1,1,0,
Saudi Arabia,48,8,4,f802485d,97f2faf0,32832dc8,1,0,1,0,
Saudi Arabia,49,8,4,32832dc8,97f2faf0,f802485d,0,0,0,0,
Saudi Arabia,50,8,4,32832dc8,97f2faf0,f802485d,0,0,0,0,
Saudi Arabia,51,13,4,32832dc8,97f2faf0,f802485d,4,1,5,0,
Saudi Arabia,52,13,4,32832dc8,1438d928,f802485d,0,0,0,0,
Saudi Arabia,53,13,4,32832dc8,1438d928,f802485d,0,0,0,0,
Saudi Arabia,54,14,4,f802485d,57a25400,32832dc8,0,1,1,0,
Saudi Arabia,55,14,4,32832dc8,57a25400,f802485d,0,0,0,0,
Saudi Arabia,56,14,4,32832dc8,57a25400,f802485d,0,0,0,0,
Saudi Arabia,57,14,4,32832dc8,57a25400,f802485d,0,0,0,0,
Saudi Arabia,58,14,4,32832dc8,57a25400,f802485d,0,0,0,0,
Saudi Arabia,59,14,4,32832dc8,57a25400,f802485d,0,0,0,0,
Saudi Arabia,60,14,4,f802485d,3f886270,32832dc8,0,0,0,0,
Saudi Arabia,61,14,4,f802485d,3f886270,32832dc8,0,0,0,0,
Saudi Arabia,62,14,4,f802485d,3f886270,32832dc8,0,0,0,0,
Saudi Arabia,63,14,5,f802485d,3f886270,32832dc8,0,0,0,1,bowled
Saudi Arabia,64,14,5,81d5afce,3f886270,32832dc8,0,0,0,0,
Saudi Arabia,65,14,5,81d5afce,3f886270,32832dc8,0,0,0,0,
Saudi Arabia,66,14,5,32832dc8,57a25400,81d5afce,0,0,0,0,
Saudi Arabia,67,14,5,32832dc8,57a25400,81d5afce,0,0,0,0,
Saudi Arabia,68,14,5,32832dc8,57a25400,81d5afce,0,0,0,0,
Saudi Arabia,69,15,5,32832dc8,57a25400,81d5afce,1,0,1,0,
Saudi Arabia,70,15,5,32832dc8,57a25400,81d5afce,0,0,0,0,
Saudi Arabia,71,15,5,32832dc8,57a25400,81d5afce,0,0,0,0,
Saudi Arabia,72,15,5,81d5afce,41721f6b,32832dc8,0,0,0,0,
Saudi Arabia,73,15,5,81d5afce,41721f6b,32832dc8,0,0,0,0,
Saudi Arabia,74,15,5,81d5afce,41721f6b,32832dc8,0,0,0,0,
Saudi Arabia,75,15,5,81d5afce,41721f6b,32832dc8,0,0,0,0,
Saudi Arabia,76,15,5,81d5afce,41721f6b,32832dc8,0,0,0,0,
Saudi Arabia,77,15,5,81d5afce,41721f6b,32832dc8,0,0,0,0,
Saudi Arabia,78,15,5,32832dc8,57a25400,81d5afce,0,0,0,0,
Saudi Arabia,79,15,5,32832dc8,57a25400,81d5afce,0,0,0,0,
Saudi Arabia,80,15,5,32832dc8,57a25400,81d5afce,0,0,0,0,
Saudi Arabia,81,16,5,32832dc8,57a25400,81d5afce,1,0,1,0,
Saudi Arabia,82,16,6,81d5afce,57a25400,32832dc8,0,0,0,1,bowled
Saudi Arabia,83,16,6,604b19e3,57a25400,32832dc8,0,0,0,0,
Saudi Arabia,84,16,7,32832dc8,41721f6b,604b19e3,0,0,0,1,caught
Saudi Arabia,85,16,7,1f578535,41721f6b,604b19e3,0,0,0,0,
Saudi Arabia,86,16,7,1f578535,41721f6b,604b19e3,0,0,0,0,
Saudi Arabia,87,16,7,1f578535,41721f6b,604b19e3,0,0,0,0,
Saudi Arabia,88,16,7,1f578535,41721f6b,604b19e3,0,0,0,0,
Saudi Arabia,89,16,7,1f578535,41721f6b,604b19e3,0,0,0,0,
Saudi Arabia,90,16,7,604b19e3,37ceee4e,1f578535,0,0,0,0,
Saudi Arabia,91,16,7,604b19e3,37ceee4e,1f578535,0,0,0,0,
Saudi Arabia,92,16,7,604b19e3,37ceee4e,1f578535,0,0,0,0,
Saudi Arabia,93,18,7,604b19e3,37ceee4e,1f578535,2,0,2,0,
Saudi Arabia,94,20,7,604b19e3,37ceee4e,1f578535,2,0,2,0,
Saudi Arabia,95,20,7,604b19e3,37ceee4e,1f578535,0,0,0,0,
Saudi Arabia,96,20,7,1f578535,41721f6b,604b19e3,0,0,0,0,
Saudi Arabia,97,20,7,1f578535,41721f6b,604b19e3,0,0,0,0,
Saudi Arabia,98,20,7,1f578535,41721f6b,604b19e3,0,0,0,0,
Saudi Arabia,99,24,7,1f578535,41721f6b,604b19e3,4,0,4,0,
Saudi Arabia,100,24,7,1f578535,41721f6b,604b19e3,0,0,0,0,
Saudi Arabia,101,24,7,1f578535,41721f6b,604b19e3,0,0,0,0,
Saudi Arabia,102,25,7,604b19e3,37ceee4e,1f578535,1,0,1,0,
Saudi Arabia,103,25,7,1f578535,37ceee4e,604b19e3,0,0,0,0,
Saudi Arabia,104,25,8,1f578535,37ceee4e,604b19e3,0,0,0,1,bowled
Saudi Arabia,105,25,8,e95cf4f8,37ceee4e,604b19e3,0,0,0,0,
Saudi Arabia,106,25,9,e95cf4f8,37ceee4e,604b19e3,0,0,0,1,bowled
Saudi Arabia,107,25,9,39503052,37ceee4e,604b19e3,0,0,0,0,
Saudi Arabia,108,25,9,604b19e3,41721f6b,39503052,0,0,0,0,
Saudi Arabia,109,25,9,604b19e3,41721f6b,39503052,0,0,0,0,
Saudi Arabia,110,26,9,604b19e3,41721f6b,39503052,1,0,1,0,
Saudi Arabia,111,26,9,39503052,41721f6b,604b19e3,0,0,0,0,
Saudi Arabia,112,26,9,39503052,41721f6b,604b19e3,0,0,0,0,
Saudi Arabia,113,26,9,39503052,41721f6b,604b19e3,0,0,0,0,
Saudi Arabia,114,26,10,604b19e3,faa8843f,39503052,0,0,0,1,bowled
