batting_team,ball_number,total_team_runs,total_team_wickets,striker_ID,bowler_ID,nonstriker_ID,batter_runs,extras_runs,total_delivery_runs,wicket,wicket_type
Czech Republic,1,0,0,5787be00,88228580,ff2b190e,0,0,0,0,
Czech Republic,2,0,0,5787be00,88228580,ff2b190e,0,0,0,0,
Czech Republic,3,0,0,5787be00,88228580,ff2b190e,0,0,0,0,
Czech Republic,4,1,0,5787be00,88228580,ff2b190e,1,0,1,0,
Czech Republic,5,2,0,ff2b190e,88228580,5787be00,1,0,1,0,
Czech Republic,6,2,0,5787be00,88228580,ff2b190e,0,0,0,0,
Czech Republic,7,3,0,ff2b190e,04855b85,5787be00,1,0,1,0,
Czech Republic,8,8,0,5787be00,04855b85,ff2b190e,0,5,5,0,
Czech Republic,9,10,0,5787be00,04855b85,ff2b190e,2,0,2,0,
Czech Republic,10,10,0,5787be00,04855b85,ff2b190e,0,0,0,0,
Czech Republic,11,11,0,5787be00,04855b85,ff2b190e,1,0,1,0,
Czech Republic,12,11,0,ff2b190e,04855b85,5787be00,0,0,0,0,
Czech Republic,13,12,0,ff2b190e,04855b85,5787be00,1,0,1,0,
Czech Republic,14,12,0,ff2b190e,88228580,5787be00,0,0,0,0,
Czech Republic,15,13,0,ff2b190e,88228580,5787be00,1,0,1,0,
Czech Republic,16,14,0,5787be00,88228580,ff2b190e,1,0,1,0,
Czech Republic,17,16,0,ff2b190e,88228580,5787be00,2,0,2,0,
Czech Republic,18,17,0,ff2b190e,88228580,5787be00,1,0,1,0,
Czech Republic,19,18,0,5787be00,88228580,ff2b190e,1,0,1,0,
Czech Republic,20,19,0,5787be00,04855b85,ff2b190e,1,0,1,0,
Czech Republic,21,19,0,ff2b190e,04855b85,5787be00,0,0,0,0,
Czech Republic,22,20,0,ff2b190e,04855b85,5787be00,1,0,1,0,
Czech Republic,23,21,0,5787be00,04855b85,ff2b190e,1,0,1,0,
Czech Republic,24,22,0,ff2b190e,04855b85,5787be00,1,0,1,0,
Czech Republic,25,23,0,5787be00,04855b85,ff2b190e,0,1,1,0,
Czech Republic,26,25,0,5787be00,04855b85,ff2b190e,2,0,2,0,
Czech Republic,27,26,0,ff2b190e,5152ab02,5787be00,1,0,1,0,
Czech Republic,28,27,0,5787be00,5152ab02,ff2b190e,1,0,1,0,
Czech Republic,29,27,0,ff2b190e,5152ab02,5787be00,0,0,0,0,
Czech Republic,30,27,0,ff2b190e,5152ab02,5787be00,0,0,0,0,
Czech Republic,31,28,0,ff2b190e,5152ab02,5787be00,1,0,1,0,
Czech Republic,32,29,0,5787be00,5152ab02,ff2b190e,1,0,1,0,
Czech Republic,33,29,0,5787be00,a138f597,ff2b190e,0,0,0,0,
Czech Republic,34,30,0,5787be00,a138f597,ff2b190e,0,1,1,0,
Czech Republic,35,36,0,5787be00,a138f597,ff2b190e,6,0,6,0,
Czech Republic,36,40,0,5787be00,a138f597,ff2b190e,4,0,4,0,
Czech Republic,37,40,0,5787be00,a138f597,ff2b190e,0,0,0,0,
Czech Republic,38,44,0,5787be00,a138f597,ff2b190e,4,0,4,0,
Czech Republic,39,45,0,5787be00,a138f597,ff2b190e,1,0,1,0,
Czech Republic,40,47,0,5787be00,5152ab02,ff2b190e,2,0,2,0,
Czech Republic,41,48,0,5787be00,5152ab02,ff2b190e,1,0,1,0,
Czech Republic,42,48,1,ff2b190e,5152ab02,5787be00,0,0,0,1,lbw
Czech Republic,43,49,1,9244df4b,5152ab02,5787be00,1,0,1,0,
Czech Republic,44,49,1,5787be00,5152ab02,9244df4b,0,0,0,0,
Czech Republic,45,49,1,5787be00,5152ab02,9244df4b,0,0,0,0,
Czech Republic,46,50,1,9244df4b,f74a1394,5787be00,1,0,1,0,
Czech Republic,47,54,1,5787be00,f74a1394,9244df4b,4,0,4,0,
Czech Republic,48,54,1,5787be00,f74a1394,9244df4b,0,0,0,0,
Czech Republic,49,55,1,5787be00,f74a1394,9244df4b,1,0,1,0,
Czech Republic,50,56,1,9244df4b,f74a1394,5787be00,1,0,1,0,
Czech Republic,51,57,1,5787be00,f74a1394,9244df4b,0,1,1,0,
Czech Republic,52,61,1,5787be00,f74a1394,9244df4b,4,0,4,0,
Czech Republic,53,62,1,9244df4b,c228c52d,5787be00,0,1,1,0,
Czech Republic,54,62,1,9244df4b,c228c52d,5787be00,0,0,0,0,
Czech Republic,55,63,1,9244df4b,c228c52d,5787be00,1,0,1,0,
Czech Republic,56,64,1,5787be00,c228c52d,9244df4b,1,0,1,0,
Czech Republic,57,68,1,9244df4b,c228c52d,5787be00,4,0,4,0,
Czech Republic,58,68,1,9244df4b,c228c52d,5787be00,0,0,0,0,
Czech Republic,59,69,1,9244df4b,c228c52d,5787be00,0,1,1,0,
Czech Republic,60,70,1,9244df4b,f74a1394,5787be00,1,0,1,0,
Czech Republic,61,72,1,5787be00,f74a1394,9244df4b,2,0,2,0,
Czech Republic,62,73,1,5787be00,f74a1394,9244df4b,0,1,1,0,
Czech Republic,63,73,1,9244df4b,f74a1394,5787be00,0,0,0,0,
Czech Republic,64,73,1,9244df4b,f74a1394,5787be00,0,0,0,0,
Czech Republic,65,74,1,9244df4b,f74a1394,5787be00,1,0,1,0,
Czech Republic,66,75,1,9244df4b,c228c52d,5787be00,1,0,1,0,
Czech Republic,67,76,1,5787be00,c228c52d,9244df4b,1,0,1,0,
Czech Republic,68,77,1,9244df4b,c228c52d,5787be00,0,1,1,0,
Czech Republic,69,78,1,9244df4b,c228c52d,5787be00,1,0,1,0,
Czech Republic,70,82,1,5787be00,c228c52d,9244df4b,4,0,4,0,
Czech Republic,71,82,2,5787be00,c228c52d,9244df4b,0,0,0,1,lbw
Czech Republic,72,83,2,a9a09cb8,c228c52d,9244df4b,0,1,1,0,
Czech Republic,73,83,2,a9a09cb8,c228c52d,9244df4b,0,0,0,0,
Czech Republic,74,83,2,9244df4b,f74a1394,a9a09cb8,0,0,0,0,
Czech Republic,75,84,2,9244df4b,f74a1394,a9a09cb8,1,0,1,0,
Czech Republic,76,85,2,a9a09cb8,f74a1394,9244df4b,0,1,1,0,
Czech Republic,77,86,2,9244df4b,f74a1394,a9a09cb8,1,0,1,0,
Czech Republic,78,86,2,a9a09cb8,f74a1394,9244df4b,0,0,0,0,
Czech Republic,79,86,2,a9a09cb8,f74a1394,9244df4b,0,0,0,0,
Czech Republic,80,87,2,9244df4b,88228580,a9a09cb8,1,0,1,0,
Czech Republic,81,88,2,a9a09cb8,88228580,9244df4b,0,1,1,0,
Czech Republic,82,89,2,a9a09cb8,88228580,9244df4b,1,0,1,0,
Czech Republic,83,90,2,9244df4b,88228580,a9a09cb8,1,0,1,0,
Czech Republic,84,90,2,a9a09cb8,88228580,9244df4b,0,0,0,0,
Czech Republic,85,90,2,a9a09cb8,88228580,9244df4b,0,0,0,0,
Czech Republic,86,94,2,a9a09cb8,88228580,9244df4b,4,0,4,0,
Czech Republic,87,98,2,9244df4b,f74a1394,a9a09cb8,4,0,4,0,
Czech Republic,88,99,2,9244df4b,f74a1394,a9a09cb8,1,0,1,0,
Czech Republic,89,99,2,a9a09cb8,f74a1394,9244df4b,0,0,0,0,
Czech Republic,90,99,2,a9a09cb8,f74a1394,9244df4b,0,0,0,0,
Czech Republic,91,99,2,a9a09cb8,f74a1394,9244df4b,0,0,0,0,
Czech Republic,92,99,2,a9a09cb8,f74a1394,9244df4b,0,0,0,0,
Czech Republic,93,100,2,9244df4b,a138f597,a9a09cb8,1,0,1,0,
Czech Republic,94,101,2,a9a09cb8,a138f597,9244df4b,1,0,1,0,
Czech Republic,95,101,2,9244df4b,a138f597,a9a09cb8,0,0,0,0,
Czech Republic,96,102,2,9244df4b,a138f597,a9a09cb8,1,0,1,0,
Czech Republic,97,106,2,a9a09cb8,a138f597,9244df4b,4,0,4,0,
Czech Republic,98,106,2,a9a09cb8,a138f597,9244df4b,0,0,0,0,
Czech Republic,99,107,2,9244df4b,88228580,a9a09cb8,1,0,1,0,
Czech Republic,100,107,3,a9a09cb8,88228580,9244df4b,0,0,0,1,caught
Czech Republic,101,113,3,9244df4b,88228580,6de51a8e,6,0,6,0,
Czech Republic,102,113,3,9244df4b,88228580,6de51a8e,0,0,0,0,
Czech Republic,103,114,3,9244df4b,88228580,6de51a8e,1,0,1,0,
Czech Republic,104,114,4,6de51a8e,88228580,9244df4b,0,0,0,1,bowled
Czech Republic,105,114,5,9244df4b,5152ab02,e75cb073,0,0,0,1,caught
Czech Republic,106,114,5,6a091f62,5152ab02,e75cb073,0,0,0,0,
Czech Republic,107,115,5,6a091f62,5152ab02,e75cb073,0,1,1,0,
Czech Republic,108,116,5,6a091f62,5152ab02,e75cb073,0,1,1,0,
Czech Republic,109,116,5,e75cb073,5152ab02,6a091f62,0,0,0,0,
Czech Republic,110,117,5,e75cb073,5152ab02,6a091f62,1,0,1,0,
Czech Republic,111,117,6,6a091f62,5152ab02,e75cb073,0,0,0,1,bowled
Czech Republic,112,118,6,e75cb073,a138f597,87609cbb,1,0,1,0,
Czech Republic,113,120,6,87609cbb,a138f597,e75cb073,2,0,2,0,
Czech Republic,114,120,6,87609cbb,a138f597,e75cb073,0,0,0,0,
Czech Republic,115,121,6,87609cbb,a138f597,e75cb073,0,1,1,0,
Czech Republic,116,121,6,e75cb073,a138f597,87609cbb,0,0,0,0,
Czech Republic,117,122,6,e75cb073,a138f597,87609cbb,1,0,1,0,
Czech Republic,118,123,6,e75cb073,5152ab02,87609cbb,1,0,1,0,
Czech Republic,119,124,6,87609cbb,5152ab02,e75cb073,0,1,1,0,
Czech Republic,120,126,6,87609cbb,5152ab02,e75cb073,2,0,2,0,
Czech Republic,121,126,7,87609cbb,5152ab02,e75cb073,0,0,0,1,bowled
Czech Republic,122,127,7,0fc88c2a,5152ab02,e75cb073,1,0,1,0,
Czech Republic,123,128,7,e75cb073,5152ab02,0fc88c2a,1,0,1,0,
Czech Republic,124,128,7,0fc88c2a,5152ab02,e75cb073,0,0,0,0,
Czech Republic,125,129,7,e75cb073,a138f597,0fc88c2a,1,0,1,0,
Czech Republic,126,131,7,0fc88c2a,a138f597,e75cb073,2,0,2,0,
Czech Republic,127,131,8,0fc88c2a,a138f597,e75cb073,0,0,0,1,caught
Czech Republic,128,132,8,98dae38e,a138f597,e75cb073,1,0,1,0,
Czech Republic,129,133,8,e75cb073,a138f597,98dae38e,1,0,1,0,
Czech Republic,130,135,9,98dae38e,a138f597,e75cb073,2,0,2,1,run out
Estonia,1,0,0,a138f597,98dae38e,c228c52d,0,0,0,0,
Estonia,2,0,0,a138f597,98dae38e,c228c52d,0,0,0,0,
Estonia,3,1,0,a138f597,98dae38e,c228c52d,1,0,1,0,
Estonia,4,1,0,c228c52d,98dae38e,a138f597,0,0,0,0,
Estonia,5,1,0,c228c52d,98dae38e,a138f597,0,0,0,0,
Estonia,6,1,0,c228c52d,98dae38e,a138f597,0,0,0,0,
Estonia,7,1,0,a138f597,0fc88c2a,c228c52d,0,0,0,0,
Estonia,8,1,0,a138f597,0fc88c2a,c228c52d,0,0,0,0,
Estonia,9,1,0,a138f597,0fc88c2a,c228c52d,0,0,0,0,
Estonia,10,2,0,a138f597,0fc88c2a,c228c52d,1,0,1,0,
Estonia,11,2,0,c228c52d,0fc88c2a,a138f597,0,0,0,0,
Estonia,12,6,0,c228c52d,0fc88c2a,a138f597,4,0,4,0,
Estonia,13,6,1,a138f597,98dae38e,c228c52d,0,0,0,1,lbw
Estonia,14,6,1,5335c5a7,98dae38e,c228c52d,0,0,0,0,
Estonia,15,7,1,5335c5a7,98dae38e,c228c52d,0,1,1,0,
Estonia,16,7,1,c228c52d,98dae38e,5335c5a7,0,0,0,0,
Estonia,17,8,1,c228c52d,98dae38e,5335c5a7,1,0,1,0,
Estonia,18,9,1,5335c5a7,98dae38e,c228c52d,1,0,1,0,
Estonia,19,9,1,5335c5a7,0fc88c2a,c228c52d,0,0,0,0,
Estonia,20,9,1,5335c5a7,0fc88c2a,c228c52d,0,0,0,0,
Estonia,21,9,1,5335c5a7,0fc88c2a,c228c52d,0,0,0,0,
Estonia,22,9,1,5335c5a7,0fc88c2a,c228c52d,0,0,0,0,
Estonia,23,9,1,5335c5a7,0fc88c2a,c228c52d,0,0,0,0,
Estonia,24,9,1,5335c5a7,0fc88c2a,c228c52d,0,0,0,0,
Estonia,25,9,1,c228c52d,98dae38e,5335c5a7,0,0,0,0,
Estonia,26,10,1,c228c52d,98dae38e,5335c5a7,1,0,1,0,
Estonia,27,10,1,5335c5a7,98dae38e,c228c52d,0,0,0,0,
Estonia,28,11,1,5335c5a7,98dae38e,c228c52d,1,0,1,0,
Estonia,29,11,1,c228c52d,98dae38e,5335c5a7,0,0,0,0,
Estonia,30,12,1,c228c52d,98dae38e,5335c5a7,1,0,1,0,
Estonia,31,16,1,c228c52d,f7cb7c3a,5335c5a7,4,0,4,0,
Estonia,32,16,1,c228c52d,f7cb7c3a,5335c5a7,0,0,0,0,
Estonia,33,17,1,c228c52d,f7cb7c3a,5335c5a7,1,0,1,0,
Estonia,34,17,1,5335c5a7,f7cb7c3a,c228c52d,0,0,0,0,
Estonia,35,17,1,5335c5a7,f7cb7c3a,c228c52d,0,0,0,0,
Estonia,36,17,1,5335c5a7,f7cb7c3a,c228c52d,0,0,0,0,
Estonia,37,21,1,c228c52d,87609cbb,5335c5a7,4,0,4,0,
Estonia,38,21,1,c228c52d,87609cbb,5335c5a7,0,0,0,0,
Estonia,39,27,1,c228c52d,87609cbb,5335c5a7,6,0,6,0,
Estonia,40,27,1,c228c52d,87609cbb,5335c5a7,0,0,0,0,
Estonia,41,29,1,c228c52d,87609cbb,5335c5a7,2,0,2,0,
Estonia,42,29,1,c228c52d,87609cbb,5335c5a7,0,0,0,0,
Estonia,43,30,1,5335c5a7,f7cb7c3a,c228c52d,0,1,1,0,
Estonia,44,31,1,5335c5a7,f7cb7c3a,c228c52d,0,1,1,0,
Estonia,45,31,1,c228c52d,f7cb7c3a,5335c5a7,0,0,0,0,
Estonia,46,31,1,c228c52d,f7cb7c3a,5335c5a7,0,0,0,0,
Estonia,47,31,1,c228c52d,f7cb7c3a,5335c5a7,0,0,0,0,
Estonia,48,32,1,c228c52d,f7cb7c3a,5335c5a7,0,1,1,0,
Estonia,49,33,1,c228c52d,f7cb7c3a,5335c5a7,1,0,1,0,
Estonia,50,34,1,5335c5a7,f7cb7c3a,c228c52d,1,0,1,0,
Estonia,51,34,1,5335c5a7,6de51a8e,c228c52d,0,0,0,0,
Estonia,52,34,1,5335c5a7,6de51a8e,c228c52d,0,0,0,0,
Estonia,53,34,1,5335c5a7,6de51a8e,c228c52d,0,0,0,0,
Estonia,54,34,1,5335c5a7,6de51a8e,c228c52d,0,0,0,0,
Estonia,55,35,1,5335c5a7,6de51a8e,c228c52d,1,0,1,0,
Estonia,56,37,1,c228c52d,6de51a8e,5335c5a7,2,0,2,0,
Estonia,57,37,2,5335c5a7,f7cb7c3a,c228c52d,0,0,0,1,caught
Estonia,58,37,2,eba871dd,f7cb7c3a,c228c52d,0,0,0,0,
Estonia,59,41,2,eba871dd,f7cb7c3a,c228c52d,4,0,4,0,
Estonia,60,41,2,eba871dd,f7cb7c3a,c228c52d,0,0,0,0,
Estonia,61,42,2,eba871dd,f7cb7c3a,c228c52d,1,0,1,0,
Estonia,62,42,3,c228c52d,f7cb7c3a,eba871dd,0,0,0,1,caught
Estonia,63,42,3,5152ab02,6de51a8e,eba871dd,0,0,0,0,
Estonia,64,42,3,5152ab02,6de51a8e,eba871dd,0,0,0,0,
Estonia,65,43,3,5152ab02,6de51a8e,eba871dd,1,0,1,0,
Estonia,66,44,3,eba871dd,6de51a8e,5152ab02,1,0,1,0,
Estonia,67,48,3,5152ab02,6de51a8e,eba871dd,4,0,4,0,
Estonia,68,48,3,5152ab02,6de51a8e,eba871dd,0,0,0,0,
Estonia,69,48,3,eba871dd,f7cb7c3a,5152ab02,0,0,0,0,
Estonia,70,52,3,eba871dd,f7cb7c3a,5152ab02,4,0,4,0,
Estonia,71,52,3,eba871dd,f7cb7c3a,5152ab02,0,0,0,0,
Estonia,72,52,3,eba871dd,f7cb7c3a,5152ab02,0,0,0,0,
Estonia,73,52,3,eba871dd,f7cb7c3a,5152ab02,0,0,0,0,
Estonia,74,53,3,eba871dd,f7cb7c3a,5152ab02,1,0,1,0,
Estonia,75,54,3,eba871dd,98dae38e,5152ab02,1,0,1,0,
Estonia,76,55,3,5152ab02,98dae38e,eba871dd,1,0,1,0,
Estonia,77,56,3,eba871dd,98dae38e,5152ab02,1,0,1,0,
Estonia,78,57,3,5152ab02,98dae38e,eba871dd,1,0,1,0,
Estonia,79,58,3,eba871dd,98dae38e,5152ab02,1,0,1,0,
Estonia,80,59,3,5152ab02,98dae38e,eba871dd,1,0,1,0,
Estonia,81,59,3,5152ab02,a9a09cb8,eba871dd,0,0,0,0,
Estonia,82,60,3,5152ab02,a9a09cb8,eba871dd,1,0,1,0,
Estonia,83,61,3,eba871dd,a9a09cb8,5152ab02,1,0,1,0,
Estonia,84,61,3,5152ab02,a9a09cb8,eba871dd,0,0,0,0,
Estonia,85,61,4,5152ab02,a9a09cb8,eba871dd,0,0,0,1,bowled
Estonia,86,61,5,6969d364,a9a09cb8,eba871dd,0,0,0,1,bowled
Estonia,87,61,5,eba871dd,6de51a8e,88228580,0,0,0,0,
Estonia,88,63,5,eba871dd,6de51a8e,88228580,2,0,2,0,
Estonia,89,63,6,eba871dd,6de51a8e,88228580,0,0,0,1,caught
Estonia,90,63,6,fa308279,6de51a8e,88228580,0,0,0,0,
Estonia,91,63,6,fa308279,6de51a8e,88228580,0,0,0,0,
Estonia,92,63,6,fa308279,6de51a8e,88228580,0,0,0,0,
Estonia,93,63,7,88228580,a9a09cb8,fa308279,0,0,0,1,bowled
Estonia,94,63,7,f74a1394,a9a09cb8,fa308279,0,0,0,0,
Estonia,95,67,7,f74a1394,a9a09cb8,fa308279,4,0,4,0,
Estonia,96,71,7,f74a1394,a9a09cb8,fa308279,4,0,4,0,
Estonia,97,72,7,f74a1394,a9a09cb8,fa308279,1,0,1,0,
Estonia,98,72,7,fa308279,a9a09cb8,f74a1394,0,0,0,0,
Estonia,99,72,7,f74a1394,0fc88c2a,fa308279,0,0,0,0,
Estonia,100,73,7,f74a1394,0fc88c2a,fa308279,1,0,1,0,
Estonia,101,74,7,fa308279,0fc88c2a,f74a1394,1,0,1,0,
Estonia,102,75,7,f74a1394,0fc88c2a,fa308279,1,0,1,0,
Estonia,103,76,7,fa308279,0fc88c2a,f74a1394,0,1,1,0,
Estonia,104,76,7,fa308279,0fc88c2a,f74a1394,0,0,0,0,
Estonia,105,77,7,fa308279,0fc88c2a,f74a1394,1,0,1,0,
Estonia,106,77,7,fa308279,a9a09cb8,f74a1394,0,0,0,0,
Estonia,107,79,7,fa308279,a9a09cb8,f74a1394,2,0,2,0,
Estonia,108,79,7,fa308279,a9a09cb8,f74a1394,0,0,0,0,
Estonia,109,80,7,fa308279,a9a09cb8,f74a1394,1,0,1,0,
Estonia,110,80,7,f74a1394,a9a09cb8,fa308279,0,0,0,0,
Estonia,111,80,8,f74a1394,a9a09cb8,fa308279,0,0,0,1,caught
Estonia,112,81,8,04855b85,5787be00,fa308279,0,1,1,0,
Estonia,113,82,8,04855b85,5787be00,fa308279,1,0,1,0,
Estonia,114,84,8,fa308279,5787be00,04855b85,2,0,2,0,
Estonia,115,88,8,fa308279,5787be00,04855b85,4,0,4,0,
Estonia,116,90,8,fa308279,5787be00,04855b85,2,0,2,0,
Estonia,117,90,8,fa308279,5787be00,04855b85,0,0,0,0,
Estonia,118,90,8,fa308279,5787be00,04855b85,0,0,0,0,
Estonia,119,90,9,04855b85,6a091f62,fa308279,0,0,0,1,bowled
Estonia,120,90,9,ae8ee4cc,6a091f62,fa308279,0,0,0,0,
Estonia,121,91,9,ae8ee4cc,6a091f62,fa308279,1,0,1,0,
Estonia,122,92,9,fa308279,6a091f62,ae8ee4cc,1,0,1,0,
Estonia,123,93,9,ae8ee4cc,6a091f62,fa308279,1,0,1,0,
Estonia,124,93,9,fa308279,6a091f62,ae8ee4cc,0,0,0,0,
