batting_team,ball_number,total_team_runs,total_team_wickets,striker_ID,bowler_ID,nonstriker_ID,batter_runs,extras_runs,total_delivery_runs,wicket,wicket_type
Zimbabwe,1,0,0,8d25271a,58acb320,91d9613e,0,0,0,0,
Zimbabwe,2,0,0,8d25271a,58acb320,91d9613e,0,0,0,0,
Zimbabwe,3,0,0,8d25271a,58acb320,91d9613e,0,0,0,0,
Zimbabwe,4,0,0,8d25271a,58acb320,91d9613e,0,0,0,0,
Zimbabwe,5,0,0,8d25271a,58acb320,91d9613e,0,0,0,0,
Zimbabwe,6,0,0,8d25271a,58acb320,91d9613e,0,0,0,0,
Zimbabwe,7,0,0,91d9613e,5959370f,8d25271a,0,0,0,0,
Zimbabwe,8,0,0,91d9613e,5959370f,8d25271a,0,0,0,0,
Zimbabwe,9,0,0,91d9613e,5959370f,8d25271a,0,0,0,0,
Zimbabwe,10,0,0,91d9613e,5959370f,8d25271a,0,0,0,0,
Zimbabwe,11,0,0,91d9613e,5959370f,8d25271a,0,0,0,0,
Zimbabwe,12,4,0,91d9613e,5959370f,8d25271a,4,0,4,0,
Zimbabwe,13,4,0,8d25271a,58acb320,91d9613e,0,0,0,0,
Zimbabwe,14,4,0,8d25271a,58acb320,91d9613e,0,0,0,0,
Zimbabwe,15,4,0,8d25271a,58acb320,91d9613e,0,0,0,0,
Zimbabwe,16,4,0,8d25271a,58acb320,91d9613e,0,0,0,0,
Zimbabwe,17,8,0,8d25271a,58acb320,91d9613e,4,0,4,0,
Zimbabwe,18,9,0,8d25271a,58acb320,91d9613e,0,1,1,0,
Zimbabwe,19,9,0,8d25271a,5959370f,91d9613e,0,0,0,0,
Zimbabwe,20,9,0,8d25271a,5959370f,91d9613e,0,0,0,0,
Zimbabwe,21,9,0,8d25271a,5959370f,91d9613e,0,0,0,0,
Zimbabwe,22,9,0,8d25271a,5959370f,91d9613e,0,0,0,0,
Zimbabwe,23,9,0,8d25271a,5959370f,91d9613e,0,0,0,0,
Zimbabwe,24,14,0,8d25271a,5959370f,91d9613e,0,5,5,0,
Zimbabwe,25,14,0,8d25271a,5959370f,91d9613e,0,0,0,0,
Zimbabwe,26,14,0,91d9613e,9c4b58db,8d25271a,0,0,0,0,
Zimbabwe,27,18,0,91d9613e,9c4b58db,8d25271a,4,0,4,0,
Zimbabwe,28,22,0,91d9613e,9c4b58db,8d25271a,4,0,4,0,
Zimbabwe,29,22,0,91d9613e,9c4b58db,8d25271a,0,0,0,0,
Zimbabwe,30,22,0,91d9613e,9c4b58db,8d25271a,0,0,0,0,
Zimbabwe,31,22,0,91d9613e,9c4b58db,8d25271a,0,0,0,0,
Zimbabwe,32,26,0,8d25271a,5959370f,91d9613e,4,0,4,0,
Zimbabwe,33,28,0,8d25271a,5959370f,91d9613e,2,0,2,0,
Zimbabwe,34,28,0,8d25271a,5959370f,91d9613e,0,0,0,0,
Zimbabwe,35,29,0,8d25271a,5959370f,91d9613e,1,0,1,0,
Zimbabwe,36,33,0,91d9613e,5959370f,8d25271a,4,0,4,0,
Zimbabwe,37,34,0,91d9613e,5959370f,8d25271a,1,0,1,0,
Zimbabwe,38,38,0,91d9613e,23e3f2d6,8d25271a,4,0,4,0,
Zimbabwe,39,39,0,91d9613e,23e3f2d6,8d25271a,1,0,1,0,
Zimbabwe,40,39,0,8d25271a,23e3f2d6,91d9613e,0,0,0,0,
Zimbabwe,41,39,0,8d25271a,23e3f2d6,91d9613e,0,0,0,0,
Zimbabwe,42,43,0,8d25271a,23e3f2d6,91d9613e,4,0,4,0,
Zimbabwe,43,43,0,8d25271a,23e3f2d6,91d9613e,0,0,0,0,
Zimbabwe,44,44,0,91d9613e,72eada4c,8d25271a,0,1,1,0,
Zimbabwe,45,45,0,91d9613e,72eada4c,8d25271a,1,0,1,0,
Zimbabwe,46,45,0,8d25271a,72eada4c,91d9613e,0,0,0,0,
Zimbabwe,47,46,0,8d25271a,72eada4c,91d9613e,1,0,1,0,
Zimbabwe,48,46,1,91d9613e,72eada4c,8d25271a,0,0,0,1,caught
Zimbabwe,49,47,1,6657b319,72eada4c,8d25271a,1,0,1,0,
Zimbabwe,50,47,1,8d25271a,72eada4c,6657b319,0,0,0,0,
Zimbabwe,51,48,1,6657b319,23e3f2d6,8d25271a,1,0,1,0,
Zimbabwe,52,48,1,8d25271a,23e3f2d6,6657b319,0,0,0,0,
Zimbabwe,53,52,1,8d25271a,23e3f2d6,6657b319,4,0,4,0,
Zimbabwe,54,52,1,8d25271a,23e3f2d6,6657b319,0,0,0,0,
Zimbabwe,55,52,2,8d25271a,23e3f2d6,6657b319,0,0,0,1,lbw
Zimbabwe,56,52,2,99c86133,23e3f2d6,6657b319,0,0,0,0,
Zimbabwe,57,52,2,6657b319,72eada4c,99c86133,0,0,0,0,
Zimbabwe,58,52,2,6657b319,72eada4c,99c86133,0,0,0,0,
Zimbabwe,59,52,2,6657b319,72eada4c,99c86133,0,0,0,0,
Zimbabwe,60,53,2,6657b319,72eada4c,99c86133,1,0,1,0,
Zimbabwe,61,54,2,99c86133,72eada4c,6657b319,1,0,1,0,
Zimbabwe,62,54,2,6657b319,72eada4c,99c86133,0,0,0,0,
Zimbabwe,63,55,2,99c86133,519b872a,6657b319,1,0,1,0,
Zimbabwe,64,56,2,6657b319,519b872a,99c86133,1,0,1,0,
Zimbabwe,65,56,2,99c86133,519b872a,6657b319,0,0,0,0,
Zimbabwe,66,56,2,99c86133,519b872a,6657b319,0,0,0,0,
Zimbabwe,67,56,2,99c86133,519b872a,6657b319,0,0,0,0,
Zimbabwe,68,60,2,99c86133,519b872a,6657b319,4,0,4,0,
Zimbabwe,69,60,2,6657b319,12a2157e,99c86133,0,0,0,0,
Zimbabwe,70,62,2,6657b319,12a2157e,99c86133,1,1,2,0,
Zimbabwe,71,63,2,99c86133,12a2157e,6657b319,1,0,1,0,
Zimbabwe,72,63,2,6657b319,12a2157e,99c86133,0,0,0,0,
Zimbabwe,73,63,2,6657b319,12a2157e,99c86133,0,0,0,0,
Zimbabwe,74,63,2,6657b319,12a2157e,99c86133,0,0,0,0,
Zimbabwe,75,65,2,6657b319,12a2157e,99c86133,2,0,2,0,
Zimbabwe,76,66,2,99c86133,519b872a,6657b319,1,0,1,0,
Zimbabwe,77,66,2,6657b319,519b872a,99c86133,0,0,0,0,
Zimbabwe,78,66,2,6657b319,519b872a,99c86133,0,0,0,0,
Zimbabwe,79,67,2,6657b319,519b872a,99c86133,1,0,1,0,
Zimbabwe,80,67,2,99c86133,519b872a,6657b319,0,0,0,0,
Zimbabwe,81,71,2,99c86133,519b872a,6657b319,4,0,4,0,
Zimbabwe,82,72,2,6657b319,12a2157e,99c86133,1,0,1,0,
Zimbabwe,83,73,2,99c86133,12a2157e,6657b319,1,0,1,0,
Zimbabwe,84,73,2,6657b319,12a2157e,99c86133,0,0,0,0,
Zimbabwe,85,77,2,6657b319,12a2157e,99c86133,4,0,4,0,
Zimbabwe,86,78,2,6657b319,12a2157e,99c86133,1,0,1,0,
Zimbabwe,87,78,2,99c86133,12a2157e,6657b319,0,0,0,0,
Zimbabwe,88,79,2,6657b319,519b872a,99c86133,1,0,1,0,
Zimbabwe,89,80,2,99c86133,519b872a,6657b319,1,0,1,0,
Zimbabwe,90,82,2,6657b319,519b872a,99c86133,2,0,2,0,
Zimbabwe,91,82,2,6657b319,519b872a,99c86133,0,0,0,0,
Zimbabwe,92,83,2,6657b319,519b872a,99c86133,1,0,1,0,
Zimbabwe,93,85,2,99c86133,519b872a,6657b319,2,0,2,0,
Zimbabwe,94,86,2,6657b319,23e3f2d6,99c86133,1,0,1,0,
Zimbabwe,95,90,2,99c86133,23e3f2d6,6657b319,4,0,4,0,
Zimbabwe,96,90,2,99c86133,23e3f2d6,6657b319,0,0,0,0,
Zimbabwe,97,90,3,99c86133,23e3f2d6,6657b319,0,0,0,1,run out
Zimbabwe,98,90,3,94b52754,23e3f2d6,99c86133,0,0,0,0,
Zimbabwe,99,90,4,94b52754,23e3f2d6,99c86133,0,0,0,1,bowled
Zimbabwe,100,94,4,99c86133,58acb320,36dfa62e,4,0,4,0,
Zimbabwe,101,95,4,99c86133,58acb320,36dfa62e,1,0,1,0,
Zimbabwe,102,95,4,36dfa62e,58acb320,99c86133,0,0,0,0,
Zimbabwe,103,95,4,36dfa62e,58acb320,99c86133,0,0,0,0,
Zimbabwe,104,95,5,36dfa62e,58acb320,99c86133,0,0,0,1,caught
Zimbabwe,105,95,5,da61a9af,58acb320,99c86133,0,0,0,0,
Zimbabwe,106,98,5,99c86133,23e3f2d6,da61a9af,3,0,3,0,
Zimbabwe,107,100,5,da61a9af,23e3f2d6,99c86133,2,0,2,0,
Zimbabwe,108,101,5,da61a9af,23e3f2d6,99c86133,1,0,1,0,
Zimbabwe,109,105,5,99c86133,23e3f2d6,da61a9af,4,0,4,0,
Zimbabwe,110,106,5,99c86133,23e3f2d6,da61a9af,1,0,1,0,
Zimbabwe,111,107,5,da61a9af,23e3f2d6,99c86133,1,0,1,0,
Zimbabwe,112,108,5,da61a9af,519b872a,99c86133,1,0,1,0,
Zimbabwe,113,109,5,99c86133,519b872a,da61a9af,0,1,1,0,
Zimbabwe,114,110,5,da61a9af,519b872a,99c86133,1,0,1,0,
Zimbabwe,115,111,5,99c86133,519b872a,da61a9af,1,0,1,0,
Zimbabwe,116,111,6,da61a9af,519b872a,99c86133,0,0,0,1,stumped
Zimbabwe,117,111,6,a4f1fdd4,519b872a,99c86133,0,0,0,0,
Zimbabwe,118,115,6,99c86133,58acb320,a4f1fdd4,4,0,4,0,
Zimbabwe,119,116,6,99c86133,58acb320,a4f1fdd4,1,0,1,0,
Zimbabwe,120,116,6,a4f1fdd4,58acb320,99c86133,0,0,0,0,
Zimbabwe,121,116,6,a4f1fdd4,58acb320,99c86133,0,0,0,0,
Zimbabwe,122,116,6,a4f1fdd4,58acb320,99c86133,0,0,0,0,
Zimbabwe,123,118,6,a4f1fdd4,58acb320,99c86133,2,0,2,0,
Thailand,1,0,0,82c78412,edf62a25,b5626ff7,0,0,0,0,
Thailand,2,0,0,82c78412,edf62a25,b5626ff7,0,0,0,0,
Thailand,3,0,0,82c78412,edf62a25,b5626ff7,0,0,0,0,
Thailand,4,4,0,82c78412,edf62a25,b5626ff7,4,0,4,0,
Thailand,5,5,0,82c78412,edf62a25,b5626ff7,1,0,1,0,
Thailand,6,5,0,b5626ff7,edf62a25,82c78412,0,0,0,0,
Thailand,7,5,0,82c78412,36dfa62e,b5626ff7,0,0,0,0,
Thailand,8,6,0,82c78412,36dfa62e,b5626ff7,1,0,1,0,
Thailand,9,10,0,b5626ff7,36dfa62e,82c78412,4,0,4,0,
Thailand,10,10,0,b5626ff7,36dfa62e,82c78412,0,0,0,0,
Thailand,11,10,0,b5626ff7,36dfa62e,82c78412,0,0,0,0,
Thailand,12,10,0,b5626ff7,36dfa62e,82c78412,0,0,0,0,
Thailand,13,11,0,82c78412,edf62a25,b5626ff7,1,0,1,0,
Thailand,14,12,0,b5626ff7,edf62a25,82c78412,1,0,1,0,
Thailand,15,12,0,82c78412,edf62a25,b5626ff7,0,0,0,0,
Thailand,16,13,0,82c78412,edf62a25,b5626ff7,1,0,1,0,
Thailand,17,13,0,b5626ff7,edf62a25,82c78412,0,0,0,0,
Thailand,18,17,0,b5626ff7,edf62a25,82c78412,4,0,4,0,
Thailand,19,17,0,82c78412,36dfa62e,b5626ff7,0,0,0,0,
Thailand,20,18,0,82c78412,36dfa62e,b5626ff7,1,0,1,0,
Thailand,21,18,0,b5626ff7,36dfa62e,82c78412,0,0,0,0,
Thailand,22,22,0,b5626ff7,36dfa62e,82c78412,4,0,4,0,
Thailand,23,23,0,b5626ff7,36dfa62e,82c78412,1,0,1,0,
Thailand,24,23,0,82c78412,36dfa62e,b5626ff7,0,0,0,0,
Thailand,25,23,0,b5626ff7,a4f1fdd4,82c78412,0,0,0,0,
Thailand,26,23,0,b5626ff7,a4f1fdd4,82c78412,0,0,0,0,
Thailand,27,24,0,b5626ff7,a4f1fdd4,82c78412,1,0,1,0,
Thailand,28,24,0,82c78412,a4f1fdd4,b5626ff7,0,0,0,0,
Thailand,29,24,0,82c78412,a4f1fdd4,b5626ff7,0,0,0,0,
Thailand,30,25,0,82c78412,a4f1fdd4,b5626ff7,1,0,1,0,
Thailand,31,25,0,82c78412,09a58e2d,b5626ff7,0,0,0,0,
Thailand,32,25,0,82c78412,09a58e2d,b5626ff7,0,0,0,0,
Thailand,33,25,0,82c78412,09a58e2d,b5626ff7,0,0,0,0,
Thailand,34,26,0,82c78412,09a58e2d,b5626ff7,1,0,1,0,
Thailand,35,27,0,b5626ff7,09a58e2d,82c78412,1,0,1,0,
Thailand,36,28,0,82c78412,09a58e2d,b5626ff7,1,0,1,0,
Thailand,37,28,0,82c78412,a4f1fdd4,b5626ff7,0,0,0,0,
Thailand,38,29,0,82c78412,a4f1fdd4,b5626ff7,1,0,1,0,
Thailand,39,30,0,b5626ff7,a4f1fdd4,82c78412,1,0,1,0,
Thailand,40,31,0,82c78412,a4f1fdd4,b5626ff7,1,0,1,0,
Thailand,41,32,0,b5626ff7,a4f1fdd4,82c78412,1,0,1,0,
Thailand,42,33,0,82c78412,a4f1fdd4,b5626ff7,1,0,1,0,
Thailand,43,34,0,82c78412,09a58e2d,b5626ff7,1,0,1,0,
Thailand,44,34,0,b5626ff7,09a58e2d,82c78412,0,0,0,0,
Thailand,45,35,0,b5626ff7,09a58e2d,82c78412,1,0,1,0,
Thailand,46,36,0,82c78412,09a58e2d,b5626ff7,1,0,1,0,
Thailand,47,37,0,b5626ff7,09a58e2d,82c78412,1,0,1,0,
Thailand,48,38,0,82c78412,09a58e2d,b5626ff7,1,0,1,0,
Thailand,49,38,0,82c78412,a4f1fdd4,b5626ff7,0,0,0,0,
Thailand,50,38,0,82c78412,a4f1fdd4,b5626ff7,0,0,0,0,
Thailand,51,39,0,82c78412,a4f1fdd4,b5626ff7,1,0,1,0,
Thailand,52,40,0,b5626ff7,a4f1fdd4,82c78412,1,0,1,0,
Thailand,53,41,0,82c78412,a4f1fdd4,b5626ff7,1,0,1,0,
Thailand,54,41,0,b5626ff7,a4f1fdd4,82c78412,0,0,0,0,
Thailand,55,42,0,82c78412,09a58e2d,b5626ff7,1,0,1,0,
Thailand,56,42,0,b5626ff7,09a58e2d,82c78412,0,0,0,0,
Thailand,57,43,0,b5626ff7,09a58e2d,82c78412,1,0,1,0,
Thailand,58,44,0,82c78412,09a58e2d,b5626ff7,1,0,1,0,
Thailand,59,46,0,b5626ff7,09a58e2d,82c78412,2,0,2,0,
Thailand,60,47,0,b5626ff7,09a58e2d,82c78412,1,0,1,0,
Thailand,61,48,0,b5626ff7,a4f1fdd4,82c78412,1,0,1,0,
Thailand,62,49,0,82c78412,a4f1fdd4,b5626ff7,1,0,1,0,
Thailand,63,50,0,b5626ff7,a4f1fdd4,82c78412,1,0,1,0,
Thailand,64,50,0,82c78412,a4f1fdd4,b5626ff7,0,0,0,0,
Thailand,65,51,0,82c78412,a4f1fdd4,b5626ff7,1,0,1,0,
Thailand,66,52,0,b5626ff7,a4f1fdd4,82c78412,1,0,1,0,
Thailand,67,53,0,b5626ff7,09a58e2d,82c78412,1,0,1,0,
Thailand,68,53,0,82c78412,09a58e2d,b5626ff7,0,0,0,0,
Thailand,69,55,0,82c78412,09a58e2d,b5626ff7,2,0,2,0,
Thailand,70,56,0,82c78412,09a58e2d,b5626ff7,1,0,1,0,
Thailand,71,60,0,b5626ff7,09a58e2d,82c78412,4,0,4,0,
Thailand,72,61,0,b5626ff7,09a58e2d,82c78412,1,0,1,0,
Thailand,73,62,0,b5626ff7,f281dd00,82c78412,1,0,1,0,
Thailand,74,66,0,82c78412,f281dd00,b5626ff7,4,0,4,0,
Thailand,75,66,0,82c78412,f281dd00,b5626ff7,0,0,0,0,
Thailand,76,66,0,82c78412,f281dd00,b5626ff7,0,0,0,0,
Thailand,77,66,0,82c78412,f281dd00,b5626ff7,0,0,0,0,
Thailand,78,67,0,82c78412,f281dd00,b5626ff7,1,0,1,0,
Thailand,79,71,0,82c78412,8d25271a,b5626ff7,4,0,4,0,
Thailand,80,75,0,82c78412,8d25271a,b5626ff7,4,0,4,0,
Thailand,81,76,0,82c78412,8d25271a,b5626ff7,1,0,1,0,
Thailand,82,76,0,b5626ff7,8d25271a,82c78412,0,0,0,0,
Thailand,83,76,1,b5626ff7,8d25271a,82c78412,0,0,0,1,caught
Thailand,84,77,1,82c78412,8d25271a,0825e4b3,1,0,1,0,
Thailand,85,77,2,82c78412,f281dd00,0825e4b3,0,0,0,1,caught
Thailand,86,77,2,58acb320,f281dd00,0825e4b3,0,0,0,0,
Thailand,87,77,2,58acb320,f281dd00,0825e4b3,0,0,0,0,
Thailand,88,77,2,58acb320,f281dd00,0825e4b3,0,0,0,0,
Thailand,89,77,2,58acb320,f281dd00,0825e4b3,0,0,0,0,
Thailand,90,78,2,58acb320,f281dd00,0825e4b3,1,0,1,0,
Thailand,91,78,2,58acb320,8d25271a,0825e4b3,0,0,0,0,
Thailand,92,79,2,58acb320,8d25271a,0825e4b3,1,0,1,0,
Thailand,93,80,2,0825e4b3,8d25271a,58acb320,1,0,1,0,
Thailand,94,80,2,58acb320,8d25271a,0825e4b3,0,0,0,0,
Thailand,95,80,3,58acb320,8d25271a,0825e4b3,0,0,0,1,stumped
Thailand,96,80,3,9c4b58db,8d25271a,0825e4b3,0,0,0,0,
Thailand,97,81,3,0825e4b3,f281dd00,9c4b58db,1,0,1,0,
Thailand,98,82,3,9c4b58db,f281dd00,0825e4b3,1,0,1,0,
Thailand,99,83,3,0825e4b3,f281dd00,9c4b58db,1,0,1,0,
Thailand,100,84,3,9c4b58db,f281dd00,0825e4b3,1,0,1,0,
Thailand,101,86,3,0825e4b3,f281dd00,9c4b58db,2,0,2,0,
Thailand,102,90,3,0825e4b3,f281dd00,9c4b58db,4,0,4,0,
Thailand,103,90,3,9c4b58db,8d25271a,0825e4b3,0,0,0,0,
Thailand,104,92,3,9c4b58db,8d25271a,0825e4b3,2,0,2,0,
Thailand,105,92,3,9c4b58db,8d25271a,0825e4b3,0,0,0,0,
Thailand,106,92,4,9c4b58db,8d25271a,0825e4b3,0,0,0,1,caught
Thailand,107,92,4,0825e4b3,8d25271a,519b872a,0,0,0,0,
Thailand,108,93,4,0825e4b3,8d25271a,519b872a,1,0,1,0,
Thailand,109,97,4,0825e4b3,36dfa62e,519b872a,4,0,4,0,
Thailand,110,101,4,0825e4b3,36dfa62e,519b872a,4,0,4,0,
Thailand,111,102,4,0825e4b3,36dfa62e,519b872a,1,0,1,0,
Thailand,112,103,4,519b872a,36dfa62e,0825e4b3,1,0,1,0,
Thailand,113,104,4,0825e4b3,36dfa62e,519b872a,1,0,1,0,
Thailand,114,104,5,519b872a,36dfa62e,0825e4b3,0,0,0,1,caught
Thailand,115,105,5,5959370f,edf62a25,0825e4b3,1,0,1,0,
Thailand,116,109,5,0825e4b3,edf62a25,5959370f,4,0,4,0,
Thailand,117,109,5,0825e4b3,edf62a25,5959370f,0,0,0,0,
Thailand,118,110,5,0825e4b3,edf62a25,5959370f,1,0,1,0,
Thailand,119,111,5,5959370f,edf62a25,0825e4b3,0,1,1,0,
Thailand,120,111,6,0825e4b3,edf62a25,5959370f,0,0,0,1,caught
