batting_team,ball_number,total_team_runs,total_team_wickets,striker_ID,bowler_ID,nonstriker_ID,batter_runs,extras_runs,total_delivery_runs,wicket,wicket_type
Uganda,1,4,0,c2c975f9,34e36b65,04e0cdec,0,4,4,0,
Uganda,2,5,0,c2c975f9,34e36b65,04e0cdec,0,1,1,0,
Uganda,3,5,0,04e0cdec,34e36b65,c2c975f9,0,0,0,0,
Uganda,4,8,0,04e0cdec,34e36b65,c2c975f9,3,0,3,0,
Uganda,5,9,0,c2c975f9,34e36b65,04e0cdec,1,0,1,0,
Uganda,6,13,0,04e0cdec,34e36b65,c2c975f9,4,0,4,0,
Uganda,7,17,0,c2c975f9,780d1997,04e0cdec,4,0,4,0,
Uganda,8,23,0,c2c975f9,780d1997,04e0cdec,6,0,6,0,
Uganda,9,29,0,c2c975f9,780d1997,04e0cdec,6,0,6,0,
Uganda,10,31,0,c2c975f9,780d1997,04e0cdec,2,0,2,0,
Uganda,11,31,0,c2c975f9,780d1997,04e0cdec,0,0,0,0,
Uganda,12,37,0,c2c975f9,780d1997,04e0cdec,6,0,6,0,
Uganda,13,38,0,04e0cdec,34e36b65,c2c975f9,1,0,1,0,
Uganda,14,38,0,c2c975f9,34e36b65,04e0cdec,0,0,0,0,
Uganda,15,42,0,c2c975f9,34e36b65,04e0cdec,4,0,4,0,
Uganda,16,42,0,c2c975f9,34e36b65,04e0cdec,0,0,0,0,
Uganda,17,42,0,c2c975f9,34e36b65,04e0cdec,0,0,0,0,
Uganda,18,42,0,c2c975f9,34e36b65,04e0cdec,0,0,0,0,
Uganda,19,42,1,04e0cdec,91056862,c2c975f9,0,0,0,1,bowled
Uganda,20,42,1,a3a275ec,91056862,c2c975f9,0,0,0,0,
Uganda,21,48,1,a3a275ec,91056862,c2c975f9,6,0,6,0,
Uganda,22,54,1,a3a275ec,91056862,c2c975f9,6,0,6,0,
Uganda,23,58,1,a3a275ec,91056862,c2c975f9,4,0,4,0,
Uganda,24,58,1,a3a275ec,91056862,c2c975f9,0,0,0,0,
Uganda,25,58,1,c2c975f9,34e36b65,a3a275ec,0,0,0,0,
Uganda,26,64,1,c2c975f9,34e36b65,a3a275ec,6,0,6,0,
Uganda,27,64,1,c2c975f9,34e36b65,a3a275ec,0,0,0,0,
Uganda,28,64,1,c2c975f9,34e36b65,a3a275ec,0,0,0,0,
Uganda,29,64,1,c2c975f9,34e36b65,a3a275ec,0,0,0,0,
Uganda,30,65,1,c2c975f9,34e36b65,a3a275ec,1,0,1,0,
Uganda,31,65,1,c2c975f9,91056862,a3a275ec,0,0,0,0,
Uganda,32,65,1,c2c975f9,91056862,a3a275ec,0,0,0,0,
Uganda,33,65,2,c2c975f9,91056862,a3a275ec,0,0,0,1,caught
Uganda,34,66,2,f6aed283,91056862,a3a275ec,1,0,1,0,
Uganda,35,66,3,a3a275ec,91056862,f6aed283,0,0,0,1,caught
Uganda,36,66,3,fbdc5ab1,91056862,f6aed283,0,0,0,0,
Uganda,37,67,3,f6aed283,9238dd92,fbdc5ab1,1,0,1,0,
Uganda,38,67,3,fbdc5ab1,9238dd92,f6aed283,0,0,0,0,
Uganda,39,68,3,fbdc5ab1,9238dd92,f6aed283,1,0,1,0,
Uganda,40,69,3,f6aed283,9238dd92,fbdc5ab1,1,0,1,0,
Uganda,41,69,3,fbdc5ab1,9238dd92,f6aed283,0,0,0,0,
Uganda,42,70,3,fbdc5ab1,9238dd92,f6aed283,1,0,1,0,
Uganda,43,70,3,fbdc5ab1,ffb3b559,f6aed283,0,0,0,0,
Uganda,44,70,3,fbdc5ab1,ffb3b559,f6aed283,0,0,0,0,
Uganda,45,70,3,fbdc5ab1,ffb3b559,f6aed283,0,0,0,0,
Uganda,46,74,3,fbdc5ab1,ffb3b559,f6aed283,0,4,4,0,
Uganda,47,75,3,fbdc5ab1,ffb3b559,f6aed283,1,0,1,0,
Uganda,48,77,3,f6aed283,ffb3b559,fbdc5ab1,2,0,2,0,
Uganda,49,81,3,fbdc5ab1,9238dd92,f6aed283,4,0,4,0,
Uganda,50,87,3,fbdc5ab1,9238dd92,f6aed283,6,0,6,0,
Uganda,51,87,3,fbdc5ab1,9238dd92,f6aed283,0,0,0,0,
Uganda,52,89,3,fbdc5ab1,9238dd92,f6aed283,2,0,2,0,
Uganda,53,90,3,fbdc5ab1,9238dd92,f6aed283,1,0,1,0,
Uganda,54,91,3,f6aed283,9238dd92,fbdc5ab1,1,0,1,0,
Uganda,55,91,3,f6aed283,ffb3b559,fbdc5ab1,0,0,0,0,
Uganda,56,91,3,f6aed283,ffb3b559,fbdc5ab1,0,0,0,0,
Uganda,57,91,4,f6aed283,ffb3b559,fbdc5ab1,0,0,0,1,caught and bowled
Uganda,58,91,4,395695ce,ffb3b559,fbdc5ab1,0,0,0,0,
Uganda,59,93,4,395695ce,ffb3b559,fbdc5ab1,2,0,2,0,
Uganda,60,93,4,395695ce,ffb3b559,fbdc5ab1,0,0,0,0,
Uganda,61,94,4,fbdc5ab1,9238dd92,395695ce,1,0,1,0,
Uganda,62,94,4,395695ce,9238dd92,fbdc5ab1,0,0,0,0,
Uganda,63,94,5,395695ce,9238dd92,fbdc5ab1,0,0,0,1,bowled
Uganda,64,98,5,f33cfd25,9238dd92,fbdc5ab1,4,0,4,0,
Uganda,65,98,5,f33cfd25,9238dd92,fbdc5ab1,0,0,0,0,
Uganda,66,99,5,f33cfd25,9238dd92,fbdc5ab1,1,0,1,0,
Uganda,67,99,5,f33cfd25,ffb3b559,fbdc5ab1,0,0,0,0,
Uganda,68,100,5,f33cfd25,ffb3b559,fbdc5ab1,1,0,1,0,
Uganda,69,100,5,fbdc5ab1,ffb3b559,f33cfd25,0,0,0,0,
Uganda,70,101,5,fbdc5ab1,ffb3b559,f33cfd25,1,0,1,0,
Uganda,71,101,5,f33cfd25,ffb3b559,fbdc5ab1,0,0,0,0,
Uganda,72,101,5,f33cfd25,ffb3b559,fbdc5ab1,0,0,0,0,
Uganda,73,107,5,fbdc5ab1,9238dd92,f33cfd25,6,0,6,0,
Uganda,74,107,6,fbdc5ab1,9238dd92,f33cfd25,0,0,0,1,caught
Uganda,75,107,6,8b46fc4f,9238dd92,f33cfd25,0,0,0,0,
Uganda,76,108,6,8b46fc4f,9238dd92,f33cfd25,1,0,1,0,
Uganda,77,108,7,f33cfd25,9238dd92,8b46fc4f,0,0,0,1,caught
Uganda,78,108,7,87e33d07,9238dd92,8b46fc4f,0,0,0,0,
Uganda,79,108,7,8b46fc4f,ffb3b559,87e33d07,0,0,0,0,
Uganda,80,109,7,8b46fc4f,ffb3b559,87e33d07,1,0,1,0,
Uganda,81,109,7,87e33d07,ffb3b559,8b46fc4f,0,0,0,0,
Uganda,82,109,7,87e33d07,ffb3b559,8b46fc4f,0,0,0,0,
Uganda,83,109,7,87e33d07,ffb3b559,8b46fc4f,0,0,0,0,
Uganda,84,110,7,87e33d07,ffb3b559,8b46fc4f,1,0,1,0,
Uganda,85,110,7,87e33d07,29ee9bf9,8b46fc4f,0,0,0,0,
Uganda,86,114,7,87e33d07,29ee9bf9,8b46fc4f,4,0,4,0,
Uganda,87,116,7,87e33d07,29ee9bf9,8b46fc4f,2,0,2,0,
Uganda,88,122,7,87e33d07,29ee9bf9,8b46fc4f,6,0,6,0,
Uganda,89,122,7,87e33d07,29ee9bf9,8b46fc4f,0,0,0,0,
Uganda,90,123,7,87e33d07,29ee9bf9,8b46fc4f,1,0,1,0,
Uganda,91,123,7,87e33d07,91056862,8b46fc4f,0,0,0,0,
Uganda,92,124,7,87e33d07,91056862,8b46fc4f,1,0,1,0,
Uganda,93,124,7,8b46fc4f,91056862,87e33d07,0,0,0,0,
Uganda,94,126,7,8b46fc4f,91056862,87e33d07,2,0,2,0,
Uganda,95,126,7,8b46fc4f,91056862,87e33d07,0,0,0,0,
Uganda,96,126,7,8b46fc4f,91056862,87e33d07,0,0,0,0,
Uganda,97,126,8,87e33d07,bbab35a3,8b46fc4f,0,0,0,1,caught
Uganda,98,126,9,1a9e9efe,bbab35a3,8b46fc4f,0,0,0,1,caught and bowled
Uganda,99,127,9,2b7609f1,bbab35a3,8b46fc4f,1,0,1,0,
Uganda,100,127,9,8b46fc4f,bbab35a3,2b7609f1,0,0,0,0,
Uganda,101,128,9,8b46fc4f,bbab35a3,2b7609f1,1,0,1,0,
Uganda,102,128,9,2b7609f1,bbab35a3,8b46fc4f,0,0,0,0,
Uganda,103,129,9,8b46fc4f,91056862,2b7609f1,1,0,1,0,
Uganda,104,129,9,2b7609f1,91056862,8b46fc4f,0,0,0,0,
Uganda,105,132,9,2b7609f1,91056862,8b46fc4f,2,1,3,0,
Uganda,106,132,9,2b7609f1,91056862,8b46fc4f,0,0,0,0,
Uganda,107,132,10,2b7609f1,91056862,8b46fc4f,0,0,0,1,bowled
Tanzania,1,2,0,b2dadc51,87e33d07,90624d37,2,0,2,0,
Tanzania,2,2,0,b2dadc51,87e33d07,90624d37,0,0,0,0,
Tanzania,3,8,0,b2dadc51,87e33d07,90624d37,6,0,6,0,
Tanzania,4,9,0,b2dadc51,87e33d07,90624d37,1,0,1,0,
Tanzania,5,9,0,90624d37,87e33d07,b2dadc51,0,0,0,0,
Tanzania,6,9,0,90624d37,87e33d07,b2dadc51,0,0,0,0,
Tanzania,7,15,0,b2dadc51,395695ce,90624d37,6,0,6,0,
Tanzania,8,15,0,b2dadc51,395695ce,90624d37,0,0,0,0,
Tanzania,9,16,0,b2dadc51,395695ce,90624d37,0,1,1,0,
Tanzania,10,22,0,b2dadc51,395695ce,90624d37,6,0,6,0,
Tanzania,11,22,0,b2dadc51,395695ce,90624d37,0,0,0,0,
Tanzania,12,28,0,b2dadc51,395695ce,90624d37,6,0,6,0,
Tanzania,13,28,0,b2dadc51,395695ce,90624d37,0,0,0,0,
Tanzania,14,32,0,90624d37,87e33d07,b2dadc51,0,4,4,0,
Tanzania,15,32,0,90624d37,87e33d07,b2dadc51,0,0,0,0,
Tanzania,16,32,0,90624d37,87e33d07,b2dadc51,0,0,0,0,
Tanzania,17,36,0,90624d37,87e33d07,b2dadc51,4,0,4,0,
Tanzania,18,36,0,90624d37,87e33d07,b2dadc51,0,0,0,0,
Tanzania,19,36,0,90624d37,87e33d07,b2dadc51,0,0,0,0,
Tanzania,20,37,0,b2dadc51,395695ce,90624d37,1,0,1,0,
Tanzania,21,37,0,90624d37,395695ce,b2dadc51,0,0,0,0,
Tanzania,22,37,0,90624d37,395695ce,b2dadc51,0,0,0,0,
Tanzania,23,37,0,90624d37,395695ce,b2dadc51,0,0,0,0,
Tanzania,24,37,0,90624d37,395695ce,b2dadc51,0,0,0,0,
Tanzania,25,38,0,90624d37,395695ce,b2dadc51,1,0,1,0,
Tanzania,26,38,0,90624d37,2b7609f1,b2dadc51,0,0,0,0,
Tanzania,27,40,0,90624d37,2b7609f1,b2dadc51,2,0,2,0,
Tanzania,28,40,0,90624d37,2b7609f1,b2dadc51,0,0,0,0,
Tanzania,29,44,0,90624d37,2b7609f1,b2dadc51,4,0,4,0,
Tanzania,30,44,0,90624d37,2b7609f1,b2dadc51,0,0,0,0,
Tanzania,31,44,0,90624d37,2b7609f1,b2dadc51,0,0,0,0,
Tanzania,32,44,0,b2dadc51,1a9e9efe,90624d37,0,0,0,0,
Tanzania,33,45,0,b2dadc51,1a9e9efe,90624d37,1,0,1,0,
Tanzania,34,45,0,90624d37,1a9e9efe,b2dadc51,0,0,0,0,
Tanzania,35,45,0,90624d37,1a9e9efe,b2dadc51,0,0,0,0,
Tanzania,36,45,0,90624d37,1a9e9efe,b2dadc51,0,0,0,0,
Tanzania,37,45,0,90624d37,1a9e9efe,b2dadc51,0,0,0,0,
Tanzania,38,45,0,b2dadc51,2b7609f1,90624d37,0,0,0,0,
Tanzania,39,45,0,b2dadc51,2b7609f1,90624d37,0,0,0,0,
Tanzania,40,45,1,b2dadc51,2b7609f1,90624d37,0,0,0,1,caught
Tanzania,41,45,1,29ee9bf9,2b7609f1,90624d37,0,0,0,0,
Tanzania,42,46,1,29ee9bf9,2b7609f1,90624d37,1,0,1,0,
Tanzania,43,48,1,90624d37,2b7609f1,29ee9bf9,0,2,2,0,
Tanzania,44,49,1,29ee9bf9,1a9e9efe,90624d37,1,0,1,0,
Tanzania,45,50,1,90624d37,1a9e9efe,29ee9bf9,1,0,1,0,
Tanzania,46,54,1,29ee9bf9,1a9e9efe,90624d37,4,0,4,0,
Tanzania,47,55,1,29ee9bf9,1a9e9efe,90624d37,1,0,1,0,
Tanzania,48,56,1,90624d37,1a9e9efe,29ee9bf9,0,1,1,0,
Tanzania,49,57,1,90624d37,1a9e9efe,29ee9bf9,1,0,1,0,
Tanzania,50,59,1,29ee9bf9,1a9e9efe,90624d37,2,0,2,0,
Tanzania,51,59,1,90624d37,2b7609f1,29ee9bf9,0,0,0,0,
Tanzania,52,60,1,90624d37,2b7609f1,29ee9bf9,0,1,1,0,
Tanzania,53,64,1,29ee9bf9,2b7609f1,90624d37,4,0,4,0,
Tanzania,54,64,1,29ee9bf9,2b7609f1,90624d37,0,0,0,0,
Tanzania,55,68,1,29ee9bf9,2b7609f1,90624d37,4,0,4,0,
Tanzania,56,69,1,29ee9bf9,2b7609f1,90624d37,1,0,1,0,
Tanzania,57,69,1,29ee9bf9,8b46fc4f,90624d37,0,0,0,0,
Tanzania,58,70,1,29ee9bf9,8b46fc4f,90624d37,1,0,1,0,
Tanzania,59,71,1,90624d37,8b46fc4f,29ee9bf9,1,0,1,0,
Tanzania,60,71,1,29ee9bf9,8b46fc4f,90624d37,0,0,0,0,
Tanzania,61,72,1,29ee9bf9,8b46fc4f,90624d37,1,0,1,0,
Tanzania,62,72,2,90624d37,8b46fc4f,29ee9bf9,0,0,0,1,caught
Tanzania,63,72,2,29ee9bf9,2b7609f1,63d6f031,0,0,0,0,
Tanzania,64,72,2,29ee9bf9,2b7609f1,63d6f031,0,0,0,0,
Tanzania,65,72,2,29ee9bf9,2b7609f1,63d6f031,0,0,0,0,
Tanzania,66,73,2,29ee9bf9,2b7609f1,63d6f031,1,0,1,0,
Tanzania,67,74,2,63d6f031,2b7609f1,29ee9bf9,1,0,1,0,
Tanzania,68,75,2,29ee9bf9,2b7609f1,63d6f031,1,0,1,0,
Tanzania,69,75,2,29ee9bf9,8b46fc4f,63d6f031,0,0,0,0,
Tanzania,70,76,2,29ee9bf9,8b46fc4f,63d6f031,1,0,1,0,
Tanzania,71,77,2,63d6f031,8b46fc4f,29ee9bf9,1,0,1,0,
Tanzania,72,78,2,29ee9bf9,8b46fc4f,63d6f031,1,0,1,0,
Tanzania,73,78,2,63d6f031,8b46fc4f,29ee9bf9,0,0,0,0,
Tanzania,74,79,2,63d6f031,8b46fc4f,29ee9bf9,1,0,1,0,
Tanzania,75,80,2,63d6f031,87e33d07,29ee9bf9,1,0,1,0,
Tanzania,76,81,2,29ee9bf9,87e33d07,63d6f031,0,1,1,0,
Tanzania,77,81,2,63d6f031,87e33d07,29ee9bf9,0,0,0,0,
Tanzania,78,82,2,63d6f031,87e33d07,29ee9bf9,1,0,1,0,
Tanzania,79,82,2,29ee9bf9,87e33d07,63d6f031,0,0,0,0,
Tanzania,80,82,2,29ee9bf9,87e33d07,63d6f031,0,0,0,0,
Tanzania,81,82,2,63d6f031,8b46fc4f,29ee9bf9,0,0,0,0,
Tanzania,82,82,2,63d6f031,8b46fc4f,29ee9bf9,0,0,0,0,
Tanzania,83,83,2,63d6f031,8b46fc4f,29ee9bf9,1,0,1,0,
Tanzania,84,83,2,29ee9bf9,8b46fc4f,63d6f031,0,0,0,0,
Tanzania,85,83,2,29ee9bf9,8b46fc4f,63d6f031,0,0,0,0,
Tanzania,86,83,2,29ee9bf9,8b46fc4f,63d6f031,0,0,0,0,
Tanzania,87,83,2,63d6f031,87e33d07,29ee9bf9,0,0,0,0,
Tanzania,88,83,2,63d6f031,87e33d07,29ee9bf9,0,0,0,0,
Tanzania,89,84,2,63d6f031,87e33d07,29ee9bf9,1,0,1,0,
Tanzania,90,88,2,29ee9bf9,87e33d07,63d6f031,4,0,4,0,
Tanzania,91,88,3,29ee9bf9,87e33d07,63d6f031,0,0,0,1,lbw
Tanzania,92,89,3,badef0dc,87e33d07,63d6f031,1,0,1,0,
Tanzania,93,93,3,badef0dc,8b46fc4f,63d6f031,4,0,4,0,
Tanzania,94,93,3,badef0dc,8b46fc4f,63d6f031,0,0,0,0,
Tanzania,95,94,3,badef0dc,8b46fc4f,63d6f031,1,0,1,0,
Tanzania,96,94,4,63d6f031,8b46fc4f,badef0dc,0,0,0,1,bowled
Tanzania,97,94,4,34e36b65,8b46fc4f,badef0dc,0,0,0,0,
Tanzania,98,94,4,34e36b65,8b46fc4f,badef0dc,0,0,0,0,
Tanzania,99,98,4,badef0dc,395695ce,34e36b65,4,0,4,0,
Tanzania,100,100,4,badef0dc,395695ce,34e36b65,2,0,2,0,
Tanzania,101,100,4,badef0dc,395695ce,34e36b65,0,0,0,0,
Tanzania,102,102,4,badef0dc,395695ce,34e36b65,2,0,2,0,
Tanzania,103,106,4,badef0dc,395695ce,34e36b65,4,0,4,0,
Tanzania,104,106,4,badef0dc,395695ce,34e36b65,0,0,0,0,
Tanzania,105,107,4,34e36b65,1a9e9efe,badef0dc,1,0,1,0,
Tanzania,106,107,5,badef0dc,1a9e9efe,34e36b65,0,0,0,1,caught
Tanzania,107,109,5,91056862,1a9e9efe,34e36b65,2,0,2,0,
Tanzania,108,109,5,91056862,1a9e9efe,34e36b65,0,0,0,0,
Tanzania,109,111,5,91056862,1a9e9efe,34e36b65,2,0,2,0,
Tanzania,110,113,5,91056862,1a9e9efe,34e36b65,2,0,2,0,
Tanzania,111,119,5,34e36b65,395695ce,91056862,6,0,6,0,
Tanzania,112,120,5,34e36b65,395695ce,91056862,1,0,1,0,
Tanzania,113,121,5,91056862,395695ce,34e36b65,0,1,1,0,
Tanzania,114,121,5,34e36b65,395695ce,91056862,0,0,0,0,
Tanzania,115,127,5,34e36b65,395695ce,91056862,6,0,6,0,
Tanzania,116,131,5,34e36b65,395695ce,91056862,4,0,4,0,
Tanzania,117,137,5,91056862,1a9e9efe,34e36b65,6,0,6,0,
