batting_team,ball_number,total_team_runs,total_team_wickets,striker_ID,bowler_ID,nonstriker_ID,batter_runs,extras_runs,total_delivery_runs,wicket,wicket_type
Nepal,1,1,0,e3386c8a,dcdb87f2,dcbea954,1,0,1,0,
Nepal,2,2,0,dcbea954,dcdb87f2,e3386c8a,0,1,1,0,
Nepal,3,6,0,dcbea954,dcdb87f2,e3386c8a,4,0,4,0,
Nepal,4,6,0,dcbea954,dcdb87f2,e3386c8a,0,0,0,0,
Nepal,5,6,0,dcbea954,dcdb87f2,e3386c8a,0,0,0,0,
Nepal,6,6,0,dcbea954,dcdb87f2,e3386c8a,0,0,0,0,
Nepal,7,6,1,dcbea954,dcdb87f2,e3386c8a,0,0,0,1,caught
Nepal,8,6,1,b2e1d224,72253b87,e3386c8a,0,0,0,0,
Nepal,9,7,1,b2e1d224,72253b87,e3386c8a,1,0,1,0,
Nepal,10,7,1,e3386c8a,72253b87,b2e1d224,0,0,0,0,
Nepal,11,7,1,e3386c8a,72253b87,b2e1d224,0,0,0,0,
Nepal,12,7,1,e3386c8a,72253b87,b2e1d224,0,0,0,0,
Nepal,13,7,1,e3386c8a,72253b87,b2e1d224,0,0,0,0,
Nepal,14,8,1,b2e1d224,dcdb87f2,e3386c8a,1,0,1,0,
Nepal,15,12,1,e3386c8a,dcdb87f2,b2e1d224,4,0,4,0,
Nepal,16,12,1,e3386c8a,dcdb87f2,b2e1d224,0,0,0,0,
Nepal,17,12,2,e3386c8a,dcdb87f2,b2e1d224,0,0,0,1,caught
Nepal,18,12,2,1747ea18,dcdb87f2,b2e1d224,0,0,0,0,
Nepal,19,16,2,1747ea18,dcdb87f2,b2e1d224,4,0,4,0,
Nepal,20,17,2,b2e1d224,72253b87,1747ea18,1,0,1,0,
Nepal,21,17,2,1747ea18,72253b87,b2e1d224,0,0,0,0,
Nepal,22,17,2,1747ea18,72253b87,b2e1d224,0,0,0,0,
Nepal,23,18,2,1747ea18,72253b87,b2e1d224,1,0,1,0,
Nepal,24,18,2,b2e1d224,72253b87,1747ea18,0,0,0,0,
Nepal,25,19,2,b2e1d224,72253b87,1747ea18,1,0,1,0,
Nepal,26,23,2,b2e1d224,bd9fbd51,1747ea18,4,0,4,0,
Nepal,27,23,2,b2e1d224,bd9fbd51,1747ea18,0,0,0,0,
Nepal,28,27,2,b2e1d224,bd9fbd51,1747ea18,4,0,4,0,
Nepal,29,27,2,b2e1d224,bd9fbd51,1747ea18,0,0,0,0,
Nepal,30,28,2,b2e1d224,bd9fbd51,1747ea18,1,0,1,0,
Nepal,31,28,2,1747ea18,bd9fbd51,b2e1d224,0,0,0,0,
Nepal,32,29,2,b2e1d224,72253b87,1747ea18,1,0,1,0,
Nepal,33,29,2,1747ea18,72253b87,b2e1d224,0,0,0,0,
Nepal,34,29,2,1747ea18,72253b87,b2e1d224,0,0,0,0,
Nepal,35,29,2,1747ea18,72253b87,b2e1d224,0,0,0,0,
Nepal,36,30,2,1747ea18,72253b87,b2e1d224,1,0,1,0,
Nepal,37,30,2,b2e1d224,72253b87,1747ea18,0,0,0,0,
Nepal,38,30,2,1747ea18,bd9fbd51,b2e1d224,0,0,0,0,
Nepal,39,31,2,1747ea18,bd9fbd51,b2e1d224,1,0,1,0,
Nepal,40,32,2,b2e1d224,bd9fbd51,1747ea18,1,0,1,0,
Nepal,41,33,2,1747ea18,bd9fbd51,b2e1d224,1,0,1,0,
Nepal,42,33,3,b2e1d224,bd9fbd51,1747ea18,0,0,0,1,bowled
Nepal,43,33,3,cd4d7695,bd9fbd51,1747ea18,0,0,0,0,
Nepal,44,33,3,1747ea18,72253b87,cd4d7695,0,0,0,0,
Nepal,45,35,3,1747ea18,72253b87,cd4d7695,2,0,2,0,
Nepal,46,36,3,1747ea18,72253b87,cd4d7695,1,0,1,0,
Nepal,47,38,3,cd4d7695,72253b87,1747ea18,2,0,2,0,
Nepal,48,39,3,cd4d7695,72253b87,1747ea18,1,0,1,0,
Nepal,49,39,3,1747ea18,72253b87,cd4d7695,0,0,0,0,
Nepal,50,39,3,cd4d7695,34464143,1747ea18,0,0,0,0,
Nepal,51,40,3,cd4d7695,34464143,1747ea18,1,0,1,0,
Nepal,52,40,4,1747ea18,34464143,cd4d7695,0,0,0,1,stumped
Nepal,53,41,4,75c8a26b,34464143,cd4d7695,1,0,1,0,
Nepal,54,42,4,cd4d7695,34464143,75c8a26b,1,0,1,0,
Nepal,55,42,4,75c8a26b,34464143,cd4d7695,0,0,0,0,
Nepal,56,43,4,cd4d7695,7ecb9a14,75c8a26b,1,0,1,0,
Nepal,57,43,4,75c8a26b,7ecb9a14,cd4d7695,0,0,0,0,
Nepal,58,44,4,75c8a26b,7ecb9a14,cd4d7695,1,0,1,0,
Nepal,59,45,4,cd4d7695,7ecb9a14,75c8a26b,1,0,1,0,
Nepal,60,45,4,75c8a26b,7ecb9a14,cd4d7695,0,0,0,0,
Nepal,61,45,4,75c8a26b,7ecb9a14,cd4d7695,0,0,0,0,
Nepal,62,47,4,cd4d7695,34464143,75c8a26b,2,0,2,0,
Nepal,63,47,4,cd4d7695,34464143,75c8a26b,0,0,0,0,
Nepal,64,48,4,cd4d7695,34464143,75c8a26b,1,0,1,0,
Nepal,65,48,4,75c8a26b,34464143,cd4d7695,0,0,0,0,
Nepal,66,50,4,75c8a26b,34464143,cd4d7695,2,0,2,0,
Nepal,67,50,4,75c8a26b,34464143,cd4d7695,0,0,0,0,
Nepal,68,51,4,cd4d7695,7ecb9a14,75c8a26b,1,0,1,0,
Nepal,69,52,4,75c8a26b,7ecb9a14,cd4d7695,1,0,1,0,
Nepal,70,53,4,cd4d7695,7ecb9a14,75c8a26b,1,0,1,0,
Nepal,71,54,4,75c8a26b,7ecb9a14,cd4d7695,1,0,1,0,
Nepal,72,54,4,cd4d7695,7ecb9a14,75c8a26b,0,0,0,0,
Nepal,73,55,4,cd4d7695,7ecb9a14,75c8a26b,1,0,1,0,
Nepal,74,56,4,cd4d7695,34464143,75c8a26b,1,0,1,0,
Nepal,75,56,4,75c8a26b,34464143,cd4d7695,0,0,0,0,
Nepal,76,57,4,75c8a26b,34464143,cd4d7695,1,0,1,0,
Nepal,77,58,4,cd4d7695,34464143,75c8a26b,1,0,1,0,
Nepal,78,64,4,75c8a26b,34464143,cd4d7695,6,0,6,0,
Nepal,79,65,4,75c8a26b,34464143,cd4d7695,1,0,1,0,
Nepal,80,67,4,75c8a26b,934b36a6,cd4d7695,2,0,2,0,
Nepal,81,67,5,75c8a26b,934b36a6,cd4d7695,0,0,0,1,caught
Nepal,82,67,5,cd4d7695,934b36a6,ef07f354,0,0,0,0,
Nepal,83,68,5,cd4d7695,934b36a6,ef07f354,1,0,1,0,
Nepal,84,68,5,ef07f354,934b36a6,cd4d7695,0,0,0,0,
Nepal,85,71,5,ef07f354,934b36a6,cd4d7695,3,0,3,0,
Nepal,86,72,5,ef07f354,7ecb9a14,cd4d7695,0,1,1,0,
Nepal,87,72,5,ef07f354,7ecb9a14,cd4d7695,0,0,0,0,
Nepal,88,73,5,ef07f354,7ecb9a14,cd4d7695,0,1,1,0,
Nepal,89,74,5,cd4d7695,7ecb9a14,ef07f354,1,0,1,0,
Nepal,90,75,5,ef07f354,7ecb9a14,cd4d7695,1,0,1,0,
Nepal,91,76,5,cd4d7695,7ecb9a14,ef07f354,1,0,1,0,
Nepal,92,77,5,ef07f354,7ecb9a14,cd4d7695,1,0,1,0,
Nepal,93,77,5,ef07f354,934b36a6,cd4d7695,0,0,0,0,
Nepal,94,78,5,ef07f354,934b36a6,cd4d7695,1,0,1,0,
Nepal,95,79,5,cd4d7695,934b36a6,ef07f354,1,0,1,0,
Nepal,96,80,5,ef07f354,934b36a6,cd4d7695,1,0,1,0,
Nepal,97,81,5,cd4d7695,934b36a6,ef07f354,1,0,1,0,
Nepal,98,81,6,ef07f354,934b36a6,cd4d7695,0,0,0,1,caught
Nepal,99,81,6,cd4d7695,7ecb9a14,548d4188,0,0,0,0,
Nepal,100,83,6,cd4d7695,7ecb9a14,548d4188,2,0,2,0,
Nepal,101,84,6,cd4d7695,7ecb9a14,548d4188,1,0,1,0,
Nepal,102,84,6,548d4188,7ecb9a14,cd4d7695,0,0,0,0,
Nepal,103,85,6,548d4188,7ecb9a14,cd4d7695,1,0,1,0,
Nepal,104,86,6,cd4d7695,7ecb9a14,548d4188,1,0,1,0,
Nepal,105,87,6,cd4d7695,934b36a6,548d4188,1,0,1,0,
Nepal,106,87,7,548d4188,934b36a6,cd4d7695,0,0,0,1,caught
Nepal,107,88,7,b410bd3d,934b36a6,cd4d7695,1,0,1,0,
Nepal,108,90,7,cd4d7695,934b36a6,b410bd3d,2,0,2,0,
Nepal,109,90,7,cd4d7695,934b36a6,b410bd3d,0,0,0,0,
Nepal,110,91,7,cd4d7695,934b36a6,b410bd3d,1,0,1,0,
Nepal,111,95,7,cd4d7695,dcdb87f2,b410bd3d,4,0,4,0,
Nepal,112,95,7,cd4d7695,dcdb87f2,b410bd3d,0,0,0,0,
Nepal,113,96,7,cd4d7695,dcdb87f2,b410bd3d,1,0,1,0,
Nepal,114,97,7,b410bd3d,dcdb87f2,cd4d7695,1,0,1,0,
Nepal,115,101,7,cd4d7695,dcdb87f2,b410bd3d,4,0,4,0,
Nepal,116,102,7,cd4d7695,dcdb87f2,b410bd3d,0,1,1,0,
Nepal,117,103,7,cd4d7695,934b36a6,b410bd3d,1,0,1,0,
Nepal,118,107,7,b410bd3d,934b36a6,cd4d7695,4,0,4,0,
Nepal,119,109,7,b410bd3d,934b36a6,cd4d7695,2,0,2,0,
Nepal,120,111,7,b410bd3d,934b36a6,cd4d7695,2,0,2,0,
Nepal,121,117,7,b410bd3d,934b36a6,cd4d7695,6,0,6,0,
Nepal,122,117,8,b410bd3d,934b36a6,cd4d7695,0,0,0,1,run out
Oman,1,1,0,b80dd12c,548d4188,c4e73ff1,1,0,1,0,
Oman,2,1,0,c4e73ff1,548d4188,b80dd12c,0,0,0,0,
Oman,3,1,1,c4e73ff1,548d4188,b80dd12c,0,0,0,1,caught
Oman,4,3,1,44d6a8b8,548d4188,b80dd12c,2,0,2,0,
Oman,5,3,1,44d6a8b8,548d4188,b80dd12c,0,0,0,0,
Oman,6,3,1,44d6a8b8,548d4188,b80dd12c,0,0,0,0,
Oman,7,4,1,b80dd12c,f8dcfe4e,44d6a8b8,1,0,1,0,
Oman,8,5,1,44d6a8b8,f8dcfe4e,b80dd12c,1,0,1,0,
Oman,9,5,1,b80dd12c,f8dcfe4e,44d6a8b8,0,0,0,0,
Oman,10,6,1,b80dd12c,f8dcfe4e,44d6a8b8,1,0,1,0,
Oman,11,7,1,44d6a8b8,f8dcfe4e,b80dd12c,0,1,1,0,
Oman,12,7,2,44d6a8b8,f8dcfe4e,b80dd12c,0,0,0,1,caught
Oman,13,7,2,934b36a6,f8dcfe4e,b80dd12c,0,0,0,0,
Oman,14,7,2,b80dd12c,548d4188,934b36a6,0,0,0,0,
Oman,15,9,2,b80dd12c,548d4188,934b36a6,1,1,2,0,
Oman,16,10,2,934b36a6,548d4188,b80dd12c,1,0,1,0,
Oman,17,11,2,b80dd12c,548d4188,934b36a6,1,0,1,0,
Oman,18,15,2,934b36a6,548d4188,b80dd12c,0,4,4,0,
Oman,19,19,2,934b36a6,548d4188,b80dd12c,4,0,4,0,
Oman,20,19,2,934b36a6,548d4188,b80dd12c,0,0,0,0,
Oman,21,19,2,b80dd12c,f8dcfe4e,934b36a6,0,0,0,0,
Oman,22,19,2,b80dd12c,f8dcfe4e,934b36a6,0,0,0,0,
Oman,23,19,2,b80dd12c,f8dcfe4e,934b36a6,0,0,0,0,
Oman,24,20,2,b80dd12c,f8dcfe4e,934b36a6,0,1,1,0,
Oman,25,20,2,b80dd12c,f8dcfe4e,934b36a6,0,0,0,0,
Oman,26,20,2,b80dd12c,f8dcfe4e,934b36a6,0,0,0,0,
Oman,27,21,2,b80dd12c,f8dcfe4e,934b36a6,1,0,1,0,
Oman,28,21,2,b80dd12c,b410bd3d,934b36a6,0,0,0,0,
Oman,29,21,2,b80dd12c,b410bd3d,934b36a6,0,0,0,0,
Oman,30,22,2,b80dd12c,b410bd3d,934b36a6,1,0,1,0,
Oman,31,22,2,934b36a6,b410bd3d,b80dd12c,0,0,0,0,
Oman,32,22,2,934b36a6,b410bd3d,b80dd12c,0,0,0,0,
Oman,33,22,2,934b36a6,b410bd3d,b80dd12c,0,0,0,0,
Oman,34,24,2,b80dd12c,f8dcfe4e,934b36a6,2,0,2,0,
Oman,35,24,3,b80dd12c,f8dcfe4e,934b36a6,0,0,0,1,run out
Oman,36,25,3,934b36a6,f8dcfe4e,34464143,1,0,1,0,
Oman,37,25,3,34464143,f8dcfe4e,934b36a6,0,0,0,0,
Oman,38,25,3,34464143,f8dcfe4e,934b36a6,0,0,0,0,
Oman,39,25,3,34464143,f8dcfe4e,934b36a6,0,0,0,0,
Oman,40,29,3,934b36a6,b410bd3d,34464143,0,4,4,0,
Oman,41,30,3,934b36a6,b410bd3d,34464143,1,0,1,0,
Oman,42,31,3,34464143,b410bd3d,934b36a6,1,0,1,0,
Oman,43,31,4,934b36a6,b410bd3d,34464143,0,0,0,1,bowled
Oman,44,31,4,7ecb9a14,b410bd3d,34464143,0,0,0,0,
Oman,45,31,4,7ecb9a14,b410bd3d,34464143,0,0,0,0,
Oman,46,31,4,34464143,1747ea18,7ecb9a14,0,0,0,0,
Oman,47,32,4,34464143,1747ea18,7ecb9a14,1,0,1,0,
Oman,48,33,4,7ecb9a14,1747ea18,34464143,1,0,1,0,
Oman,49,33,4,34464143,1747ea18,7ecb9a14,0,0,0,0,
Oman,50,33,5,34464143,1747ea18,7ecb9a14,0,0,0,1,caught
Oman,51,33,5,7ecb9a14,1747ea18,21afb939,0,0,0,0,
Oman,52,34,5,21afb939,64fb6b15,7ecb9a14,1,0,1,0,
Oman,53,34,5,7ecb9a14,64fb6b15,21afb939,0,0,0,0,
Oman,54,35,5,7ecb9a14,64fb6b15,21afb939,1,0,1,0,
Oman,55,35,5,21afb939,64fb6b15,7ecb9a14,0,0,0,0,
Oman,56,35,6,21afb939,64fb6b15,7ecb9a14,0,0,0,1,caught
Oman,57,35,6,c63671e9,64fb6b15,7ecb9a14,0,0,0,0,
Oman,58,36,6,7ecb9a14,1747ea18,c63671e9,1,0,1,0,
Oman,59,36,6,c63671e9,1747ea18,7ecb9a14,0,0,0,0,
Oman,60,36,6,c63671e9,1747ea18,7ecb9a14,0,0,0,0,
Oman,61,37,6,c63671e9,1747ea18,7ecb9a14,1,0,1,0,
Oman,62,38,6,7ecb9a14,1747ea18,c63671e9,1,0,1,0,
Oman,63,39,6,c63671e9,1747ea18,7ecb9a14,1,0,1,0,
Oman,64,39,6,c63671e9,64fb6b15,7ecb9a14,0,0,0,0,
Oman,65,39,6,c63671e9,64fb6b15,7ecb9a14,0,0,0,0,
Oman,66,43,6,c63671e9,64fb6b15,7ecb9a14,4,0,4,0,
Oman,67,44,6,c63671e9,64fb6b15,7ecb9a14,1,0,1,0,
Oman,68,45,6,7ecb9a14,64fb6b15,c63671e9,1,0,1,0,
Oman,69,45,6,c63671e9,64fb6b15,7ecb9a14,0,0,0,0,
Oman,70,46,6,7ecb9a14,1747ea18,c63671e9,1,0,1,0,
Oman,71,46,6,c63671e9,1747ea18,7ecb9a14,0,0,0,0,
Oman,72,48,6,c63671e9,1747ea18,7ecb9a14,2,0,2,0,
Oman,73,49,6,c63671e9,1747ea18,7ecb9a14,1,0,1,0,
Oman,74,50,6,7ecb9a14,1747ea18,c63671e9,1,0,1,0,
Oman,75,51,6,c63671e9,1747ea18,7ecb9a14,1,0,1,0,
Oman,76,57,6,c63671e9,b410bd3d,7ecb9a14,6,0,6,0,
Oman,77,58,6,c63671e9,b410bd3d,7ecb9a14,1,0,1,0,
Oman,78,59,6,7ecb9a14,b410bd3d,c63671e9,0,1,1,0,
Oman,79,60,6,7ecb9a14,b410bd3d,c63671e9,1,0,1,0,
Oman,80,66,6,c63671e9,b410bd3d,7ecb9a14,6,0,6,0,
Oman,81,66,7,c63671e9,b410bd3d,7ecb9a14,0,0,0,1,bowled
Oman,82,66,7,bd9fbd51,b410bd3d,7ecb9a14,0,0,0,0,
Oman,83,67,7,7ecb9a14,1747ea18,bd9fbd51,1,0,1,0,
Oman,84,68,7,bd9fbd51,1747ea18,7ecb9a14,1,0,1,0,
Oman,85,68,8,7ecb9a14,1747ea18,bd9fbd51,0,0,0,1,lbw
Oman,86,69,8,72253b87,1747ea18,bd9fbd51,1,0,1,0,
Oman,87,69,8,bd9fbd51,1747ea18,72253b87,0,0,0,0,
Oman,88,69,8,bd9fbd51,1747ea18,72253b87,0,0,0,0,
Oman,89,69,8,72253b87,b410bd3d,bd9fbd51,0,0,0,0,
Oman,90,70,8,72253b87,b410bd3d,bd9fbd51,1,0,1,0,
Oman,91,70,8,bd9fbd51,b410bd3d,72253b87,0,0,0,0,
Oman,92,71,8,bd9fbd51,b410bd3d,72253b87,1,0,1,0,
Oman,93,71,8,72253b87,b410bd3d,bd9fbd51,0,0,0,0,
Oman,94,71,8,72253b87,b410bd3d,bd9fbd51,0,0,0,0,
Oman,95,71,8,bd9fbd51,64fb6b15,72253b87,0,0,0,0,
Oman,96,72,8,bd9fbd51,64fb6b15,72253b87,1,0,1,0,
Oman,97,73,8,72253b87,64fb6b15,bd9fbd51,1,0,1,0,
Oman,98,73,8,bd9fbd51,64fb6b15,72253b87,0,0,0,0,
Oman,99,74,8,bd9fbd51,64fb6b15,72253b87,1,0,1,0,
Oman,100,74,8,72253b87,64fb6b15,bd9fbd51,0,0,0,0,
Oman,101,75,8,bd9fbd51,548d4188,72253b87,1,0,1,0,
Oman,102,77,8,72253b87,548d4188,bd9fbd51,2,0,2,0,
Oman,103,77,9,72253b87,548d4188,bd9fbd51,0,0,0,1,caught
Oman,104,77,9,bd9fbd51,548d4188,dcdb87f2,0,0,0,0,
Oman,105,78,9,bd9fbd51,548d4188,dcdb87f2,1,0,1,0,
Oman,106,78,10,dcdb87f2,548d4188,bd9fbd51,0,0,0,1,bowled
