batting_team,ball_number,total_team_runs,total_team_wickets,striker_ID,bowler_ID,nonstriker_ID,batter_runs,extras_runs,total_delivery_runs,wicket,wicket_type
West Indies,1,0,0,d32cf49a,6df697a9,4b0e3049,0,0,0,0,
West Indies,2,0,0,d32cf49a,6df697a9,4b0e3049,0,0,0,0,
West Indies,3,0,0,d32cf49a,6df697a9,4b0e3049,0,0,0,0,
West Indies,4,0,0,d32cf49a,6df697a9,4b0e3049,0,0,0,0,
West Indies,5,0,0,d32cf49a,6df697a9,4b0e3049,0,0,0,0,
West Indies,6,0,0,d32cf49a,6df697a9,4b0e3049,0,0,0,0,
West Indies,7,2,0,4b0e3049,60471339,d32cf49a,2,0,2,0,
West Indies,8,3,0,4b0e3049,60471339,d32cf49a,1,0,1,0,
West Indies,9,3,0,d32cf49a,60471339,4b0e3049,0,0,0,0,
West Indies,10,4,0,d32cf49a,60471339,4b0e3049,1,0,1,0,
West Indies,11,5,0,4b0e3049,60471339,d32cf49a,0,1,1,0,
West Indies,12,11,0,d32cf49a,60471339,4b0e3049,6,0,6,0,
West Indies,13,11,0,4b0e3049,6df697a9,d32cf49a,0,0,0,0,
West Indies,14,11,0,4b0e3049,6df697a9,d32cf49a,0,0,0,0,
West Indies,15,12,0,4b0e3049,6df697a9,d32cf49a,1,0,1,0,
West Indies,16,13,0,d32cf49a,6df697a9,4b0e3049,1,0,1,0,
West Indies,17,13,0,4b0e3049,6df697a9,d32cf49a,0,0,0,0,
West Indies,18,14,0,4b0e3049,6df697a9,d32cf49a,1,0,1,0,
West Indies,19,15,0,4b0e3049,de69af96,d32cf49a,1,0,1,0,
West Indies,20,19,0,d32cf49a,de69af96,4b0e3049,4,0,4,0,
West Indies,21,19,0,d32cf49a,de69af96,4b0e3049,0,0,0,0,
West Indies,22,19,0,d32cf49a,de69af96,4b0e3049,0,0,0,0,
West Indies,23,20,0,d32cf49a,de69af96,4b0e3049,0,1,1,0,
West Indies,24,20,0,4b0e3049,de69af96,d32cf49a,0,0,0,0,
West Indies,25,21,0,d32cf49a,6df697a9,4b0e3049,1,0,1,0,
West Indies,26,21,0,4b0e3049,6df697a9,d32cf49a,0,0,0,0,
West Indies,27,21,0,4b0e3049,6df697a9,d32cf49a,0,0,0,0,
West Indies,28,21,1,4b0e3049,6df697a9,d32cf49a,0,0,0,1,caught
West Indies,29,21,1,d85a1960,6df697a9,d32cf49a,0,0,0,0,
West Indies,30,21,1,d85a1960,6df697a9,d32cf49a,0,0,0,0,
West Indies,31,27,1,d32cf49a,60471339,d85a1960,6,0,6,0,
West Indies,32,27,1,d32cf49a,60471339,d85a1960,0,0,0,0,
West Indies,33,27,1,d32cf49a,60471339,d85a1960,0,0,0,0,
West Indies,34,28,1,d32cf49a,60471339,d85a1960,1,0,1,0,
West Indies,35,28,1,d85a1960,60471339,d32cf49a,0,0,0,0,
West Indies,36,28,1,d85a1960,60471339,d32cf49a,0,0,0,0,
West Indies,37,28,1,d32cf49a,645b2a2f,d85a1960,0,0,0,0,
West Indies,38,28,1,d32cf49a,645b2a2f,d85a1960,0,0,0,0,
West Indies,39,28,1,d32cf49a,645b2a2f,d85a1960,0,0,0,0,
West Indies,40,31,1,d32cf49a,645b2a2f,d85a1960,3,0,3,0,
West Indies,41,32,1,d85a1960,645b2a2f,d32cf49a,1,0,1,0,
West Indies,42,33,1,d32cf49a,645b2a2f,d85a1960,1,0,1,0,
West Indies,43,34,1,d32cf49a,7673c908,d85a1960,1,0,1,0,
West Indies,44,34,1,d85a1960,7673c908,d32cf49a,0,0,0,0,
West Indies,45,35,1,d85a1960,7673c908,d32cf49a,1,0,1,0,
West Indies,46,36,1,d32cf49a,7673c908,d85a1960,1,0,1,0,
West Indies,47,37,1,d85a1960,7673c908,d32cf49a,1,0,1,0,
West Indies,48,40,1,d32cf49a,7673c908,d85a1960,3,0,3,0,
West Indies,49,41,1,d32cf49a,645b2a2f,d85a1960,1,0,1,0,
West Indies,50,41,1,d85a1960,645b2a2f,d32cf49a,0,0,0,0,
West Indies,51,42,1,d85a1960,645b2a2f,d32cf49a,1,0,1,0,
West Indies,52,44,1,d32cf49a,645b2a2f,d85a1960,2,0,2,0,
West Indies,53,46,1,d32cf49a,645b2a2f,d85a1960,2,0,2,0,
West Indies,54,50,1,d32cf49a,645b2a2f,d85a1960,4,0,4,0,
West Indies,55,51,1,406de451,7673c908,d32cf49a,1,0,1,0,
West Indies,56,51,1,d32cf49a,7673c908,406de451,0,0,0,0,
West Indies,57,52,1,d32cf49a,7673c908,406de451,1,0,1,0,
West Indies,58,52,1,406de451,7673c908,d32cf49a,0,0,0,0,
West Indies,59,53,1,406de451,7673c908,d32cf49a,1,0,1,0,
West Indies,60,53,1,d32cf49a,7673c908,406de451,0,0,0,0,
West Indies,61,53,1,406de451,7693851c,d32cf49a,0,0,0,0,
West Indies,62,54,1,406de451,7693851c,d32cf49a,0,1,1,0,
West Indies,63,55,1,d32cf49a,7693851c,406de451,1,0,1,0,
West Indies,64,56,1,406de451,7693851c,d32cf49a,1,0,1,0,
West Indies,65,56,1,d32cf49a,7693851c,406de451,0,0,0,0,
West Indies,66,57,1,d32cf49a,7693851c,406de451,1,0,1,0,
West Indies,67,57,1,d32cf49a,7673c908,406de451,0,0,0,0,
West Indies,68,57,1,d32cf49a,7673c908,406de451,0,0,0,0,
West Indies,69,61,1,d32cf49a,7673c908,406de451,4,0,4,0,
West Indies,70,62,1,d32cf49a,7673c908,406de451,1,0,1,0,
West Indies,71,62,1,406de451,7673c908,d32cf49a,0,0,0,0,
West Indies,72,63,1,406de451,7673c908,d32cf49a,1,0,1,0,
West Indies,73,63,2,406de451,7693851c,d32cf49a,0,0,0,1,lbw
West Indies,74,63,2,1d39dc61,7693851c,d32cf49a,0,0,0,0,
West Indies,75,64,2,1d39dc61,7693851c,d32cf49a,0,1,1,0,
West Indies,76,65,2,1d39dc61,7693851c,d32cf49a,1,0,1,0,
West Indies,77,66,2,d32cf49a,7693851c,1d39dc61,1,0,1,0,
West Indies,78,67,2,1d39dc61,7693851c,d32cf49a,1,0,1,0,
West Indies,79,68,2,d32cf49a,7693851c,1d39dc61,1,0,1,0,
West Indies,80,69,2,d32cf49a,89bbc67a,1d39dc61,1,0,1,0,
West Indies,81,70,2,1d39dc61,89bbc67a,d32cf49a,1,0,1,0,
West Indies,82,70,2,d32cf49a,89bbc67a,1d39dc61,0,0,0,0,
West Indies,83,71,2,d32cf49a,89bbc67a,1d39dc61,1,0,1,0,
West Indies,84,71,2,1d39dc61,89bbc67a,d32cf49a,0,0,0,0,
West Indies,85,71,3,1d39dc61,89bbc67a,d32cf49a,0,0,0,1,bowled
West Indies,86,71,3,d32cf49a,7693851c,c35739a1,0,0,0,0,
West Indies,87,72,3,d32cf49a,7693851c,c35739a1,0,1,1,0,
West Indies,88,74,3,d32cf49a,7693851c,c35739a1,2,0,2,0,
West Indies,89,74,3,d32cf49a,7693851c,c35739a1,0,0,0,0,
West Indies,90,75,3,d32cf49a,7693851c,c35739a1,1,0,1,0,
West Indies,91,75,3,c35739a1,7693851c,d32cf49a,0,0,0,0,
West Indies,92,76,3,c35739a1,7693851c,d32cf49a,1,0,1,0,
West Indies,93,77,3,c35739a1,89bbc67a,d32cf49a,1,0,1,0,
West Indies,94,78,3,d32cf49a,89bbc67a,c35739a1,1,0,1,0,
West Indies,95,78,3,c35739a1,89bbc67a,d32cf49a,0,0,0,0,
West Indies,96,79,3,c35739a1,89bbc67a,d32cf49a,0,1,1,0,
West Indies,97,80,3,d32cf49a,89bbc67a,c35739a1,1,0,1,0,
West Indies,98,80,4,c35739a1,89bbc67a,d32cf49a,0,0,0,1,caught
West Indies,99,81,4,639000b6,6df697a9,d32cf49a,1,0,1,0,
West Indies,100,82,4,d32cf49a,6df697a9,639000b6,1,0,1,0,
West Indies,101,83,4,639000b6,6df697a9,d32cf49a,1,0,1,0,
West Indies,102,83,5,d32cf49a,6df697a9,639000b6,0,0,0,1,caught
West Indies,103,83,5,639000b6,6df697a9,d85a1960,0,0,0,0,
West Indies,104,84,5,639000b6,6df697a9,d85a1960,1,0,1,0,
West Indies,105,85,5,639000b6,7673c908,d85a1960,1,0,1,0,
West Indies,106,88,5,d85a1960,7673c908,639000b6,0,3,3,0,
West Indies,107,89,5,d85a1960,7673c908,639000b6,1,0,1,0,
West Indies,108,90,5,639000b6,7673c908,d85a1960,1,0,1,0,
West Indies,109,91,5,d85a1960,7673c908,639000b6,1,0,1,0,
West Indies,110,91,5,639000b6,7673c908,d85a1960,0,0,0,0,
West Indies,111,92,5,639000b6,7673c908,d85a1960,1,0,1,0,
West Indies,112,93,5,639000b6,7693851c,d85a1960,1,0,1,0,
West Indies,113,94,5,d85a1960,7693851c,639000b6,1,0,1,0,
West Indies,114,95,5,639000b6,7693851c,d85a1960,1,0,1,0,
West Indies,115,96,5,d85a1960,7693851c,639000b6,1,0,1,0,
West Indies,116,96,6,639000b6,7693851c,d85a1960,0,0,0,1,bowled
West Indies,117,96,7,6bebf334,7693851c,d85a1960,0,0,0,1,run out
West Indies,118,97,7,42d9dd09,89bbc67a,6bebf334,1,0,1,0,
West Indies,119,98,7,6bebf334,89bbc67a,42d9dd09,1,0,1,0,
West Indies,120,99,7,42d9dd09,89bbc67a,6bebf334,1,0,1,0,
West Indies,121,100,7,6bebf334,89bbc67a,42d9dd09,0,1,1,0,
West Indies,122,100,8,42d9dd09,89bbc67a,6bebf334,0,0,0,1,caught
West Indies,123,101,8,6bebf334,89bbc67a,2f9a6bd1,1,0,1,0,
New Zealand,1,0,0,de69af96,2f9a6bd1,89bbc67a,0,0,0,0,
New Zealand,2,0,0,de69af96,2f9a6bd1,89bbc67a,0,0,0,0,
New Zealand,3,0,0,de69af96,2f9a6bd1,89bbc67a,0,0,0,0,
New Zealand,4,0,0,de69af96,2f9a6bd1,89bbc67a,0,0,0,0,
New Zealand,5,1,0,de69af96,2f9a6bd1,89bbc67a,1,0,1,0,
New Zealand,6,1,0,89bbc67a,2f9a6bd1,de69af96,0,0,0,0,
New Zealand,7,2,0,de69af96,d32cf49a,89bbc67a,1,0,1,0,
New Zealand,8,3,0,89bbc67a,d32cf49a,de69af96,1,0,1,0,
New Zealand,9,3,0,de69af96,d32cf49a,89bbc67a,0,0,0,0,
New Zealand,10,3,0,de69af96,d32cf49a,89bbc67a,0,0,0,0,
New Zealand,11,3,0,de69af96,d32cf49a,89bbc67a,0,0,0,0,
New Zealand,12,4,0,de69af96,d32cf49a,89bbc67a,1,0,1,0,
New Zealand,13,5,0,de69af96,2f9a6bd1,89bbc67a,1,0,1,0,
New Zealand,14,6,0,89bbc67a,2f9a6bd1,de69af96,1,0,1,0,
New Zealand,15,7,0,de69af96,2f9a6bd1,89bbc67a,1,0,1,0,
New Zealand,16,7,0,89bbc67a,2f9a6bd1,de69af96,0,0,0,0,
New Zealand,17,7,0,89bbc67a,2f9a6bd1,de69af96,0,0,0,0,
New Zealand,18,9,0,89bbc67a,2f9a6bd1,de69af96,2,0,2,0,
New Zealand,19,13,0,de69af96,d32cf49a,89bbc67a,4,0,4,0,
New Zealand,20,13,0,de69af96,d32cf49a,89bbc67a,0,0,0,0,
New Zealand,21,14,0,de69af96,d32cf49a,89bbc67a,0,1,1,0,
New Zealand,22,14,0,89bbc67a,d32cf49a,de69af96,0,0,0,0,
New Zealand,23,15,0,89bbc67a,d32cf49a,de69af96,1,0,1,0,
New Zealand,24,15,0,de69af96,d32cf49a,89bbc67a,0,0,0,0,
New Zealand,25,19,0,89bbc67a,2f9a6bd1,de69af96,4,0,4,0,
New Zealand,26,19,0,89bbc67a,2f9a6bd1,de69af96,0,0,0,0,
New Zealand,27,19,0,89bbc67a,2f9a6bd1,de69af96,0,0,0,0,
New Zealand,28,21,0,89bbc67a,2f9a6bd1,de69af96,2,0,2,0,
New Zealand,29,21,0,89bbc67a,2f9a6bd1,de69af96,0,0,0,0,
New Zealand,30,21,0,89bbc67a,2f9a6bd1,de69af96,0,0,0,0,
New Zealand,31,22,0,de69af96,6bebf334,89bbc67a,1,0,1,0,
New Zealand,32,22,0,89bbc67a,6bebf334,de69af96,0,0,0,0,
New Zealand,33,23,0,89bbc67a,6bebf334,de69af96,1,0,1,0,
New Zealand,34,24,0,de69af96,6bebf334,89bbc67a,1,0,1,0,
New Zealand,35,24,0,89bbc67a,6bebf334,de69af96,0,0,0,0,
New Zealand,36,25,0,89bbc67a,6bebf334,de69af96,1,0,1,0,
New Zealand,37,25,0,89bbc67a,42d9dd09,de69af96,0,0,0,0,
New Zealand,38,25,1,89bbc67a,42d9dd09,de69af96,0,0,0,1,bowled
New Zealand,39,26,1,efb6cb2a,42d9dd09,de69af96,1,0,1,0,
New Zealand,40,27,1,de69af96,42d9dd09,efb6cb2a,1,0,1,0,
New Zealand,41,27,1,efb6cb2a,42d9dd09,de69af96,0,0,0,0,
New Zealand,42,27,1,efb6cb2a,42d9dd09,de69af96,0,0,0,0,
New Zealand,43,27,1,de69af96,6bebf334,efb6cb2a,0,0,0,0,
New Zealand,44,28,1,de69af96,6bebf334,efb6cb2a,1,0,1,0,
New Zealand,45,28,2,efb6cb2a,6bebf334,de69af96,0,0,0,1,bowled
New Zealand,46,29,2,7673c908,6bebf334,de69af96,1,0,1,0,
New Zealand,47,33,2,de69af96,6bebf334,7673c908,4,0,4,0,
New Zealand,48,35,2,de69af96,6bebf334,7673c908,2,0,2,0,
New Zealand,49,36,2,7673c908,42d9dd09,de69af96,1,0,1,0,
New Zealand,50,37,2,de69af96,42d9dd09,7673c908,1,0,1,0,
New Zealand,51,37,2,7673c908,42d9dd09,de69af96,0,0,0,0,
New Zealand,52,39,2,7673c908,42d9dd09,de69af96,2,0,2,0,
New Zealand,53,39,2,7673c908,42d9dd09,de69af96,0,0,0,0,
New Zealand,54,39,2,7673c908,42d9dd09,de69af96,0,0,0,0,
New Zealand,55,41,2,de69af96,321c980e,7673c908,2,0,2,0,
New Zealand,56,42,2,de69af96,321c980e,7673c908,1,0,1,0,
New Zealand,57,42,3,7673c908,321c980e,de69af96,0,0,0,1,run out
New Zealand,58,42,3,7673c908,321c980e,865eae1f,0,0,0,0,
New Zealand,59,46,3,7673c908,321c980e,865eae1f,4,0,4,0,
New Zealand,60,47,3,7673c908,321c980e,865eae1f,1,0,1,0,
New Zealand,61,47,3,7673c908,42d9dd09,865eae1f,0,0,0,0,
New Zealand,62,48,3,7673c908,42d9dd09,865eae1f,1,0,1,0,
New Zealand,63,49,3,865eae1f,42d9dd09,7673c908,1,0,1,0,
New Zealand,64,49,3,7673c908,42d9dd09,865eae1f,0,0,0,0,
New Zealand,65,50,3,7673c908,42d9dd09,865eae1f,1,0,1,0,
New Zealand,66,51,3,865eae1f,42d9dd09,7673c908,0,1,1,0,
New Zealand,67,51,3,865eae1f,42d9dd09,7673c908,0,0,0,0,
New Zealand,68,55,3,7673c908,321c980e,865eae1f,4,0,4,0,
New Zealand,69,56,3,7673c908,321c980e,865eae1f,1,0,1,0,
New Zealand,70,57,3,865eae1f,321c980e,7673c908,1,0,1,0,
New Zealand,71,57,3,7673c908,321c980e,865eae1f,0,0,0,0,
New Zealand,72,58,3,7673c908,321c980e,865eae1f,1,0,1,0,
New Zealand,73,58,3,865eae1f,321c980e,7673c908,0,0,0,0,
New Zealand,74,58,3,7673c908,42d9dd09,865eae1f,0,0,0,0,
New Zealand,75,59,3,7673c908,42d9dd09,865eae1f,1,0,1,0,
New Zealand,76,59,3,865eae1f,42d9dd09,7673c908,0,0,0,0,
New Zealand,77,60,3,865eae1f,42d9dd09,7673c908,1,0,1,0,
New Zealand,78,60,3,7673c908,42d9dd09,865eae1f,0,0,0,0,
New Zealand,79,60,3,7673c908,42d9dd09,865eae1f,0,0,0,0,
New Zealand,80,64,3,865eae1f,d32cf49a,7673c908,4,0,4,0,
New Zealand,81,65,3,865eae1f,d32cf49a,7673c908,1,0,1,0,
New Zealand,82,66,3,7673c908,d32cf49a,865eae1f,1,0,1,0,
New Zealand,83,67,3,865eae1f,d32cf49a,7673c908,1,0,1,0,
New Zealand,84,67,3,7673c908,d32cf49a,865eae1f,0,0,0,0,
New Zealand,85,68,3,865eae1f,6bebf334,7673c908,1,0,1,0,
New Zealand,86,69,3,7673c908,6bebf334,865eae1f,0,1,1,0,
New Zealand,87,70,3,865eae1f,6bebf334,7673c908,1,0,1,0,
New Zealand,88,72,3,7673c908,6bebf334,865eae1f,2,0,2,0,
New Zealand,89,72,3,7673c908,6bebf334,865eae1f,0,0,0,0,
New Zealand,90,72,3,7673c908,6bebf334,865eae1f,0,0,0,0,
New Zealand,91,74,3,865eae1f,c35739a1,7673c908,2,0,2,0,
New Zealand,92,75,3,865eae1f,c35739a1,7673c908,1,0,1,0,
New Zealand,93,79,3,7673c908,c35739a1,865eae1f,4,0,4,0,
New Zealand,94,79,3,7673c908,c35739a1,865eae1f,0,0,0,0,
New Zealand,95,79,4,7673c908,c35739a1,865eae1f,0,0,0,1,caught
New Zealand,96,80,4,865eae1f,c35739a1,575494db,1,0,1,0,
New Zealand,97,81,4,865eae1f,2f9a6bd1,575494db,1,0,1,0,
New Zealand,98,82,4,575494db,2f9a6bd1,865eae1f,1,0,1,0,
New Zealand,99,82,4,865eae1f,2f9a6bd1,575494db,0,0,0,0,
New Zealand,100,84,4,865eae1f,2f9a6bd1,575494db,2,0,2,0,
New Zealand,101,84,4,865eae1f,2f9a6bd1,575494db,0,0,0,0,
New Zealand,102,84,4,865eae1f,2f9a6bd1,575494db,0,0,0,0,
New Zealand,103,85,4,575494db,d32cf49a,865eae1f,1,0,1,0,
New Zealand,104,86,4,865eae1f,d32cf49a,575494db,1,0,1,0,
New Zealand,105,87,4,575494db,d32cf49a,865eae1f,1,0,1,0,
New Zealand,106,91,4,865eae1f,d32cf49a,575494db,4,0,4,0,
New Zealand,107,93,4,865eae1f,d32cf49a,575494db,2,0,2,0,
New Zealand,108,94,4,865eae1f,d32cf49a,575494db,1,0,1,0,
New Zealand,109,95,4,865eae1f,6bebf334,575494db,1,0,1,0,
New Zealand,110,95,4,575494db,6bebf334,865eae1f,0,0,0,0,
New Zealand,111,96,4,575494db,6bebf334,865eae1f,0,1,1,0,
New Zealand,112,97,4,865eae1f,6bebf334,575494db,1,0,1,0,
New Zealand,113,97,5,575494db,6bebf334,865eae1f,0,0,0,1,run out
New Zealand,114,97,5,60471339,6bebf334,865eae1f,0,0,0,0,
New Zealand,115,99,5,865eae1f,321c980e,60471339,2,0,2,0,
New Zealand,116,99,5,865eae1f,321c980e,60471339,0,0,0,0,
New Zealand,117,100,5,865eae1f,321c980e,60471339,1,0,1,0,
New Zealand,118,100,5,60471339,321c980e,865eae1f,0,0,0,0,
New Zealand,119,101,5,60471339,321c980e,865eae1f,1,0,1,0,
New Zealand,120,102,5,865eae1f,321c980e,60471339,1,0,1,0,
