batting_team,ball_number,total_team_runs,total_team_wickets,striker_ID,bowler_ID,nonstriker_ID,batter_runs,extras_runs,total_delivery_runs,wicket,wicket_type
Melbourne Stars,1,0,1,5230a33d,923402d8,cb08b611,0,0,0,1,caught
Melbourne Stars,2,1,1,910dd54e,923402d8,cb08b611,1,0,1,0,
Melbourne Stars,3,1,1,cb08b611,923402d8,910dd54e,0,0,0,0,
Melbourne Stars,4,1,1,cb08b611,923402d8,910dd54e,0,0,0,0,
Melbourne Stars,5,1,1,cb08b611,923402d8,910dd54e,0,0,0,0,
Melbourne Stars,6,1,1,cb08b611,923402d8,910dd54e,0,0,0,0,
Melbourne Stars,7,1,1,910dd54e,63e3b6b3,cb08b611,0,0,0,0,
Melbourne Stars,8,1,1,910dd54e,63e3b6b3,cb08b611,0,0,0,0,
Melbourne Stars,9,1,1,910dd54e,63e3b6b3,cb08b611,0,0,0,0,
Melbourne Stars,10,1,1,910dd54e,63e3b6b3,cb08b611,0,0,0,0,
Melbourne Stars,11,1,1,910dd54e,63e3b6b3,cb08b611,0,0,0,0,
Melbourne Stars,12,5,1,910dd54e,63e3b6b3,cb08b611,4,0,4,0,
Melbourne Stars,13,5,2,cb08b611,923402d8,910dd54e,0,0,0,1,caught
Melbourne Stars,14,5,2,65d9b6b6,923402d8,910dd54e,0,0,0,0,
Melbourne Stars,15,5,2,65d9b6b6,923402d8,910dd54e,0,0,0,0,
Melbourne Stars,16,9,2,65d9b6b6,923402d8,910dd54e,4,0,4,0,
Melbourne Stars,17,9,2,65d9b6b6,923402d8,910dd54e,0,0,0,0,
Melbourne Stars,18,13,2,65d9b6b6,923402d8,910dd54e,4,0,4,0,
Melbourne Stars,19,13,2,910dd54e,63e3b6b3,65d9b6b6,0,0,0,0,
Melbourne Stars,20,14,2,910dd54e,63e3b6b3,65d9b6b6,1,0,1,0,
Melbourne Stars,21,18,2,65d9b6b6,63e3b6b3,910dd54e,4,0,4,0,
Melbourne Stars,22,18,2,65d9b6b6,63e3b6b3,910dd54e,0,0,0,0,
Melbourne Stars,23,18,2,65d9b6b6,63e3b6b3,910dd54e,0,0,0,0,
Melbourne Stars,24,18,2,65d9b6b6,63e3b6b3,910dd54e,0,0,0,0,
Melbourne Stars,25,19,2,910dd54e,923402d8,65d9b6b6,1,0,1,0,
Melbourne Stars,26,19,2,65d9b6b6,923402d8,910dd54e,0,0,0,0,
Melbourne Stars,27,23,2,65d9b6b6,923402d8,910dd54e,4,0,4,0,
Melbourne Stars,28,23,2,65d9b6b6,923402d8,910dd54e,0,0,0,0,
Melbourne Stars,29,27,2,65d9b6b6,923402d8,910dd54e,4,0,4,0,
Melbourne Stars,30,27,2,65d9b6b6,923402d8,910dd54e,0,0,0,0,
Melbourne Stars,31,31,2,910dd54e,de69af96,65d9b6b6,4,0,4,0,
Melbourne Stars,32,31,2,910dd54e,de69af96,65d9b6b6,0,0,0,0,
Melbourne Stars,33,31,3,910dd54e,de69af96,65d9b6b6,0,0,0,1,caught
Melbourne Stars,34,32,3,0b69a844,de69af96,65d9b6b6,1,0,1,0,
Melbourne Stars,35,32,3,65d9b6b6,de69af96,0b69a844,0,0,0,0,
Melbourne Stars,36,32,3,65d9b6b6,de69af96,0b69a844,0,0,0,0,
Melbourne Stars,37,32,3,0b69a844,83558266,65d9b6b6,0,0,0,0,
Melbourne Stars,38,34,3,0b69a844,83558266,65d9b6b6,2,0,2,0,
Melbourne Stars,39,34,3,0b69a844,83558266,65d9b6b6,0,0,0,0,
Melbourne Stars,40,35,3,0b69a844,83558266,65d9b6b6,1,0,1,0,
Melbourne Stars,41,35,3,65d9b6b6,83558266,0b69a844,0,0,0,0,
Melbourne Stars,42,36,3,65d9b6b6,83558266,0b69a844,0,1,1,0,
Melbourne Stars,43,36,3,65d9b6b6,83558266,0b69a844,0,0,0,0,
Melbourne Stars,44,36,3,0b69a844,de69af96,65d9b6b6,0,0,0,0,
Melbourne Stars,45,37,3,0b69a844,de69af96,65d9b6b6,1,0,1,0,
Melbourne Stars,46,37,3,65d9b6b6,de69af96,0b69a844,0,0,0,0,
Melbourne Stars,47,37,3,65d9b6b6,de69af96,0b69a844,0,0,0,0,
Melbourne Stars,48,39,3,65d9b6b6,de69af96,0b69a844,2,0,2,0,
Melbourne Stars,49,40,3,65d9b6b6,de69af96,0b69a844,0,1,1,0,
Melbourne Stars,50,41,3,65d9b6b6,de69af96,0b69a844,1,0,1,0,
Melbourne Stars,51,42,3,65d9b6b6,83558266,0b69a844,1,0,1,0,
Melbourne Stars,52,43,3,0b69a844,83558266,65d9b6b6,1,0,1,0,
Melbourne Stars,53,44,3,65d9b6b6,83558266,0b69a844,1,0,1,0,
Melbourne Stars,54,45,3,0b69a844,83558266,65d9b6b6,1,0,1,0,
Melbourne Stars,55,45,3,65d9b6b6,83558266,0b69a844,0,0,0,0,
Melbourne Stars,56,46,3,65d9b6b6,83558266,0b69a844,1,0,1,0,
Melbourne Stars,57,46,3,65d9b6b6,c35a0b8a,0b69a844,0,0,0,0,
Melbourne Stars,58,48,3,65d9b6b6,c35a0b8a,0b69a844,2,0,2,0,
Melbourne Stars,59,49,3,65d9b6b6,c35a0b8a,0b69a844,1,0,1,0,
Melbourne Stars,60,50,3,0b69a844,c35a0b8a,65d9b6b6,1,0,1,0,
Melbourne Stars,61,52,3,65d9b6b6,c35a0b8a,0b69a844,2,0,2,0,
Melbourne Stars,62,52,4,65d9b6b6,c35a0b8a,0b69a844,0,0,0,1,caught
Melbourne Stars,63,52,5,0b69a844,507acf2e,9a56c670,0,0,0,1,caught
Melbourne Stars,64,53,5,a0bc8dc1,507acf2e,9a56c670,0,1,1,0,
Melbourne Stars,65,53,6,9a56c670,507acf2e,a0bc8dc1,0,0,0,1,lbw
Melbourne Stars,66,53,6,1380c4c2,507acf2e,a0bc8dc1,0,0,0,0,
Melbourne Stars,67,53,6,1380c4c2,507acf2e,a0bc8dc1,0,0,0,0,
Melbourne Stars,68,54,6,1380c4c2,507acf2e,a0bc8dc1,1,0,1,0,
Melbourne Stars,69,55,6,1380c4c2,c35a0b8a,a0bc8dc1,1,0,1,0,
Melbourne Stars,70,55,7,a0bc8dc1,c35a0b8a,1380c4c2,0,0,0,1,caught
Melbourne Stars,71,56,7,5471b94a,c35a0b8a,1380c4c2,1,0,1,0,
Melbourne Stars,72,56,7,1380c4c2,c35a0b8a,5471b94a,0,0,0,0,
Melbourne Stars,73,56,7,1380c4c2,c35a0b8a,5471b94a,0,0,0,0,
Melbourne Stars,74,57,7,1380c4c2,c35a0b8a,5471b94a,1,0,1,0,
Melbourne Stars,75,58,7,1380c4c2,507acf2e,5471b94a,1,0,1,0,
Melbourne Stars,76,58,7,5471b94a,507acf2e,1380c4c2,0,0,0,0,
Melbourne Stars,77,62,7,5471b94a,507acf2e,1380c4c2,4,0,4,0,
Melbourne Stars,78,63,7,5471b94a,507acf2e,1380c4c2,1,0,1,0,
Melbourne Stars,79,63,7,1380c4c2,507acf2e,5471b94a,0,0,0,0,
Melbourne Stars,80,64,7,1380c4c2,507acf2e,5471b94a,1,0,1,0,
Melbourne Stars,81,65,7,1380c4c2,c35a0b8a,5471b94a,1,0,1,0,
Melbourne Stars,82,65,7,5471b94a,c35a0b8a,1380c4c2,0,0,0,0,
Melbourne Stars,83,66,7,5471b94a,c35a0b8a,1380c4c2,1,0,1,0,
Melbourne Stars,84,67,7,1380c4c2,c35a0b8a,5471b94a,1,0,1,0,
Melbourne Stars,85,69,7,5471b94a,c35a0b8a,1380c4c2,2,0,2,0,
Melbourne Stars,86,70,7,5471b94a,c35a0b8a,1380c4c2,1,0,1,0,
Melbourne Stars,87,71,7,5471b94a,83558266,1380c4c2,1,0,1,0,
Melbourne Stars,88,71,7,1380c4c2,83558266,5471b94a,0,0,0,0,
Melbourne Stars,89,72,7,1380c4c2,83558266,5471b94a,1,0,1,0,
Melbourne Stars,90,72,7,5471b94a,83558266,1380c4c2,0,0,0,0,
Melbourne Stars,91,74,7,5471b94a,83558266,1380c4c2,2,0,2,0,
Melbourne Stars,92,75,7,5471b94a,83558266,1380c4c2,0,1,1,0,
Melbourne Stars,93,77,7,5471b94a,83558266,1380c4c2,2,0,2,0,
Melbourne Stars,94,78,7,5471b94a,63e3b6b3,1380c4c2,1,0,1,0,
Melbourne Stars,95,79,7,1380c4c2,63e3b6b3,5471b94a,1,0,1,0,
Melbourne Stars,96,80,7,5471b94a,63e3b6b3,1380c4c2,1,0,1,0,
Melbourne Stars,97,80,7,1380c4c2,63e3b6b3,5471b94a,0,0,0,0,
Melbourne Stars,98,80,7,1380c4c2,63e3b6b3,5471b94a,0,0,0,0,
Melbourne Stars,99,80,7,1380c4c2,63e3b6b3,5471b94a,0,0,0,0,
Melbourne Stars,100,80,7,5471b94a,83558266,1380c4c2,0,0,0,0,
Melbourne Stars,101,81,7,5471b94a,83558266,1380c4c2,1,0,1,0,
Melbourne Stars,102,81,7,1380c4c2,83558266,5471b94a,0,0,0,0,
Melbourne Stars,103,82,7,1380c4c2,83558266,5471b94a,1,0,1,0,
Melbourne Stars,104,85,7,5471b94a,83558266,1380c4c2,3,0,3,0,
Melbourne Stars,105,85,7,1380c4c2,83558266,5471b94a,0,0,0,0,
Melbourne Stars,106,85,7,5471b94a,de69af96,1380c4c2,0,0,0,0,
Melbourne Stars,107,85,7,5471b94a,de69af96,1380c4c2,0,0,0,0,
Melbourne Stars,108,86,7,5471b94a,de69af96,1380c4c2,1,0,1,0,
Melbourne Stars,109,87,7,1380c4c2,de69af96,5471b94a,1,0,1,0,
Melbourne Stars,110,88,7,5471b94a,de69af96,1380c4c2,1,0,1,0,
Melbourne Stars,111,88,7,1380c4c2,de69af96,5471b94a,0,0,0,0,
Melbourne Stars,112,92,7,5471b94a,923402d8,1380c4c2,4,0,4,0,
Melbourne Stars,113,92,7,5471b94a,923402d8,1380c4c2,0,0,0,0,
Melbourne Stars,114,98,7,5471b94a,923402d8,1380c4c2,6,0,6,0,
Melbourne Stars,115,100,7,5471b94a,923402d8,1380c4c2,2,0,2,0,
Melbourne Stars,116,102,7,5471b94a,923402d8,1380c4c2,2,0,2,0,
Melbourne Stars,117,104,7,5471b94a,923402d8,1380c4c2,2,0,2,0,
Melbourne Stars,118,105,7,1380c4c2,63e3b6b3,5471b94a,1,0,1,0,
Melbourne Stars,119,105,7,5471b94a,63e3b6b3,1380c4c2,0,0,0,0,
Melbourne Stars,120,106,8,5471b94a,63e3b6b3,1380c4c2,1,0,1,1,run out
Melbourne Stars,121,106,8,f7e41cd8,63e3b6b3,5471b94a,0,0,0,0,
Melbourne Stars,122,106,9,f7e41cd8,63e3b6b3,5471b94a,0,0,0,1,caught
Melbourne Stars,123,110,9,c3d27d76,63e3b6b3,5471b94a,4,0,4,0,
Perth Scorchers,1,1,0,de69af96,0b69a844,52d1dbc8,0,1,1,0,
Perth Scorchers,2,1,1,de69af96,0b69a844,52d1dbc8,0,0,0,1,caught
Perth Scorchers,3,1,1,276f3dde,0b69a844,52d1dbc8,0,0,0,0,
Perth Scorchers,4,1,1,276f3dde,0b69a844,52d1dbc8,0,0,0,0,
Perth Scorchers,5,2,1,276f3dde,0b69a844,52d1dbc8,1,0,1,0,
Perth Scorchers,6,2,1,52d1dbc8,0b69a844,276f3dde,0,0,0,0,
Perth Scorchers,7,2,1,52d1dbc8,0b69a844,276f3dde,0,0,0,0,
Perth Scorchers,8,3,1,276f3dde,5471b94a,52d1dbc8,0,1,1,0,
Perth Scorchers,9,3,1,52d1dbc8,5471b94a,276f3dde,0,0,0,0,
Perth Scorchers,10,4,1,52d1dbc8,5471b94a,276f3dde,0,1,1,0,
Perth Scorchers,11,4,1,52d1dbc8,5471b94a,276f3dde,0,0,0,0,
Perth Scorchers,12,4,1,52d1dbc8,5471b94a,276f3dde,0,0,0,0,
Perth Scorchers,13,8,1,52d1dbc8,5471b94a,276f3dde,4,0,4,0,
Perth Scorchers,14,8,1,52d1dbc8,5471b94a,276f3dde,0,0,0,0,
Perth Scorchers,15,8,2,276f3dde,0b69a844,52d1dbc8,0,0,0,1,bowled
Perth Scorchers,16,9,2,865eae1f,0b69a844,52d1dbc8,1,0,1,0,
Perth Scorchers,17,13,2,52d1dbc8,0b69a844,865eae1f,4,0,4,0,
Perth Scorchers,18,13,2,52d1dbc8,0b69a844,865eae1f,0,0,0,0,
Perth Scorchers,19,14,2,52d1dbc8,0b69a844,865eae1f,1,0,1,0,
Perth Scorchers,20,14,2,865eae1f,0b69a844,52d1dbc8,0,0,0,0,
Perth Scorchers,21,14,2,52d1dbc8,a0bc8dc1,865eae1f,0,0,0,0,
Perth Scorchers,22,15,2,52d1dbc8,a0bc8dc1,865eae1f,1,0,1,0,
Perth Scorchers,23,15,2,865eae1f,a0bc8dc1,52d1dbc8,0,0,0,0,
Perth Scorchers,24,15,2,865eae1f,a0bc8dc1,52d1dbc8,0,0,0,0,
Perth Scorchers,25,19,2,865eae1f,a0bc8dc1,52d1dbc8,4,0,4,0,
Perth Scorchers,26,19,2,865eae1f,a0bc8dc1,52d1dbc8,0,0,0,0,
Perth Scorchers,27,19,2,52d1dbc8,0b69a844,865eae1f,0,0,0,0,
Perth Scorchers,28,21,2,52d1dbc8,0b69a844,865eae1f,2,0,2,0,
Perth Scorchers,29,21,2,52d1dbc8,0b69a844,865eae1f,0,0,0,0,
Perth Scorchers,30,25,2,52d1dbc8,0b69a844,865eae1f,4,0,4,0,
Perth Scorchers,31,25,2,52d1dbc8,0b69a844,865eae1f,0,0,0,0,
Perth Scorchers,32,26,2,52d1dbc8,0b69a844,865eae1f,1,0,1,0,
Perth Scorchers,33,26,2,52d1dbc8,65d9b6b6,865eae1f,0,0,0,0,
Perth Scorchers,34,27,2,52d1dbc8,65d9b6b6,865eae1f,1,0,1,0,
Perth Scorchers,35,27,2,865eae1f,65d9b6b6,52d1dbc8,0,0,0,0,
Perth Scorchers,36,29,2,865eae1f,65d9b6b6,52d1dbc8,2,0,2,0,
Perth Scorchers,37,30,2,865eae1f,65d9b6b6,52d1dbc8,0,1,1,0,
Perth Scorchers,38,31,2,865eae1f,65d9b6b6,52d1dbc8,1,0,1,0,
Perth Scorchers,39,31,2,52d1dbc8,65d9b6b6,865eae1f,0,0,0,0,
Perth Scorchers,40,32,2,865eae1f,c3d27d76,52d1dbc8,1,0,1,0,
Perth Scorchers,41,33,2,52d1dbc8,c3d27d76,865eae1f,1,0,1,0,
Perth Scorchers,42,34,2,865eae1f,c3d27d76,52d1dbc8,1,0,1,0,
Perth Scorchers,43,35,2,52d1dbc8,c3d27d76,865eae1f,1,0,1,0,
Perth Scorchers,44,39,2,865eae1f,c3d27d76,52d1dbc8,4,0,4,0,
Perth Scorchers,45,39,2,865eae1f,c3d27d76,52d1dbc8,0,0,0,0,
Perth Scorchers,46,41,2,52d1dbc8,5471b94a,865eae1f,2,0,2,0,
Perth Scorchers,47,41,2,52d1dbc8,5471b94a,865eae1f,0,0,0,0,
Perth Scorchers,48,42,2,52d1dbc8,5471b94a,865eae1f,1,0,1,0,
Perth Scorchers,49,42,3,865eae1f,5471b94a,52d1dbc8,0,0,0,1,bowled
Perth Scorchers,50,42,3,63e3b6b3,5471b94a,52d1dbc8,0,0,0,0,
Perth Scorchers,51,42,3,63e3b6b3,5471b94a,52d1dbc8,0,0,0,0,
Perth Scorchers,52,42,3,52d1dbc8,65d9b6b6,63e3b6b3,0,0,0,0,
Perth Scorchers,53,42,3,52d1dbc8,65d9b6b6,63e3b6b3,0,0,0,0,
Perth Scorchers,54,43,3,52d1dbc8,65d9b6b6,63e3b6b3,1,0,1,0,
Perth Scorchers,55,44,3,63e3b6b3,65d9b6b6,52d1dbc8,1,0,1,0,
Perth Scorchers,56,44,3,52d1dbc8,65d9b6b6,63e3b6b3,0,0,0,0,
Perth Scorchers,57,48,3,52d1dbc8,65d9b6b6,63e3b6b3,4,0,4,0,
Perth Scorchers,58,48,4,63e3b6b3,f7e41cd8,52d1dbc8,0,0,0,1,caught
Perth Scorchers,59,48,4,4b546c04,f7e41cd8,52d1dbc8,0,0,0,0,
Perth Scorchers,60,49,4,4b546c04,f7e41cd8,52d1dbc8,1,0,1,0,
Perth Scorchers,61,49,4,52d1dbc8,f7e41cd8,4b546c04,0,0,0,0,
Perth Scorchers,62,50,4,52d1dbc8,f7e41cd8,4b546c04,0,1,1,0,
Perth Scorchers,63,50,4,52d1dbc8,f7e41cd8,4b546c04,0,0,0,0,
Perth Scorchers,64,51,4,52d1dbc8,f7e41cd8,4b546c04,1,0,1,0,
Perth Scorchers,65,51,4,52d1dbc8,a0bc8dc1,4b546c04,0,0,0,0,
Perth Scorchers,66,51,4,52d1dbc8,a0bc8dc1,4b546c04,0,0,0,0,
Perth Scorchers,67,52,4,52d1dbc8,a0bc8dc1,4b546c04,1,0,1,0,
Perth Scorchers,68,52,4,4b546c04,a0bc8dc1,52d1dbc8,0,0,0,0,
Perth Scorchers,69,53,4,4b546c04,a0bc8dc1,52d1dbc8,1,0,1,0,
Perth Scorchers,70,57,4,52d1dbc8,a0bc8dc1,4b546c04,4,0,4,0,
Perth Scorchers,71,58,4,4b546c04,910dd54e,52d1dbc8,1,0,1,0,
Perth Scorchers,72,58,4,52d1dbc8,910dd54e,4b546c04,0,0,0,0,
Perth Scorchers,73,58,4,52d1dbc8,910dd54e,4b546c04,0,0,0,0,
Perth Scorchers,74,59,4,52d1dbc8,910dd54e,4b546c04,1,0,1,0,
Perth Scorchers,75,60,4,4b546c04,910dd54e,52d1dbc8,1,0,1,0,
Perth Scorchers,76,60,4,52d1dbc8,910dd54e,4b546c04,0,0,0,0,
Perth Scorchers,77,60,4,4b546c04,a0bc8dc1,52d1dbc8,0,0,0,0,
Perth Scorchers,78,61,4,4b546c04,a0bc8dc1,52d1dbc8,1,0,1,0,
Perth Scorchers,79,61,5,52d1dbc8,a0bc8dc1,4b546c04,0,0,0,1,bowled
Perth Scorchers,80,61,5,795ff893,a0bc8dc1,4b546c04,0,0,0,0,
Perth Scorchers,81,62,5,795ff893,a0bc8dc1,4b546c04,1,0,1,0,
Perth Scorchers,82,62,5,4b546c04,a0bc8dc1,795ff893,0,0,0,0,
Perth Scorchers,83,63,5,795ff893,5471b94a,4b546c04,0,1,1,0,
Perth Scorchers,84,63,5,4b546c04,5471b94a,795ff893,0,0,0,0,
Perth Scorchers,85,64,5,4b546c04,5471b94a,795ff893,1,0,1,0,
Perth Scorchers,86,64,5,795ff893,5471b94a,4b546c04,0,0,0,0,
Perth Scorchers,87,68,5,795ff893,5471b94a,4b546c04,4,0,4,0,
Perth Scorchers,88,68,5,795ff893,5471b94a,4b546c04,0,0,0,0,
Perth Scorchers,89,68,5,4b546c04,a0bc8dc1,795ff893,0,0,0,0,
Perth Scorchers,90,70,5,4b546c04,a0bc8dc1,795ff893,2,0,2,0,
Perth Scorchers,91,71,5,4b546c04,a0bc8dc1,795ff893,0,1,1,0,
Perth Scorchers,92,71,5,795ff893,a0bc8dc1,4b546c04,0,0,0,0,
Perth Scorchers,93,71,5,795ff893,a0bc8dc1,4b546c04,0,0,0,0,
Perth Scorchers,94,71,5,795ff893,a0bc8dc1,4b546c04,0,0,0,0,
Perth Scorchers,95,71,6,4b546c04,65d9b6b6,795ff893,0,0,0,1,caught
Perth Scorchers,96,72,6,83558266,65d9b6b6,795ff893,0,1,1,0,
Perth Scorchers,97,74,6,83558266,65d9b6b6,795ff893,2,0,2,0,
Perth Scorchers,98,74,7,83558266,65d9b6b6,795ff893,0,0,0,1,bowled
Perth Scorchers,99,75,7,507acf2e,65d9b6b6,795ff893,0,1,1,0,
Perth Scorchers,100,79,7,507acf2e,65d9b6b6,795ff893,0,4,4,0,
Perth Scorchers,101,83,7,507acf2e,65d9b6b6,795ff893,4,0,4,0,
Perth Scorchers,102,84,7,507acf2e,65d9b6b6,795ff893,1,0,1,0,
Perth Scorchers,103,88,7,507acf2e,5471b94a,795ff893,4,0,4,0,
Perth Scorchers,104,88,7,507acf2e,5471b94a,795ff893,0,0,0,0,
Perth Scorchers,105,89,7,507acf2e,5471b94a,795ff893,1,0,1,0,
Perth Scorchers,106,93,7,795ff893,5471b94a,507acf2e,4,0,4,0,
Perth Scorchers,107,93,7,795ff893,5471b94a,507acf2e,0,0,0,0,
Perth Scorchers,108,97,7,795ff893,5471b94a,507acf2e,4,0,4,0,
Perth Scorchers,109,98,7,507acf2e,910dd54e,795ff893,1,0,1,0,
Perth Scorchers,110,98,7,795ff893,910dd54e,507acf2e,0,0,0,0,
Perth Scorchers,111,98,7,795ff893,910dd54e,507acf2e,0,0,0,0,
Perth Scorchers,112,98,7,795ff893,910dd54e,507acf2e,0,0,0,0,
Perth Scorchers,113,99,7,795ff893,910dd54e,507acf2e,1,0,1,0,
Perth Scorchers,114,99,7,507acf2e,910dd54e,795ff893,0,0,0,0,
Perth Scorchers,115,101,7,795ff893,0b69a844,507acf2e,2,0,2,0,
Perth Scorchers,116,105,7,795ff893,0b69a844,507acf2e,4,0,4,0,
Perth Scorchers,117,105,7,795ff893,0b69a844,507acf2e,0,0,0,0,
Perth Scorchers,118,105,7,795ff893,0b69a844,507acf2e,0,0,0,0,
Perth Scorchers,119,106,7,795ff893,0b69a844,507acf2e,1,0,1,0,
Perth Scorchers,120,107,8,507acf2e,0b69a844,795ff893,1,0,1,1,run out
Perth Scorchers,121,107,8,507acf2e,910dd54e,c35a0b8a,0,0,0,0,
Perth Scorchers,122,108,8,507acf2e,910dd54e,c35a0b8a,1,0,1,0,
Perth Scorchers,123,109,8,c35a0b8a,910dd54e,507acf2e,1,0,1,0,
Perth Scorchers,124,111,8,507acf2e,910dd54e,c35a0b8a,2,0,2,0,
