batting_team,ball_number,total_team_runs,total_team_wickets,striker_ID,bowler_ID,nonstriker_ID,batter_runs,extras_runs,total_delivery_runs,wicket,wicket_type
Lancashire,1,1,0,8479a24a,52c442e4,3d284ca3,1,0,1,0,
Lancashire,2,3,0,3d284ca3,52c442e4,8479a24a,2,0,2,0,
Lancashire,3,7,0,3d284ca3,52c442e4,8479a24a,4,0,4,0,
Lancashire,4,8,0,3d284ca3,52c442e4,8479a24a,1,0,1,0,
Lancashire,5,9,0,8479a24a,52c442e4,3d284ca3,1,0,1,0,
Lancashire,6,10,0,3d284ca3,52c442e4,8479a24a,1,0,1,0,
Lancashire,7,14,0,3d284ca3,5db1c288,8479a24a,4,0,4,0,
Lancashire,8,18,0,3d284ca3,5db1c288,8479a24a,4,0,4,0,
Lancashire,9,19,0,3d284ca3,5db1c288,8479a24a,1,0,1,0,
Lancashire,10,20,0,8479a24a,5db1c288,3d284ca3,1,0,1,0,
Lancashire,11,26,0,3d284ca3,5db1c288,8479a24a,6,0,6,0,
Lancashire,12,27,0,3d284ca3,5db1c288,8479a24a,1,0,1,0,
Lancashire,13,28,0,3d284ca3,1efd12d1,8479a24a,1,0,1,0,
Lancashire,14,28,0,8479a24a,1efd12d1,3d284ca3,0,0,0,0,
Lancashire,15,32,0,8479a24a,1efd12d1,3d284ca3,4,0,4,0,
Lancashire,16,33,0,8479a24a,1efd12d1,3d284ca3,1,0,1,0,
Lancashire,17,37,0,3d284ca3,1efd12d1,8479a24a,4,0,4,0,
Lancashire,18,37,1,3d284ca3,1efd12d1,8479a24a,0,0,0,1,caught
Lancashire,19,40,1,8479a24a,a4b810d0,087210b1,3,0,3,0,
Lancashire,20,40,1,087210b1,a4b810d0,8479a24a,0,0,0,0,
Lancashire,21,41,1,087210b1,a4b810d0,8479a24a,0,1,1,0,
Lancashire,22,43,1,087210b1,a4b810d0,8479a24a,2,0,2,0,
Lancashire,23,44,1,087210b1,a4b810d0,8479a24a,1,0,1,0,
Lancashire,24,48,1,8479a24a,a4b810d0,087210b1,4,0,4,0,
Lancashire,25,49,1,8479a24a,a4b810d0,087210b1,1,0,1,0,
Lancashire,26,49,2,8479a24a,1efd12d1,087210b1,0,0,0,1,caught
Lancashire,27,53,2,ab474682,1efd12d1,087210b1,4,0,4,0,
Lancashire,28,54,2,ab474682,1efd12d1,087210b1,1,0,1,0,
Lancashire,29,54,2,087210b1,1efd12d1,ab474682,0,0,0,0,
Lancashire,30,54,2,087210b1,1efd12d1,ab474682,0,0,0,0,
Lancashire,31,54,3,087210b1,1efd12d1,ab474682,0,0,0,1,caught
Lancashire,32,55,3,ab474682,5db1c288,50c6bc2b,1,0,1,0,
Lancashire,33,56,3,50c6bc2b,5db1c288,ab474682,1,0,1,0,
Lancashire,34,56,3,ab474682,5db1c288,50c6bc2b,0,0,0,0,
Lancashire,35,57,3,ab474682,5db1c288,50c6bc2b,1,0,1,0,
Lancashire,36,58,3,50c6bc2b,5db1c288,ab474682,1,0,1,0,
Lancashire,37,59,3,ab474682,5db1c288,50c6bc2b,1,0,1,0,
Lancashire,38,60,3,ab474682,a4b810d0,50c6bc2b,1,0,1,0,
Lancashire,39,61,3,50c6bc2b,a4b810d0,ab474682,1,0,1,0,
Lancashire,40,61,3,ab474682,a4b810d0,50c6bc2b,0,0,0,0,
Lancashire,41,61,3,ab474682,a4b810d0,50c6bc2b,0,0,0,0,
Lancashire,42,62,3,ab474682,a4b810d0,50c6bc2b,1,0,1,0,
Lancashire,43,62,3,50c6bc2b,a4b810d0,ab474682,0,0,0,0,
Lancashire,44,62,3,ab474682,9679838c,50c6bc2b,0,0,0,0,
Lancashire,45,63,3,ab474682,9679838c,50c6bc2b,1,0,1,0,
Lancashire,46,64,3,50c6bc2b,9679838c,ab474682,1,0,1,0,
Lancashire,47,65,3,ab474682,9679838c,50c6bc2b,1,0,1,0,
Lancashire,48,66,3,50c6bc2b,9679838c,ab474682,1,0,1,0,
Lancashire,49,67,3,ab474682,9679838c,50c6bc2b,1,0,1,0,
Lancashire,50,69,3,ab474682,a510bdd3,50c6bc2b,2,0,2,0,
Lancashire,51,69,3,ab474682,a510bdd3,50c6bc2b,0,0,0,0,
Lancashire,52,69,3,ab474682,a510bdd3,50c6bc2b,0,0,0,0,
Lancashire,53,71,3,ab474682,a510bdd3,50c6bc2b,2,0,2,0,
Lancashire,54,72,3,ab474682,a510bdd3,50c6bc2b,1,0,1,0,
Lancashire,55,73,3,50c6bc2b,a510bdd3,ab474682,1,0,1,0,
Lancashire,56,74,3,50c6bc2b,52c442e4,ab474682,1,0,1,0,
Lancashire,57,75,3,ab474682,52c442e4,50c6bc2b,1,0,1,0,
Lancashire,58,76,3,50c6bc2b,52c442e4,ab474682,1,0,1,0,
Lancashire,59,76,3,ab474682,52c442e4,50c6bc2b,0,0,0,0,
Lancashire,60,77,3,ab474682,52c442e4,50c6bc2b,1,0,1,0,
Lancashire,61,77,3,50c6bc2b,52c442e4,ab474682,0,0,0,0,
Lancashire,62,78,3,ab474682,9679838c,50c6bc2b,1,0,1,0,
Lancashire,63,84,3,50c6bc2b,9679838c,ab474682,6,0,6,0,
Lancashire,64,84,3,50c6bc2b,9679838c,ab474682,0,0,0,0,
Lancashire,65,85,3,50c6bc2b,9679838c,ab474682,1,0,1,0,
Lancashire,66,85,3,ab474682,9679838c,50c6bc2b,0,0,0,0,
Lancashire,67,86,3,ab474682,9679838c,50c6bc2b,1,0,1,0,
Lancashire,68,86,4,ab474682,52c442e4,50c6bc2b,0,0,0,1,caught
Lancashire,69,87,4,f1f99156,52c442e4,50c6bc2b,1,0,1,0,
Lancashire,70,87,4,50c6bc2b,52c442e4,f1f99156,0,0,0,0,
Lancashire,71,87,4,50c6bc2b,52c442e4,f1f99156,0,0,0,0,
Lancashire,72,87,4,50c6bc2b,52c442e4,f1f99156,0,0,0,0,
Lancashire,73,88,4,50c6bc2b,52c442e4,f1f99156,1,0,1,0,
Lancashire,74,88,4,50c6bc2b,a510bdd3,f1f99156,0,0,0,0,
Lancashire,75,94,4,50c6bc2b,a510bdd3,f1f99156,6,0,6,0,
Lancashire,76,98,4,50c6bc2b,a510bdd3,f1f99156,4,0,4,0,
Lancashire,77,98,5,50c6bc2b,a510bdd3,f1f99156,0,0,0,1,caught
Lancashire,78,98,6,27c5a793,a510bdd3,f1f99156,0,0,0,1,lbw
Lancashire,79,100,6,65b6943c,a510bdd3,f1f99156,2,0,2,0,
Lancashire,80,106,6,f1f99156,9679838c,65b6943c,6,0,6,0,
Lancashire,81,108,6,f1f99156,9679838c,65b6943c,2,0,2,0,
Lancashire,82,108,6,f1f99156,9679838c,65b6943c,0,0,0,0,
Lancashire,83,109,6,f1f99156,9679838c,65b6943c,1,0,1,0,
Lancashire,84,110,6,65b6943c,9679838c,f1f99156,1,0,1,0,
Lancashire,85,116,6,f1f99156,9679838c,65b6943c,6,0,6,0,
Lancashire,86,117,6,65b6943c,a510bdd3,f1f99156,1,0,1,0,
Lancashire,87,118,6,f1f99156,a510bdd3,65b6943c,1,0,1,0,
Lancashire,88,119,6,65b6943c,a510bdd3,f1f99156,1,0,1,0,
Lancashire,89,123,6,f1f99156,a510bdd3,65b6943c,4,0,4,0,
Lancashire,90,123,6,f1f99156,a510bdd3,65b6943c,0,0,0,0,
Lancashire,91,124,6,f1f99156,a510bdd3,65b6943c,1,0,1,0,
Lancashire,92,126,6,f1f99156,52c442e4,65b6943c,2,0,2,0,
Lancashire,93,130,6,f1f99156,52c442e4,65b6943c,4,0,4,0,
Lancashire,94,134,6,f1f99156,52c442e4,65b6943c,4,0,4,0,
Lancashire,95,135,6,f1f99156,52c442e4,65b6943c,1,0,1,0,
Lancashire,96,137,6,65b6943c,52c442e4,f1f99156,2,0,2,0,
Lancashire,97,138,6,65b6943c,52c442e4,f1f99156,1,0,1,0,
Lancashire,98,139,6,65b6943c,1efd12d1,f1f99156,1,0,1,0,
Lancashire,99,141,6,f1f99156,1efd12d1,65b6943c,2,0,2,0,
Lancashire,100,143,6,f1f99156,1efd12d1,65b6943c,2,0,2,0,
Lancashire,101,144,6,f1f99156,1efd12d1,65b6943c,1,0,1,0,
Lancashire,102,150,6,65b6943c,1efd12d1,f1f99156,6,0,6,0,
Lancashire,103,152,6,65b6943c,1efd12d1,f1f99156,0,2,2,0,
Lancashire,104,154,6,f1f99156,1efd12d1,65b6943c,2,0,2,0,
Lancashire,105,155,6,65b6943c,a4b810d0,f1f99156,1,0,1,0,
Lancashire,106,156,6,f1f99156,a4b810d0,65b6943c,1,0,1,0,
Lancashire,107,157,6,65b6943c,a4b810d0,f1f99156,1,0,1,0,
Lancashire,108,163,6,f1f99156,a4b810d0,65b6943c,6,0,6,0,
Lancashire,109,169,6,f1f99156,a4b810d0,65b6943c,6,0,6,0,
Lancashire,110,171,6,f1f99156,a4b810d0,65b6943c,2,0,2,0,
Lancashire,111,171,6,65b6943c,1efd12d1,f1f99156,0,0,0,0,
Lancashire,112,173,6,65b6943c,1efd12d1,f1f99156,2,0,2,0,
Lancashire,113,173,6,65b6943c,1efd12d1,f1f99156,0,0,0,0,
Lancashire,114,173,6,65b6943c,1efd12d1,f1f99156,0,0,0,0,
Lancashire,115,174,6,65b6943c,1efd12d1,f1f99156,1,0,1,0,
Lancashire,116,175,6,f1f99156,1efd12d1,65b6943c,1,0,1,0,
Lancashire,117,179,6,f1f99156,5db1c288,65b6943c,4,0,4,0,
Lancashire,118,179,7,f1f99156,5db1c288,65b6943c,0,0,0,1,caught
Lancashire,119,180,7,22b98d7c,5db1c288,65b6943c,1,0,1,0,
Lancashire,120,181,7,65b6943c,5db1c288,22b98d7c,1,0,1,0,
Lancashire,121,182,7,22b98d7c,5db1c288,65b6943c,1,0,1,0,
Lancashire,122,183,7,65b6943c,5db1c288,22b98d7c,1,0,1,0,
Worcestershire,1,5,0,d6663a9a,65b6943c,9679838c,5,0,5,0,
Worcestershire,2,9,0,9679838c,65b6943c,d6663a9a,4,0,4,0,
Worcestershire,3,9,0,9679838c,65b6943c,d6663a9a,0,0,0,0,
Worcestershire,4,10,0,9679838c,65b6943c,d6663a9a,0,1,1,0,
Worcestershire,5,11,0,d6663a9a,65b6943c,9679838c,1,0,1,0,
Worcestershire,6,11,0,9679838c,65b6943c,d6663a9a,0,0,0,0,
Worcestershire,7,11,0,d6663a9a,402f8494,9679838c,0,0,0,0,
Worcestershire,8,11,0,d6663a9a,402f8494,9679838c,0,0,0,0,
Worcestershire,9,12,0,d6663a9a,402f8494,9679838c,0,1,1,0,
Worcestershire,10,18,0,d6663a9a,402f8494,9679838c,6,0,6,0,
Worcestershire,11,18,0,d6663a9a,402f8494,9679838c,0,0,0,0,
Worcestershire,12,18,1,d6663a9a,402f8494,9679838c,0,0,0,1,caught
Worcestershire,13,19,1,fe4ebca0,402f8494,9679838c,1,0,1,0,
Worcestershire,14,21,1,fe4ebca0,65b6943c,9679838c,2,0,2,0,
Worcestershire,15,21,1,fe4ebca0,65b6943c,9679838c,0,0,0,0,
Worcestershire,16,23,1,fe4ebca0,65b6943c,9679838c,2,0,2,0,
Worcestershire,17,24,1,fe4ebca0,65b6943c,9679838c,1,0,1,0,
Worcestershire,18,25,1,9679838c,65b6943c,fe4ebca0,0,1,1,0,
Worcestershire,19,25,1,fe4ebca0,65b6943c,9679838c,0,0,0,0,
Worcestershire,20,26,1,9679838c,22b98d7c,fe4ebca0,0,1,1,0,
Worcestershire,21,27,1,9679838c,22b98d7c,fe4ebca0,1,0,1,0,
Worcestershire,22,31,1,fe4ebca0,22b98d7c,9679838c,4,0,4,0,
Worcestershire,23,32,1,fe4ebca0,22b98d7c,9679838c,1,0,1,0,
Worcestershire,24,33,1,9679838c,22b98d7c,fe4ebca0,0,1,1,0,
Worcestershire,25,34,1,fe4ebca0,22b98d7c,9679838c,1,0,1,0,
Worcestershire,26,35,1,9679838c,22b98d7c,fe4ebca0,1,0,1,0,
Worcestershire,27,39,1,9679838c,402f8494,fe4ebca0,4,0,4,0,
Worcestershire,28,39,1,9679838c,402f8494,fe4ebca0,0,0,0,0,
Worcestershire,29,43,1,9679838c,402f8494,fe4ebca0,4,0,4,0,
Worcestershire,30,43,1,9679838c,402f8494,fe4ebca0,0,0,0,0,
Worcestershire,31,44,1,9679838c,402f8494,fe4ebca0,1,0,1,0,
Worcestershire,32,44,2,fe4ebca0,402f8494,9679838c,0,0,0,1,bowled
Worcestershire,33,45,2,9679838c,65b6943c,af2c687b,1,0,1,0,
Worcestershire,34,45,2,af2c687b,65b6943c,9679838c,0,0,0,0,
Worcestershire,35,49,2,af2c687b,65b6943c,9679838c,4,0,4,0,
Worcestershire,36,50,2,af2c687b,65b6943c,9679838c,1,0,1,0,
Worcestershire,37,50,2,9679838c,65b6943c,af2c687b,0,0,0,0,
Worcestershire,38,51,2,9679838c,65b6943c,af2c687b,1,0,1,0,
Worcestershire,39,51,2,9679838c,19708692,af2c687b,0,0,0,0,
Worcestershire,40,53,2,9679838c,19708692,af2c687b,2,0,2,0,
Worcestershire,41,54,2,9679838c,19708692,af2c687b,1,0,1,0,
Worcestershire,42,54,2,af2c687b,19708692,9679838c,0,0,0,0,
Worcestershire,43,55,2,af2c687b,19708692,9679838c,1,0,1,0,
Worcestershire,44,56,2,9679838c,19708692,af2c687b,1,0,1,0,
Worcestershire,45,56,2,9679838c,50c6bc2b,af2c687b,0,0,0,0,
Worcestershire,46,57,2,9679838c,50c6bc2b,af2c687b,1,0,1,0,
Worcestershire,47,58,2,af2c687b,50c6bc2b,9679838c,1,0,1,0,
Worcestershire,48,58,2,9679838c,50c6bc2b,af2c687b,0,0,0,0,
Worcestershire,49,58,2,9679838c,50c6bc2b,af2c687b,0,0,0,0,
Worcestershire,50,59,2,9679838c,50c6bc2b,af2c687b,1,0,1,0,
Worcestershire,51,61,2,9679838c,19708692,af2c687b,2,0,2,0,
Worcestershire,52,67,2,9679838c,19708692,af2c687b,6,0,6,0,
Worcestershire,53,73,2,9679838c,19708692,af2c687b,6,0,6,0,
Worcestershire,54,73,3,9679838c,19708692,af2c687b,0,0,0,1,caught and bowled
Worcestershire,55,74,3,0d61d8f0,19708692,af2c687b,1,0,1,0,
Worcestershire,56,75,3,af2c687b,19708692,0d61d8f0,1,0,1,0,
Worcestershire,57,76,3,af2c687b,50c6bc2b,0d61d8f0,1,0,1,0,
Worcestershire,58,77,3,0d61d8f0,50c6bc2b,af2c687b,1,0,1,0,
Worcestershire,59,78,3,af2c687b,50c6bc2b,0d61d8f0,1,0,1,0,
Worcestershire,60,78,3,0d61d8f0,50c6bc2b,af2c687b,0,0,0,0,
Worcestershire,61,80,3,0d61d8f0,50c6bc2b,af2c687b,2,0,2,0,
Worcestershire,62,84,3,0d61d8f0,50c6bc2b,af2c687b,4,0,4,0,
Worcestershire,63,85,3,af2c687b,19708692,0d61d8f0,1,0,1,0,
Worcestershire,64,86,3,0d61d8f0,19708692,af2c687b,1,0,1,0,
Worcestershire,65,87,3,af2c687b,19708692,0d61d8f0,1,0,1,0,
Worcestershire,66,88,3,0d61d8f0,19708692,af2c687b,1,0,1,0,
Worcestershire,67,89,3,af2c687b,19708692,0d61d8f0,1,0,1,0,
Worcestershire,68,90,3,0d61d8f0,19708692,af2c687b,1,0,1,0,
Worcestershire,69,91,3,0d61d8f0,27c5a793,af2c687b,1,0,1,0,
Worcestershire,70,92,3,af2c687b,27c5a793,0d61d8f0,1,0,1,0,
Worcestershire,71,93,3,0d61d8f0,27c5a793,af2c687b,1,0,1,0,
Worcestershire,72,94,3,af2c687b,27c5a793,0d61d8f0,1,0,1,0,
Worcestershire,73,95,3,0d61d8f0,27c5a793,af2c687b,1,0,1,0,
Worcestershire,74,96,3,af2c687b,27c5a793,0d61d8f0,1,0,1,0,
Worcestershire,75,97,3,af2c687b,22b98d7c,0d61d8f0,1,0,1,0,
Worcestershire,76,98,3,0d61d8f0,22b98d7c,af2c687b,1,0,1,0,
Worcestershire,77,99,3,af2c687b,22b98d7c,0d61d8f0,1,0,1,0,
Worcestershire,78,101,3,0d61d8f0,22b98d7c,af2c687b,2,0,2,0,
Worcestershire,79,102,3,0d61d8f0,22b98d7c,af2c687b,1,0,1,0,
Worcestershire,80,106,3,af2c687b,22b98d7c,0d61d8f0,4,0,4,0,
Worcestershire,81,107,3,0d61d8f0,50c6bc2b,af2c687b,1,0,1,0,
Worcestershire,82,111,3,af2c687b,50c6bc2b,0d61d8f0,4,0,4,0,
Worcestershire,83,111,3,af2c687b,50c6bc2b,0d61d8f0,0,0,0,0,
Worcestershire,84,112,3,af2c687b,50c6bc2b,0d61d8f0,1,0,1,0,
Worcestershire,85,113,3,0d61d8f0,50c6bc2b,af2c687b,1,0,1,0,
Worcestershire,86,114,3,af2c687b,50c6bc2b,0d61d8f0,1,0,1,0,
Worcestershire,87,117,3,af2c687b,27c5a793,0d61d8f0,1,2,3,0,
Worcestershire,88,119,3,0d61d8f0,27c5a793,af2c687b,2,0,2,0,
Worcestershire,89,120,3,0d61d8f0,27c5a793,af2c687b,1,0,1,0,
Worcestershire,90,124,3,af2c687b,27c5a793,0d61d8f0,4,0,4,0,
Worcestershire,91,130,3,af2c687b,27c5a793,0d61d8f0,6,0,6,0,
Worcestershire,92,130,3,af2c687b,27c5a793,0d61d8f0,0,0,0,0,
Worcestershire,93,134,3,af2c687b,27c5a793,0d61d8f0,4,0,4,0,
Worcestershire,94,135,3,0d61d8f0,50c6bc2b,af2c687b,1,0,1,0,
Worcestershire,95,137,3,af2c687b,50c6bc2b,0d61d8f0,2,0,2,0,
Worcestershire,96,139,3,af2c687b,50c6bc2b,0d61d8f0,2,0,2,0,
Worcestershire,97,140,3,af2c687b,50c6bc2b,0d61d8f0,1,0,1,0,
Worcestershire,98,141,3,0d61d8f0,50c6bc2b,af2c687b,1,0,1,0,
Worcestershire,99,142,3,af2c687b,50c6bc2b,0d61d8f0,1,0,1,0,
Worcestershire,100,143,3,af2c687b,19708692,0d61d8f0,1,0,1,0,
Worcestershire,101,143,3,0d61d8f0,19708692,af2c687b,0,0,0,0,
Worcestershire,102,145,3,0d61d8f0,19708692,af2c687b,2,0,2,0,
Worcestershire,103,145,3,0d61d8f0,19708692,af2c687b,0,0,0,0,
Worcestershire,104,145,3,0d61d8f0,19708692,af2c687b,0,0,0,0,
Worcestershire,105,151,3,0d61d8f0,19708692,af2c687b,6,0,6,0,
Worcestershire,106,151,3,af2c687b,402f8494,0d61d8f0,0,0,0,0,
Worcestershire,107,152,3,af2c687b,402f8494,0d61d8f0,1,0,1,0,
Worcestershire,108,152,4,0d61d8f0,402f8494,af2c687b,0,0,0,1,bowled
Worcestershire,109,153,4,324a6ee1,402f8494,af2c687b,1,0,1,0,
Worcestershire,110,155,4,af2c687b,402f8494,324a6ee1,2,0,2,0,
Worcestershire,111,155,5,af2c687b,402f8494,324a6ee1,0,0,0,1,lbw
Worcestershire,112,157,5,324a6ee1,65b6943c,a510bdd3,2,0,2,0,
Worcestershire,113,158,5,324a6ee1,65b6943c,a510bdd3,0,1,1,0,
Worcestershire,114,158,6,a510bdd3,65b6943c,324a6ee1,0,0,0,1,run out
Worcestershire,115,158,7,a4b810d0,65b6943c,a510bdd3,0,0,0,1,caught
Worcestershire,116,159,7,52c442e4,65b6943c,a510bdd3,0,1,1,0,
Worcestershire,117,159,7,a510bdd3,65b6943c,52c442e4,0,0,0,0,
Worcestershire,118,160,7,52c442e4,402f8494,a510bdd3,1,0,1,0,
Worcestershire,119,162,7,a510bdd3,402f8494,52c442e4,2,0,2,0,
Worcestershire,120,168,7,a510bdd3,402f8494,52c442e4,6,0,6,0,
Worcestershire,121,168,8,a510bdd3,402f8494,52c442e4,0,0,0,1,caught
Worcestershire,122,170,8,1efd12d1,402f8494,52c442e4,2,0,2,0,
Worcestershire,123,171,8,1efd12d1,402f8494,52c442e4,1,0,1,0,
