batting_team,ball_number,total_team_runs,total_team_wickets,striker_ID,bowler_ID,nonstriker_ID,batter_runs,extras_runs,total_delivery_runs,wicket,wicket_type
Brisbane Heat,1,0,0,f32012f4,7d92277a,af2c687b,0,0,0,0,
Brisbane Heat,2,4,0,f32012f4,7d92277a,af2c687b,4,0,4,0,
Brisbane Heat,3,4,0,f32012f4,7d92277a,af2c687b,0,0,0,0,
Brisbane Heat,4,4,0,f32012f4,7d92277a,af2c687b,0,0,0,0,
Brisbane Heat,5,4,0,f32012f4,7d92277a,af2c687b,0,0,0,0,
Brisbane Heat,6,4,0,f32012f4,7d92277a,af2c687b,0,0,0,0,
Brisbane Heat,7,4,0,af2c687b,4d7f517e,f32012f4,0,0,0,0,
Brisbane Heat,8,10,0,af2c687b,4d7f517e,f32012f4,6,0,6,0,
Brisbane Heat,9,12,0,af2c687b,4d7f517e,f32012f4,2,0,2,0,
Brisbane Heat,10,12,0,af2c687b,4d7f517e,f32012f4,0,0,0,0,
Brisbane Heat,11,12,0,af2c687b,4d7f517e,f32012f4,0,0,0,0,
Brisbane Heat,12,12,1,af2c687b,4d7f517e,f32012f4,0,0,0,1,caught
Brisbane Heat,13,13,1,f32012f4,7d92277a,218d4d78,1,0,1,0,
Brisbane Heat,14,13,1,218d4d78,7d92277a,f32012f4,0,0,0,0,
Brisbane Heat,15,14,1,218d4d78,7d92277a,f32012f4,1,0,1,0,
Brisbane Heat,16,14,2,f32012f4,7d92277a,218d4d78,0,0,0,1,caught
Brisbane Heat,17,17,2,c16d4035,7d92277a,218d4d78,3,0,3,0,
Brisbane Heat,18,18,2,218d4d78,7d92277a,c16d4035,1,0,1,0,
Brisbane Heat,19,19,2,218d4d78,4d7f517e,c16d4035,1,0,1,0,
Brisbane Heat,20,20,2,c16d4035,4d7f517e,218d4d78,1,0,1,0,
Brisbane Heat,21,22,2,218d4d78,4d7f517e,c16d4035,2,0,2,0,
Brisbane Heat,22,23,2,218d4d78,4d7f517e,c16d4035,1,0,1,0,
Brisbane Heat,23,24,2,c16d4035,4d7f517e,218d4d78,1,0,1,0,
Brisbane Heat,24,24,2,218d4d78,4d7f517e,c16d4035,0,0,0,0,
Brisbane Heat,25,25,2,c16d4035,dfc4d8b5,218d4d78,1,0,1,0,
Brisbane Heat,26,25,2,218d4d78,dfc4d8b5,c16d4035,0,0,0,0,
Brisbane Heat,27,25,2,218d4d78,dfc4d8b5,c16d4035,0,0,0,0,
Brisbane Heat,28,26,2,218d4d78,dfc4d8b5,c16d4035,1,0,1,0,
Brisbane Heat,29,27,2,c16d4035,dfc4d8b5,218d4d78,0,1,1,0,
Brisbane Heat,30,28,2,218d4d78,dfc4d8b5,c16d4035,0,1,1,0,
Brisbane Heat,31,30,2,218d4d78,1b04e02b,c16d4035,2,0,2,0,
Brisbane Heat,32,31,2,218d4d78,1b04e02b,c16d4035,1,0,1,0,
Brisbane Heat,33,31,2,c16d4035,1b04e02b,218d4d78,0,0,0,0,
Brisbane Heat,34,32,2,c16d4035,1b04e02b,218d4d78,1,0,1,0,
Brisbane Heat,35,33,2,218d4d78,1b04e02b,c16d4035,1,0,1,0,
Brisbane Heat,36,34,2,c16d4035,1b04e02b,218d4d78,1,0,1,0,
Brisbane Heat,37,35,2,c16d4035,bc2d4f2e,218d4d78,1,0,1,0,
Brisbane Heat,38,36,2,218d4d78,bc2d4f2e,c16d4035,0,1,1,0,
Brisbane Heat,39,38,2,c16d4035,bc2d4f2e,218d4d78,2,0,2,0,
Brisbane Heat,40,39,2,c16d4035,bc2d4f2e,218d4d78,1,0,1,0,
Brisbane Heat,41,41,2,218d4d78,bc2d4f2e,c16d4035,2,0,2,0,
Brisbane Heat,42,42,2,218d4d78,bc2d4f2e,c16d4035,0,1,1,0,
Brisbane Heat,43,43,2,218d4d78,bc2d4f2e,c16d4035,1,0,1,0,
Brisbane Heat,44,44,2,218d4d78,bbd41817,c16d4035,1,0,1,0,
Brisbane Heat,45,45,2,c16d4035,bbd41817,218d4d78,1,0,1,0,
Brisbane Heat,46,45,2,218d4d78,bbd41817,c16d4035,0,0,0,0,
Brisbane Heat,47,46,2,218d4d78,bbd41817,c16d4035,1,0,1,0,
Brisbane Heat,48,47,2,c16d4035,bbd41817,218d4d78,1,0,1,0,
Brisbane Heat,49,48,2,218d4d78,bbd41817,c16d4035,1,0,1,0,
Brisbane Heat,50,49,2,218d4d78,4d7f517e,c16d4035,1,0,1,0,
Brisbane Heat,51,50,2,c16d4035,4d7f517e,218d4d78,1,0,1,0,
Brisbane Heat,52,54,2,218d4d78,4d7f517e,c16d4035,4,0,4,0,
Brisbane Heat,53,56,2,218d4d78,4d7f517e,c16d4035,2,0,2,0,
Brisbane Heat,54,58,2,218d4d78,4d7f517e,c16d4035,2,0,2,0,
Brisbane Heat,55,60,2,218d4d78,4d7f517e,c16d4035,0,2,2,0,
Brisbane Heat,56,62,2,c16d4035,bc2d4f2e,218d4d78,2,0,2,0,
Brisbane Heat,57,68,2,c16d4035,bc2d4f2e,218d4d78,6,0,6,0,
Brisbane Heat,58,69,2,c16d4035,bc2d4f2e,218d4d78,0,1,1,0,
Brisbane Heat,59,70,2,c16d4035,bc2d4f2e,218d4d78,1,0,1,0,
Brisbane Heat,60,71,2,218d4d78,bc2d4f2e,c16d4035,1,0,1,0,
Brisbane Heat,61,72,2,c16d4035,bc2d4f2e,218d4d78,1,0,1,0,
Brisbane Heat,62,73,2,218d4d78,bc2d4f2e,c16d4035,0,1,1,0,
Brisbane Heat,63,75,2,218d4d78,bc2d4f2e,c16d4035,2,0,2,0,
Brisbane Heat,64,75,3,c16d4035,1b04e02b,218d4d78,0,0,0,1,caught
Brisbane Heat,65,77,3,2b55c3b4,1b04e02b,218d4d78,2,0,2,0,
Brisbane Heat,66,77,3,2b55c3b4,1b04e02b,218d4d78,0,0,0,0,
Brisbane Heat,67,77,3,2b55c3b4,1b04e02b,218d4d78,0,0,0,0,
Brisbane Heat,68,78,3,2b55c3b4,1b04e02b,218d4d78,1,0,1,0,
Brisbane Heat,69,78,4,218d4d78,1b04e02b,2b55c3b4,0,0,0,1,bowled
Brisbane Heat,70,79,4,2b55c3b4,7d92277a,d346d939,1,0,1,0,
Brisbane Heat,71,80,4,d346d939,7d92277a,2b55c3b4,1,0,1,0,
Brisbane Heat,72,81,4,2b55c3b4,7d92277a,d346d939,1,0,1,0,
Brisbane Heat,73,82,4,d346d939,7d92277a,2b55c3b4,0,1,1,0,
Brisbane Heat,74,83,4,2b55c3b4,7d92277a,d346d939,1,0,1,0,
Brisbane Heat,75,83,4,d346d939,7d92277a,2b55c3b4,0,0,0,0,
Brisbane Heat,76,83,4,2b55c3b4,dfc4d8b5,d346d939,0,0,0,0,
Brisbane Heat,77,84,4,2b55c3b4,dfc4d8b5,d346d939,1,0,1,0,
Brisbane Heat,78,84,4,d346d939,dfc4d8b5,2b55c3b4,0,0,0,0,
Brisbane Heat,79,84,4,d346d939,dfc4d8b5,2b55c3b4,0,0,0,0,
Brisbane Heat,80,84,4,d346d939,dfc4d8b5,2b55c3b4,0,0,0,0,
Brisbane Heat,81,84,4,d346d939,dfc4d8b5,2b55c3b4,0,0,0,0,
Brisbane Heat,82,85,4,2b55c3b4,bbd41817,d346d939,1,0,1,0,
Brisbane Heat,83,91,4,d346d939,bbd41817,2b55c3b4,6,0,6,0,
Brisbane Heat,84,91,4,d346d939,bbd41817,2b55c3b4,0,0,0,0,
Brisbane Heat,85,92,4,d346d939,bbd41817,2b55c3b4,1,0,1,0,
Brisbane Heat,86,94,4,2b55c3b4,bbd41817,d346d939,2,0,2,0,
Brisbane Heat,87,95,4,2b55c3b4,bbd41817,d346d939,1,0,1,0,
Brisbane Heat,88,96,4,2b55c3b4,1b04e02b,d346d939,1,0,1,0,
Brisbane Heat,89,96,4,d346d939,1b04e02b,2b55c3b4,0,0,0,0,
Brisbane Heat,90,96,5,d346d939,1b04e02b,2b55c3b4,0,0,0,1,caught
Brisbane Heat,91,97,5,0164b064,1b04e02b,2b55c3b4,1,0,1,0,
Brisbane Heat,92,98,5,2b55c3b4,1b04e02b,0164b064,1,0,1,0,
Brisbane Heat,93,99,5,0164b064,1b04e02b,2b55c3b4,1,0,1,0,
Brisbane Heat,94,99,5,0164b064,4d7f517e,2b55c3b4,0,0,0,0,
Brisbane Heat,95,100,5,0164b064,4d7f517e,2b55c3b4,1,0,1,0,
Brisbane Heat,96,101,5,2b55c3b4,4d7f517e,0164b064,1,0,1,0,
Brisbane Heat,97,101,6,0164b064,4d7f517e,2b55c3b4,0,0,0,1,bowled
Brisbane Heat,98,101,6,003d49e6,4d7f517e,2b55c3b4,0,0,0,0,
Brisbane Heat,99,101,7,003d49e6,4d7f517e,2b55c3b4,0,0,0,1,bowled
Brisbane Heat,100,102,7,2b55c3b4,7d92277a,903560ed,1,0,1,0,
Brisbane Heat,101,102,7,903560ed,7d92277a,2b55c3b4,0,0,0,0,
Brisbane Heat,102,102,7,903560ed,7d92277a,2b55c3b4,0,0,0,0,
Brisbane Heat,103,103,7,903560ed,7d92277a,2b55c3b4,1,0,1,0,
Brisbane Heat,104,104,7,2b55c3b4,7d92277a,903560ed,1,0,1,0,
Brisbane Heat,105,105,7,903560ed,7d92277a,2b55c3b4,1,0,1,0,
Brisbane Heat,106,106,7,903560ed,dfc4d8b5,2b55c3b4,1,0,1,0,
Brisbane Heat,107,107,7,2b55c3b4,dfc4d8b5,903560ed,1,0,1,0,
Brisbane Heat,108,107,7,903560ed,dfc4d8b5,2b55c3b4,0,0,0,0,
Brisbane Heat,109,108,7,903560ed,dfc4d8b5,2b55c3b4,1,0,1,0,
Brisbane Heat,110,108,7,2b55c3b4,dfc4d8b5,903560ed,0,0,0,0,
Brisbane Heat,111,108,7,2b55c3b4,dfc4d8b5,903560ed,0,0,0,0,
Brisbane Heat,112,108,8,903560ed,1b04e02b,2b55c3b4,0,0,0,1,caught
Brisbane Heat,113,109,8,86b4bf88,1b04e02b,2b55c3b4,1,0,1,0,
Brisbane Heat,114,113,8,2b55c3b4,1b04e02b,86b4bf88,4,0,4,0,
Brisbane Heat,115,113,8,2b55c3b4,1b04e02b,86b4bf88,0,0,0,0,
Brisbane Heat,116,117,8,2b55c3b4,1b04e02b,86b4bf88,4,0,4,0,
Brisbane Heat,117,118,8,2b55c3b4,1b04e02b,86b4bf88,1,0,1,0,
Brisbane Heat,118,122,8,2b55c3b4,dfc4d8b5,86b4bf88,4,0,4,0,
Brisbane Heat,119,126,8,2b55c3b4,dfc4d8b5,86b4bf88,4,0,4,0,
Brisbane Heat,120,130,8,2b55c3b4,dfc4d8b5,86b4bf88,4,0,4,0,
Brisbane Heat,121,134,8,2b55c3b4,dfc4d8b5,86b4bf88,4,0,4,0,
Brisbane Heat,122,136,8,2b55c3b4,dfc4d8b5,86b4bf88,2,0,2,0,
Brisbane Heat,123,137,8,2b55c3b4,dfc4d8b5,86b4bf88,1,0,1,0,
Melbourne Renegades,1,0,1,a756e61a,0164b064,44afbf2d,0,0,0,1,caught
Melbourne Renegades,2,4,1,9b6e1b3f,0164b064,44afbf2d,4,0,4,0,
Melbourne Renegades,3,4,1,9b6e1b3f,0164b064,44afbf2d,0,0,0,0,
Melbourne Renegades,4,6,1,9b6e1b3f,0164b064,44afbf2d,2,0,2,0,
Melbourne Renegades,5,6,1,9b6e1b3f,0164b064,44afbf2d,0,0,0,0,
Melbourne Renegades,6,6,2,9b6e1b3f,0164b064,44afbf2d,0,0,0,1,caught
Melbourne Renegades,7,6,2,44afbf2d,903560ed,b8d490fd,0,0,0,0,
Melbourne Renegades,8,7,2,44afbf2d,903560ed,b8d490fd,1,0,1,0,
Melbourne Renegades,9,7,2,b8d490fd,903560ed,44afbf2d,0,0,0,0,
Melbourne Renegades,10,7,2,b8d490fd,903560ed,44afbf2d,0,0,0,0,
Melbourne Renegades,11,8,2,b8d490fd,903560ed,44afbf2d,1,0,1,0,
Melbourne Renegades,12,9,2,44afbf2d,903560ed,b8d490fd,1,0,1,0,
Melbourne Renegades,13,9,3,44afbf2d,0164b064,b8d490fd,0,0,0,1,bowled
Melbourne Renegades,14,9,4,8bdac857,0164b064,b8d490fd,0,0,0,1,bowled
Melbourne Renegades,15,13,4,bbd41817,0164b064,b8d490fd,0,4,4,0,
Melbourne Renegades,16,13,4,bbd41817,0164b064,b8d490fd,0,0,0,0,
Melbourne Renegades,17,13,4,bbd41817,0164b064,b8d490fd,0,0,0,0,
Melbourne Renegades,18,19,4,bbd41817,0164b064,b8d490fd,6,0,6,0,
Melbourne Renegades,19,23,4,b8d490fd,903560ed,bbd41817,4,0,4,0,
Melbourne Renegades,20,23,4,b8d490fd,903560ed,bbd41817,0,0,0,0,
Melbourne Renegades,21,23,4,b8d490fd,903560ed,bbd41817,0,0,0,0,
Melbourne Renegades,22,23,4,b8d490fd,903560ed,bbd41817,0,0,0,0,
Melbourne Renegades,23,23,4,b8d490fd,903560ed,bbd41817,0,0,0,0,
Melbourne Renegades,24,23,4,b8d490fd,903560ed,bbd41817,0,0,0,0,
Melbourne Renegades,25,23,4,bbd41817,0164b064,b8d490fd,0,0,0,0,
Melbourne Renegades,26,23,4,bbd41817,0164b064,b8d490fd,0,0,0,0,
Melbourne Renegades,27,23,4,bbd41817,0164b064,b8d490fd,0,0,0,0,
Melbourne Renegades,28,29,4,bbd41817,0164b064,b8d490fd,6,0,6,0,
Melbourne Renegades,29,35,4,bbd41817,0164b064,b8d490fd,6,0,6,0,
Melbourne Renegades,30,35,4,bbd41817,0164b064,b8d490fd,0,0,0,0,
Melbourne Renegades,31,36,4,b8d490fd,86b4bf88,bbd41817,1,0,1,0,
Melbourne Renegades,32,36,4,bbd41817,86b4bf88,b8d490fd,0,0,0,0,
Melbourne Renegades,33,36,4,bbd41817,86b4bf88,b8d490fd,0,0,0,0,
Melbourne Renegades,34,42,4,bbd41817,86b4bf88,b8d490fd,6,0,6,0,
Melbourne Renegades,35,43,4,bbd41817,86b4bf88,b8d490fd,1,0,1,0,
Melbourne Renegades,36,43,4,b8d490fd,86b4bf88,bbd41817,0,0,0,0,
Melbourne Renegades,37,43,4,bbd41817,003d49e6,b8d490fd,0,0,0,0,
Melbourne Renegades,38,44,4,bbd41817,003d49e6,b8d490fd,1,0,1,0,
Melbourne Renegades,39,45,4,b8d490fd,003d49e6,bbd41817,1,0,1,0,
Melbourne Renegades,40,49,4,bbd41817,003d49e6,b8d490fd,4,0,4,0,
Melbourne Renegades,41,50,4,bbd41817,003d49e6,b8d490fd,1,0,1,0,
Melbourne Renegades,42,51,4,b8d490fd,003d49e6,bbd41817,1,0,1,0,
Melbourne Renegades,43,52,4,b8d490fd,86b4bf88,bbd41817,1,0,1,0,
Melbourne Renegades,44,52,4,bbd41817,86b4bf88,b8d490fd,0,0,0,0,
Melbourne Renegades,45,53,4,bbd41817,86b4bf88,b8d490fd,1,0,1,0,
Melbourne Renegades,46,53,4,b8d490fd,86b4bf88,bbd41817,0,0,0,0,
Melbourne Renegades,47,54,4,b8d490fd,86b4bf88,bbd41817,1,0,1,0,
Melbourne Renegades,48,54,4,bbd41817,86b4bf88,b8d490fd,0,0,0,0,
Melbourne Renegades,49,54,4,b8d490fd,7b953689,bbd41817,0,0,0,0,
Melbourne Renegades,50,54,4,b8d490fd,7b953689,bbd41817,0,0,0,0,
Melbourne Renegades,51,55,4,b8d490fd,7b953689,bbd41817,0,1,1,0,
Melbourne Renegades,52,55,4,bbd41817,7b953689,b8d490fd,0,0,0,0,
Melbourne Renegades,53,56,4,bbd41817,7b953689,b8d490fd,1,0,1,0,
Melbourne Renegades,54,56,4,b8d490fd,7b953689,bbd41817,0,0,0,0,
Melbourne Renegades,55,57,4,bbd41817,003d49e6,b8d490fd,1,0,1,0,
Melbourne Renegades,56,58,4,b8d490fd,003d49e6,bbd41817,1,0,1,0,
Melbourne Renegades,57,64,4,bbd41817,003d49e6,b8d490fd,6,0,6,0,
Melbourne Renegades,58,64,4,bbd41817,003d49e6,b8d490fd,0,0,0,0,
Melbourne Renegades,59,64,4,bbd41817,003d49e6,b8d490fd,0,0,0,0,
Melbourne Renegades,60,65,4,bbd41817,003d49e6,b8d490fd,1,0,1,0,
Melbourne Renegades,61,66,4,bbd41817,7b953689,b8d490fd,1,0,1,0,
Melbourne Renegades,62,67,4,b8d490fd,7b953689,bbd41817,1,0,1,0,
Melbourne Renegades,63,67,4,bbd41817,7b953689,b8d490fd,0,0,0,0,
Melbourne Renegades,64,69,4,bbd41817,7b953689,b8d490fd,2,0,2,0,
Melbourne Renegades,65,75,4,bbd41817,7b953689,b8d490fd,6,0,6,0,
Melbourne Renegades,66,75,4,bbd41817,7b953689,b8d490fd,0,0,0,0,
Melbourne Renegades,67,76,4,b8d490fd,86b4bf88,bbd41817,0,1,1,0,
Melbourne Renegades,68,76,4,b8d490fd,86b4bf88,bbd41817,0,0,0,0,
Melbourne Renegades,69,77,4,b8d490fd,86b4bf88,bbd41817,1,0,1,0,
Melbourne Renegades,70,77,4,bbd41817,86b4bf88,b8d490fd,0,0,0,0,
Melbourne Renegades,71,78,4,bbd41817,86b4bf88,b8d490fd,1,0,1,0,
Melbourne Renegades,72,78,4,b8d490fd,86b4bf88,bbd41817,0,0,0,0,
Melbourne Renegades,73,79,4,b8d490fd,86b4bf88,bbd41817,1,0,1,0,
Melbourne Renegades,74,80,4,b8d490fd,7b953689,bbd41817,1,0,1,0,
Melbourne Renegades,75,81,4,bbd41817,7b953689,b8d490fd,1,0,1,0,
Melbourne Renegades,76,81,4,b8d490fd,7b953689,bbd41817,0,0,0,0,
Melbourne Renegades,77,81,4,b8d490fd,7b953689,bbd41817,0,0,0,0,
Melbourne Renegades,78,81,4,b8d490fd,7b953689,bbd41817,0,0,0,0,
Melbourne Renegades,79,81,4,b8d490fd,7b953689,bbd41817,0,0,0,0,
Melbourne Renegades,80,82,4,bbd41817,0164b064,b8d490fd,1,0,1,0,
Melbourne Renegades,81,84,4,b8d490fd,0164b064,bbd41817,2,0,2,0,
Melbourne Renegades,82,85,4,b8d490fd,0164b064,bbd41817,1,0,1,0,
Melbourne Renegades,83,85,4,bbd41817,0164b064,b8d490fd,0,0,0,0,
Melbourne Renegades,84,89,4,bbd41817,0164b064,b8d490fd,4,0,4,0,
Melbourne Renegades,85,89,4,bbd41817,0164b064,b8d490fd,0,0,0,0,
Melbourne Renegades,86,90,4,b8d490fd,903560ed,bbd41817,1,0,1,0,
Melbourne Renegades,87,90,4,bbd41817,903560ed,b8d490fd,0,0,0,0,
Melbourne Renegades,88,90,5,bbd41817,903560ed,b8d490fd,0,0,0,1,caught
Melbourne Renegades,89,90,5,4d7f517e,903560ed,b8d490fd,0,0,0,0,
Melbourne Renegades,90,92,5,4d7f517e,903560ed,b8d490fd,2,0,2,0,
Melbourne Renegades,91,93,5,4d7f517e,903560ed,b8d490fd,1,0,1,0,
Melbourne Renegades,92,93,5,4d7f517e,003d49e6,b8d490fd,0,0,0,0,
Melbourne Renegades,93,99,5,4d7f517e,003d49e6,b8d490fd,6,0,6,0,
Melbourne Renegades,94,100,5,4d7f517e,003d49e6,b8d490fd,1,0,1,0,
Melbourne Renegades,95,100,5,b8d490fd,003d49e6,4d7f517e,0,0,0,0,
Melbourne Renegades,96,100,5,b8d490fd,003d49e6,4d7f517e,0,0,0,0,
Melbourne Renegades,97,100,5,b8d490fd,003d49e6,4d7f517e,0,0,0,0,
Melbourne Renegades,98,100,5,4d7f517e,7b953689,b8d490fd,0,0,0,0,
Melbourne Renegades,99,101,5,4d7f517e,7b953689,b8d490fd,1,0,1,0,
Melbourne Renegades,100,102,5,b8d490fd,7b953689,4d7f517e,1,0,1,0,
Melbourne Renegades,101,102,5,4d7f517e,7b953689,b8d490fd,0,0,0,0,
Melbourne Renegades,102,102,5,4d7f517e,7b953689,b8d490fd,0,0,0,0,
Melbourne Renegades,103,106,5,4d7f517e,7b953689,b8d490fd,4,0,4,0,
Melbourne Renegades,104,112,5,b8d490fd,86b4bf88,4d7f517e,6,0,6,0,
Melbourne Renegades,105,113,5,b8d490fd,86b4bf88,4d7f517e,0,1,1,0,
Melbourne Renegades,106,114,5,b8d490fd,86b4bf88,4d7f517e,1,0,1,0,
Melbourne Renegades,107,116,5,4d7f517e,86b4bf88,b8d490fd,2,0,2,0,
Melbourne Renegades,108,122,5,4d7f517e,86b4bf88,b8d490fd,6,0,6,0,
Melbourne Renegades,109,123,5,4d7f517e,86b4bf88,b8d490fd,1,0,1,0,
Melbourne Renegades,110,123,5,b8d490fd,86b4bf88,4d7f517e,0,0,0,0,
Melbourne Renegades,111,123,5,4d7f517e,903560ed,b8d490fd,0,0,0,0,
Melbourne Renegades,112,127,5,4d7f517e,903560ed,b8d490fd,4,0,4,0,
Melbourne Renegades,113,129,5,4d7f517e,903560ed,b8d490fd,2,0,2,0,
Melbourne Renegades,114,129,5,4d7f517e,903560ed,b8d490fd,0,0,0,0,
Melbourne Renegades,115,129,6,4d7f517e,903560ed,b8d490fd,0,0,0,1,caught
Melbourne Renegades,116,135,6,bc2d4f2e,903560ed,b8d490fd,6,0,6,0,
Melbourne Renegades,117,135,6,b8d490fd,003d49e6,bc2d4f2e,0,0,0,0,
Melbourne Renegades,118,139,6,b8d490fd,003d49e6,bc2d4f2e,4,0,4,0,
