batting_team,ball_number,total_team_runs,total_team_wickets,striker_ID,bowler_ID,nonstriker_ID,batter_runs,extras_runs,total_delivery_runs,wicket,wicket_type
Isle of Man,1,0,0,39e599c8,7f784eb8,b0aadf4f,0,0,0,0,
Isle of Man,2,0,0,39e599c8,7f784eb8,b0aadf4f,0,0,0,0,
Isle of Man,3,0,0,39e599c8,7f784eb8,b0aadf4f,0,0,0,0,
Isle of Man,4,0,0,39e599c8,7f784eb8,b0aadf4f,0,0,0,0,
Isle of Man,5,0,0,39e599c8,7f784eb8,b0aadf4f,0,0,0,0,
Isle of Man,6,4,0,39e599c8,7f784eb8,b0aadf4f,4,0,4,0,
Isle of Man,7,6,0,b0aadf4f,e4f13acd,39e599c8,0,2,2,0,
Isle of Man,8,6,1,39e599c8,e4f13acd,b0aadf4f,0,0,0,1,caught
Isle of Man,9,7,1,b0aadf4f,e4f13acd,8bee668b,0,1,1,0,
Isle of Man,10,7,1,b0aadf4f,e4f13acd,8bee668b,0,0,0,0,
Isle of Man,11,7,1,b0aadf4f,e4f13acd,8bee668b,0,0,0,0,
Isle of Man,12,13,1,b0aadf4f,e4f13acd,8bee668b,6,0,6,0,
Isle of Man,13,14,1,b0aadf4f,e4f13acd,8bee668b,1,0,1,0,
Isle of Man,14,14,1,8bee668b,e4f13acd,b0aadf4f,0,0,0,0,
Isle of Man,15,18,1,b0aadf4f,7f784eb8,8bee668b,4,0,4,0,
Isle of Man,16,19,1,b0aadf4f,7f784eb8,8bee668b,1,0,1,0,
Isle of Man,17,21,1,8bee668b,7f784eb8,b0aadf4f,2,0,2,0,
Isle of Man,18,25,1,8bee668b,7f784eb8,b0aadf4f,4,0,4,0,
Isle of Man,19,26,1,8bee668b,7f784eb8,b0aadf4f,1,0,1,0,
Isle of Man,20,26,1,b0aadf4f,7f784eb8,8bee668b,0,0,0,0,
Isle of Man,21,26,1,8bee668b,e4f13acd,b0aadf4f,0,0,0,0,
Isle of Man,22,28,1,8bee668b,e4f13acd,b0aadf4f,2,0,2,0,
Isle of Man,23,29,1,8bee668b,e4f13acd,b0aadf4f,1,0,1,0,
Isle of Man,24,33,1,b0aadf4f,e4f13acd,8bee668b,4,0,4,0,
Isle of Man,25,35,1,b0aadf4f,e4f13acd,8bee668b,2,0,2,0,
Isle of Man,26,36,1,b0aadf4f,e4f13acd,8bee668b,0,1,1,0,
Isle of Man,27,37,1,b0aadf4f,a768a762,8bee668b,0,1,1,0,
Isle of Man,28,41,1,b0aadf4f,a768a762,8bee668b,4,0,4,0,
Isle of Man,29,45,1,b0aadf4f,a768a762,8bee668b,4,0,4,0,
Isle of Man,30,46,1,b0aadf4f,a768a762,8bee668b,0,1,1,0,
Isle of Man,31,50,1,8bee668b,a768a762,b0aadf4f,4,0,4,0,
Isle of Man,32,51,1,8bee668b,a768a762,b0aadf4f,1,0,1,0,
Isle of Man,33,52,1,b0aadf4f,a768a762,8bee668b,1,0,1,0,
Isle of Man,34,52,1,b0aadf4f,2809b390,8bee668b,0,0,0,0,
Isle of Man,35,52,2,b0aadf4f,2809b390,8bee668b,0,0,0,1,bowled
Isle of Man,36,52,2,467c28f9,2809b390,8bee668b,0,0,0,0,
Isle of Man,37,53,2,467c28f9,2809b390,8bee668b,1,0,1,0,
Isle of Man,38,57,2,8bee668b,2809b390,467c28f9,4,0,4,0,
Isle of Man,39,58,2,8bee668b,2809b390,467c28f9,0,1,1,0,
Isle of Man,40,59,2,8bee668b,677c18f9,467c28f9,1,0,1,0,
Isle of Man,41,60,2,467c28f9,677c18f9,8bee668b,0,1,1,0,
Isle of Man,42,61,2,467c28f9,677c18f9,8bee668b,1,0,1,0,
Isle of Man,43,63,2,8bee668b,677c18f9,467c28f9,2,0,2,0,
Isle of Man,44,65,2,8bee668b,677c18f9,467c28f9,2,0,2,0,
Isle of Man,45,66,2,8bee668b,677c18f9,467c28f9,1,0,1,0,
Isle of Man,46,67,2,467c28f9,677c18f9,8bee668b,1,0,1,0,
Isle of Man,47,68,2,8bee668b,677c18f9,467c28f9,1,0,1,0,
Isle of Man,48,68,2,8bee668b,2809b390,467c28f9,0,0,0,0,
Isle of Man,49,69,2,8bee668b,2809b390,467c28f9,1,0,1,0,
Isle of Man,50,70,2,467c28f9,2809b390,8bee668b,1,0,1,0,
Isle of Man,51,71,2,8bee668b,2809b390,467c28f9,1,0,1,0,
Isle of Man,52,75,2,467c28f9,2809b390,8bee668b,4,0,4,0,
Isle of Man,53,75,2,467c28f9,2809b390,8bee668b,0,0,0,0,
Isle of Man,54,79,2,8bee668b,677c18f9,467c28f9,4,0,4,0,
Isle of Man,55,80,2,8bee668b,677c18f9,467c28f9,1,0,1,0,
Isle of Man,56,81,2,467c28f9,677c18f9,8bee668b,1,0,1,0,
Isle of Man,57,82,2,8bee668b,677c18f9,467c28f9,0,1,1,0,
Isle of Man,58,83,2,8bee668b,677c18f9,467c28f9,1,0,1,0,
Isle of Man,59,89,2,467c28f9,677c18f9,8bee668b,6,0,6,0,
Isle of Man,60,90,2,467c28f9,677c18f9,8bee668b,1,0,1,0,
Isle of Man,61,90,2,467c28f9,2809b390,8bee668b,0,0,0,0,
Isle of Man,62,91,2,467c28f9,2809b390,8bee668b,1,0,1,0,
Isle of Man,63,95,2,8bee668b,2809b390,467c28f9,4,0,4,0,
Isle of Man,64,99,2,8bee668b,2809b390,467c28f9,4,0,4,0,
Isle of Man,65,99,2,8bee668b,2809b390,467c28f9,0,0,0,0,
Isle of Man,66,100,2,8bee668b,2809b390,467c28f9,1,0,1,0,
Isle of Man,67,100,2,8bee668b,3924b2ee,467c28f9,0,0,0,0,
Isle of Man,68,101,2,8bee668b,3924b2ee,467c28f9,1,0,1,0,
Isle of Man,69,102,2,467c28f9,3924b2ee,8bee668b,1,0,1,0,
Isle of Man,70,102,2,8bee668b,3924b2ee,467c28f9,0,0,0,0,
Isle of Man,71,102,2,8bee668b,3924b2ee,467c28f9,0,0,0,0,
Isle of Man,72,106,2,8bee668b,3924b2ee,467c28f9,4,0,4,0,
Isle of Man,73,107,2,467c28f9,a768a762,8bee668b,1,0,1,0,
Isle of Man,74,108,2,8bee668b,a768a762,467c28f9,1,0,1,0,
Isle of Man,75,109,2,467c28f9,a768a762,8bee668b,1,0,1,0,
Isle of Man,76,110,2,8bee668b,a768a762,467c28f9,1,0,1,0,
Isle of Man,77,111,2,467c28f9,a768a762,8bee668b,1,0,1,0,
Isle of Man,78,112,2,8bee668b,a768a762,467c28f9,1,0,1,0,
Isle of Man,79,116,2,8bee668b,3924b2ee,467c28f9,4,0,4,0,
Isle of Man,80,116,2,8bee668b,3924b2ee,467c28f9,0,0,0,0,
Isle of Man,81,116,2,8bee668b,3924b2ee,467c28f9,0,0,0,0,
Isle of Man,82,116,2,8bee668b,3924b2ee,467c28f9,0,0,0,0,
Isle of Man,83,116,2,8bee668b,3924b2ee,467c28f9,0,0,0,0,
Isle of Man,84,116,2,8bee668b,3924b2ee,467c28f9,0,0,0,0,
Isle of Man,85,117,2,467c28f9,a768a762,8bee668b,1,0,1,0,
Isle of Man,86,118,2,8bee668b,a768a762,467c28f9,1,0,1,0,
Isle of Man,87,119,2,467c28f9,a768a762,8bee668b,1,0,1,0,
Isle of Man,88,121,2,8bee668b,a768a762,467c28f9,2,0,2,0,
Isle of Man,89,122,2,8bee668b,a768a762,467c28f9,0,1,1,0,
Isle of Man,90,123,2,467c28f9,a768a762,8bee668b,0,1,1,0,
Isle of Man,91,123,3,467c28f9,a768a762,8bee668b,0,0,0,1,caught
Isle of Man,92,124,3,68019a70,3924b2ee,8bee668b,1,0,1,0,
Isle of Man,93,125,3,8bee668b,3924b2ee,68019a70,1,0,1,0,
Isle of Man,94,125,3,68019a70,3924b2ee,8bee668b,0,0,0,0,
Isle of Man,95,126,3,68019a70,3924b2ee,8bee668b,1,0,1,0,
Isle of Man,96,127,3,8bee668b,3924b2ee,68019a70,1,0,1,0,
Isle of Man,97,128,3,68019a70,3924b2ee,8bee668b,1,0,1,0,
Isle of Man,98,128,3,68019a70,e4f13acd,8bee668b,0,0,0,0,
Isle of Man,99,129,3,68019a70,e4f13acd,8bee668b,1,0,1,0,
Isle of Man,100,129,4,8bee668b,e4f13acd,68019a70,0,0,0,1,bowled
Isle of Man,101,129,5,dba54d8e,e4f13acd,68019a70,0,0,0,1,bowled
Isle of Man,102,129,5,c90346a0,e4f13acd,68019a70,0,0,0,0,
Isle of Man,103,129,6,c90346a0,e4f13acd,68019a70,0,0,0,1,caught and bowled
Isle of Man,104,130,6,68019a70,3924b2ee,6e60a792,1,0,1,0,
Isle of Man,105,131,6,6e60a792,3924b2ee,68019a70,1,0,1,0,
Isle of Man,106,132,6,68019a70,3924b2ee,6e60a792,1,0,1,0,
Isle of Man,107,132,6,6e60a792,3924b2ee,68019a70,0,0,0,0,
Isle of Man,108,133,7,6e60a792,3924b2ee,68019a70,1,0,1,1,run out
Isle of Man,109,134,7,3967b66f,3924b2ee,68019a70,1,0,1,0,
Isle of Man,110,135,7,3967b66f,e4f13acd,68019a70,0,1,1,0,
Isle of Man,111,136,7,3967b66f,e4f13acd,68019a70,1,0,1,0,
Isle of Man,112,137,7,68019a70,e4f13acd,3967b66f,1,0,1,0,
Isle of Man,113,139,7,3967b66f,e4f13acd,68019a70,2,0,2,0,
Isle of Man,114,139,7,3967b66f,e4f13acd,68019a70,0,0,0,0,
Isle of Man,115,140,7,3967b66f,e4f13acd,68019a70,1,0,1,0,
Isle of Man,116,144,7,68019a70,e4f13acd,3967b66f,4,0,4,0,
Isle of Man,117,144,7,3967b66f,7f784eb8,68019a70,0,0,0,0,
Isle of Man,118,146,7,3967b66f,7f784eb8,68019a70,1,1,2,0,
Isle of Man,119,146,7,68019a70,7f784eb8,3967b66f,0,0,0,0,
Isle of Man,120,152,7,68019a70,7f784eb8,3967b66f,6,0,6,0,
Isle of Man,121,152,7,68019a70,7f784eb8,3967b66f,0,0,0,0,
Isle of Man,122,153,7,68019a70,7f784eb8,3967b66f,1,0,1,0,
Isle of Man,123,154,7,3967b66f,7f784eb8,68019a70,1,0,1,0,
Isle of Man,124,154,7,3967b66f,a768a762,68019a70,0,0,0,0,
Isle of Man,125,155,7,3967b66f,a768a762,68019a70,1,0,1,0,
Isle of Man,126,157,7,68019a70,a768a762,3967b66f,2,0,2,0,
Isle of Man,127,161,7,68019a70,a768a762,3967b66f,4,0,4,0,
Isle of Man,128,164,7,68019a70,a768a762,3967b66f,3,0,3,0,
Isle of Man,129,165,7,3967b66f,a768a762,68019a70,0,1,1,0,
Serbia,1,0,0,b0358c6d,6e60a792,6483c062,0,0,0,0,
Serbia,2,0,1,b0358c6d,6e60a792,6483c062,0,0,0,1,bowled
Serbia,3,1,1,04ab1575,6e60a792,6483c062,1,0,1,0,
Serbia,4,1,1,6483c062,6e60a792,04ab1575,0,0,0,0,
Serbia,5,1,1,6483c062,6e60a792,04ab1575,0,0,0,0,
Serbia,6,1,1,6483c062,6e60a792,04ab1575,0,0,0,0,
Serbia,7,2,1,04ab1575,3967b66f,6483c062,1,0,1,0,
Serbia,8,2,1,6483c062,3967b66f,04ab1575,0,0,0,0,
Serbia,9,2,1,6483c062,3967b66f,04ab1575,0,0,0,0,
Serbia,10,2,1,6483c062,3967b66f,04ab1575,0,0,0,0,
Serbia,11,3,1,6483c062,3967b66f,04ab1575,1,0,1,0,
Serbia,12,3,1,04ab1575,3967b66f,6483c062,0,0,0,0,
Serbia,13,3,1,6483c062,6e60a792,04ab1575,0,0,0,0,
Serbia,14,3,1,6483c062,6e60a792,04ab1575,0,0,0,0,
Serbia,15,3,2,6483c062,6e60a792,04ab1575,0,0,0,1,stumped
Serbia,16,3,2,f50433e9,6e60a792,04ab1575,0,0,0,0,
Serbia,17,3,2,f50433e9,6e60a792,04ab1575,0,0,0,0,
Serbia,18,3,2,f50433e9,6e60a792,04ab1575,0,0,0,0,
Serbia,19,5,2,04ab1575,3967b66f,f50433e9,2,0,2,0,
Serbia,20,6,2,04ab1575,3967b66f,f50433e9,0,1,1,0,
Serbia,21,6,2,04ab1575,3967b66f,f50433e9,0,0,0,0,
Serbia,22,8,2,04ab1575,3967b66f,f50433e9,2,0,2,0,
Serbia,23,8,2,04ab1575,3967b66f,f50433e9,0,0,0,0,
Serbia,24,9,2,04ab1575,3967b66f,f50433e9,1,0,1,0,
Serbia,25,9,2,f50433e9,3967b66f,04ab1575,0,0,0,0,
Serbia,26,11,2,04ab1575,6e60a792,f50433e9,2,0,2,0,
Serbia,27,11,2,04ab1575,6e60a792,f50433e9,0,0,0,0,
Serbia,28,16,2,04ab1575,6e60a792,f50433e9,0,5,5,0,
Serbia,29,17,2,04ab1575,6e60a792,f50433e9,1,0,1,0,
Serbia,30,17,2,f50433e9,6e60a792,04ab1575,0,0,0,0,
Serbia,31,17,2,f50433e9,6e60a792,04ab1575,0,0,0,0,
Serbia,32,17,2,f50433e9,6e60a792,04ab1575,0,0,0,0,
Serbia,33,17,2,04ab1575,3967b66f,f50433e9,0,0,0,0,
Serbia,34,21,2,04ab1575,3967b66f,f50433e9,4,0,4,0,
Serbia,35,21,2,04ab1575,3967b66f,f50433e9,0,0,0,0,
Serbia,36,22,2,04ab1575,3967b66f,f50433e9,1,0,1,0,
Serbia,37,23,2,f50433e9,3967b66f,04ab1575,1,0,1,0,
Serbia,38,24,2,04ab1575,3967b66f,f50433e9,1,0,1,0,
Serbia,39,24,2,04ab1575,c90346a0,f50433e9,0,0,0,0,
Serbia,40,28,2,04ab1575,c90346a0,f50433e9,4,0,4,0,
Serbia,41,29,2,04ab1575,c90346a0,f50433e9,0,1,1,0,
Serbia,42,30,2,04ab1575,c90346a0,f50433e9,1,0,1,0,
Serbia,43,31,2,f50433e9,c90346a0,04ab1575,1,0,1,0,
Serbia,44,32,2,04ab1575,c90346a0,f50433e9,1,0,1,0,
Serbia,45,34,2,f50433e9,c90346a0,04ab1575,2,0,2,0,
Serbia,46,34,2,04ab1575,dba54d8e,f50433e9,0,0,0,0,
Serbia,47,35,2,04ab1575,dba54d8e,f50433e9,1,0,1,0,
Serbia,48,41,2,f50433e9,dba54d8e,04ab1575,6,0,6,0,
Serbia,49,41,2,f50433e9,dba54d8e,04ab1575,0,0,0,0,
Serbia,50,42,2,f50433e9,dba54d8e,04ab1575,1,0,1,0,
Serbia,51,43,2,04ab1575,dba54d8e,f50433e9,1,0,1,0,
Serbia,52,43,2,04ab1575,c90346a0,f50433e9,0,0,0,0,
Serbia,53,43,2,04ab1575,c90346a0,f50433e9,0,0,0,0,
Serbia,54,43,2,04ab1575,c90346a0,f50433e9,0,0,0,0,
Serbia,55,44,2,04ab1575,c90346a0,f50433e9,1,0,1,0,
Serbia,56,44,2,f50433e9,c90346a0,04ab1575,0,0,0,0,
Serbia,57,45,2,f50433e9,c90346a0,04ab1575,1,0,1,0,
Serbia,58,45,3,f50433e9,dba54d8e,04ab1575,0,0,0,1,caught
Serbia,59,45,3,04ab1575,dba54d8e,2809b390,0,0,0,0,
Serbia,60,46,3,04ab1575,dba54d8e,2809b390,1,0,1,0,
Serbia,61,50,3,2809b390,dba54d8e,04ab1575,4,0,4,0,
Serbia,62,51,3,2809b390,dba54d8e,04ab1575,0,1,1,0,
Serbia,63,51,3,2809b390,dba54d8e,04ab1575,0,0,0,0,
Serbia,64,51,3,2809b390,dba54d8e,04ab1575,0,0,0,0,
Serbia,65,51,3,04ab1575,a2dd9236,2809b390,0,0,0,0,
Serbia,66,51,3,04ab1575,a2dd9236,2809b390,0,0,0,0,
Serbia,67,53,3,04ab1575,a2dd9236,2809b390,2,0,2,0,
Serbia,68,53,3,04ab1575,a2dd9236,2809b390,0,0,0,0,
Serbia,69,54,3,04ab1575,a2dd9236,2809b390,1,0,1,0,
Serbia,70,56,3,2809b390,a2dd9236,04ab1575,2,0,2,0,
Serbia,71,56,4,04ab1575,efcb778e,2809b390,0,0,0,1,caught
Serbia,72,59,4,2809b390,efcb778e,e4f13acd,2,1,3,0,
Serbia,73,59,4,2809b390,efcb778e,e4f13acd,0,0,0,0,
Serbia,74,60,4,2809b390,efcb778e,e4f13acd,1,0,1,0,
Serbia,75,62,4,e4f13acd,efcb778e,2809b390,0,2,2,0,
Serbia,76,63,4,2809b390,efcb778e,e4f13acd,1,0,1,0,
Serbia,77,64,4,e4f13acd,efcb778e,2809b390,1,0,1,0,
Serbia,78,64,4,2809b390,efcb778e,e4f13acd,0,0,0,0,
Serbia,79,65,4,e4f13acd,a2dd9236,2809b390,1,0,1,0,
Serbia,80,66,4,2809b390,a2dd9236,e4f13acd,1,0,1,0,
Serbia,81,66,4,e4f13acd,a2dd9236,2809b390,0,0,0,0,
Serbia,82,67,4,e4f13acd,a2dd9236,2809b390,1,0,1,0,
Serbia,83,68,4,2809b390,a2dd9236,e4f13acd,1,0,1,0,
Serbia,84,68,4,e4f13acd,a2dd9236,2809b390,0,0,0,0,
Serbia,85,72,4,2809b390,efcb778e,e4f13acd,4,0,4,0,
Serbia,86,73,4,2809b390,efcb778e,e4f13acd,1,0,1,0,
Serbia,87,74,4,e4f13acd,efcb778e,2809b390,1,0,1,0,
Serbia,88,74,4,2809b390,efcb778e,e4f13acd,0,0,0,0,
Serbia,89,75,4,2809b390,efcb778e,e4f13acd,1,0,1,0,
Serbia,90,76,4,e4f13acd,efcb778e,2809b390,1,0,1,0,
Serbia,91,77,4,e4f13acd,a2dd9236,2809b390,1,0,1,0,
Serbia,92,82,4,2809b390,a2dd9236,e4f13acd,0,5,5,0,
Serbia,93,82,5,2809b390,a2dd9236,e4f13acd,0,0,0,1,caught
Serbia,94,82,5,e4f13acd,a2dd9236,869f61bc,0,0,0,0,
Serbia,95,83,5,e4f13acd,a2dd9236,869f61bc,1,0,1,0,
Serbia,96,83,5,869f61bc,a2dd9236,e4f13acd,0,0,0,0,
Serbia,97,83,5,869f61bc,a2dd9236,e4f13acd,0,0,0,0,
Serbia,98,87,5,e4f13acd,3967b66f,869f61bc,4,0,4,0,
Serbia,99,87,6,e4f13acd,3967b66f,869f61bc,0,0,0,1,caught
Serbia,100,87,6,7f784eb8,3967b66f,869f61bc,0,0,0,0,
Serbia,101,87,7,7f784eb8,3967b66f,869f61bc,0,0,0,1,bowled
Serbia,102,87,7,3924b2ee,3967b66f,869f61bc,0,0,0,0,
Serbia,103,87,7,3924b2ee,3967b66f,869f61bc,0,0,0,0,
Serbia,104,87,7,869f61bc,6e60a792,3924b2ee,0,0,0,0,
Serbia,105,88,7,869f61bc,6e60a792,3924b2ee,1,0,1,0,
Serbia,106,88,7,3924b2ee,6e60a792,869f61bc,0,0,0,0,
Serbia,107,88,7,3924b2ee,6e60a792,869f61bc,0,0,0,0,
Serbia,108,88,7,3924b2ee,6e60a792,869f61bc,0,0,0,0,
Serbia,109,88,7,3924b2ee,6e60a792,869f61bc,0,0,0,0,
Serbia,110,88,7,869f61bc,dba54d8e,3924b2ee,0,0,0,0,
Serbia,111,89,7,869f61bc,dba54d8e,3924b2ee,1,0,1,0,
Serbia,112,89,7,3924b2ee,dba54d8e,869f61bc,0,0,0,0,
Serbia,113,90,7,3924b2ee,dba54d8e,869f61bc,1,0,1,0,
Serbia,114,90,7,869f61bc,dba54d8e,3924b2ee,0,0,0,0,
Serbia,115,90,7,869f61bc,dba54d8e,3924b2ee,0,0,0,0,
Serbia,116,91,7,3924b2ee,c90346a0,869f61bc,1,0,1,0,
Serbia,117,91,7,869f61bc,c90346a0,3924b2ee,0,0,0,0,
Serbia,118,92,7,869f61bc,c90346a0,3924b2ee,1,0,1,0,
Serbia,119,93,7,3924b2ee,c90346a0,869f61bc,1,0,1,0,
Serbia,120,93,7,869f61bc,c90346a0,3924b2ee,0,0,0,0,
Serbia,121,93,7,869f61bc,c90346a0,3924b2ee,0,0,0,0,
Serbia,122,94,7,3924b2ee,dba54d8e,869f61bc,1,0,1,0,
Serbia,123,95,7,869f61bc,dba54d8e,3924b2ee,1,0,1,0,
Serbia,124,96,7,3924b2ee,dba54d8e,869f61bc,1,0,1,0,
Serbia,125,96,7,869f61bc,dba54d8e,3924b2ee,0,0,0,0,
Serbia,126,97,7,869f61bc,dba54d8e,3924b2ee,1,0,1,0,
Serbia,127,97,7,3924b2ee,dba54d8e,869f61bc,0,0,0,0,
