batting_team,ball_number,total_team_runs,total_team_wickets,striker_ID,bowler_ID,nonstriker_ID,batter_runs,extras_runs,total_delivery_runs,wicket,wicket_type
Canterbury,1,0,0,45df0e72,2f9d0389,b42d5053,0,0,0,0,
Canterbury,2,0,0,45df0e72,2f9d0389,b42d5053,0,0,0,0,
Canterbury,3,0,0,45df0e72,2f9d0389,b42d5053,0,0,0,0,
Canterbury,4,3,0,45df0e72,2f9d0389,b42d5053,3,0,3,0,
Canterbury,5,3,0,b42d5053,2f9d0389,45df0e72,0,0,0,0,
Canterbury,6,3,0,b42d5053,2f9d0389,45df0e72,0,0,0,0,
Canterbury,7,4,0,45df0e72,79f5bc26,b42d5053,0,1,1,0,
Canterbury,8,5,0,45df0e72,79f5bc26,b42d5053,0,1,1,0,
Canterbury,9,5,0,45df0e72,79f5bc26,b42d5053,0,0,0,0,
Canterbury,10,6,0,45df0e72,79f5bc26,b42d5053,0,1,1,0,
Canterbury,11,7,0,45df0e72,79f5bc26,b42d5053,1,0,1,0,
Canterbury,12,9,0,b42d5053,79f5bc26,45df0e72,2,0,2,0,
Canterbury,13,9,0,b42d5053,79f5bc26,45df0e72,0,0,0,0,
Canterbury,14,10,0,b42d5053,79f5bc26,45df0e72,1,0,1,0,
Canterbury,15,10,0,45df0e72,79f5bc26,b42d5053,0,0,0,0,
Canterbury,16,10,0,b42d5053,2f9d0389,45df0e72,0,0,0,0,
Canterbury,17,10,0,b42d5053,2f9d0389,45df0e72,0,0,0,0,
Canterbury,18,10,0,b42d5053,2f9d0389,45df0e72,0,0,0,0,
Canterbury,19,14,0,b42d5053,2f9d0389,45df0e72,4,0,4,0,
Canterbury,20,16,0,b42d5053,2f9d0389,45df0e72,2,0,2,0,
Canterbury,21,17,0,b42d5053,2f9d0389,45df0e72,1,0,1,0,
Canterbury,22,21,0,b42d5053,79f5bc26,45df0e72,4,0,4,0,
Canterbury,23,24,0,b42d5053,79f5bc26,45df0e72,3,0,3,0,
Canterbury,24,30,0,45df0e72,79f5bc26,b42d5053,6,0,6,0,
Canterbury,25,34,0,45df0e72,79f5bc26,b42d5053,4,0,4,0,
Canterbury,26,35,0,45df0e72,79f5bc26,b42d5053,0,1,1,0,
Canterbury,27,35,0,45df0e72,79f5bc26,b42d5053,0,0,0,0,
Canterbury,28,36,0,45df0e72,79f5bc26,b42d5053,1,0,1,0,
Canterbury,29,40,0,45df0e72,fd9f43bb,b42d5053,4,0,4,0,
Canterbury,30,41,0,45df0e72,fd9f43bb,b42d5053,1,0,1,0,
Canterbury,31,41,0,b42d5053,fd9f43bb,45df0e72,0,0,0,0,
Canterbury,32,47,0,b42d5053,fd9f43bb,45df0e72,6,0,6,0,
Canterbury,33,48,0,b42d5053,fd9f43bb,45df0e72,1,0,1,0,
Canterbury,34,52,0,45df0e72,fd9f43bb,b42d5053,4,0,4,0,
Canterbury,35,53,0,b42d5053,2c1438ef,45df0e72,1,0,1,0,
Canterbury,36,57,0,45df0e72,2c1438ef,b42d5053,4,0,4,0,
Canterbury,37,57,0,45df0e72,2c1438ef,b42d5053,0,0,0,0,
Canterbury,38,61,0,45df0e72,2c1438ef,b42d5053,4,0,4,0,
Canterbury,39,67,0,45df0e72,2c1438ef,b42d5053,6,0,6,0,
Canterbury,40,67,0,45df0e72,2c1438ef,b42d5053,0,0,0,0,
Canterbury,41,71,0,b42d5053,321be7e3,45df0e72,4,0,4,0,
Canterbury,42,72,1,b42d5053,321be7e3,45df0e72,1,0,1,1,run out
Canterbury,43,72,1,dfb51f40,321be7e3,45df0e72,0,0,0,0,
Canterbury,44,73,1,dfb51f40,321be7e3,45df0e72,1,0,1,0,
Canterbury,45,74,1,45df0e72,321be7e3,dfb51f40,1,0,1,0,
Canterbury,46,75,1,dfb51f40,321be7e3,45df0e72,1,0,1,0,
Canterbury,47,75,1,dfb51f40,2c1438ef,45df0e72,0,0,0,0,
Canterbury,48,76,1,dfb51f40,2c1438ef,45df0e72,1,0,1,0,
Canterbury,49,80,1,45df0e72,2c1438ef,dfb51f40,4,0,4,0,
Canterbury,50,82,1,45df0e72,2c1438ef,dfb51f40,2,0,2,0,
Canterbury,51,83,1,45df0e72,2c1438ef,dfb51f40,1,0,1,0,
Canterbury,52,83,1,dfb51f40,2c1438ef,45df0e72,0,0,0,0,
Canterbury,53,84,1,45df0e72,321be7e3,dfb51f40,0,1,1,0,
Canterbury,54,85,1,45df0e72,321be7e3,dfb51f40,1,0,1,0,
Canterbury,55,85,1,dfb51f40,321be7e3,45df0e72,0,0,0,0,
Canterbury,56,85,1,dfb51f40,321be7e3,45df0e72,0,0,0,0,
Canterbury,57,86,1,dfb51f40,321be7e3,45df0e72,1,0,1,0,
Canterbury,58,87,1,45df0e72,321be7e3,dfb51f40,1,0,1,0,
Canterbury,59,88,1,dfb51f40,321be7e3,45df0e72,1,0,1,0,
Canterbury,60,89,1,dfb51f40,fd9f43bb,45df0e72,1,0,1,0,
Canterbury,61,90,1,45df0e72,fd9f43bb,dfb51f40,0,1,1,0,
Canterbury,62,91,1,45df0e72,fd9f43bb,dfb51f40,1,0,1,0,
Canterbury,63,95,1,dfb51f40,fd9f43bb,45df0e72,4,0,4,0,
Canterbury,64,95,2,dfb51f40,fd9f43bb,45df0e72,0,0,0,1,caught
Canterbury,65,96,2,d285acaf,fd9f43bb,45df0e72,1,0,1,0,
Canterbury,66,97,2,45df0e72,fd9f43bb,d285acaf,1,0,1,0,
Canterbury,67,98,2,45df0e72,321be7e3,d285acaf,1,0,1,0,
Canterbury,68,99,2,d285acaf,321be7e3,45df0e72,1,0,1,0,
Canterbury,69,99,3,45df0e72,321be7e3,d285acaf,0,0,0,1,caught
Canterbury,70,100,3,4af9f5d4,321be7e3,d285acaf,1,0,1,0,
Canterbury,71,100,3,d285acaf,321be7e3,4af9f5d4,0,0,0,0,
Canterbury,72,101,3,d285acaf,321be7e3,4af9f5d4,1,0,1,0,
Canterbury,73,101,3,d285acaf,7fa12533,4af9f5d4,0,0,0,0,
Canterbury,74,102,3,d285acaf,7fa12533,4af9f5d4,1,0,1,0,
Canterbury,75,103,3,4af9f5d4,7fa12533,d285acaf,1,0,1,0,
Canterbury,76,103,3,d285acaf,7fa12533,4af9f5d4,0,0,0,0,
Canterbury,77,106,3,d285acaf,7fa12533,4af9f5d4,3,0,3,0,
Canterbury,78,106,3,4af9f5d4,7fa12533,d285acaf,0,0,0,0,
Canterbury,79,112,3,d285acaf,2f9d0389,4af9f5d4,6,0,6,0,
Canterbury,80,113,3,d285acaf,2f9d0389,4af9f5d4,1,0,1,0,
Canterbury,81,113,3,4af9f5d4,2f9d0389,d285acaf,0,0,0,0,
Canterbury,82,113,3,4af9f5d4,2f9d0389,d285acaf,0,0,0,0,
Canterbury,83,117,3,4af9f5d4,2f9d0389,d285acaf,4,0,4,0,
Canterbury,84,118,3,4af9f5d4,2f9d0389,d285acaf,1,0,1,0,
Canterbury,85,119,3,4af9f5d4,7fa12533,d285acaf,1,0,1,0,
Canterbury,86,121,3,d285acaf,7fa12533,4af9f5d4,2,0,2,0,
Canterbury,87,123,3,d285acaf,7fa12533,4af9f5d4,2,0,2,0,
Canterbury,88,123,4,d285acaf,7fa12533,4af9f5d4,0,0,0,1,caught
Canterbury,89,124,4,732f711b,7fa12533,4af9f5d4,1,0,1,0,
Canterbury,90,125,4,4af9f5d4,7fa12533,732f711b,1,0,1,0,
Canterbury,91,126,4,4af9f5d4,321be7e3,732f711b,1,0,1,0,
Canterbury,92,126,5,732f711b,321be7e3,4af9f5d4,0,0,0,1,caught
Canterbury,93,127,5,5426de63,321be7e3,4af9f5d4,1,0,1,0,
Canterbury,94,128,5,4af9f5d4,321be7e3,5426de63,1,0,1,0,
Canterbury,95,129,5,5426de63,321be7e3,4af9f5d4,1,0,1,0,
Canterbury,96,129,5,4af9f5d4,321be7e3,5426de63,0,0,0,0,
Canterbury,97,130,5,5426de63,7fa12533,4af9f5d4,1,0,1,0,
Canterbury,98,130,6,4af9f5d4,7fa12533,5426de63,0,0,0,1,caught
Canterbury,99,131,6,b53136ce,7fa12533,5426de63,1,0,1,0,
Canterbury,100,131,6,5426de63,7fa12533,b53136ce,0,0,0,0,
Canterbury,101,131,6,5426de63,7fa12533,b53136ce,0,0,0,0,
Canterbury,102,132,6,5426de63,7fa12533,b53136ce,1,0,1,0,
Canterbury,103,132,6,5426de63,79f5bc26,b53136ce,0,0,0,0,
Canterbury,104,133,6,5426de63,79f5bc26,b53136ce,1,0,1,0,
Canterbury,105,134,6,b53136ce,79f5bc26,5426de63,1,0,1,0,
Canterbury,106,134,6,5426de63,79f5bc26,b53136ce,0,0,0,0,
Canterbury,107,134,6,5426de63,79f5bc26,b53136ce,0,0,0,0,
Canterbury,108,134,7,5426de63,79f5bc26,b53136ce,0,0,0,1,bowled
Canterbury,109,134,7,b53136ce,fd9f43bb,383dd431,0,0,0,0,
Canterbury,110,134,7,b53136ce,fd9f43bb,383dd431,0,0,0,0,
Canterbury,111,135,7,b53136ce,fd9f43bb,383dd431,1,0,1,0,
Canterbury,112,135,7,383dd431,fd9f43bb,b53136ce,0,0,0,0,
Canterbury,113,137,7,383dd431,fd9f43bb,b53136ce,2,0,2,0,
Canterbury,114,137,7,383dd431,fd9f43bb,b53136ce,0,0,0,0,
Canterbury,115,137,8,b53136ce,79f5bc26,383dd431,0,0,0,1,caught
Canterbury,116,137,8,cb9b8664,79f5bc26,383dd431,0,0,0,0,
Canterbury,117,138,8,cb9b8664,79f5bc26,383dd431,1,0,1,0,
Canterbury,118,138,9,383dd431,79f5bc26,cb9b8664,0,0,0,1,bowled
Canterbury,119,139,9,c9bb898a,79f5bc26,cb9b8664,1,0,1,0,
Canterbury,120,140,9,cb9b8664,79f5bc26,c9bb898a,1,0,1,0,
Canterbury,121,142,9,cb9b8664,2f9d0389,c9bb898a,2,0,2,0,
Canterbury,122,143,9,cb9b8664,2f9d0389,c9bb898a,1,0,1,0,
Canterbury,123,143,9,c9bb898a,2f9d0389,cb9b8664,0,0,0,0,
Canterbury,124,143,9,c9bb898a,2f9d0389,cb9b8664,0,0,0,0,
Canterbury,125,143,9,c9bb898a,2f9d0389,cb9b8664,0,0,0,0,
Canterbury,126,147,9,c9bb898a,2f9d0389,cb9b8664,4,0,4,0,
Auckland,1,1,0,51a36d3e,5426de63,b699df47,1,0,1,0,
Auckland,2,1,1,b699df47,5426de63,51a36d3e,0,0,0,1,caught
Auckland,3,1,1,7fa12533,5426de63,51a36d3e,0,0,0,0,
Auckland,4,1,1,7fa12533,5426de63,51a36d3e,0,0,0,0,
Auckland,5,2,1,7fa12533,5426de63,51a36d3e,1,0,1,0,
Auckland,6,3,1,51a36d3e,5426de63,7fa12533,1,0,1,0,
Auckland,7,3,1,51a36d3e,d285acaf,7fa12533,0,0,0,0,
Auckland,8,3,1,51a36d3e,d285acaf,7fa12533,0,0,0,0,
Auckland,9,3,1,51a36d3e,d285acaf,7fa12533,0,0,0,0,
Auckland,10,4,1,51a36d3e,d285acaf,7fa12533,1,0,1,0,
Auckland,11,4,1,7fa12533,d285acaf,51a36d3e,0,0,0,0,
Auckland,12,5,1,7fa12533,d285acaf,51a36d3e,1,0,1,0,
Auckland,13,5,1,7fa12533,5426de63,51a36d3e,0,0,0,0,
Auckland,14,9,1,7fa12533,5426de63,51a36d3e,4,0,4,0,
Auckland,15,9,2,7fa12533,5426de63,51a36d3e,0,0,0,1,caught
Auckland,16,9,2,6c3dd24e,5426de63,51a36d3e,0,0,0,0,
Auckland,17,9,2,6c3dd24e,5426de63,51a36d3e,0,0,0,0,
Auckland,18,9,2,6c3dd24e,5426de63,51a36d3e,0,0,0,0,
Auckland,19,9,2,51a36d3e,c9bb898a,6c3dd24e,0,0,0,0,
Auckland,20,12,2,51a36d3e,c9bb898a,6c3dd24e,3,0,3,0,
Auckland,21,14,2,6c3dd24e,c9bb898a,51a36d3e,2,0,2,0,
Auckland,22,14,2,6c3dd24e,c9bb898a,51a36d3e,0,0,0,0,
Auckland,23,16,2,6c3dd24e,c9bb898a,51a36d3e,2,0,2,0,
Auckland,24,20,2,6c3dd24e,c9bb898a,51a36d3e,4,0,4,0,
Auckland,25,21,2,51a36d3e,cb9b8664,6c3dd24e,1,0,1,0,
Auckland,26,23,2,6c3dd24e,cb9b8664,51a36d3e,2,0,2,0,
Auckland,27,23,2,6c3dd24e,cb9b8664,51a36d3e,0,0,0,0,
Auckland,28,24,2,6c3dd24e,cb9b8664,51a36d3e,0,1,1,0,
Auckland,29,25,2,51a36d3e,cb9b8664,6c3dd24e,1,0,1,0,
Auckland,30,25,2,6c3dd24e,cb9b8664,51a36d3e,0,0,0,0,
Auckland,31,25,2,51a36d3e,b53136ce,6c3dd24e,0,0,0,0,
Auckland,32,29,2,51a36d3e,b53136ce,6c3dd24e,4,0,4,0,
Auckland,33,29,2,51a36d3e,b53136ce,6c3dd24e,0,0,0,0,
Auckland,34,29,2,51a36d3e,b53136ce,6c3dd24e,0,0,0,0,
Auckland,35,29,3,51a36d3e,b53136ce,6c3dd24e,0,0,0,1,caught
Auckland,36,30,3,730b57de,b53136ce,6c3dd24e,1,0,1,0,
Auckland,37,31,3,730b57de,383dd431,6c3dd24e,1,0,1,0,
Auckland,38,31,3,6c3dd24e,383dd431,730b57de,0,0,0,0,
Auckland,39,33,3,6c3dd24e,383dd431,730b57de,2,0,2,0,
Auckland,40,33,3,6c3dd24e,383dd431,730b57de,0,0,0,0,
Auckland,41,34,3,6c3dd24e,383dd431,730b57de,1,0,1,0,
Auckland,42,35,3,730b57de,383dd431,6c3dd24e,1,0,1,0,
Auckland,43,35,3,730b57de,d285acaf,6c3dd24e,0,0,0,0,
Auckland,44,35,3,730b57de,d285acaf,6c3dd24e,0,0,0,0,
Auckland,45,36,3,730b57de,d285acaf,6c3dd24e,1,0,1,0,
Auckland,46,38,3,6c3dd24e,d285acaf,730b57de,2,0,2,0,
Auckland,47,39,3,6c3dd24e,d285acaf,730b57de,1,0,1,0,
Auckland,48,40,3,730b57de,d285acaf,6c3dd24e,1,0,1,0,
Auckland,49,41,3,730b57de,383dd431,6c3dd24e,1,0,1,0,
Auckland,50,41,4,6c3dd24e,383dd431,730b57de,0,0,0,1,caught
Auckland,51,41,4,fd9f43bb,383dd431,730b57de,0,0,0,0,
Auckland,52,42,4,fd9f43bb,383dd431,730b57de,1,0,1,0,
Auckland,53,43,4,730b57de,383dd431,fd9f43bb,1,0,1,0,
Auckland,54,44,4,fd9f43bb,383dd431,730b57de,1,0,1,0,
Auckland,55,44,4,fd9f43bb,d285acaf,730b57de,0,0,0,0,
Auckland,56,45,4,fd9f43bb,d285acaf,730b57de,1,0,1,0,
Auckland,57,45,4,730b57de,d285acaf,fd9f43bb,0,0,0,0,
Auckland,58,45,4,730b57de,d285acaf,fd9f43bb,0,0,0,0,
Auckland,59,46,4,730b57de,d285acaf,fd9f43bb,1,0,1,0,
Auckland,60,47,4,fd9f43bb,d285acaf,730b57de,1,0,1,0,
Auckland,61,49,4,fd9f43bb,b42d5053,730b57de,2,0,2,0,
Auckland,62,50,4,fd9f43bb,b42d5053,730b57de,1,0,1,0,
Auckland,63,50,4,730b57de,b42d5053,fd9f43bb,0,0,0,0,
Auckland,64,56,4,730b57de,b42d5053,fd9f43bb,6,0,6,0,
Auckland,65,56,4,730b57de,b42d5053,fd9f43bb,0,0,0,0,
Auckland,66,56,4,730b57de,b42d5053,fd9f43bb,0,0,0,0,
Auckland,67,57,4,fd9f43bb,d285acaf,730b57de,1,0,1,0,
Auckland,68,58,4,730b57de,d285acaf,fd9f43bb,1,0,1,0,
Auckland,69,64,4,fd9f43bb,d285acaf,730b57de,6,0,6,0,
Auckland,70,65,4,fd9f43bb,d285acaf,730b57de,1,0,1,0,
Auckland,71,66,4,730b57de,d285acaf,fd9f43bb,1,0,1,0,
Auckland,72,72,4,fd9f43bb,d285acaf,730b57de,6,0,6,0,
Auckland,73,72,4,730b57de,383dd431,fd9f43bb,0,0,0,0,
Auckland,74,73,4,730b57de,383dd431,fd9f43bb,1,0,1,0,
Auckland,75,75,4,fd9f43bb,383dd431,730b57de,2,0,2,0,
Auckland,76,75,4,fd9f43bb,383dd431,730b57de,0,0,0,0,
Auckland,77,75,4,fd9f43bb,383dd431,730b57de,0,0,0,0,
Auckland,78,77,4,fd9f43bb,383dd431,730b57de,2,0,2,0,
Auckland,79,77,4,730b57de,cb9b8664,fd9f43bb,0,0,0,0,
Auckland,80,77,4,730b57de,cb9b8664,fd9f43bb,0,0,0,0,
Auckland,81,77,5,730b57de,cb9b8664,fd9f43bb,0,0,0,1,lbw
Auckland,82,77,5,5d99a16a,cb9b8664,fd9f43bb,0,0,0,0,
Auckland,83,77,5,5d99a16a,cb9b8664,fd9f43bb,0,0,0,0,
Auckland,84,78,5,5d99a16a,cb9b8664,fd9f43bb,1,0,1,0,
Auckland,85,79,5,5d99a16a,383dd431,fd9f43bb,1,0,1,0,
Auckland,86,80,5,fd9f43bb,383dd431,5d99a16a,1,0,1,0,
Auckland,87,84,5,5d99a16a,383dd431,fd9f43bb,4,0,4,0,
Auckland,88,84,5,5d99a16a,383dd431,fd9f43bb,0,0,0,0,
Auckland,89,86,5,5d99a16a,383dd431,fd9f43bb,2,0,2,0,
Auckland,90,87,5,5d99a16a,383dd431,fd9f43bb,1,0,1,0,
Auckland,91,88,5,5d99a16a,cb9b8664,fd9f43bb,1,0,1,0,
Auckland,92,89,5,fd9f43bb,cb9b8664,5d99a16a,1,0,1,0,
Auckland,93,93,5,5d99a16a,cb9b8664,fd9f43bb,4,0,4,0,
Auckland,94,97,5,5d99a16a,cb9b8664,fd9f43bb,4,0,4,0,
Auckland,95,101,5,5d99a16a,cb9b8664,fd9f43bb,4,0,4,0,
Auckland,96,102,5,5d99a16a,cb9b8664,fd9f43bb,1,0,1,0,
Auckland,97,103,5,5d99a16a,b53136ce,fd9f43bb,0,1,1,0,
Auckland,98,104,5,5d99a16a,b53136ce,fd9f43bb,1,0,1,0,
Auckland,99,105,5,fd9f43bb,b53136ce,5d99a16a,1,0,1,0,
Auckland,100,112,5,5d99a16a,b53136ce,fd9f43bb,6,1,7,0,
Auckland,101,113,5,5d99a16a,b53136ce,fd9f43bb,1,0,1,0,
Auckland,102,114,5,fd9f43bb,b53136ce,5d99a16a,1,0,1,0,
Auckland,103,114,5,5d99a16a,b53136ce,fd9f43bb,0,0,0,0,
Auckland,104,118,5,5d99a16a,b53136ce,fd9f43bb,4,0,4,0,
Auckland,105,119,5,fd9f43bb,5426de63,5d99a16a,0,1,1,0,
Auckland,106,120,5,fd9f43bb,5426de63,5d99a16a,1,0,1,0,
Auckland,107,124,5,5d99a16a,5426de63,fd9f43bb,4,0,4,0,
Auckland,108,128,5,5d99a16a,5426de63,fd9f43bb,4,0,4,0,
Auckland,109,129,5,5d99a16a,5426de63,fd9f43bb,1,0,1,0,
Auckland,110,131,5,fd9f43bb,5426de63,5d99a16a,2,0,2,0,
Auckland,111,131,5,fd9f43bb,5426de63,5d99a16a,0,0,0,0,
Auckland,112,137,5,5d99a16a,b53136ce,fd9f43bb,6,0,6,0,
Auckland,113,140,5,5d99a16a,b53136ce,fd9f43bb,3,0,3,0,
Auckland,114,141,5,fd9f43bb,b53136ce,5d99a16a,1,0,1,0,
Auckland,115,142,5,5d99a16a,b53136ce,fd9f43bb,1,0,1,0,
Auckland,116,142,6,fd9f43bb,b53136ce,5d99a16a,0,0,0,1,caught
Auckland,117,145,6,2c1438ef,b53136ce,5d99a16a,3,0,3,0,
Auckland,118,145,6,2c1438ef,5426de63,5d99a16a,0,0,0,0,
Auckland,119,145,6,2c1438ef,5426de63,5d99a16a,0,0,0,0,
Auckland,120,149,6,2c1438ef,5426de63,5d99a16a,4,0,4,0,
