batting_team,ball_number,total_team_runs,total_team_wickets,striker_ID,bowler_ID,nonstriker_ID,batter_runs,extras_runs,total_delivery_runs,wicket,wicket_type
Canada,1,6,0,7c840f73,a968d39b,da4a1e46,6,0,6,0,
Canada,2,7,0,7c840f73,a968d39b,da4a1e46,1,0,1,0,
Canada,3,8,0,da4a1e46,a968d39b,7c840f73,0,1,1,0,
Canada,4,8,0,da4a1e46,a968d39b,7c840f73,0,0,0,0,
Canada,5,9,0,da4a1e46,a968d39b,7c840f73,1,0,1,0,
Canada,6,13,0,7c840f73,a968d39b,da4a1e46,4,0,4,0,
Canada,7,13,0,7c840f73,a968d39b,da4a1e46,0,0,0,0,
Canada,8,13,0,da4a1e46,c46999c7,7c840f73,0,0,0,0,
Canada,9,13,0,da4a1e46,c46999c7,7c840f73,0,0,0,0,
Canada,10,14,0,da4a1e46,c46999c7,7c840f73,1,0,1,0,
Canada,11,15,0,7c840f73,c46999c7,da4a1e46,1,0,1,0,
Canada,12,15,0,da4a1e46,c46999c7,7c840f73,0,0,0,0,
Canada,13,15,0,da4a1e46,c46999c7,7c840f73,0,0,0,0,
Canada,14,19,0,7c840f73,a968d39b,da4a1e46,4,0,4,0,
Canada,15,19,0,7c840f73,a968d39b,da4a1e46,0,0,0,0,
Canada,16,23,0,7c840f73,a968d39b,da4a1e46,4,0,4,0,
Canada,17,24,0,7c840f73,a968d39b,da4a1e46,1,0,1,0,
Canada,18,24,0,da4a1e46,a968d39b,7c840f73,0,0,0,0,
Canada,19,25,0,da4a1e46,a968d39b,7c840f73,1,0,1,0,
Canada,20,25,0,da4a1e46,c46999c7,7c840f73,0,0,0,0,
Canada,21,26,0,da4a1e46,c46999c7,7c840f73,1,0,1,0,
Canada,22,27,0,7c840f73,c46999c7,da4a1e46,1,0,1,0,
Canada,23,27,0,da4a1e46,c46999c7,7c840f73,0,0,0,0,
Canada,24,27,0,da4a1e46,c46999c7,7c840f73,0,0,0,0,
Canada,25,33,0,da4a1e46,c46999c7,7c840f73,6,0,6,0,
Canada,26,33,0,7c840f73,65a29a30,da4a1e46,0,0,0,0,
Canada,27,33,0,7c840f73,65a29a30,da4a1e46,0,0,0,0,
Canada,28,34,0,7c840f73,65a29a30,da4a1e46,1,0,1,0,
Canada,29,36,0,da4a1e46,65a29a30,7c840f73,2,0,2,0,
Canada,30,40,0,da4a1e46,65a29a30,7c840f73,4,0,4,0,
Canada,31,46,0,da4a1e46,65a29a30,7c840f73,6,0,6,0,
Canada,32,50,0,7c840f73,b978780e,da4a1e46,0,4,4,0,
Canada,33,54,0,7c840f73,b978780e,da4a1e46,4,0,4,0,
Canada,34,55,0,7c840f73,b978780e,da4a1e46,1,0,1,0,
Canada,35,56,0,da4a1e46,b978780e,7c840f73,0,1,1,0,
Canada,36,60,0,da4a1e46,b978780e,7c840f73,4,0,4,0,
Canada,37,60,0,da4a1e46,b978780e,7c840f73,0,0,0,0,
Canada,38,64,0,da4a1e46,b978780e,7c840f73,4,0,4,0,
Canada,39,68,0,7c840f73,65a29a30,da4a1e46,4,0,4,0,
Canada,40,69,0,7c840f73,65a29a30,da4a1e46,1,0,1,0,
Canada,41,70,0,da4a1e46,65a29a30,7c840f73,1,0,1,0,
Canada,42,71,0,7c840f73,65a29a30,da4a1e46,1,0,1,0,
Canada,43,71,0,da4a1e46,65a29a30,7c840f73,0,0,0,0,
Canada,44,75,0,da4a1e46,65a29a30,7c840f73,4,0,4,0,
Canada,45,76,0,7c840f73,0ba9de33,da4a1e46,0,1,1,0,
Canada,46,76,0,da4a1e46,0ba9de33,7c840f73,0,0,0,0,
Canada,47,76,0,da4a1e46,0ba9de33,7c840f73,0,0,0,0,
Canada,48,77,0,da4a1e46,0ba9de33,7c840f73,1,0,1,0,
Canada,49,78,0,7c840f73,0ba9de33,da4a1e46,1,0,1,0,
Canada,50,79,0,da4a1e46,0ba9de33,7c840f73,1,0,1,0,
Canada,51,79,0,da4a1e46,b6a85ead,7c840f73,0,0,0,0,
Canada,52,80,0,da4a1e46,b6a85ead,7c840f73,1,0,1,0,
Canada,53,80,0,7c840f73,b6a85ead,da4a1e46,0,0,0,0,
Canada,54,80,0,7c840f73,b6a85ead,da4a1e46,0,0,0,0,
Canada,55,80,0,7c840f73,b6a85ead,da4a1e46,0,0,0,0,
Canada,56,81,0,7c840f73,b6a85ead,da4a1e46,1,0,1,0,
Canada,57,85,0,7c840f73,0ba9de33,da4a1e46,4,0,4,0,
Canada,58,87,0,7c840f73,0ba9de33,da4a1e46,2,0,2,0,
Canada,59,88,0,7c840f73,0ba9de33,da4a1e46,1,0,1,0,
Canada,60,89,0,da4a1e46,0ba9de33,7c840f73,1,0,1,0,
Canada,61,93,0,7c840f73,0ba9de33,da4a1e46,4,0,4,0,
Canada,62,94,0,7c840f73,0ba9de33,da4a1e46,1,0,1,0,
Canada,63,95,0,7c840f73,b6a85ead,da4a1e46,1,0,1,0,
Canada,64,101,0,da4a1e46,b6a85ead,7c840f73,6,0,6,0,
Canada,65,102,0,da4a1e46,b6a85ead,7c840f73,0,1,1,0,
Canada,66,103,0,7c840f73,b6a85ead,da4a1e46,1,0,1,0,
Canada,67,104,0,da4a1e46,b6a85ead,7c840f73,1,0,1,0,
Canada,68,110,0,7c840f73,b6a85ead,da4a1e46,6,0,6,0,
Canada,69,114,0,da4a1e46,c46999c7,7c840f73,4,0,4,0,
Canada,70,115,0,da4a1e46,c46999c7,7c840f73,1,0,1,0,
Canada,71,117,0,7c840f73,c46999c7,da4a1e46,2,0,2,0,
Canada,72,121,0,7c840f73,c46999c7,da4a1e46,4,0,4,0,
Canada,73,122,0,7c840f73,c46999c7,da4a1e46,1,0,1,0,
Canada,74,126,0,da4a1e46,c46999c7,7c840f73,4,0,4,0,
Canada,75,127,0,7c840f73,a968d39b,da4a1e46,1,0,1,0,
Canada,76,129,0,da4a1e46,a968d39b,7c840f73,2,0,2,0,
Canada,77,129,0,da4a1e46,a968d39b,7c840f73,0,0,0,0,
Canada,78,130,0,da4a1e46,a968d39b,7c840f73,1,0,1,0,
Canada,79,131,0,7c840f73,a968d39b,da4a1e46,1,0,1,0,
Canada,80,131,0,da4a1e46,a968d39b,7c840f73,0,0,0,0,
Canada,81,132,0,7c840f73,65a29a30,da4a1e46,1,0,1,0,
Canada,82,134,0,da4a1e46,65a29a30,7c840f73,2,0,2,0,
Canada,83,136,0,da4a1e46,65a29a30,7c840f73,2,0,2,0,
Canada,84,136,0,da4a1e46,65a29a30,7c840f73,0,0,0,0,
Canada,85,137,0,da4a1e46,65a29a30,7c840f73,1,0,1,0,
Canada,86,138,0,7c840f73,65a29a30,da4a1e46,1,0,1,0,
Canada,87,142,0,7c840f73,0ba9de33,da4a1e46,4,0,4,0,
Canada,88,143,0,7c840f73,0ba9de33,da4a1e46,1,0,1,0,
Canada,89,147,0,da4a1e46,0ba9de33,7c840f73,4,0,4,0,
Canada,90,147,0,da4a1e46,0ba9de33,7c840f73,0,0,0,0,
Canada,91,148,0,da4a1e46,0ba9de33,7c840f73,1,0,1,0,
Canada,92,149,0,7c840f73,0ba9de33,da4a1e46,1,0,1,0,
Canada,93,149,1,7c840f73,65a29a30,da4a1e46,0,0,0,1,caught
Canada,94,153,1,da4a1e46,65a29a30,cbabd6ad,4,0,4,0,
Canada,95,154,1,da4a1e46,65a29a30,cbabd6ad,1,0,1,0,
Canada,96,156,1,cbabd6ad,65a29a30,da4a1e46,2,0,2,0,
Canada,97,157,1,cbabd6ad,65a29a30,da4a1e46,1,0,1,0,
Canada,98,158,1,da4a1e46,65a29a30,cbabd6ad,1,0,1,0,
Canada,99,159,1,da4a1e46,0ba9de33,cbabd6ad,1,0,1,0,
Canada,100,160,1,cbabd6ad,0ba9de33,da4a1e46,1,0,1,0,
Canada,101,164,1,da4a1e46,0ba9de33,cbabd6ad,4,0,4,0,
Canada,102,168,1,da4a1e46,0ba9de33,cbabd6ad,4,0,4,0,
Canada,103,168,1,da4a1e46,0ba9de33,cbabd6ad,0,0,0,0,
Canada,104,172,1,da4a1e46,0ba9de33,cbabd6ad,4,0,4,0,
Canada,105,178,1,cbabd6ad,b6a85ead,da4a1e46,6,0,6,0,
Canada,106,178,1,cbabd6ad,b6a85ead,da4a1e46,0,0,0,0,
Canada,107,184,1,cbabd6ad,b6a85ead,da4a1e46,6,0,6,0,
Canada,108,185,1,cbabd6ad,b6a85ead,da4a1e46,1,0,1,0,
Canada,109,189,1,da4a1e46,b6a85ead,cbabd6ad,4,0,4,0,
Canada,110,190,1,da4a1e46,b6a85ead,cbabd6ad,1,0,1,0,
Canada,111,191,1,da4a1e46,c46999c7,cbabd6ad,1,0,1,0,
Canada,112,192,1,cbabd6ad,c46999c7,da4a1e46,1,0,1,0,
Canada,113,194,1,da4a1e46,c46999c7,cbabd6ad,2,0,2,0,
Canada,114,194,1,da4a1e46,c46999c7,cbabd6ad,0,0,0,0,
Canada,115,196,1,da4a1e46,c46999c7,cbabd6ad,2,0,2,0,
Canada,116,196,1,da4a1e46,c46999c7,cbabd6ad,0,0,0,0,
Canada,117,197,1,cbabd6ad,a968d39b,da4a1e46,1,0,1,0,
Canada,118,201,1,da4a1e46,a968d39b,cbabd6ad,4,0,4,0,
Canada,119,205,1,da4a1e46,a968d39b,cbabd6ad,4,0,4,0,
Canada,120,208,1,da4a1e46,a968d39b,cbabd6ad,2,1,3,0,
Canada,121,209,1,da4a1e46,a968d39b,cbabd6ad,1,0,1,0,
Canada,122,215,1,cbabd6ad,a968d39b,da4a1e46,6,0,6,0,
Canada,123,216,1,cbabd6ad,a968d39b,da4a1e46,1,0,1,0,
Philippines,1,0,0,f8648b9b,14810ee7,d4e70d7c,0,0,0,0,
Philippines,2,0,0,f8648b9b,14810ee7,d4e70d7c,0,0,0,0,
Philippines,3,0,0,f8648b9b,14810ee7,d4e70d7c,0,0,0,0,
Philippines,4,0,0,f8648b9b,14810ee7,d4e70d7c,0,0,0,0,
Philippines,5,0,1,f8648b9b,14810ee7,d4e70d7c,0,0,0,1,bowled
Philippines,6,0,1,5481bd91,14810ee7,d4e70d7c,0,0,0,0,
Philippines,7,0,1,d4e70d7c,9025e58f,5481bd91,0,0,0,0,
Philippines,8,1,1,d4e70d7c,9025e58f,5481bd91,1,0,1,0,
Philippines,9,1,2,5481bd91,9025e58f,d4e70d7c,0,0,0,1,lbw
Philippines,10,1,2,a968d39b,9025e58f,d4e70d7c,0,0,0,0,
Philippines,11,5,2,a968d39b,9025e58f,d4e70d7c,4,0,4,0,
Philippines,12,5,2,a968d39b,9025e58f,d4e70d7c,0,0,0,0,
Philippines,13,5,2,d4e70d7c,14810ee7,a968d39b,0,0,0,0,
Philippines,14,5,2,d4e70d7c,14810ee7,a968d39b,0,0,0,0,
Philippines,15,5,2,d4e70d7c,14810ee7,a968d39b,0,0,0,0,
Philippines,16,6,2,d4e70d7c,14810ee7,a968d39b,1,0,1,0,
Philippines,17,10,2,a968d39b,14810ee7,d4e70d7c,4,0,4,0,
Philippines,18,14,2,a968d39b,14810ee7,d4e70d7c,0,4,4,0,
Philippines,19,14,2,d4e70d7c,9025e58f,a968d39b,0,0,0,0,
Philippines,20,14,2,d4e70d7c,9025e58f,a968d39b,0,0,0,0,
Philippines,21,15,2,d4e70d7c,9025e58f,a968d39b,1,0,1,0,
Philippines,22,16,2,a968d39b,9025e58f,d4e70d7c,1,0,1,0,
Philippines,23,17,2,d4e70d7c,9025e58f,a968d39b,1,0,1,0,
Philippines,24,18,2,a968d39b,9025e58f,d4e70d7c,1,0,1,0,
Philippines,25,19,2,a968d39b,14810ee7,d4e70d7c,1,0,1,0,
Philippines,26,20,2,d4e70d7c,14810ee7,a968d39b,1,0,1,0,
Philippines,27,21,2,a968d39b,14810ee7,d4e70d7c,1,0,1,0,
Philippines,28,21,2,d4e70d7c,14810ee7,a968d39b,0,0,0,0,
Philippines,29,21,2,d4e70d7c,14810ee7,a968d39b,0,0,0,0,
Philippines,30,21,2,d4e70d7c,14810ee7,a968d39b,0,0,0,0,
Philippines,31,21,2,a968d39b,f28a60e0,d4e70d7c,0,0,0,0,
Philippines,32,22,2,a968d39b,f28a60e0,d4e70d7c,1,0,1,0,
Philippines,33,22,2,d4e70d7c,f28a60e0,a968d39b,0,0,0,0,
Philippines,34,22,2,d4e70d7c,f28a60e0,a968d39b,0,0,0,0,
Philippines,35,22,2,d4e70d7c,f28a60e0,a968d39b,0,0,0,0,
Philippines,36,22,2,d4e70d7c,f28a60e0,a968d39b,0,0,0,0,
Philippines,37,23,2,a968d39b,f8c72766,d4e70d7c,1,0,1,0,
Philippines,38,24,2,d4e70d7c,f8c72766,a968d39b,0,1,1,0,
Philippines,39,24,2,d4e70d7c,f8c72766,a968d39b,0,0,0,0,
Philippines,40,24,2,d4e70d7c,f8c72766,a968d39b,0,0,0,0,
Philippines,41,25,2,d4e70d7c,f8c72766,a968d39b,0,1,1,0,
Philippines,42,25,2,d4e70d7c,f8c72766,a968d39b,0,0,0,0,
Philippines,43,25,2,d4e70d7c,f8c72766,a968d39b,0,0,0,0,
Philippines,44,29,2,d4e70d7c,f8c72766,a968d39b,4,0,4,0,
Philippines,45,30,2,a968d39b,f28a60e0,d4e70d7c,1,0,1,0,
Philippines,46,31,2,d4e70d7c,f28a60e0,a968d39b,1,0,1,0,
Philippines,47,31,2,a968d39b,f28a60e0,d4e70d7c,0,0,0,0,
Philippines,48,31,2,a968d39b,f28a60e0,d4e70d7c,0,0,0,0,
Philippines,49,32,2,a968d39b,f28a60e0,d4e70d7c,1,0,1,0,
Philippines,50,33,2,d4e70d7c,f28a60e0,a968d39b,1,0,1,0,
Philippines,51,33,2,d4e70d7c,f8c72766,a968d39b,0,0,0,0,
Philippines,52,33,2,d4e70d7c,f8c72766,a968d39b,0,0,0,0,
Philippines,53,33,2,d4e70d7c,f8c72766,a968d39b,0,0,0,0,
Philippines,54,33,2,d4e70d7c,f8c72766,a968d39b,0,0,0,0,
Philippines,55,39,2,d4e70d7c,f8c72766,a968d39b,6,0,6,0,
Philippines,56,40,2,d4e70d7c,f8c72766,a968d39b,0,1,1,0,
Philippines,57,41,2,d4e70d7c,f8c72766,a968d39b,1,0,1,0,
Philippines,58,41,2,d4e70d7c,9025e58f,a968d39b,0,0,0,0,
Philippines,59,42,2,d4e70d7c,9025e58f,a968d39b,1,0,1,0,
Philippines,60,43,2,a968d39b,9025e58f,d4e70d7c,1,0,1,0,
Philippines,61,44,2,d4e70d7c,9025e58f,a968d39b,1,0,1,0,
Philippines,62,44,2,a968d39b,9025e58f,d4e70d7c,0,0,0,0,
Philippines,63,45,2,a968d39b,9025e58f,d4e70d7c,1,0,1,0,
Philippines,64,46,2,a968d39b,f0398c2f,d4e70d7c,1,0,1,0,
Philippines,65,47,2,d4e70d7c,f0398c2f,a968d39b,1,0,1,0,
Philippines,66,48,2,a968d39b,f0398c2f,d4e70d7c,1,0,1,0,
Philippines,67,49,2,d4e70d7c,f0398c2f,a968d39b,1,0,1,0,
Philippines,68,50,2,a968d39b,f0398c2f,d4e70d7c,1,0,1,0,
Philippines,69,51,2,d4e70d7c,f0398c2f,a968d39b,0,1,1,0,
Philippines,70,52,2,d4e70d7c,f0398c2f,a968d39b,1,0,1,0,
Philippines,71,52,2,d4e70d7c,9025e58f,a968d39b,0,0,0,0,
Philippines,72,52,2,d4e70d7c,9025e58f,a968d39b,0,0,0,0,
Philippines,73,52,2,d4e70d7c,9025e58f,a968d39b,0,0,0,0,
Philippines,74,52,2,d4e70d7c,9025e58f,a968d39b,0,0,0,0,
Philippines,75,52,2,d4e70d7c,9025e58f,a968d39b,0,0,0,0,
Philippines,76,52,2,d4e70d7c,9025e58f,a968d39b,0,0,0,0,
Philippines,77,52,2,a968d39b,f28a60e0,d4e70d7c,0,0,0,0,
Philippines,78,52,2,a968d39b,f28a60e0,d4e70d7c,0,0,0,0,
Philippines,79,53,2,a968d39b,f28a60e0,d4e70d7c,1,0,1,0,
Philippines,80,53,3,d4e70d7c,f28a60e0,a968d39b,0,0,0,1,caught
Philippines,81,54,3,0ba9de33,f28a60e0,a968d39b,1,0,1,0,
Philippines,82,58,3,a968d39b,f28a60e0,0ba9de33,4,0,4,0,
Philippines,83,59,3,0ba9de33,f8c72766,a968d39b,0,1,1,0,
Philippines,84,60,3,0ba9de33,f8c72766,a968d39b,1,0,1,0,
Philippines,85,61,3,a968d39b,f8c72766,0ba9de33,1,0,1,0,
Philippines,86,62,3,0ba9de33,f8c72766,a968d39b,1,0,1,0,
Philippines,87,63,3,a968d39b,f8c72766,0ba9de33,1,0,1,0,
Philippines,88,64,3,0ba9de33,f8c72766,a968d39b,1,0,1,0,
Philippines,89,64,3,a968d39b,f8c72766,0ba9de33,0,0,0,0,
Philippines,90,64,3,0ba9de33,f28a60e0,a968d39b,0,0,0,0,
Philippines,91,64,3,0ba9de33,f28a60e0,a968d39b,0,0,0,0,
Philippines,92,64,4,0ba9de33,f28a60e0,a968d39b,0,0,0,1,lbw
Philippines,93,65,4,b6a85ead,f28a60e0,a968d39b,1,0,1,0,
Philippines,94,66,4,a968d39b,f28a60e0,b6a85ead,1,0,1,0,
Philippines,95,67,4,b6a85ead,f28a60e0,a968d39b,1,0,1,0,
Philippines,96,68,4,b6a85ead,f0398c2f,a968d39b,0,1,1,0,
Philippines,97,69,4,a968d39b,f0398c2f,b6a85ead,1,0,1,0,
Philippines,98,71,4,b6a85ead,f0398c2f,a968d39b,2,0,2,0,
Philippines,99,71,4,b6a85ead,f0398c2f,a968d39b,0,0,0,0,
Philippines,100,72,4,b6a85ead,f0398c2f,a968d39b,1,0,1,0,
Philippines,101,74,4,a968d39b,f0398c2f,b6a85ead,2,0,2,0,
Philippines,102,74,4,b6a85ead,f8c72766,a968d39b,0,0,0,0,
Philippines,103,75,4,b6a85ead,f8c72766,a968d39b,1,0,1,0,
Philippines,104,76,4,a968d39b,f8c72766,b6a85ead,1,0,1,0,
Philippines,105,76,4,b6a85ead,f8c72766,a968d39b,0,0,0,0,
Philippines,106,76,4,b6a85ead,f8c72766,a968d39b,0,0,0,0,
Philippines,107,77,4,b6a85ead,f8c72766,a968d39b,1,0,1,0,
Philippines,108,77,4,b6a85ead,f0398c2f,a968d39b,0,0,0,0,
Philippines,109,78,4,b6a85ead,f0398c2f,a968d39b,1,0,1,0,
Philippines,110,79,4,a968d39b,f0398c2f,b6a85ead,1,0,1,0,
Philippines,111,79,4,b6a85ead,f0398c2f,a968d39b,0,0,0,0,
Philippines,112,80,4,b6a85ead,f0398c2f,a968d39b,1,0,1,0,
Philippines,113,81,4,a968d39b,f0398c2f,b6a85ead,1,0,1,0,
Philippines,114,81,5,a968d39b,14810ee7,b6a85ead,0,0,0,1,caught
Philippines,115,83,5,c46999c7,14810ee7,b6a85ead,2,0,2,0,
Philippines,116,84,5,c46999c7,14810ee7,b6a85ead,0,1,1,0,
Philippines,117,85,5,c46999c7,14810ee7,b6a85ead,1,0,1,0,
Philippines,118,86,5,b6a85ead,14810ee7,c46999c7,1,0,1,0,
Philippines,119,87,5,c46999c7,14810ee7,b6a85ead,1,0,1,0,
Philippines,120,89,5,b6a85ead,14810ee7,c46999c7,2,0,2,0,
Philippines,121,89,5,c46999c7,f0398c2f,b6a85ead,0,0,0,0,
Philippines,122,90,5,c46999c7,f0398c2f,b6a85ead,1,0,1,0,
Philippines,123,91,5,b6a85ead,f0398c2f,c46999c7,1,0,1,0,
Philippines,124,92,5,c46999c7,f0398c2f,b6a85ead,1,0,1,0,
Philippines,125,96,5,b6a85ead,f0398c2f,c46999c7,0,4,4,0,
Philippines,126,98,5,b6a85ead,f0398c2f,c46999c7,2,0,2,0,
