batting_team,ball_number,total_team_runs,total_team_wickets,striker_ID,bowler_ID,nonstriker_ID,batter_runs,extras_runs,total_delivery_runs,wicket,wicket_type
Western Province,1,1,0,bf814547,a316d663,20fe6965,0,1,1,0,
Western Province,2,1,0,bf814547,a316d663,20fe6965,0,0,0,0,
Western Province,3,5,0,bf814547,a316d663,20fe6965,4,0,4,0,
Western Province,4,10,0,bf814547,a316d663,20fe6965,0,5,5,0,
Western Province,5,10,1,bf814547,a316d663,20fe6965,0,0,0,1,caught
Western Province,6,10,1,d3a1c63d,a316d663,20fe6965,0,0,0,0,
Western Province,7,10,1,d3a1c63d,a316d663,20fe6965,0,0,0,0,
Western Province,8,11,1,d3a1c63d,a316d663,20fe6965,0,1,1,0,
Western Province,9,11,1,d3a1c63d,a316d663,20fe6965,0,0,0,0,
Western Province,10,13,1,20fe6965,781f2acc,d3a1c63d,2,0,2,0,
Western Province,11,13,1,20fe6965,781f2acc,d3a1c63d,0,0,0,0,
Western Province,12,13,2,20fe6965,781f2acc,d3a1c63d,0,0,0,1,bowled
Western Province,13,14,2,5d69930d,781f2acc,d3a1c63d,0,1,1,0,
Western Province,14,15,2,5d69930d,781f2acc,d3a1c63d,0,1,1,0,
Western Province,15,17,2,5d69930d,781f2acc,d3a1c63d,2,0,2,0,
Western Province,16,18,2,5d69930d,781f2acc,d3a1c63d,0,1,1,0,
Western Province,17,18,2,5d69930d,781f2acc,d3a1c63d,0,0,0,0,
Western Province,18,22,2,5d69930d,781f2acc,d3a1c63d,4,0,4,0,
Western Province,19,22,2,d3a1c63d,a316d663,5d69930d,0,0,0,0,
Western Province,20,26,2,d3a1c63d,a316d663,5d69930d,4,0,4,0,
Western Province,21,30,2,d3a1c63d,a316d663,5d69930d,4,0,4,0,
Western Province,22,31,2,d3a1c63d,a316d663,5d69930d,1,0,1,0,
Western Province,23,31,2,5d69930d,a316d663,d3a1c63d,0,0,0,0,
Western Province,24,35,2,5d69930d,a316d663,d3a1c63d,4,0,4,0,
Western Province,25,35,2,d3a1c63d,f277f531,5d69930d,0,0,0,0,
Western Province,26,35,2,d3a1c63d,f277f531,5d69930d,0,0,0,0,
Western Province,27,39,2,d3a1c63d,f277f531,5d69930d,4,0,4,0,
Western Province,28,41,2,d3a1c63d,f277f531,5d69930d,2,0,2,0,
Western Province,29,41,2,d3a1c63d,f277f531,5d69930d,0,0,0,0,
Western Province,30,41,3,d3a1c63d,f277f531,5d69930d,0,0,0,1,bowled
Western Province,31,41,3,5d69930d,5ec126fa,547c5509,0,0,0,0,
Western Province,32,42,3,5d69930d,5ec126fa,547c5509,1,0,1,0,
Western Province,33,43,3,547c5509,5ec126fa,5d69930d,1,0,1,0,
Western Province,34,43,3,5d69930d,5ec126fa,547c5509,0,0,0,0,
Western Province,35,47,3,5d69930d,5ec126fa,547c5509,4,0,4,0,
Western Province,36,47,3,5d69930d,5ec126fa,547c5509,0,0,0,0,
Western Province,37,47,3,547c5509,f277f531,5d69930d,0,0,0,0,
Western Province,38,47,4,547c5509,f277f531,5d69930d,0,0,0,1,bowled
Western Province,39,48,4,e5437608,f277f531,5d69930d,0,1,1,0,
Western Province,40,49,4,5d69930d,f277f531,e5437608,1,0,1,0,
Western Province,41,49,4,e5437608,f277f531,5d69930d,0,0,0,0,
Western Province,42,49,4,e5437608,f277f531,5d69930d,0,0,0,0,
Western Province,43,51,4,5d69930d,5ec126fa,e5437608,2,0,2,0,
Western Province,44,52,4,5d69930d,5ec126fa,e5437608,1,0,1,0,
Western Province,45,53,4,e5437608,5ec126fa,5d69930d,0,1,1,0,
Western Province,46,54,4,e5437608,5ec126fa,5d69930d,1,0,1,0,
Western Province,47,55,4,5d69930d,5ec126fa,e5437608,1,0,1,0,
Western Province,48,55,4,e5437608,5ec126fa,5d69930d,0,0,0,0,
Western Province,49,55,4,e5437608,5ec126fa,5d69930d,0,0,0,0,
Western Province,50,56,4,5d69930d,f277f531,e5437608,1,0,1,0,
Western Province,51,56,4,e5437608,f277f531,5d69930d,0,0,0,0,
Western Province,52,57,4,e5437608,f277f531,5d69930d,1,0,1,0,
Western Province,53,57,4,5d69930d,f277f531,e5437608,0,0,0,0,
Western Province,54,58,4,5d69930d,f277f531,e5437608,1,0,1,0,
Western Province,55,59,4,e5437608,f277f531,5d69930d,1,0,1,0,
Western Province,56,59,4,e5437608,a316d663,5d69930d,0,0,0,0,
Western Province,57,60,4,e5437608,a316d663,5d69930d,1,0,1,0,
Western Province,58,60,4,5d69930d,a316d663,e5437608,0,0,0,0,
Western Province,59,60,4,5d69930d,a316d663,e5437608,0,0,0,0,
Western Province,60,61,4,5d69930d,a316d663,e5437608,1,0,1,0,
Western Province,61,61,4,e5437608,a316d663,5d69930d,0,0,0,0,
Western Province,62,62,4,5d69930d,94cdf850,e5437608,0,1,1,0,
Western Province,63,63,4,5d69930d,94cdf850,e5437608,1,0,1,0,
Western Province,64,64,4,e5437608,94cdf850,5d69930d,1,0,1,0,
Western Province,65,64,4,5d69930d,94cdf850,e5437608,0,0,0,0,
Western Province,66,65,4,5d69930d,94cdf850,e5437608,1,0,1,0,
Western Province,67,69,4,e5437608,94cdf850,5d69930d,4,0,4,0,
Western Province,68,71,4,e5437608,94cdf850,5d69930d,2,0,2,0,
Western Province,69,71,5,5d69930d,5ec126fa,e5437608,0,0,0,1,caught
Western Province,70,72,5,8ab49ad2,5ec126fa,e5437608,1,0,1,0,
Western Province,71,76,5,e5437608,5ec126fa,8ab49ad2,4,0,4,0,
Western Province,72,78,5,e5437608,5ec126fa,8ab49ad2,2,0,2,0,
Western Province,73,78,5,e5437608,5ec126fa,8ab49ad2,0,0,0,0,
Western Province,74,78,5,e5437608,5ec126fa,8ab49ad2,0,0,0,0,
Western Province,75,78,5,8ab49ad2,94cdf850,e5437608,0,0,0,0,
Western Province,76,79,5,8ab49ad2,94cdf850,e5437608,1,0,1,0,
Western Province,77,80,5,e5437608,94cdf850,8ab49ad2,1,0,1,0,
Western Province,78,81,5,8ab49ad2,94cdf850,e5437608,1,0,1,0,
Western Province,79,82,5,e5437608,94cdf850,8ab49ad2,1,0,1,0,
Western Province,80,82,5,8ab49ad2,94cdf850,e5437608,0,0,0,0,
Western Province,81,83,5,e5437608,5ec126fa,8ab49ad2,1,0,1,0,
Western Province,82,83,6,8ab49ad2,5ec126fa,e5437608,0,0,0,1,bowled
Western Province,83,87,6,3122c016,5ec126fa,e5437608,4,0,4,0,
Western Province,84,88,6,3122c016,5ec126fa,e5437608,1,0,1,0,
Western Province,85,88,6,e5437608,5ec126fa,3122c016,0,0,0,0,
Western Province,86,89,6,e5437608,5ec126fa,3122c016,1,0,1,0,
Western Province,87,91,6,e5437608,781f2acc,3122c016,2,0,2,0,
Western Province,88,91,6,e5437608,781f2acc,3122c016,0,0,0,0,
Western Province,89,92,6,e5437608,781f2acc,3122c016,0,1,1,0,
Western Province,90,93,6,e5437608,781f2acc,3122c016,1,0,1,0,
Western Province,91,97,6,3122c016,781f2acc,e5437608,4,0,4,0,
Western Province,92,98,6,3122c016,781f2acc,e5437608,1,0,1,0,
Western Province,93,99,6,e5437608,781f2acc,3122c016,0,1,1,0,
Western Province,94,100,6,e5437608,781f2acc,3122c016,1,0,1,0,
Western Province,95,102,6,e5437608,94cdf850,3122c016,2,0,2,0,
Western Province,96,106,6,e5437608,94cdf850,3122c016,4,0,4,0,
Western Province,97,107,6,e5437608,94cdf850,3122c016,1,0,1,0,
Western Province,98,107,6,3122c016,94cdf850,e5437608,0,0,0,0,
Western Province,99,108,6,3122c016,94cdf850,e5437608,0,1,1,0,
Western Province,100,109,6,3122c016,94cdf850,e5437608,1,0,1,0,
Western Province,101,110,6,e5437608,94cdf850,3122c016,1,0,1,0,
Western Province,102,110,6,e5437608,a316d663,3122c016,0,0,0,0,
Western Province,103,111,6,e5437608,a316d663,3122c016,1,0,1,0,
Western Province,104,111,6,3122c016,a316d663,e5437608,0,0,0,0,
Western Province,105,111,6,3122c016,a316d663,e5437608,0,0,0,0,
Western Province,106,112,6,3122c016,a316d663,e5437608,1,0,1,0,
Western Province,107,113,6,e5437608,a316d663,3122c016,1,0,1,0,
Western Province,108,117,6,e5437608,94cdf850,3122c016,4,0,4,0,
Western Province,109,118,6,e5437608,94cdf850,3122c016,0,1,1,0,
Western Province,110,122,6,3122c016,94cdf850,e5437608,4,0,4,0,
Western Province,111,123,6,3122c016,94cdf850,e5437608,1,0,1,0,
Western Province,112,123,7,e5437608,94cdf850,3122c016,0,0,0,1,caught
Western Province,113,124,7,b56dc5f7,94cdf850,3122c016,1,0,1,0,
Western Province,114,126,7,b56dc5f7,781f2acc,3122c016,2,0,2,0,
Western Province,115,126,7,b56dc5f7,781f2acc,3122c016,0,0,0,0,
Western Province,116,128,7,b56dc5f7,781f2acc,3122c016,2,0,2,0,
Western Province,117,130,7,b56dc5f7,781f2acc,3122c016,2,0,2,0,
Western Province,118,131,7,b56dc5f7,781f2acc,3122c016,1,0,1,0,
Western Province,119,133,7,3122c016,781f2acc,b56dc5f7,2,0,2,0,
Western Province,120,134,7,b56dc5f7,f277f531,3122c016,0,1,1,0,
Western Province,121,135,7,b56dc5f7,f277f531,3122c016,0,1,1,0,
Western Province,122,136,7,3122c016,f277f531,b56dc5f7,0,1,1,0,
Western Province,123,140,7,b56dc5f7,f277f531,3122c016,4,0,4,0,
Western Province,124,141,7,b56dc5f7,f277f531,3122c016,1,0,1,0,
Western Province,125,142,7,3122c016,f277f531,b56dc5f7,1,0,1,0,
Western Province,126,144,7,b56dc5f7,f277f531,3122c016,2,0,2,0,
Western Province,127,150,7,3122c016,781f2acc,b56dc5f7,6,0,6,0,
Western Province,128,151,7,3122c016,781f2acc,b56dc5f7,1,0,1,0,
Western Province,129,151,7,b56dc5f7,781f2acc,3122c016,0,0,0,0,
Western Province,130,152,7,b56dc5f7,781f2acc,3122c016,1,0,1,0,
Western Province,131,153,7,3122c016,781f2acc,b56dc5f7,1,0,1,0,
Western Province,132,154,7,b56dc5f7,781f2acc,3122c016,0,1,1,0,
Western Province,133,155,7,b56dc5f7,781f2acc,3122c016,1,0,1,0,
Boland,1,0,0,f76d7466,36ea17c1,6e6fb538,0,0,0,0,
Boland,2,0,0,f76d7466,36ea17c1,6e6fb538,0,0,0,0,
Boland,3,1,0,f76d7466,36ea17c1,6e6fb538,1,0,1,0,
Boland,4,2,0,6e6fb538,36ea17c1,f76d7466,0,1,1,0,
Boland,5,2,0,6e6fb538,36ea17c1,f76d7466,0,0,0,0,
Boland,6,2,0,6e6fb538,36ea17c1,f76d7466,0,0,0,0,
Boland,7,6,0,6e6fb538,36ea17c1,f76d7466,4,0,4,0,
Boland,8,7,0,f76d7466,547c5509,6e6fb538,1,0,1,0,
Boland,9,7,0,6e6fb538,547c5509,f76d7466,0,0,0,0,
Boland,10,11,0,6e6fb538,547c5509,f76d7466,4,0,4,0,
Boland,11,11,0,6e6fb538,547c5509,f76d7466,0,0,0,0,
Boland,12,15,0,6e6fb538,547c5509,f76d7466,4,0,4,0,
Boland,13,21,0,6e6fb538,547c5509,f76d7466,6,0,6,0,
Boland,14,22,0,f76d7466,3122c016,6e6fb538,0,1,1,0,
Boland,15,24,0,f76d7466,3122c016,6e6fb538,2,0,2,0,
Boland,16,25,0,f76d7466,3122c016,6e6fb538,1,0,1,0,
Boland,17,25,1,6e6fb538,3122c016,f76d7466,0,0,0,1,caught
Boland,18,25,1,f32d890a,3122c016,f76d7466,0,0,0,0,
Boland,19,25,1,f32d890a,3122c016,f76d7466,0,0,0,0,
Boland,20,26,1,f32d890a,3122c016,f76d7466,1,0,1,0,
Boland,21,26,1,f32d890a,36ea17c1,f76d7466,0,0,0,0,
Boland,22,32,1,f32d890a,36ea17c1,f76d7466,6,0,6,0,
Boland,23,33,1,f32d890a,36ea17c1,f76d7466,0,1,1,0,
Boland,24,33,1,f76d7466,36ea17c1,f32d890a,0,0,0,0,
Boland,25,33,1,f76d7466,36ea17c1,f32d890a,0,0,0,0,
Boland,26,34,1,f76d7466,36ea17c1,f32d890a,0,1,1,0,
Boland,27,34,1,f76d7466,36ea17c1,f32d890a,0,0,0,0,
Boland,28,38,1,f32d890a,3122c016,f76d7466,4,0,4,0,
Boland,29,39,1,f32d890a,3122c016,f76d7466,1,0,1,0,
Boland,30,43,1,f76d7466,3122c016,f32d890a,4,0,4,0,
Boland,31,44,1,f76d7466,3122c016,f32d890a,1,0,1,0,
Boland,32,44,1,f32d890a,3122c016,f76d7466,0,0,0,0,
Boland,33,45,1,f32d890a,3122c016,f76d7466,1,0,1,0,
Boland,34,49,1,f32d890a,8ab49ad2,f76d7466,4,0,4,0,
Boland,35,49,1,f32d890a,8ab49ad2,f76d7466,0,0,0,0,
Boland,36,49,2,f32d890a,8ab49ad2,f76d7466,0,0,0,1,caught
Boland,37,49,2,f25cebec,8ab49ad2,f76d7466,0,0,0,0,
Boland,38,53,2,f25cebec,8ab49ad2,f76d7466,4,0,4,0,
Boland,39,53,2,f25cebec,8ab49ad2,f76d7466,0,0,0,0,
Boland,40,55,2,f76d7466,e5437608,f25cebec,2,0,2,0,
Boland,41,55,2,f76d7466,e5437608,f25cebec,0,0,0,0,
Boland,42,56,2,f76d7466,e5437608,f25cebec,1,0,1,0,
Boland,43,57,2,f25cebec,e5437608,f76d7466,1,0,1,0,
Boland,44,58,2,f76d7466,e5437608,f25cebec,1,0,1,0,
Boland,45,59,2,f25cebec,e5437608,f76d7466,1,0,1,0,
Boland,46,60,2,f25cebec,a2316f90,f76d7466,0,1,1,0,
Boland,47,64,2,f25cebec,a2316f90,f76d7466,4,0,4,0,
Boland,48,64,2,f25cebec,a2316f90,f76d7466,0,0,0,0,
Boland,49,64,2,f25cebec,a2316f90,f76d7466,0,0,0,0,
Boland,50,65,2,f25cebec,a2316f90,f76d7466,1,0,1,0,
Boland,51,69,2,f76d7466,a2316f90,f25cebec,4,0,4,0,
Boland,52,69,2,f76d7466,a2316f90,f25cebec,0,0,0,0,
Boland,53,70,2,f25cebec,e5437608,f76d7466,1,0,1,0,
Boland,54,70,2,f76d7466,e5437608,f25cebec,0,0,0,0,
Boland,55,71,2,f76d7466,e5437608,f25cebec,1,0,1,0,
Boland,56,75,2,f25cebec,e5437608,f76d7466,4,0,4,0,
Boland,57,76,2,f25cebec,e5437608,f76d7466,1,0,1,0,
Boland,58,77,2,f76d7466,e5437608,f25cebec,1,0,1,0,
Boland,59,79,2,f76d7466,a2316f90,f25cebec,2,0,2,0,
Boland,60,79,2,f76d7466,a2316f90,f25cebec,0,0,0,0,
Boland,61,80,2,f76d7466,a2316f90,f25cebec,1,0,1,0,
Boland,62,80,2,f25cebec,a2316f90,f76d7466,0,0,0,0,
Boland,63,84,2,f25cebec,a2316f90,f76d7466,4,0,4,0,
Boland,64,85,2,f25cebec,a2316f90,f76d7466,1,0,1,0,
Boland,65,86,2,f25cebec,8ab49ad2,f76d7466,0,1,1,0,
Boland,66,87,2,f76d7466,8ab49ad2,f25cebec,1,0,1,0,
Boland,67,88,2,f25cebec,8ab49ad2,f76d7466,1,0,1,0,
Boland,68,90,2,f76d7466,8ab49ad2,f25cebec,2,0,2,0,
Boland,69,90,2,f76d7466,8ab49ad2,f25cebec,0,0,0,0,
Boland,70,91,2,f76d7466,8ab49ad2,f25cebec,1,0,1,0,
Boland,71,91,2,f76d7466,3122c016,f25cebec,0,0,0,0,
Boland,72,95,2,f76d7466,3122c016,f25cebec,4,0,4,0,
Boland,73,96,2,f76d7466,3122c016,f25cebec,1,0,1,0,
Boland,74,97,2,f25cebec,3122c016,f76d7466,1,0,1,0,
Boland,75,98,2,f76d7466,3122c016,f25cebec,1,0,1,0,
Boland,76,102,2,f25cebec,3122c016,f76d7466,4,0,4,0,
Boland,77,106,2,f76d7466,8ab49ad2,f25cebec,4,0,4,0,
Boland,78,107,2,f76d7466,8ab49ad2,f25cebec,1,0,1,0,
Boland,79,108,2,f25cebec,8ab49ad2,f76d7466,1,0,1,0,
Boland,80,109,2,f76d7466,8ab49ad2,f25cebec,1,0,1,0,
Boland,81,111,2,f25cebec,8ab49ad2,f76d7466,2,0,2,0,
Boland,82,115,2,f25cebec,8ab49ad2,f76d7466,0,4,4,0,
Boland,83,119,2,f76d7466,3122c016,f25cebec,4,0,4,0,
Boland,84,119,2,f76d7466,3122c016,f25cebec,0,0,0,0,
Boland,85,120,2,f76d7466,3122c016,f25cebec,1,0,1,0,
Boland,86,126,2,f25cebec,3122c016,f76d7466,6,0,6,0,
Boland,87,127,2,f25cebec,3122c016,f76d7466,1,0,1,0,
Boland,88,128,2,f76d7466,3122c016,f25cebec,1,0,1,0,
Boland,89,134,2,f76d7466,8ab49ad2,f25cebec,6,0,6,0,
Boland,90,136,2,f76d7466,8ab49ad2,f25cebec,2,0,2,0,
Boland,91,137,2,f76d7466,8ab49ad2,f25cebec,1,0,1,0,
Boland,92,138,2,f25cebec,8ab49ad2,f76d7466,1,0,1,0,
Boland,93,144,2,f76d7466,8ab49ad2,f25cebec,6,0,6,0,
Boland,94,144,3,f76d7466,8ab49ad2,f25cebec,0,0,0,1,bowled
Boland,95,148,3,f25cebec,36ea17c1,9943b637,4,0,4,0,
Boland,96,148,4,f25cebec,36ea17c1,9943b637,0,0,0,1,caught
Boland,97,149,4,dce2019b,36ea17c1,9943b637,1,0,1,0,
Boland,98,149,5,9943b637,36ea17c1,dce2019b,0,0,0,1,bowled
Boland,99,153,5,a316d663,36ea17c1,dce2019b,4,0,4,0,
Boland,100,154,5,a316d663,36ea17c1,dce2019b,0,1,1,0,
Boland,101,155,5,a316d663,36ea17c1,dce2019b,1,0,1,0,
Boland,102,159,5,a316d663,e5437608,dce2019b,4,0,4,0,
