batting_team,ball_number,total_team_runs,total_team_wickets,striker_ID,bowler_ID,nonstriker_ID,batter_runs,extras_runs,total_delivery_runs,wicket,wicket_type
Argentina,1,0,0,f898a2c6,8c8a3ac6,c999c416,0,0,0,0,
Argentina,2,0,0,f898a2c6,8c8a3ac6,c999c416,0,0,0,0,
Argentina,3,4,0,f898a2c6,8c8a3ac6,c999c416,4,0,4,0,
Argentina,4,5,0,f898a2c6,8c8a3ac6,c999c416,0,1,1,0,
Argentina,5,6,0,f898a2c6,8c8a3ac6,c999c416,1,0,1,0,
Argentina,6,9,0,c999c416,8c8a3ac6,f898a2c6,3,0,3,0,
Argentina,7,13,0,f898a2c6,8c8a3ac6,c999c416,4,0,4,0,
Argentina,8,15,0,c999c416,dfe8ddeb,f898a2c6,2,0,2,0,
Argentina,9,16,0,c999c416,dfe8ddeb,f898a2c6,1,0,1,0,
Argentina,10,20,0,f898a2c6,dfe8ddeb,c999c416,4,0,4,0,
Argentina,11,21,0,f898a2c6,dfe8ddeb,c999c416,1,0,1,0,
Argentina,12,21,0,c999c416,dfe8ddeb,f898a2c6,0,0,0,0,
Argentina,13,24,0,c999c416,dfe8ddeb,f898a2c6,3,0,3,0,
Argentina,14,26,0,c999c416,8c8a3ac6,f898a2c6,2,0,2,0,
Argentina,15,27,0,c999c416,8c8a3ac6,f898a2c6,1,0,1,0,
Argentina,16,27,0,f898a2c6,8c8a3ac6,c999c416,0,0,0,0,
Argentina,17,31,0,f898a2c6,8c8a3ac6,c999c416,4,0,4,0,
Argentina,18,31,0,f898a2c6,8c8a3ac6,c999c416,0,0,0,0,
Argentina,19,35,0,f898a2c6,8c8a3ac6,c999c416,0,4,4,0,
Argentina,20,35,0,c999c416,dfe8ddeb,f898a2c6,0,0,0,0,
Argentina,21,39,0,c999c416,dfe8ddeb,f898a2c6,4,0,4,0,
Argentina,22,43,0,c999c416,dfe8ddeb,f898a2c6,4,0,4,0,
Argentina,23,44,0,c999c416,dfe8ddeb,f898a2c6,1,0,1,0,
Argentina,24,45,0,f898a2c6,dfe8ddeb,c999c416,1,0,1,0,
Argentina,25,45,0,c999c416,dfe8ddeb,f898a2c6,0,0,0,0,
Argentina,26,46,0,f898a2c6,ae694554,c999c416,1,0,1,0,
Argentina,27,49,0,c999c416,ae694554,f898a2c6,2,1,3,0,
Argentina,28,50,0,c999c416,ae694554,f898a2c6,1,0,1,0,
Argentina,29,51,0,f898a2c6,ae694554,c999c416,0,1,1,0,
Argentina,30,55,0,f898a2c6,ae694554,c999c416,4,0,4,0,
Argentina,31,55,0,f898a2c6,ae694554,c999c416,0,0,0,0,
Argentina,32,56,0,f898a2c6,ae694554,c999c416,0,1,1,0,
Argentina,33,58,0,f898a2c6,ae694554,c999c416,2,0,2,0,
Argentina,34,59,0,f898a2c6,ae694554,c999c416,0,1,1,0,
Argentina,35,59,1,f898a2c6,ae694554,c999c416,0,0,0,1,bowled
Argentina,36,60,1,c999c416,777f65cd,b9094958,0,1,1,0,
Argentina,37,61,1,c999c416,777f65cd,b9094958,0,1,1,0,
Argentina,38,62,1,c999c416,777f65cd,b9094958,0,1,1,0,
Argentina,39,63,1,c999c416,777f65cd,b9094958,0,1,1,0,
Argentina,40,64,1,c999c416,777f65cd,b9094958,0,1,1,0,
Argentina,41,67,1,c999c416,777f65cd,b9094958,2,1,3,0,
Argentina,42,68,1,c999c416,777f65cd,b9094958,1,0,1,0,
Argentina,43,72,1,b9094958,777f65cd,c999c416,4,0,4,0,
Argentina,44,73,1,b9094958,777f65cd,c999c416,0,1,1,0,
Argentina,45,75,1,b9094958,777f65cd,c999c416,2,0,2,0,
Argentina,46,76,1,b9094958,777f65cd,c999c416,0,1,1,0,
Argentina,47,77,1,b9094958,777f65cd,c999c416,0,1,1,0,
Argentina,48,78,1,b9094958,777f65cd,c999c416,0,1,1,0,
Argentina,49,81,1,b9094958,777f65cd,c999c416,3,0,3,0,
Argentina,50,85,1,c999c416,777f65cd,b9094958,4,0,4,0,
Argentina,51,86,1,c999c416,777f65cd,b9094958,0,1,1,0,
Argentina,52,87,1,c999c416,777f65cd,b9094958,0,1,1,0,
Argentina,53,88,1,c999c416,777f65cd,b9094958,0,1,1,0,
Argentina,54,88,1,c999c416,777f65cd,b9094958,0,0,0,0,
Argentina,55,89,1,b9094958,9b4b9ce3,c999c416,1,0,1,0,
Argentina,56,91,1,c999c416,9b4b9ce3,b9094958,2,0,2,0,
Argentina,57,92,1,c999c416,9b4b9ce3,b9094958,0,1,1,0,
Argentina,58,96,1,c999c416,9b4b9ce3,b9094958,4,0,4,0,
Argentina,59,99,1,c999c416,9b4b9ce3,b9094958,2,1,3,0,
Argentina,60,103,1,c999c416,9b4b9ce3,b9094958,3,1,4,0,
Argentina,61,105,1,b9094958,9b4b9ce3,c999c416,2,0,2,0,
Argentina,62,106,1,b9094958,9b4b9ce3,c999c416,0,1,1,0,
Argentina,63,110,1,b9094958,9b4b9ce3,c999c416,4,0,4,0,
Argentina,64,111,1,b9094958,9b4b9ce3,c999c416,0,1,1,0,
Argentina,65,113,1,b9094958,9b4b9ce3,c999c416,1,1,2,0,
Argentina,66,119,1,c999c416,9b4b9ce3,b9094958,6,0,6,0,
Argentina,67,120,1,b9094958,f4e6469b,c999c416,0,1,1,0,
Argentina,68,120,1,b9094958,f4e6469b,c999c416,0,0,0,0,
Argentina,69,120,1,b9094958,f4e6469b,c999c416,0,0,0,0,
Argentina,70,124,1,b9094958,f4e6469b,c999c416,3,1,4,0,
Argentina,71,128,1,b9094958,f4e6469b,c999c416,4,0,4,0,
Argentina,72,129,1,b9094958,f4e6469b,c999c416,0,1,1,0,
Argentina,73,129,1,b9094958,f4e6469b,c999c416,0,0,0,0,
Argentina,74,130,1,b9094958,f4e6469b,c999c416,1,0,1,0,
Argentina,75,130,2,c999c416,f4e6469b,b9094958,0,0,0,1,bowled
Argentina,76,136,2,b9094958,9b4b9ce3,f0ddeafb,6,0,6,0,
Argentina,77,138,2,b9094958,9b4b9ce3,f0ddeafb,0,2,2,0,
Argentina,78,139,2,f0ddeafb,9b4b9ce3,b9094958,0,1,1,0,
Argentina,79,140,2,f0ddeafb,9b4b9ce3,b9094958,0,1,1,0,
Argentina,80,140,2,f0ddeafb,9b4b9ce3,b9094958,0,0,0,0,
Argentina,81,141,2,f0ddeafb,9b4b9ce3,b9094958,1,0,1,0,
Argentina,82,142,2,b9094958,9b4b9ce3,f0ddeafb,1,0,1,0,
Argentina,83,144,2,f0ddeafb,9b4b9ce3,b9094958,2,0,2,0,
Argentina,84,148,2,f0ddeafb,9b4b9ce3,b9094958,4,0,4,0,
Argentina,85,149,2,b9094958,ae694554,f0ddeafb,0,1,1,0,
Argentina,86,149,2,b9094958,ae694554,f0ddeafb,0,0,0,0,
Argentina,87,152,2,b9094958,ae694554,f0ddeafb,3,0,3,0,
Argentina,88,153,2,f0ddeafb,ae694554,b9094958,1,0,1,0,
Argentina,89,153,2,b9094958,ae694554,f0ddeafb,0,0,0,0,
Argentina,90,154,2,b9094958,ae694554,f0ddeafb,1,0,1,0,
Argentina,91,154,2,f0ddeafb,ae694554,b9094958,0,0,0,0,
Argentina,92,158,2,f0ddeafb,f4e6469b,b9094958,4,0,4,0,
Argentina,93,162,2,f0ddeafb,f4e6469b,b9094958,4,0,4,0,
Argentina,94,164,2,f0ddeafb,f4e6469b,b9094958,2,0,2,0,
Argentina,95,168,2,f0ddeafb,f4e6469b,b9094958,4,0,4,0,
Argentina,96,169,2,f0ddeafb,f4e6469b,b9094958,1,0,1,0,
Argentina,97,171,2,b9094958,f4e6469b,f0ddeafb,0,2,2,0,
Argentina,98,172,2,f0ddeafb,dfe8ddeb,b9094958,1,0,1,0,
Argentina,99,176,2,b9094958,dfe8ddeb,f0ddeafb,4,0,4,0,
Argentina,100,179,2,b9094958,dfe8ddeb,f0ddeafb,3,0,3,0,
Argentina,101,181,2,f0ddeafb,dfe8ddeb,b9094958,2,0,2,0,
Argentina,102,182,2,f0ddeafb,dfe8ddeb,b9094958,1,0,1,0,
Argentina,103,183,2,b9094958,dfe8ddeb,f0ddeafb,1,0,1,0,
Argentina,104,186,2,b9094958,f4e6469b,f0ddeafb,3,0,3,0,
Argentina,105,190,2,f0ddeafb,f4e6469b,b9094958,4,0,4,0,
Argentina,106,190,3,f0ddeafb,f4e6469b,b9094958,0,0,0,1,bowled
Argentina,107,193,3,ad5165c2,f4e6469b,b9094958,3,0,3,0,
Argentina,108,194,3,b9094958,f4e6469b,ad5165c2,1,0,1,0,
Argentina,109,194,3,ad5165c2,f4e6469b,b9094958,0,0,0,0,
Argentina,110,198,3,b9094958,dfe8ddeb,ad5165c2,4,0,4,0,
Argentina,111,202,3,b9094958,dfe8ddeb,ad5165c2,4,0,4,0,
Argentina,112,203,3,b9094958,dfe8ddeb,ad5165c2,1,0,1,0,
Argentina,113,203,4,ad5165c2,dfe8ddeb,b9094958,0,0,0,1,caught and bowled
Argentina,114,203,4,8af91a3e,dfe8ddeb,b9094958,0,0,0,0,
Argentina,115,204,4,8af91a3e,dfe8ddeb,b9094958,0,1,1,0,
Argentina,116,205,4,8af91a3e,dfe8ddeb,b9094958,1,0,1,0,
Argentina,117,206,4,8af91a3e,ae694554,b9094958,1,0,1,0,
Argentina,118,207,4,b9094958,ae694554,8af91a3e,0,1,1,0,
Argentina,119,211,4,b9094958,ae694554,8af91a3e,4,0,4,0,
Argentina,120,212,4,b9094958,ae694554,8af91a3e,0,1,1,0,
Argentina,121,213,4,b9094958,ae694554,8af91a3e,0,1,1,0,
Argentina,122,213,4,b9094958,ae694554,8af91a3e,0,0,0,0,
Argentina,123,216,4,b9094958,ae694554,8af91a3e,3,0,3,0,
Argentina,124,218,4,8af91a3e,ae694554,b9094958,0,2,2,0,
Argentina,125,219,4,8af91a3e,ae694554,b9094958,0,1,1,0,
Argentina,126,220,4,8af91a3e,ae694554,b9094958,1,0,1,0,
Argentina,127,222,4,8af91a3e,9b4b9ce3,b9094958,2,0,2,0,
Argentina,128,226,4,8af91a3e,9b4b9ce3,b9094958,4,0,4,0,
Argentina,129,229,4,8af91a3e,9b4b9ce3,b9094958,3,0,3,0,
Argentina,130,233,4,b9094958,9b4b9ce3,8af91a3e,4,0,4,0,
Argentina,131,237,4,b9094958,9b4b9ce3,8af91a3e,4,0,4,0,
Argentina,132,239,4,b9094958,9b4b9ce3,8af91a3e,2,0,2,0,
Argentina,133,240,4,8af91a3e,8c8a3ac6,b9094958,1,0,1,0,
Argentina,134,240,4,b9094958,8c8a3ac6,8af91a3e,0,0,0,0,
Argentina,135,240,4,b9094958,8c8a3ac6,8af91a3e,0,0,0,0,
Argentina,136,244,4,b9094958,8c8a3ac6,8af91a3e,4,0,4,0,
Argentina,137,245,4,b9094958,8c8a3ac6,8af91a3e,1,0,1,0,
Argentina,138,246,4,8af91a3e,8c8a3ac6,b9094958,0,1,1,0,
Argentina,139,248,4,8af91a3e,8c8a3ac6,b9094958,2,0,2,0,
Argentina,140,252,4,b9094958,9b4b9ce3,8af91a3e,4,0,4,0,
Argentina,141,253,4,b9094958,9b4b9ce3,8af91a3e,0,1,1,0,
Argentina,142,255,4,b9094958,9b4b9ce3,8af91a3e,2,0,2,0,
Argentina,143,258,4,b9094958,9b4b9ce3,8af91a3e,3,0,3,0,
Argentina,144,259,4,8af91a3e,9b4b9ce3,b9094958,1,0,1,0,
Argentina,145,263,4,b9094958,9b4b9ce3,8af91a3e,4,0,4,0,
Argentina,146,266,4,b9094958,9b4b9ce3,8af91a3e,3,0,3,0,
Argentina,147,267,4,b9094958,8c8a3ac6,8af91a3e,1,0,1,0,
Argentina,148,271,4,8af91a3e,8c8a3ac6,b9094958,4,0,4,0,
Argentina,149,275,4,8af91a3e,8c8a3ac6,b9094958,0,4,4,0,
Argentina,150,276,4,b9094958,8c8a3ac6,8af91a3e,1,0,1,0,
Argentina,151,280,4,b9094958,8c8a3ac6,8af91a3e,4,0,4,0,
Argentina,152,281,4,b9094958,8c8a3ac6,8af91a3e,1,0,1,0,
Argentina,153,285,4,8af91a3e,8c8a3ac6,b9094958,4,0,4,0,
Argentina,154,288,4,b9094958,ae694554,8af91a3e,3,0,3,0,
Argentina,155,289,4,8af91a3e,ae694554,b9094958,0,1,1,0,
Argentina,156,289,5,8af91a3e,ae694554,b9094958,0,0,0,1,caught
Argentina,157,290,5,b29923b6,ae694554,b9094958,0,1,1,0,
Argentina,158,290,6,b29923b6,ae694554,b9094958,0,0,0,1,run out
Argentina,159,292,6,b29923b6,ae694554,b2f4cb0d,2,0,2,0,
Argentina,160,295,6,b29923b6,ae694554,b2f4cb0d,0,3,3,0,
Argentina,161,297,6,b29923b6,ae694554,b2f4cb0d,2,0,2,0,
Argentina,162,298,6,b29923b6,ae694554,b2f4cb0d,0,1,1,0,
Argentina,163,300,6,b29923b6,ae694554,b2f4cb0d,2,0,2,0,
Chile,1,0,0,9b4b9ce3,b2f4cb0d,0e4abf0c,0,0,0,0,
Chile,2,0,0,9b4b9ce3,b2f4cb0d,0e4abf0c,0,0,0,0,
Chile,3,0,0,9b4b9ce3,b2f4cb0d,0e4abf0c,0,0,0,0,
Chile,4,0,1,9b4b9ce3,b2f4cb0d,0e4abf0c,0,0,0,1,bowled
Chile,5,0,1,dfe8ddeb,b2f4cb0d,0e4abf0c,0,0,0,0,
Chile,6,1,1,dfe8ddeb,b2f4cb0d,0e4abf0c,0,1,1,0,
Chile,7,1,1,dfe8ddeb,b2f4cb0d,0e4abf0c,0,0,0,0,
Chile,8,1,1,0e4abf0c,f0ddeafb,dfe8ddeb,0,0,0,0,
Chile,9,1,2,0e4abf0c,f0ddeafb,dfe8ddeb,0,0,0,1,bowled
Chile,10,1,2,0626d312,f0ddeafb,dfe8ddeb,0,0,0,0,
Chile,11,1,2,0626d312,f0ddeafb,dfe8ddeb,0,0,0,0,
Chile,12,1,2,0626d312,f0ddeafb,dfe8ddeb,0,0,0,0,
Chile,13,2,2,0626d312,f0ddeafb,dfe8ddeb,0,1,1,0,
Chile,14,2,2,0626d312,b2f4cb0d,dfe8ddeb,0,0,0,0,
Chile,15,2,2,0626d312,b2f4cb0d,dfe8ddeb,0,0,0,0,
Chile,16,2,2,0626d312,b2f4cb0d,dfe8ddeb,0,0,0,0,
Chile,17,3,2,0626d312,b2f4cb0d,dfe8ddeb,0,1,1,0,
Chile,18,3,3,0626d312,b2f4cb0d,dfe8ddeb,0,0,0,1,bowled
Chile,19,3,3,8c8a3ac6,b2f4cb0d,dfe8ddeb,0,0,0,0,
Chile,20,3,3,8c8a3ac6,b2f4cb0d,dfe8ddeb,0,0,0,0,
Chile,21,3,3,dfe8ddeb,f0ddeafb,8c8a3ac6,0,0,0,0,
Chile,22,3,3,dfe8ddeb,f0ddeafb,8c8a3ac6,0,0,0,0,
Chile,23,3,3,dfe8ddeb,f0ddeafb,8c8a3ac6,0,0,0,0,
Chile,24,3,3,dfe8ddeb,f0ddeafb,8c8a3ac6,0,0,0,0,
Chile,25,4,3,dfe8ddeb,f0ddeafb,8c8a3ac6,0,1,1,0,
Chile,26,4,3,8c8a3ac6,f0ddeafb,dfe8ddeb,0,0,0,0,
Chile,27,4,3,dfe8ddeb,b2f4cb0d,8c8a3ac6,0,0,0,0,
Chile,28,4,3,dfe8ddeb,b2f4cb0d,8c8a3ac6,0,0,0,0,
Chile,29,5,3,dfe8ddeb,b2f4cb0d,8c8a3ac6,0,1,1,0,
Chile,30,6,3,dfe8ddeb,b2f4cb0d,8c8a3ac6,0,1,1,0,
Chile,31,6,4,dfe8ddeb,b2f4cb0d,8c8a3ac6,0,0,0,1,caught
Chile,32,6,4,f4e6469b,b2f4cb0d,8c8a3ac6,0,0,0,0,
Chile,33,6,4,f4e6469b,b2f4cb0d,8c8a3ac6,0,0,0,0,
Chile,34,6,4,f4e6469b,b2f4cb0d,8c8a3ac6,0,0,0,0,
Chile,35,6,4,8c8a3ac6,f0ddeafb,f4e6469b,0,0,0,0,
Chile,36,7,4,8c8a3ac6,f0ddeafb,f4e6469b,1,0,1,0,
Chile,37,8,4,f4e6469b,f0ddeafb,8c8a3ac6,0,1,1,0,
Chile,38,8,4,f4e6469b,f0ddeafb,8c8a3ac6,0,0,0,0,
Chile,39,9,4,f4e6469b,f0ddeafb,8c8a3ac6,0,1,1,0,
Chile,40,10,4,8c8a3ac6,f0ddeafb,f4e6469b,1,0,1,0,
Chile,41,11,4,f4e6469b,f0ddeafb,8c8a3ac6,0,1,1,0,
Chile,42,12,4,f4e6469b,f0ddeafb,8c8a3ac6,0,1,1,0,
Chile,43,12,4,f4e6469b,f0ddeafb,8c8a3ac6,0,0,0,0,
Chile,44,13,4,8c8a3ac6,c999c416,f4e6469b,0,1,1,0,
Chile,45,14,4,f4e6469b,c999c416,8c8a3ac6,0,1,1,0,
Chile,46,14,4,f4e6469b,c999c416,8c8a3ac6,0,0,0,0,
Chile,47,14,4,f4e6469b,c999c416,8c8a3ac6,0,0,0,0,
Chile,48,15,4,f4e6469b,c999c416,8c8a3ac6,1,0,1,0,
Chile,49,16,4,8c8a3ac6,c999c416,f4e6469b,1,0,1,0,
Chile,50,16,4,f4e6469b,c999c416,8c8a3ac6,0,0,0,0,
Chile,51,16,4,8c8a3ac6,ad5165c2,f4e6469b,0,0,0,0,
Chile,52,16,5,8c8a3ac6,ad5165c2,f4e6469b,0,0,0,1,caught
Chile,53,16,6,ae694554,ad5165c2,f4e6469b,0,0,0,1,bowled
Chile,54,16,6,dd30467d,ad5165c2,f4e6469b,0,0,0,0,
Chile,55,16,7,dd30467d,ad5165c2,f4e6469b,0,0,0,1,bowled
Chile,56,16,7,e654fe3d,ad5165c2,f4e6469b,0,0,0,0,
Chile,57,16,7,f4e6469b,7a640d66,e654fe3d,0,0,0,0,
Chile,58,16,8,f4e6469b,7a640d66,e654fe3d,0,0,0,1,bowled
Chile,59,16,8,e4d4c4e0,7a640d66,e654fe3d,0,0,0,0,
Chile,60,16,9,e4d4c4e0,7a640d66,e654fe3d,0,0,0,1,bowled
Chile,61,16,9,777f65cd,7a640d66,e654fe3d,0,0,0,0,
Chile,62,16,9,777f65cd,7a640d66,e654fe3d,0,0,0,0,
Chile,63,16,9,e654fe3d,ccd38b40,777f65cd,0,0,0,0,
Chile,64,17,9,e654fe3d,ccd38b40,777f65cd,0,1,1,0,
Chile,65,18,9,e654fe3d,ccd38b40,777f65cd,0,1,1,0,
Chile,66,19,9,e654fe3d,ccd38b40,777f65cd,0,1,1,0,
Chile,67,19,10,e654fe3d,ccd38b40,777f65cd,0,0,0,1,bowled
