batting_team,ball_number,total_team_runs,total_team_wickets,striker_ID,bowler_ID,nonstriker_ID,batter_runs,extras_runs,total_delivery_runs,wicket,wicket_type
Canterbury,1,1,0,ae79a86f,8d6b36e3,219f1323,1,0,1,0,
Canterbury,2,1,0,219f1323,8d6b36e3,ae79a86f,0,0,0,0,
Canterbury,3,1,0,219f1323,8d6b36e3,ae79a86f,0,0,0,0,
Canterbury,4,1,0,219f1323,8d6b36e3,ae79a86f,0,0,0,0,
Canterbury,5,1,0,219f1323,8d6b36e3,ae79a86f,0,0,0,0,
Canterbury,6,2,0,219f1323,8d6b36e3,ae79a86f,1,0,1,0,
Canterbury,7,3,0,219f1323,397369e0,ae79a86f,0,1,1,0,
Canterbury,8,3,0,ae79a86f,397369e0,219f1323,0,0,0,0,
Canterbury,9,3,0,ae79a86f,397369e0,219f1323,0,0,0,0,
Canterbury,10,3,0,ae79a86f,397369e0,219f1323,0,0,0,0,
Canterbury,11,4,0,ae79a86f,397369e0,219f1323,1,0,1,0,
Canterbury,12,4,0,219f1323,397369e0,ae79a86f,0,0,0,0,
Canterbury,13,4,1,ae79a86f,8d6b36e3,219f1323,0,0,0,1,bowled
Canterbury,14,4,2,5b43fe48,8d6b36e3,219f1323,0,0,0,1,caught
Canterbury,15,4,2,72b7ed1e,8d6b36e3,219f1323,0,0,0,0,
Canterbury,16,5,2,72b7ed1e,8d6b36e3,219f1323,1,0,1,0,
Canterbury,17,5,2,219f1323,8d6b36e3,72b7ed1e,0,0,0,0,
Canterbury,18,5,2,219f1323,8d6b36e3,72b7ed1e,0,0,0,0,
Canterbury,19,5,2,72b7ed1e,397369e0,219f1323,0,0,0,0,
Canterbury,20,9,2,72b7ed1e,397369e0,219f1323,4,0,4,0,
Canterbury,21,9,2,72b7ed1e,397369e0,219f1323,0,0,0,0,
Canterbury,22,13,2,72b7ed1e,397369e0,219f1323,4,0,4,0,
Canterbury,23,13,2,72b7ed1e,397369e0,219f1323,0,0,0,0,
Canterbury,24,14,2,72b7ed1e,397369e0,219f1323,1,0,1,0,
Canterbury,25,16,2,72b7ed1e,8d6b36e3,219f1323,2,0,2,0,
Canterbury,26,16,2,72b7ed1e,8d6b36e3,219f1323,0,0,0,0,
Canterbury,27,17,2,72b7ed1e,8d6b36e3,219f1323,1,0,1,0,
Canterbury,28,17,2,219f1323,8d6b36e3,72b7ed1e,0,0,0,0,
Canterbury,29,17,2,219f1323,8d6b36e3,72b7ed1e,0,0,0,0,
Canterbury,30,21,2,219f1323,8d6b36e3,72b7ed1e,4,0,4,0,
Canterbury,31,22,2,72b7ed1e,9b554bb9,219f1323,0,1,1,0,
Canterbury,32,22,2,72b7ed1e,9b554bb9,219f1323,0,0,0,0,
Canterbury,33,24,2,72b7ed1e,9b554bb9,219f1323,2,0,2,0,
Canterbury,34,26,2,72b7ed1e,9b554bb9,219f1323,2,0,2,0,
Canterbury,35,28,2,72b7ed1e,9b554bb9,219f1323,2,0,2,0,
Canterbury,36,29,2,72b7ed1e,9b554bb9,219f1323,1,0,1,0,
Canterbury,37,30,2,219f1323,9b554bb9,72b7ed1e,1,0,1,0,
Canterbury,38,31,2,219f1323,eca08a1d,72b7ed1e,0,1,1,0,
Canterbury,39,32,2,219f1323,eca08a1d,72b7ed1e,1,0,1,0,
Canterbury,40,33,2,72b7ed1e,eca08a1d,219f1323,1,0,1,0,
Canterbury,41,33,2,219f1323,eca08a1d,72b7ed1e,0,0,0,0,
Canterbury,42,35,2,219f1323,eca08a1d,72b7ed1e,2,0,2,0,
Canterbury,43,35,2,219f1323,eca08a1d,72b7ed1e,0,0,0,0,
Canterbury,44,36,2,219f1323,eca08a1d,72b7ed1e,1,0,1,0,
Canterbury,45,37,2,219f1323,645b2a2f,72b7ed1e,1,0,1,0,
Canterbury,46,38,2,72b7ed1e,645b2a2f,219f1323,0,1,1,0,
Canterbury,47,39,2,72b7ed1e,645b2a2f,219f1323,1,0,1,0,
Canterbury,48,39,2,219f1323,645b2a2f,72b7ed1e,0,0,0,0,
Canterbury,49,39,2,219f1323,645b2a2f,72b7ed1e,0,0,0,0,
Canterbury,50,39,2,219f1323,645b2a2f,72b7ed1e,0,0,0,0,
Canterbury,51,39,2,219f1323,645b2a2f,72b7ed1e,0,0,0,0,
Canterbury,52,40,2,72b7ed1e,eca08a1d,219f1323,0,1,1,0,
Canterbury,53,43,2,72b7ed1e,eca08a1d,219f1323,3,0,3,0,
Canterbury,54,43,2,219f1323,eca08a1d,72b7ed1e,0,0,0,0,
Canterbury,55,47,2,219f1323,eca08a1d,72b7ed1e,4,0,4,0,
Canterbury,56,48,2,219f1323,eca08a1d,72b7ed1e,0,1,1,0,
Canterbury,57,49,2,219f1323,eca08a1d,72b7ed1e,1,0,1,0,
Canterbury,58,50,2,72b7ed1e,eca08a1d,219f1323,0,1,1,0,
Canterbury,59,50,2,72b7ed1e,eca08a1d,219f1323,0,0,0,0,
Canterbury,60,54,2,72b7ed1e,eca08a1d,219f1323,4,0,4,0,
Canterbury,61,55,2,219f1323,645b2a2f,72b7ed1e,1,0,1,0,
Canterbury,62,59,2,72b7ed1e,645b2a2f,219f1323,4,0,4,0,
Canterbury,63,60,2,72b7ed1e,645b2a2f,219f1323,1,0,1,0,
Canterbury,64,64,2,219f1323,645b2a2f,72b7ed1e,4,0,4,0,
Canterbury,65,64,2,219f1323,645b2a2f,72b7ed1e,0,0,0,0,
Canterbury,66,65,2,219f1323,645b2a2f,72b7ed1e,0,1,1,0,
Canterbury,67,65,2,219f1323,645b2a2f,72b7ed1e,0,0,0,0,
Canterbury,68,66,2,72b7ed1e,9b554bb9,219f1323,0,1,1,0,
Canterbury,69,67,2,72b7ed1e,9b554bb9,219f1323,1,0,1,0,
Canterbury,70,68,2,219f1323,9b554bb9,72b7ed1e,1,0,1,0,
Canterbury,71,69,2,72b7ed1e,9b554bb9,219f1323,0,1,1,0,
Canterbury,72,69,2,72b7ed1e,9b554bb9,219f1323,0,0,0,0,
Canterbury,73,70,2,72b7ed1e,9b554bb9,219f1323,1,0,1,0,
Canterbury,74,74,2,219f1323,9b554bb9,72b7ed1e,4,0,4,0,
Canterbury,75,75,2,219f1323,9b554bb9,72b7ed1e,1,0,1,0,
Canterbury,76,76,2,219f1323,397369e0,72b7ed1e,1,0,1,0,
Canterbury,77,77,2,72b7ed1e,397369e0,219f1323,1,0,1,0,
Canterbury,78,79,2,219f1323,397369e0,72b7ed1e,2,0,2,0,
Canterbury,79,79,3,219f1323,397369e0,72b7ed1e,0,0,0,1,run out
Canterbury,80,80,3,72b7ed1e,397369e0,a28132bd,1,0,1,0,
Canterbury,81,81,3,a28132bd,397369e0,72b7ed1e,1,0,1,0,
Canterbury,82,82,3,a28132bd,9b554bb9,72b7ed1e,1,0,1,0,
Canterbury,83,83,4,72b7ed1e,9b554bb9,a28132bd,0,1,1,1,run out
Canterbury,84,84,4,6ed21f30,9b554bb9,72b7ed1e,1,0,1,0,
Canterbury,85,85,4,72b7ed1e,9b554bb9,6ed21f30,1,0,1,0,
Canterbury,86,86,4,6ed21f30,9b554bb9,72b7ed1e,1,0,1,0,
Canterbury,87,87,4,72b7ed1e,9b554bb9,6ed21f30,1,0,1,0,
Canterbury,88,88,4,6ed21f30,9b554bb9,72b7ed1e,1,0,1,0,
Canterbury,89,88,4,6ed21f30,645b2a2f,72b7ed1e,0,0,0,0,
Canterbury,90,88,4,6ed21f30,645b2a2f,72b7ed1e,0,0,0,0,
Canterbury,91,88,4,6ed21f30,645b2a2f,72b7ed1e,0,0,0,0,
Canterbury,92,89,4,6ed21f30,645b2a2f,72b7ed1e,0,1,1,0,
Canterbury,93,89,5,6ed21f30,645b2a2f,72b7ed1e,0,0,0,1,caught
Canterbury,94,89,5,60471339,645b2a2f,72b7ed1e,0,0,0,0,
Canterbury,95,93,5,60471339,645b2a2f,72b7ed1e,4,0,4,0,
Canterbury,96,94,5,72b7ed1e,eca08a1d,60471339,1,0,1,0,
Canterbury,97,97,5,60471339,eca08a1d,72b7ed1e,3,0,3,0,
Canterbury,98,98,5,72b7ed1e,eca08a1d,60471339,1,0,1,0,
Canterbury,99,102,5,60471339,eca08a1d,72b7ed1e,4,0,4,0,
Canterbury,100,104,5,60471339,eca08a1d,72b7ed1e,0,2,2,0,
Canterbury,101,105,5,72b7ed1e,eca08a1d,60471339,1,0,1,0,
Canterbury,102,106,5,60471339,eca08a1d,72b7ed1e,1,0,1,0,
Canterbury,103,106,6,60471339,645b2a2f,72b7ed1e,0,0,0,1,caught
Canterbury,104,106,6,a7fcf627,645b2a2f,72b7ed1e,0,0,0,0,
Canterbury,105,106,6,a7fcf627,645b2a2f,72b7ed1e,0,0,0,0,
Canterbury,106,107,6,a7fcf627,645b2a2f,72b7ed1e,1,0,1,0,
Canterbury,107,108,6,72b7ed1e,645b2a2f,a7fcf627,0,1,1,0,
Canterbury,108,110,6,72b7ed1e,645b2a2f,a7fcf627,2,0,2,0,
Canterbury,109,110,6,72b7ed1e,645b2a2f,a7fcf627,0,0,0,0,
Canterbury,110,110,6,a7fcf627,eca08a1d,72b7ed1e,0,0,0,0,
Canterbury,111,111,6,a7fcf627,eca08a1d,72b7ed1e,1,0,1,0,
Canterbury,112,115,6,72b7ed1e,eca08a1d,a7fcf627,4,0,4,0,
Canterbury,113,116,6,72b7ed1e,eca08a1d,a7fcf627,1,0,1,0,
Canterbury,114,118,6,a7fcf627,eca08a1d,72b7ed1e,2,0,2,0,
Canterbury,115,118,6,a7fcf627,eca08a1d,72b7ed1e,0,0,0,0,
Canterbury,116,118,6,72b7ed1e,9b554bb9,a7fcf627,0,0,0,0,
Canterbury,117,120,6,72b7ed1e,9b554bb9,a7fcf627,2,0,2,0,
Canterbury,118,120,6,72b7ed1e,9b554bb9,a7fcf627,0,0,0,0,
Canterbury,119,120,6,72b7ed1e,9b554bb9,a7fcf627,0,0,0,0,
Canterbury,120,121,6,72b7ed1e,9b554bb9,a7fcf627,1,0,1,0,
Canterbury,121,121,6,a7fcf627,9b554bb9,72b7ed1e,0,0,0,0,
Canterbury,122,123,6,72b7ed1e,8d6b36e3,a7fcf627,2,0,2,0,
Canterbury,123,124,6,72b7ed1e,8d6b36e3,a7fcf627,1,0,1,0,
Canterbury,124,124,7,a7fcf627,8d6b36e3,72b7ed1e,0,0,0,1,bowled
Canterbury,125,126,7,1e17a238,8d6b36e3,72b7ed1e,2,0,2,0,
Canterbury,126,131,7,1e17a238,8d6b36e3,72b7ed1e,4,1,5,0,
Canterbury,127,132,7,1e17a238,8d6b36e3,72b7ed1e,1,0,1,0,
Canterbury,128,132,8,72b7ed1e,8d6b36e3,1e17a238,0,0,0,1,caught
Canterbury,129,133,8,1e17a238,397369e0,165b9097,1,0,1,0,
Canterbury,130,133,8,165b9097,397369e0,1e17a238,0,0,0,0,
Canterbury,131,133,8,165b9097,397369e0,1e17a238,0,0,0,0,
Canterbury,132,134,8,165b9097,397369e0,1e17a238,1,0,1,0,
Canterbury,133,135,8,1e17a238,397369e0,165b9097,1,0,1,0,
Canterbury,134,137,8,165b9097,397369e0,1e17a238,2,0,2,0,
Auckland,1,0,0,c28355cd,1e17a238,22e8ba50,0,0,0,0,
Auckland,2,1,0,c28355cd,1e17a238,22e8ba50,0,1,1,0,
Auckland,3,3,0,c28355cd,1e17a238,22e8ba50,2,0,2,0,
Auckland,4,4,0,c28355cd,1e17a238,22e8ba50,1,0,1,0,
Auckland,5,4,0,22e8ba50,1e17a238,c28355cd,0,0,0,0,
Auckland,6,5,0,22e8ba50,1e17a238,c28355cd,1,0,1,0,
Auckland,7,7,0,c28355cd,1e17a238,22e8ba50,0,2,2,0,
Auckland,8,8,0,22e8ba50,1e17a238,c28355cd,1,0,1,0,
Auckland,9,8,0,22e8ba50,60471339,c28355cd,0,0,0,0,
Auckland,10,8,0,22e8ba50,60471339,c28355cd,0,0,0,0,
Auckland,11,8,0,22e8ba50,60471339,c28355cd,0,0,0,0,
Auckland,12,8,0,22e8ba50,60471339,c28355cd,0,0,0,0,
Auckland,13,8,0,22e8ba50,60471339,c28355cd,0,0,0,0,
Auckland,14,8,0,22e8ba50,60471339,c28355cd,0,0,0,0,
Auckland,15,8,0,c28355cd,165b9097,22e8ba50,0,0,0,0,
Auckland,16,9,0,c28355cd,165b9097,22e8ba50,1,0,1,0,
Auckland,17,9,0,22e8ba50,165b9097,c28355cd,0,0,0,0,
Auckland,18,9,1,22e8ba50,165b9097,c28355cd,0,0,0,1,caught
Auckland,19,9,1,19147fe0,165b9097,c28355cd,0,0,0,0,
Auckland,20,10,1,19147fe0,165b9097,c28355cd,1,0,1,0,
Auckland,21,14,1,19147fe0,60471339,c28355cd,4,0,4,0,
Auckland,22,15,1,19147fe0,60471339,c28355cd,1,0,1,0,
Auckland,23,15,1,c28355cd,60471339,19147fe0,0,0,0,0,
Auckland,24,17,1,c28355cd,60471339,19147fe0,2,0,2,0,
Auckland,25,17,1,c28355cd,60471339,19147fe0,0,0,0,0,
Auckland,26,18,1,c28355cd,60471339,19147fe0,1,0,1,0,
Auckland,27,18,1,c28355cd,1e17a238,19147fe0,0,0,0,0,
Auckland,28,19,1,c28355cd,1e17a238,19147fe0,0,1,1,0,
Auckland,29,22,1,c28355cd,1e17a238,19147fe0,3,0,3,0,
Auckland,30,26,1,19147fe0,1e17a238,c28355cd,4,0,4,0,
Auckland,31,26,1,19147fe0,1e17a238,c28355cd,0,0,0,0,
Auckland,32,27,1,19147fe0,1e17a238,c28355cd,1,0,1,0,
Auckland,33,29,1,c28355cd,1e17a238,19147fe0,2,0,2,0,
Auckland,34,29,2,19147fe0,165b9097,c28355cd,0,0,0,1,caught
Auckland,35,29,2,eca08a1d,165b9097,c28355cd,0,0,0,0,
Auckland,36,33,2,eca08a1d,165b9097,c28355cd,4,0,4,0,
Auckland,37,33,2,eca08a1d,165b9097,c28355cd,0,0,0,0,
Auckland,38,34,2,eca08a1d,165b9097,c28355cd,1,0,1,0,
Auckland,39,34,3,c28355cd,165b9097,eca08a1d,0,0,0,1,lbw
Auckland,40,34,3,eca08a1d,31972229,78ad3258,0,0,0,0,
Auckland,41,35,3,eca08a1d,31972229,78ad3258,1,0,1,0,
Auckland,42,36,3,78ad3258,31972229,eca08a1d,1,0,1,0,
Auckland,43,36,3,eca08a1d,31972229,78ad3258,0,0,0,0,
Auckland,44,39,3,eca08a1d,31972229,78ad3258,3,0,3,0,
Auckland,45,39,3,78ad3258,31972229,eca08a1d,0,0,0,0,
Auckland,46,40,3,eca08a1d,165b9097,78ad3258,1,0,1,0,
Auckland,47,41,3,78ad3258,165b9097,eca08a1d,0,1,1,0,
Auckland,48,41,3,78ad3258,165b9097,eca08a1d,0,0,0,0,
Auckland,49,42,3,78ad3258,165b9097,eca08a1d,1,0,1,0,
Auckland,50,45,3,eca08a1d,165b9097,78ad3258,3,0,3,0,
Auckland,51,46,3,78ad3258,165b9097,eca08a1d,1,0,1,0,
Auckland,52,47,3,eca08a1d,165b9097,78ad3258,1,0,1,0,
Auckland,53,49,3,eca08a1d,72b7ed1e,78ad3258,2,0,2,0,
Auckland,54,50,3,eca08a1d,72b7ed1e,78ad3258,1,0,1,0,
Auckland,55,51,3,78ad3258,72b7ed1e,eca08a1d,1,0,1,0,
Auckland,56,51,3,eca08a1d,72b7ed1e,78ad3258,0,0,0,0,
Auckland,57,52,3,eca08a1d,72b7ed1e,78ad3258,1,0,1,0,
Auckland,58,53,3,78ad3258,72b7ed1e,eca08a1d,1,0,1,0,
Auckland,59,54,3,78ad3258,60471339,eca08a1d,1,0,1,0,
Auckland,60,54,3,eca08a1d,60471339,78ad3258,0,0,0,0,
Auckland,61,54,3,eca08a1d,60471339,78ad3258,0,0,0,0,
Auckland,62,55,3,eca08a1d,60471339,78ad3258,1,0,1,0,
Auckland,63,55,3,78ad3258,60471339,eca08a1d,0,0,0,0,
Auckland,64,56,3,78ad3258,60471339,eca08a1d,0,1,1,0,
Auckland,65,57,3,78ad3258,31972229,eca08a1d,1,0,1,0,
Auckland,66,58,3,eca08a1d,31972229,78ad3258,1,0,1,0,
Auckland,67,59,3,78ad3258,31972229,eca08a1d,1,0,1,0,
Auckland,68,59,4,eca08a1d,31972229,78ad3258,0,0,0,1,caught
Auckland,69,60,4,397369e0,31972229,78ad3258,1,0,1,0,
Auckland,70,60,4,78ad3258,31972229,397369e0,0,0,0,0,
Auckland,71,60,4,397369e0,72b7ed1e,78ad3258,0,0,0,0,
Auckland,72,61,4,397369e0,72b7ed1e,78ad3258,1,0,1,0,
Auckland,73,63,4,78ad3258,72b7ed1e,397369e0,2,0,2,0,
Auckland,74,64,4,78ad3258,72b7ed1e,397369e0,0,1,1,0,
Auckland,75,65,4,78ad3258,72b7ed1e,397369e0,1,0,1,0,
Auckland,76,65,4,397369e0,72b7ed1e,78ad3258,0,0,0,0,
Auckland,77,66,4,397369e0,72b7ed1e,78ad3258,1,0,1,0,
Auckland,78,67,4,397369e0,31972229,78ad3258,1,0,1,0,
Auckland,79,68,4,78ad3258,31972229,397369e0,1,0,1,0,
Auckland,80,69,4,397369e0,31972229,78ad3258,1,0,1,0,
Auckland,81,70,4,78ad3258,31972229,397369e0,1,0,1,0,
Auckland,82,70,4,397369e0,31972229,78ad3258,0,0,0,0,
Auckland,83,71,4,397369e0,31972229,78ad3258,1,0,1,0,
Auckland,84,71,5,397369e0,72b7ed1e,78ad3258,0,0,0,1,caught
Auckland,85,72,5,8d6b36e3,72b7ed1e,78ad3258,1,0,1,0,
Auckland,86,73,5,78ad3258,72b7ed1e,8d6b36e3,1,0,1,0,
Auckland,87,73,5,8d6b36e3,72b7ed1e,78ad3258,0,0,0,0,
Auckland,88,73,5,8d6b36e3,72b7ed1e,78ad3258,0,0,0,0,
Auckland,89,74,5,8d6b36e3,72b7ed1e,78ad3258,0,1,1,0,
Auckland,90,75,5,8d6b36e3,72b7ed1e,78ad3258,1,0,1,0,
Auckland,91,76,5,8d6b36e3,1e17a238,78ad3258,1,0,1,0,
Auckland,92,80,5,78ad3258,1e17a238,8d6b36e3,4,0,4,0,
Auckland,93,80,5,78ad3258,1e17a238,8d6b36e3,0,0,0,0,
Auckland,94,82,5,78ad3258,1e17a238,8d6b36e3,2,0,2,0,
Auckland,95,83,5,78ad3258,1e17a238,8d6b36e3,1,0,1,0,
Auckland,96,83,5,8d6b36e3,1e17a238,78ad3258,0,0,0,0,
Auckland,97,84,5,78ad3258,60471339,8d6b36e3,1,0,1,0,
Auckland,98,85,5,8d6b36e3,60471339,78ad3258,1,0,1,0,
Auckland,99,86,5,78ad3258,60471339,8d6b36e3,1,0,1,0,
Auckland,100,86,5,8d6b36e3,60471339,78ad3258,0,0,0,0,
Auckland,101,86,5,8d6b36e3,60471339,78ad3258,0,0,0,0,
Auckland,102,86,5,8d6b36e3,60471339,78ad3258,0,0,0,0,
Auckland,103,86,5,78ad3258,31972229,8d6b36e3,0,0,0,0,
Auckland,104,86,5,78ad3258,31972229,8d6b36e3,0,0,0,0,
Auckland,105,87,5,78ad3258,31972229,8d6b36e3,1,0,1,0,
Auckland,106,91,5,8d6b36e3,31972229,78ad3258,4,0,4,0,
Auckland,107,92,5,8d6b36e3,31972229,78ad3258,1,0,1,0,
Auckland,108,94,5,78ad3258,31972229,8d6b36e3,2,0,2,0,
Auckland,109,95,5,8d6b36e3,72b7ed1e,78ad3258,1,0,1,0,
Auckland,110,96,5,78ad3258,72b7ed1e,8d6b36e3,1,0,1,0,
Auckland,111,96,6,8d6b36e3,72b7ed1e,78ad3258,0,0,0,1,bowled
Auckland,112,97,6,e1504909,72b7ed1e,78ad3258,1,0,1,0,
Auckland,113,99,6,78ad3258,72b7ed1e,e1504909,2,0,2,0,
Auckland,114,100,6,78ad3258,72b7ed1e,e1504909,1,0,1,0,
Auckland,115,101,6,78ad3258,1e17a238,e1504909,1,0,1,0,
Auckland,116,102,6,e1504909,1e17a238,78ad3258,0,1,1,0,
Auckland,117,103,6,78ad3258,1e17a238,e1504909,1,0,1,0,
Auckland,118,103,7,e1504909,1e17a238,78ad3258,0,0,0,1,bowled
Auckland,119,103,8,9b554bb9,1e17a238,78ad3258,0,0,0,1,bowled
Auckland,120,104,8,645b2a2f,1e17a238,78ad3258,1,0,1,0,
Auckland,121,105,8,645b2a2f,165b9097,78ad3258,1,0,1,0,
Auckland,122,107,8,78ad3258,165b9097,645b2a2f,2,0,2,0,
Auckland,123,108,8,78ad3258,165b9097,645b2a2f,1,0,1,0,
Auckland,124,108,9,645b2a2f,165b9097,78ad3258,0,0,0,1,stumped
Auckland,125,108,9,3b67e117,165b9097,78ad3258,0,0,0,0,
Auckland,126,110,9,3b67e117,165b9097,78ad3258,2,0,2,0,
