batting_team,ball_number,total_team_runs,total_team_wickets,striker_ID,bowler_ID,nonstriker_ID,batter_runs,extras_runs,total_delivery_runs,wicket,wicket_type
Perth Scorchers,1,0,0,de69af96,275dff85,52d1dbc8,0,0,0,0,
Perth Scorchers,2,0,0,de69af96,275dff85,52d1dbc8,0,0,0,0,
Perth Scorchers,3,1,0,de69af96,275dff85,52d1dbc8,1,0,1,0,
Perth Scorchers,4,1,0,52d1dbc8,275dff85,de69af96,0,0,0,0,
Perth Scorchers,5,2,0,52d1dbc8,275dff85,de69af96,1,0,1,0,
Perth Scorchers,6,2,0,de69af96,275dff85,52d1dbc8,0,0,0,0,
Perth Scorchers,7,2,0,52d1dbc8,340202b0,de69af96,0,0,0,0,
Perth Scorchers,8,3,0,52d1dbc8,340202b0,de69af96,1,0,1,0,
Perth Scorchers,9,3,0,de69af96,340202b0,52d1dbc8,0,0,0,0,
Perth Scorchers,10,9,0,de69af96,340202b0,52d1dbc8,6,0,6,0,
Perth Scorchers,11,13,0,de69af96,340202b0,52d1dbc8,4,0,4,0,
Perth Scorchers,12,14,0,de69af96,340202b0,52d1dbc8,1,0,1,0,
Perth Scorchers,13,15,0,de69af96,275dff85,52d1dbc8,0,1,1,0,
Perth Scorchers,14,15,1,de69af96,275dff85,52d1dbc8,0,0,0,1,run out
Perth Scorchers,15,15,1,52d1dbc8,275dff85,57a90666,0,0,0,0,
Perth Scorchers,16,15,1,52d1dbc8,275dff85,57a90666,0,0,0,0,
Perth Scorchers,17,15,1,52d1dbc8,275dff85,57a90666,0,0,0,0,
Perth Scorchers,18,16,1,52d1dbc8,275dff85,57a90666,1,0,1,0,
Perth Scorchers,19,16,1,57a90666,275dff85,52d1dbc8,0,0,0,0,
Perth Scorchers,20,17,1,52d1dbc8,bc969efb,57a90666,0,1,1,0,
Perth Scorchers,21,23,1,52d1dbc8,bc969efb,57a90666,6,0,6,0,
Perth Scorchers,22,24,1,52d1dbc8,bc969efb,57a90666,1,0,1,0,
Perth Scorchers,23,24,2,57a90666,bc969efb,52d1dbc8,0,0,0,1,caught
Perth Scorchers,24,28,2,f3a18a0c,bc969efb,52d1dbc8,4,0,4,0,
Perth Scorchers,25,28,2,f3a18a0c,bc969efb,52d1dbc8,0,0,0,0,
Perth Scorchers,26,28,2,f3a18a0c,bc969efb,52d1dbc8,0,0,0,0,
Perth Scorchers,27,29,2,52d1dbc8,be150fc8,f3a18a0c,0,1,1,0,
Perth Scorchers,28,30,2,52d1dbc8,be150fc8,f3a18a0c,1,0,1,0,
Perth Scorchers,29,31,2,f3a18a0c,be150fc8,52d1dbc8,1,0,1,0,
Perth Scorchers,30,32,2,52d1dbc8,be150fc8,f3a18a0c,1,0,1,0,
Perth Scorchers,31,33,2,f3a18a0c,be150fc8,52d1dbc8,1,0,1,0,
Perth Scorchers,32,33,2,52d1dbc8,be150fc8,f3a18a0c,0,0,0,0,
Perth Scorchers,33,34,2,52d1dbc8,be150fc8,f3a18a0c,1,0,1,0,
Perth Scorchers,34,40,2,52d1dbc8,4d4605e6,f3a18a0c,6,0,6,0,
Perth Scorchers,35,41,2,52d1dbc8,4d4605e6,f3a18a0c,1,0,1,0,
Perth Scorchers,36,45,2,f3a18a0c,4d4605e6,52d1dbc8,4,0,4,0,
Perth Scorchers,37,46,2,f3a18a0c,4d4605e6,52d1dbc8,1,0,1,0,
Perth Scorchers,38,46,2,52d1dbc8,4d4605e6,f3a18a0c,0,0,0,0,
Perth Scorchers,39,52,2,52d1dbc8,4d4605e6,f3a18a0c,6,0,6,0,
Perth Scorchers,40,53,2,f3a18a0c,275dff85,52d1dbc8,1,0,1,0,
Perth Scorchers,41,54,2,52d1dbc8,275dff85,f3a18a0c,0,1,1,0,
Perth Scorchers,42,58,2,f3a18a0c,275dff85,52d1dbc8,4,0,4,0,
Perth Scorchers,43,64,2,f3a18a0c,275dff85,52d1dbc8,6,0,6,0,
Perth Scorchers,44,65,2,f3a18a0c,275dff85,52d1dbc8,0,1,1,0,
Perth Scorchers,45,66,2,52d1dbc8,275dff85,f3a18a0c,1,0,1,0,
Perth Scorchers,46,67,2,52d1dbc8,78bec461,f3a18a0c,1,0,1,0,
Perth Scorchers,47,69,2,f3a18a0c,78bec461,52d1dbc8,2,0,2,0,
Perth Scorchers,48,70,2,f3a18a0c,78bec461,52d1dbc8,1,0,1,0,
Perth Scorchers,49,70,2,52d1dbc8,78bec461,f3a18a0c,0,0,0,0,
Perth Scorchers,50,74,2,52d1dbc8,78bec461,f3a18a0c,4,0,4,0,
Perth Scorchers,51,74,2,52d1dbc8,78bec461,f3a18a0c,0,0,0,0,
Perth Scorchers,52,74,2,f3a18a0c,be150fc8,52d1dbc8,0,0,0,0,
Perth Scorchers,53,75,2,f3a18a0c,be150fc8,52d1dbc8,1,0,1,0,
Perth Scorchers,54,79,2,52d1dbc8,be150fc8,f3a18a0c,4,0,4,0,
Perth Scorchers,55,80,2,52d1dbc8,be150fc8,f3a18a0c,1,0,1,0,
Perth Scorchers,56,80,3,f3a18a0c,be150fc8,52d1dbc8,0,0,0,1,bowled
Perth Scorchers,57,81,3,795ff893,be150fc8,52d1dbc8,1,0,1,0,
Perth Scorchers,58,81,3,795ff893,bc969efb,52d1dbc8,0,0,0,0,
Perth Scorchers,59,82,3,795ff893,bc969efb,52d1dbc8,1,0,1,0,
Perth Scorchers,60,86,3,52d1dbc8,bc969efb,795ff893,4,0,4,0,
Perth Scorchers,61,86,3,52d1dbc8,bc969efb,795ff893,0,0,0,0,
Perth Scorchers,62,87,3,52d1dbc8,bc969efb,795ff893,1,0,1,0,
Perth Scorchers,63,91,3,795ff893,bc969efb,52d1dbc8,4,0,4,0,
Perth Scorchers,64,92,3,52d1dbc8,340202b0,795ff893,1,0,1,0,
Perth Scorchers,65,96,3,795ff893,340202b0,52d1dbc8,4,0,4,0,
Perth Scorchers,66,97,3,795ff893,340202b0,52d1dbc8,1,0,1,0,
Perth Scorchers,67,99,3,52d1dbc8,340202b0,795ff893,2,0,2,0,
Perth Scorchers,68,100,3,52d1dbc8,340202b0,795ff893,1,0,1,0,
Perth Scorchers,69,100,3,795ff893,340202b0,52d1dbc8,0,0,0,0,
Perth Scorchers,70,106,3,52d1dbc8,78bec461,795ff893,6,0,6,0,
Perth Scorchers,71,110,3,52d1dbc8,78bec461,795ff893,4,0,4,0,
Perth Scorchers,72,110,3,52d1dbc8,78bec461,795ff893,0,0,0,0,
Perth Scorchers,73,111,3,52d1dbc8,78bec461,795ff893,1,0,1,0,
Perth Scorchers,74,111,3,795ff893,78bec461,52d1dbc8,0,0,0,0,
Perth Scorchers,75,111,3,795ff893,78bec461,52d1dbc8,0,0,0,0,
Perth Scorchers,76,115,3,52d1dbc8,be150fc8,795ff893,4,0,4,0,
Perth Scorchers,77,116,3,52d1dbc8,be150fc8,795ff893,1,0,1,0,
Perth Scorchers,78,116,3,795ff893,be150fc8,52d1dbc8,0,0,0,0,
Perth Scorchers,79,117,3,795ff893,be150fc8,52d1dbc8,1,0,1,0,
Perth Scorchers,80,118,3,52d1dbc8,be150fc8,795ff893,1,0,1,0,
Perth Scorchers,81,119,3,795ff893,be150fc8,52d1dbc8,1,0,1,0,
Perth Scorchers,82,119,3,795ff893,bc969efb,52d1dbc8,0,0,0,0,
Perth Scorchers,83,119,3,795ff893,bc969efb,52d1dbc8,0,0,0,0,
Perth Scorchers,84,119,3,795ff893,bc969efb,52d1dbc8,0,0,0,0,
Perth Scorchers,85,119,4,795ff893,bc969efb,52d1dbc8,0,0,0,1,caught
Perth Scorchers,86,120,4,b05e45e4,bc969efb,52d1dbc8,1,0,1,0,
Perth Scorchers,87,124,4,52d1dbc8,bc969efb,b05e45e4,4,0,4,0,
Perth Scorchers,88,126,4,b05e45e4,275dff85,52d1dbc8,2,0,2,0,
Perth Scorchers,89,127,4,b05e45e4,275dff85,52d1dbc8,1,0,1,0,
Perth Scorchers,90,131,4,52d1dbc8,275dff85,b05e45e4,4,0,4,0,
Perth Scorchers,91,132,4,52d1dbc8,275dff85,b05e45e4,0,1,1,0,
Perth Scorchers,92,136,4,b05e45e4,275dff85,52d1dbc8,4,0,4,0,
Perth Scorchers,93,140,4,b05e45e4,275dff85,52d1dbc8,4,0,4,0,
Perth Scorchers,94,140,4,52d1dbc8,5f377534,b05e45e4,0,0,0,0,
Perth Scorchers,95,145,4,52d1dbc8,5f377534,b05e45e4,0,5,5,0,
Perth Scorchers,96,149,4,52d1dbc8,5f377534,b05e45e4,4,0,4,0,
Perth Scorchers,97,149,4,52d1dbc8,5f377534,b05e45e4,0,0,0,0,
Perth Scorchers,98,150,4,52d1dbc8,5f377534,b05e45e4,1,0,1,0,
Perth Scorchers,99,151,4,b05e45e4,5f377534,52d1dbc8,1,0,1,0,
Perth Scorchers,100,151,4,52d1dbc8,5f377534,b05e45e4,0,0,0,0,
Perth Scorchers,101,152,4,b05e45e4,340202b0,52d1dbc8,1,0,1,0,
Perth Scorchers,102,153,4,52d1dbc8,340202b0,b05e45e4,1,0,1,0,
Perth Scorchers,103,157,4,b05e45e4,340202b0,52d1dbc8,4,0,4,0,
Perth Scorchers,104,161,4,b05e45e4,340202b0,52d1dbc8,4,0,4,0,
Perth Scorchers,105,165,4,b05e45e4,340202b0,52d1dbc8,4,0,4,0,
Perth Scorchers,106,166,4,b05e45e4,340202b0,52d1dbc8,1,0,1,0,
Perth Scorchers,107,167,4,b05e45e4,be150fc8,52d1dbc8,1,0,1,0,
Perth Scorchers,108,168,4,52d1dbc8,be150fc8,b05e45e4,0,1,1,0,
Perth Scorchers,109,168,5,b05e45e4,be150fc8,52d1dbc8,0,0,0,1,caught
Perth Scorchers,110,168,5,83558266,be150fc8,52d1dbc8,0,0,0,0,
Perth Scorchers,111,172,5,83558266,be150fc8,52d1dbc8,4,0,4,0,
Perth Scorchers,112,172,5,83558266,be150fc8,52d1dbc8,0,0,0,0,
Perth Scorchers,113,173,5,52d1dbc8,340202b0,83558266,1,0,1,0,
Perth Scorchers,114,174,5,83558266,340202b0,52d1dbc8,1,0,1,0,
Perth Scorchers,115,176,5,52d1dbc8,340202b0,83558266,2,0,2,0,
Perth Scorchers,116,177,5,52d1dbc8,340202b0,83558266,1,0,1,0,
Perth Scorchers,117,177,5,83558266,340202b0,52d1dbc8,0,0,0,0,
Perth Scorchers,118,177,5,83558266,340202b0,52d1dbc8,0,0,0,0,
Perth Scorchers,119,179,5,52d1dbc8,bc969efb,83558266,2,0,2,0,
Perth Scorchers,120,183,5,52d1dbc8,bc969efb,83558266,4,0,4,0,
Perth Scorchers,121,184,6,52d1dbc8,bc969efb,83558266,1,0,1,1,run out
Perth Scorchers,122,186,6,52d1dbc8,bc969efb,507acf2e,2,0,2,0,
Perth Scorchers,123,187,6,52d1dbc8,bc969efb,507acf2e,1,0,1,0,
Perth Scorchers,124,189,6,507acf2e,bc969efb,52d1dbc8,2,0,2,0,
Sydney Sixers,1,1,0,be150fc8,923402d8,78bec461,0,1,1,0,
Sydney Sixers,2,1,0,be150fc8,923402d8,78bec461,0,0,0,0,
Sydney Sixers,3,1,0,be150fc8,923402d8,78bec461,0,0,0,0,
Sydney Sixers,4,1,0,be150fc8,923402d8,78bec461,0,0,0,0,
Sydney Sixers,5,2,0,be150fc8,923402d8,78bec461,1,0,1,0,
Sydney Sixers,6,2,0,78bec461,923402d8,be150fc8,0,0,0,0,
Sydney Sixers,7,3,0,78bec461,923402d8,be150fc8,1,0,1,0,
Sydney Sixers,8,4,0,78bec461,4b69c598,be150fc8,0,1,1,0,
Sydney Sixers,9,5,0,78bec461,4b69c598,be150fc8,0,1,1,0,
Sydney Sixers,10,6,0,be150fc8,4b69c598,78bec461,0,1,1,0,
Sydney Sixers,11,6,0,be150fc8,4b69c598,78bec461,0,0,0,0,
Sydney Sixers,12,6,0,be150fc8,4b69c598,78bec461,0,0,0,0,
Sydney Sixers,13,6,0,be150fc8,4b69c598,78bec461,0,0,0,0,
Sydney Sixers,14,10,0,be150fc8,4b69c598,78bec461,4,0,4,0,
Sydney Sixers,15,10,0,be150fc8,4b69c598,78bec461,0,0,0,0,
Sydney Sixers,16,14,0,78bec461,923402d8,be150fc8,4,0,4,0,
Sydney Sixers,17,14,0,78bec461,923402d8,be150fc8,0,0,0,0,
Sydney Sixers,18,15,0,78bec461,923402d8,be150fc8,0,1,1,0,
Sydney Sixers,19,16,0,78bec461,923402d8,be150fc8,1,0,1,0,
Sydney Sixers,20,20,0,be150fc8,923402d8,78bec461,4,0,4,0,
Sydney Sixers,21,24,0,be150fc8,923402d8,78bec461,4,0,4,0,
Sydney Sixers,22,24,0,be150fc8,923402d8,78bec461,0,0,0,0,
Sydney Sixers,23,24,1,78bec461,795ff893,be150fc8,0,0,0,1,caught
Sydney Sixers,24,24,1,bc969efb,795ff893,be150fc8,0,0,0,0,
Sydney Sixers,25,25,1,bc969efb,795ff893,be150fc8,1,0,1,0,
Sydney Sixers,26,26,1,be150fc8,795ff893,bc969efb,1,0,1,0,
Sydney Sixers,27,30,1,bc969efb,795ff893,be150fc8,4,0,4,0,
Sydney Sixers,28,30,1,bc969efb,795ff893,be150fc8,0,0,0,0,
Sydney Sixers,29,31,1,be150fc8,507acf2e,bc969efb,1,0,1,0,
Sydney Sixers,30,32,1,bc969efb,507acf2e,be150fc8,0,1,1,0,
Sydney Sixers,31,33,1,bc969efb,507acf2e,be150fc8,1,0,1,0,
Sydney Sixers,32,33,1,be150fc8,507acf2e,bc969efb,0,0,0,0,
Sydney Sixers,33,37,1,be150fc8,507acf2e,bc969efb,4,0,4,0,
Sydney Sixers,34,37,1,be150fc8,507acf2e,bc969efb,0,0,0,0,
Sydney Sixers,35,38,1,be150fc8,507acf2e,bc969efb,1,0,1,0,
Sydney Sixers,36,39,1,be150fc8,83558266,bc969efb,0,1,1,0,
Sydney Sixers,37,39,1,be150fc8,83558266,bc969efb,0,0,0,0,
Sydney Sixers,38,40,1,be150fc8,83558266,bc969efb,1,0,1,0,
Sydney Sixers,39,40,1,bc969efb,83558266,be150fc8,0,0,0,0,
Sydney Sixers,40,40,1,bc969efb,83558266,be150fc8,0,0,0,0,
Sydney Sixers,41,40,1,bc969efb,83558266,be150fc8,0,0,0,0,
Sydney Sixers,42,40,1,bc969efb,83558266,be150fc8,0,0,0,0,
Sydney Sixers,43,41,1,be150fc8,4b69c598,bc969efb,1,0,1,0,
Sydney Sixers,44,41,1,bc969efb,4b69c598,be150fc8,0,0,0,0,
Sydney Sixers,45,41,2,bc969efb,4b69c598,be150fc8,0,0,0,1,caught
Sydney Sixers,46,41,2,2e0b6638,4b69c598,be150fc8,0,0,0,0,
Sydney Sixers,47,43,2,2e0b6638,4b69c598,be150fc8,2,0,2,0,
Sydney Sixers,48,44,2,2e0b6638,4b69c598,be150fc8,1,0,1,0,
Sydney Sixers,49,45,2,2e0b6638,c35a0b8a,be150fc8,1,0,1,0,
Sydney Sixers,50,46,2,be150fc8,c35a0b8a,2e0b6638,1,0,1,0,
Sydney Sixers,51,46,2,2e0b6638,c35a0b8a,be150fc8,0,0,0,0,
Sydney Sixers,52,47,2,2e0b6638,c35a0b8a,be150fc8,1,0,1,0,
Sydney Sixers,53,51,2,be150fc8,c35a0b8a,2e0b6638,4,0,4,0,
Sydney Sixers,54,57,2,be150fc8,c35a0b8a,2e0b6638,6,0,6,0,
Sydney Sixers,55,57,2,2e0b6638,507acf2e,be150fc8,0,0,0,0,
Sydney Sixers,56,57,2,2e0b6638,507acf2e,be150fc8,0,0,0,0,
Sydney Sixers,57,57,2,2e0b6638,507acf2e,be150fc8,0,0,0,0,
Sydney Sixers,58,61,2,2e0b6638,507acf2e,be150fc8,4,0,4,0,
Sydney Sixers,59,61,3,2e0b6638,507acf2e,be150fc8,0,0,0,1,run out
Sydney Sixers,60,61,3,be150fc8,507acf2e,4d4605e6,0,0,0,0,
Sydney Sixers,61,61,3,4d4605e6,83558266,be150fc8,0,0,0,0,
Sydney Sixers,62,62,3,4d4605e6,83558266,be150fc8,1,0,1,0,
Sydney Sixers,63,68,3,be150fc8,83558266,4d4605e6,6,0,6,0,
Sydney Sixers,64,69,3,be150fc8,83558266,4d4605e6,1,0,1,0,
Sydney Sixers,65,69,3,4d4605e6,83558266,be150fc8,0,0,0,0,
Sydney Sixers,66,70,3,4d4605e6,83558266,be150fc8,1,0,1,0,
Sydney Sixers,67,70,3,4d4605e6,4b69c598,be150fc8,0,0,0,0,
Sydney Sixers,68,71,3,4d4605e6,4b69c598,be150fc8,1,0,1,0,
Sydney Sixers,69,71,3,be150fc8,4b69c598,4d4605e6,0,0,0,0,
Sydney Sixers,70,71,4,be150fc8,4b69c598,4d4605e6,0,0,0,1,run out
Sydney Sixers,71,71,4,4d4605e6,4b69c598,89bbc67a,0,0,0,0,
Sydney Sixers,72,72,4,4d4605e6,4b69c598,89bbc67a,0,1,1,0,
Sydney Sixers,73,73,4,4d4605e6,795ff893,89bbc67a,1,0,1,0,
Sydney Sixers,74,77,4,89bbc67a,795ff893,4d4605e6,4,0,4,0,
Sydney Sixers,75,78,4,89bbc67a,795ff893,4d4605e6,1,0,1,0,
Sydney Sixers,76,82,4,4d4605e6,795ff893,89bbc67a,4,0,4,0,
Sydney Sixers,77,83,4,4d4605e6,795ff893,89bbc67a,1,0,1,0,
Sydney Sixers,78,84,4,89bbc67a,795ff893,4d4605e6,1,0,1,0,
Sydney Sixers,79,88,4,89bbc67a,507acf2e,4d4605e6,4,0,4,0,
Sydney Sixers,80,89,4,89bbc67a,507acf2e,4d4605e6,1,0,1,0,
Sydney Sixers,81,93,4,4d4605e6,507acf2e,89bbc67a,4,0,4,0,
Sydney Sixers,82,93,5,4d4605e6,507acf2e,89bbc67a,0,0,0,1,bowled
Sydney Sixers,83,93,5,4b546c04,507acf2e,89bbc67a,0,0,0,0,
Sydney Sixers,84,94,5,4b546c04,507acf2e,89bbc67a,1,0,1,0,
Sydney Sixers,85,95,5,4b546c04,83558266,89bbc67a,1,0,1,0,
Sydney Sixers,86,95,6,89bbc67a,83558266,4b546c04,0,0,0,1,lbw
Sydney Sixers,87,96,6,ae28c962,83558266,4b546c04,1,0,1,0,
Sydney Sixers,88,96,6,4b546c04,83558266,ae28c962,0,0,0,0,
Sydney Sixers,89,96,7,4b546c04,83558266,ae28c962,0,0,0,1,caught and bowled
Sydney Sixers,90,100,7,5f377534,83558266,ae28c962,4,0,4,0,
Sydney Sixers,91,100,8,ae28c962,923402d8,5f377534,0,0,0,1,bowled
Sydney Sixers,92,101,8,340202b0,923402d8,5f377534,1,0,1,0,
Sydney Sixers,93,102,8,5f377534,923402d8,340202b0,1,0,1,0,
Sydney Sixers,94,102,8,340202b0,923402d8,5f377534,0,0,0,0,
Sydney Sixers,95,102,8,340202b0,923402d8,5f377534,0,0,0,0,
Sydney Sixers,96,103,8,340202b0,923402d8,5f377534,1,0,1,0,
Sydney Sixers,97,104,8,340202b0,795ff893,5f377534,1,0,1,0,
Sydney Sixers,98,105,8,5f377534,795ff893,340202b0,1,0,1,0,
Sydney Sixers,99,105,8,340202b0,795ff893,5f377534,0,0,0,0,
Sydney Sixers,100,106,8,340202b0,795ff893,5f377534,1,0,1,0,
Sydney Sixers,101,106,8,5f377534,795ff893,340202b0,0,0,0,0,
Sydney Sixers,102,106,8,5f377534,795ff893,340202b0,0,0,0,0,
Sydney Sixers,103,106,8,340202b0,4b69c598,5f377534,0,0,0,0,
Sydney Sixers,104,106,8,340202b0,4b69c598,5f377534,0,0,0,0,
Sydney Sixers,105,107,8,340202b0,4b69c598,5f377534,1,0,1,0,
Sydney Sixers,106,108,8,5f377534,4b69c598,340202b0,0,1,1,0,
Sydney Sixers,107,108,9,340202b0,4b69c598,5f377534,0,0,0,1,bowled
Sydney Sixers,108,108,9,275dff85,4b69c598,5f377534,0,0,0,0,
Sydney Sixers,109,109,9,5f377534,c35a0b8a,275dff85,1,0,1,0,
Sydney Sixers,110,109,9,275dff85,c35a0b8a,5f377534,0,0,0,0,
Sydney Sixers,111,113,9,275dff85,c35a0b8a,5f377534,0,4,4,0,
Sydney Sixers,112,114,9,275dff85,c35a0b8a,5f377534,1,0,1,0,
Sydney Sixers,113,114,9,5f377534,c35a0b8a,275dff85,0,0,0,0,
Sydney Sixers,114,115,9,5f377534,c35a0b8a,275dff85,1,0,1,0,
Sydney Sixers,115,116,9,5f377534,83558266,275dff85,0,1,1,0,
Sydney Sixers,116,117,9,275dff85,83558266,5f377534,1,0,1,0,
Sydney Sixers,117,118,9,5f377534,83558266,275dff85,1,0,1,0,
Sydney Sixers,118,122,9,275dff85,83558266,5f377534,4,0,4,0,
Sydney Sixers,119,122,9,275dff85,83558266,5f377534,0,0,0,0,
Sydney Sixers,120,126,9,275dff85,83558266,5f377534,4,0,4,0,
Sydney Sixers,121,127,9,5f377534,795ff893,275dff85,1,0,1,0,
Sydney Sixers,122,128,9,275dff85,795ff893,5f377534,1,0,1,0,
Sydney Sixers,123,128,10,5f377534,795ff893,275dff85,0,0,0,1,caught
