batting_team,ball_number,total_team_runs,total_team_wickets,striker_ID,bowler_ID,nonstriker_ID,batter_runs,extras_runs,total_delivery_runs,wicket,wicket_type
Karachi Kings,1,1,0,193ef196,1c790f4f,7bcde3fe,1,0,1,0,
Karachi Kings,2,1,0,7bcde3fe,1c790f4f,193ef196,0,0,0,0,
Karachi Kings,3,1,0,7bcde3fe,1c790f4f,193ef196,0,0,0,0,
Karachi Kings,4,1,0,7bcde3fe,1c790f4f,193ef196,0,0,0,0,
Karachi Kings,5,5,0,7bcde3fe,1c790f4f,193ef196,4,0,4,0,
Karachi Kings,6,5,0,7bcde3fe,1c790f4f,193ef196,0,0,0,0,
Karachi Kings,7,5,0,193ef196,2911de16,7bcde3fe,0,0,0,0,
Karachi Kings,8,11,0,193ef196,2911de16,7bcde3fe,6,0,6,0,
Karachi Kings,9,11,0,193ef196,2911de16,7bcde3fe,0,0,0,0,
Karachi Kings,10,12,0,193ef196,2911de16,7bcde3fe,1,0,1,0,
Karachi Kings,11,12,0,7bcde3fe,2911de16,193ef196,0,0,0,0,
Karachi Kings,12,12,0,7bcde3fe,2911de16,193ef196,0,0,0,0,
Karachi Kings,13,12,1,193ef196,1c790f4f,7bcde3fe,0,0,0,1,bowled
Karachi Kings,14,16,1,431f8af4,1c790f4f,7bcde3fe,4,0,4,0,
Karachi Kings,15,17,1,431f8af4,1c790f4f,7bcde3fe,1,0,1,0,
Karachi Kings,16,21,1,7bcde3fe,1c790f4f,431f8af4,4,0,4,0,
Karachi Kings,17,25,1,7bcde3fe,1c790f4f,431f8af4,4,0,4,0,
Karachi Kings,18,29,1,7bcde3fe,1c790f4f,431f8af4,4,0,4,0,
Karachi Kings,19,35,1,431f8af4,bd4ea627,7bcde3fe,6,0,6,0,
Karachi Kings,20,36,1,431f8af4,bd4ea627,7bcde3fe,1,0,1,0,
Karachi Kings,21,37,1,7bcde3fe,bd4ea627,431f8af4,1,0,1,0,
Karachi Kings,22,38,1,431f8af4,bd4ea627,7bcde3fe,1,0,1,0,
Karachi Kings,23,39,1,7bcde3fe,bd4ea627,431f8af4,1,0,1,0,
Karachi Kings,24,45,1,431f8af4,bd4ea627,7bcde3fe,6,0,6,0,
Karachi Kings,25,45,1,7bcde3fe,e86754b2,431f8af4,0,0,0,0,
Karachi Kings,26,47,1,7bcde3fe,e86754b2,431f8af4,2,0,2,0,
Karachi Kings,27,48,1,7bcde3fe,e86754b2,431f8af4,0,1,1,0,
Karachi Kings,28,48,1,431f8af4,e86754b2,7bcde3fe,0,0,0,0,
Karachi Kings,29,49,1,431f8af4,e86754b2,7bcde3fe,0,1,1,0,
Karachi Kings,30,49,2,431f8af4,e86754b2,7bcde3fe,0,0,0,1,caught
Karachi Kings,31,53,2,64c34cd0,e86754b2,7bcde3fe,4,0,4,0,
Karachi Kings,32,53,3,7bcde3fe,2911de16,64c34cd0,0,0,0,1,caught
Karachi Kings,33,54,3,9cb8d7a6,2911de16,64c34cd0,1,0,1,0,
Karachi Kings,34,55,3,64c34cd0,2911de16,9cb8d7a6,1,0,1,0,
Karachi Kings,35,56,3,9cb8d7a6,2911de16,64c34cd0,0,1,1,0,
Karachi Kings,36,60,3,9cb8d7a6,2911de16,64c34cd0,4,0,4,0,
Karachi Kings,37,60,3,9cb8d7a6,2911de16,64c34cd0,0,0,0,0,
Karachi Kings,38,61,3,9cb8d7a6,2911de16,64c34cd0,1,0,1,0,
Karachi Kings,39,63,3,9cb8d7a6,7264b765,64c34cd0,2,0,2,0,
Karachi Kings,40,63,3,9cb8d7a6,7264b765,64c34cd0,0,0,0,0,
Karachi Kings,41,64,3,9cb8d7a6,7264b765,64c34cd0,1,0,1,0,
Karachi Kings,42,65,3,64c34cd0,7264b765,9cb8d7a6,1,0,1,0,
Karachi Kings,43,66,3,9cb8d7a6,7264b765,64c34cd0,1,0,1,0,
Karachi Kings,44,67,3,64c34cd0,7264b765,9cb8d7a6,1,0,1,0,
Karachi Kings,45,67,3,64c34cd0,9de62878,9cb8d7a6,0,0,0,0,
Karachi Kings,46,68,3,64c34cd0,9de62878,9cb8d7a6,1,0,1,0,
Karachi Kings,47,69,3,9cb8d7a6,9de62878,64c34cd0,1,0,1,0,
Karachi Kings,48,69,3,64c34cd0,9de62878,9cb8d7a6,0,0,0,0,
Karachi Kings,49,70,3,64c34cd0,9de62878,9cb8d7a6,1,0,1,0,
Karachi Kings,50,70,3,9cb8d7a6,9de62878,64c34cd0,0,0,0,0,
Karachi Kings,51,71,3,64c34cd0,bd4ea627,9cb8d7a6,1,0,1,0,
Karachi Kings,52,75,3,9cb8d7a6,bd4ea627,64c34cd0,4,0,4,0,
Karachi Kings,53,76,3,9cb8d7a6,bd4ea627,64c34cd0,1,0,1,0,
Karachi Kings,54,78,3,64c34cd0,bd4ea627,9cb8d7a6,2,0,2,0,
Karachi Kings,55,78,4,64c34cd0,bd4ea627,9cb8d7a6,0,0,0,1,bowled
Karachi Kings,56,78,4,ee95065d,bd4ea627,9cb8d7a6,0,0,0,0,
Karachi Kings,57,79,4,9cb8d7a6,9de62878,ee95065d,1,0,1,0,
Karachi Kings,58,80,4,ee95065d,9de62878,9cb8d7a6,1,0,1,0,
Karachi Kings,59,80,4,9cb8d7a6,9de62878,ee95065d,0,0,0,0,
Karachi Kings,60,81,4,9cb8d7a6,9de62878,ee95065d,1,0,1,0,
Karachi Kings,61,85,4,ee95065d,9de62878,9cb8d7a6,4,0,4,0,
Karachi Kings,62,87,4,ee95065d,9de62878,9cb8d7a6,0,2,2,0,
Karachi Kings,63,87,4,9cb8d7a6,bd4ea627,ee95065d,0,0,0,0,
Karachi Kings,64,91,4,9cb8d7a6,bd4ea627,ee95065d,4,0,4,0,
Karachi Kings,65,95,4,9cb8d7a6,bd4ea627,ee95065d,4,0,4,0,
Karachi Kings,66,96,4,9cb8d7a6,bd4ea627,ee95065d,1,0,1,0,
Karachi Kings,67,98,4,ee95065d,bd4ea627,9cb8d7a6,2,0,2,0,
Karachi Kings,68,98,4,ee95065d,bd4ea627,9cb8d7a6,0,0,0,0,
Karachi Kings,69,99,4,9cb8d7a6,9de62878,ee95065d,1,0,1,0,
Karachi Kings,70,99,4,ee95065d,9de62878,9cb8d7a6,0,0,0,0,
Karachi Kings,71,100,4,ee95065d,9de62878,9cb8d7a6,1,0,1,0,
Karachi Kings,72,101,4,9cb8d7a6,9de62878,ee95065d,1,0,1,0,
Karachi Kings,73,102,4,ee95065d,9de62878,9cb8d7a6,1,0,1,0,
Karachi Kings,74,103,4,9cb8d7a6,9de62878,ee95065d,1,0,1,0,
Karachi Kings,75,104,4,9cb8d7a6,e86754b2,ee95065d,1,0,1,0,
Karachi Kings,76,105,4,ee95065d,e86754b2,9cb8d7a6,1,0,1,0,
Karachi Kings,77,109,4,9cb8d7a6,e86754b2,ee95065d,4,0,4,0,
Karachi Kings,78,109,4,9cb8d7a6,e86754b2,ee95065d,0,0,0,0,
Karachi Kings,79,111,4,9cb8d7a6,e86754b2,ee95065d,2,0,2,0,
Karachi Kings,80,112,4,9cb8d7a6,e86754b2,ee95065d,1,0,1,0,
Karachi Kings,81,112,4,9cb8d7a6,9de62878,ee95065d,0,0,0,0,
Karachi Kings,82,113,4,9cb8d7a6,9de62878,ee95065d,1,0,1,0,
Karachi Kings,83,114,4,ee95065d,9de62878,9cb8d7a6,1,0,1,0,
Karachi Kings,84,114,4,9cb8d7a6,9de62878,ee95065d,0,0,0,0,
Karachi Kings,85,115,4,9cb8d7a6,9de62878,ee95065d,0,1,1,0,
Karachi Kings,86,119,4,ee95065d,9de62878,9cb8d7a6,4,0,4,0,
Karachi Kings,87,120,4,9cb8d7a6,1c790f4f,ee95065d,1,0,1,0,
Karachi Kings,88,121,4,ee95065d,1c790f4f,9cb8d7a6,1,0,1,0,
Karachi Kings,89,127,4,9cb8d7a6,1c790f4f,ee95065d,6,0,6,0,
Karachi Kings,90,131,4,9cb8d7a6,1c790f4f,ee95065d,4,0,4,0,
Karachi Kings,91,135,4,9cb8d7a6,1c790f4f,ee95065d,4,0,4,0,
Karachi Kings,92,136,4,9cb8d7a6,1c790f4f,ee95065d,1,0,1,0,
Karachi Kings,93,140,4,9cb8d7a6,2911de16,ee95065d,4,0,4,0,
Karachi Kings,94,142,4,9cb8d7a6,2911de16,ee95065d,2,0,2,0,
Karachi Kings,95,143,4,9cb8d7a6,2911de16,ee95065d,1,0,1,0,
Karachi Kings,96,144,4,ee95065d,2911de16,9cb8d7a6,1,0,1,0,
Karachi Kings,97,145,4,9cb8d7a6,2911de16,ee95065d,1,0,1,0,
Karachi Kings,98,149,4,ee95065d,2911de16,9cb8d7a6,4,0,4,0,
Karachi Kings,99,150,4,9cb8d7a6,e86754b2,ee95065d,1,0,1,0,
Karachi Kings,100,151,4,ee95065d,e86754b2,9cb8d7a6,1,0,1,0,
Karachi Kings,101,152,4,9cb8d7a6,e86754b2,ee95065d,0,1,1,0,
Karachi Kings,102,156,4,9cb8d7a6,e86754b2,ee95065d,4,0,4,0,
Karachi Kings,103,162,4,9cb8d7a6,e86754b2,ee95065d,6,0,6,0,
Karachi Kings,104,164,4,9cb8d7a6,e86754b2,ee95065d,2,0,2,0,
Karachi Kings,105,165,4,9cb8d7a6,e86754b2,ee95065d,1,0,1,0,
Karachi Kings,106,166,4,9cb8d7a6,2911de16,ee95065d,1,0,1,0,
Karachi Kings,107,170,4,ee95065d,2911de16,9cb8d7a6,4,0,4,0,
Karachi Kings,108,173,4,ee95065d,2911de16,9cb8d7a6,3,0,3,0,
Karachi Kings,109,174,4,9cb8d7a6,2911de16,ee95065d,1,0,1,0,
Karachi Kings,110,175,4,ee95065d,2911de16,9cb8d7a6,1,0,1,0,
Karachi Kings,111,177,4,9cb8d7a6,2911de16,ee95065d,2,0,2,0,
Karachi Kings,112,177,5,ee95065d,e86754b2,9cb8d7a6,0,0,0,1,caught
Karachi Kings,113,178,5,afa7e784,e86754b2,9cb8d7a6,1,0,1,0,
Karachi Kings,114,182,5,9cb8d7a6,e86754b2,afa7e784,4,0,4,0,
Karachi Kings,115,184,5,9cb8d7a6,e86754b2,afa7e784,2,0,2,0,
Karachi Kings,116,184,5,9cb8d7a6,e86754b2,afa7e784,0,0,0,0,
Karachi Kings,117,188,5,9cb8d7a6,e86754b2,afa7e784,4,0,4,0,
Karachi Kings,118,192,5,afa7e784,1c790f4f,9cb8d7a6,4,0,4,0,
Karachi Kings,119,193,5,afa7e784,1c790f4f,9cb8d7a6,1,0,1,0,
Karachi Kings,120,194,5,9cb8d7a6,1c790f4f,afa7e784,1,0,1,0,
Karachi Kings,121,198,5,afa7e784,1c790f4f,9cb8d7a6,4,0,4,0,
Karachi Kings,122,200,5,afa7e784,1c790f4f,9cb8d7a6,2,0,2,0,
Karachi Kings,123,201,5,afa7e784,1c790f4f,9cb8d7a6,1,0,1,0,
Islamabad United,1,0,0,af2c687b,e174dadd,92aeac25,0,0,0,0,
Islamabad United,2,1,0,af2c687b,e174dadd,92aeac25,1,0,1,0,
Islamabad United,3,2,0,92aeac25,e174dadd,af2c687b,1,0,1,0,
Islamabad United,4,6,0,af2c687b,e174dadd,92aeac25,4,0,4,0,
Islamabad United,5,12,0,af2c687b,e174dadd,92aeac25,6,0,6,0,
Islamabad United,6,12,1,af2c687b,e174dadd,92aeac25,0,0,0,1,caught
Islamabad United,7,12,1,92aeac25,9cb8d7a6,9948e262,0,0,0,0,
Islamabad United,8,12,1,92aeac25,9cb8d7a6,9948e262,0,0,0,0,
Islamabad United,9,13,1,92aeac25,9cb8d7a6,9948e262,1,0,1,0,
Islamabad United,10,14,1,9948e262,9cb8d7a6,92aeac25,1,0,1,0,
Islamabad United,11,18,1,92aeac25,9cb8d7a6,9948e262,4,0,4,0,
Islamabad United,12,22,1,92aeac25,9cb8d7a6,9948e262,4,0,4,0,
Islamabad United,13,23,1,9948e262,e174dadd,92aeac25,1,0,1,0,
Islamabad United,14,24,1,92aeac25,e174dadd,9948e262,1,0,1,0,
Islamabad United,15,26,1,9948e262,e174dadd,92aeac25,2,0,2,0,
Islamabad United,16,26,1,9948e262,e174dadd,92aeac25,0,0,0,0,
Islamabad United,17,27,1,9948e262,e174dadd,92aeac25,1,0,1,0,
Islamabad United,18,33,1,92aeac25,e174dadd,9948e262,6,0,6,0,
Islamabad United,19,37,1,9948e262,907d6e58,92aeac25,4,0,4,0,
Islamabad United,20,38,1,9948e262,907d6e58,92aeac25,1,0,1,0,
Islamabad United,21,38,1,92aeac25,907d6e58,9948e262,0,0,0,0,
Islamabad United,22,39,1,92aeac25,907d6e58,9948e262,1,0,1,0,
Islamabad United,23,40,1,9948e262,907d6e58,92aeac25,1,0,1,0,
Islamabad United,24,44,1,92aeac25,907d6e58,9948e262,4,0,4,0,
Islamabad United,25,46,1,9948e262,7c7d63a2,92aeac25,2,0,2,0,
Islamabad United,26,46,1,9948e262,7c7d63a2,92aeac25,0,0,0,0,
Islamabad United,27,47,1,9948e262,7c7d63a2,92aeac25,1,0,1,0,
Islamabad United,28,53,1,92aeac25,7c7d63a2,9948e262,6,0,6,0,
Islamabad United,29,54,1,92aeac25,7c7d63a2,9948e262,1,0,1,0,
Islamabad United,30,55,1,9948e262,7c7d63a2,92aeac25,1,0,1,0,
Islamabad United,31,55,1,9948e262,907d6e58,92aeac25,0,0,0,0,
Islamabad United,32,56,1,9948e262,907d6e58,92aeac25,1,0,1,0,
Islamabad United,33,60,1,92aeac25,907d6e58,9948e262,4,0,4,0,
Islamabad United,34,61,1,92aeac25,907d6e58,9948e262,1,0,1,0,
Islamabad United,35,62,1,9948e262,907d6e58,92aeac25,1,0,1,0,
Islamabad United,36,62,2,92aeac25,907d6e58,9948e262,0,0,0,1,bowled
Islamabad United,37,63,2,9948e262,64c34cd0,bd4ea627,1,0,1,0,
Islamabad United,38,63,2,bd4ea627,64c34cd0,9948e262,0,0,0,0,
Islamabad United,39,64,2,bd4ea627,64c34cd0,9948e262,1,0,1,0,
Islamabad United,40,65,2,9948e262,64c34cd0,bd4ea627,1,0,1,0,
Islamabad United,41,66,2,bd4ea627,64c34cd0,9948e262,1,0,1,0,
Islamabad United,42,67,2,9948e262,64c34cd0,bd4ea627,1,0,1,0,
Islamabad United,43,69,2,9948e262,a03bba42,bd4ea627,2,0,2,0,
Islamabad United,44,69,3,9948e262,a03bba42,bd4ea627,0,0,0,1,bowled
Islamabad United,45,70,3,ee8f1a6d,a03bba42,bd4ea627,1,0,1,0,
Islamabad United,46,71,3,bd4ea627,a03bba42,ee8f1a6d,1,0,1,0,
Islamabad United,47,71,3,ee8f1a6d,a03bba42,bd4ea627,0,0,0,0,
Islamabad United,48,72,3,ee8f1a6d,a03bba42,bd4ea627,1,0,1,0,
Islamabad United,49,73,3,ee8f1a6d,64c34cd0,bd4ea627,1,0,1,0,
Islamabad United,50,74,3,bd4ea627,64c34cd0,ee8f1a6d,1,0,1,0,
Islamabad United,51,75,3,ee8f1a6d,64c34cd0,bd4ea627,1,0,1,0,
Islamabad United,52,76,3,bd4ea627,64c34cd0,ee8f1a6d,1,0,1,0,
Islamabad United,53,76,3,ee8f1a6d,64c34cd0,bd4ea627,0,0,0,0,
Islamabad United,54,77,3,ee8f1a6d,64c34cd0,bd4ea627,1,0,1,0,
Islamabad United,55,77,3,ee8f1a6d,a03bba42,bd4ea627,0,0,0,0,
Islamabad United,56,78,3,ee8f1a6d,a03bba42,bd4ea627,1,0,1,0,
Islamabad United,57,78,3,bd4ea627,a03bba42,ee8f1a6d,0,0,0,0,
Islamabad United,58,79,3,bd4ea627,a03bba42,ee8f1a6d,1,0,1,0,
Islamabad United,59,80,3,ee8f1a6d,a03bba42,bd4ea627,1,0,1,0,
Islamabad United,60,81,3,bd4ea627,a03bba42,ee8f1a6d,1,0,1,0,
Islamabad United,61,82,3,bd4ea627,9cb8d7a6,ee8f1a6d,1,0,1,0,
Islamabad United,62,86,3,ee8f1a6d,9cb8d7a6,bd4ea627,4,0,4,0,
Islamabad United,63,87,3,ee8f1a6d,9cb8d7a6,bd4ea627,0,1,1,0,
Islamabad United,64,88,3,bd4ea627,9cb8d7a6,ee8f1a6d,1,0,1,0,
Islamabad United,65,88,3,ee8f1a6d,9cb8d7a6,bd4ea627,0,0,0,0,
Islamabad United,66,94,3,ee8f1a6d,9cb8d7a6,bd4ea627,6,0,6,0,
Islamabad United,67,95,3,bd4ea627,a03bba42,ee8f1a6d,1,0,1,0,
Islamabad United,68,96,3,ee8f1a6d,a03bba42,bd4ea627,1,0,1,0,
Islamabad United,69,97,3,bd4ea627,a03bba42,ee8f1a6d,1,0,1,0,
Islamabad United,70,103,3,ee8f1a6d,a03bba42,bd4ea627,6,0,6,0,
Islamabad United,71,109,3,ee8f1a6d,a03bba42,bd4ea627,6,0,6,0,
Islamabad United,72,110,3,ee8f1a6d,a03bba42,bd4ea627,1,0,1,0,
Islamabad United,73,110,3,ee8f1a6d,7c7d63a2,bd4ea627,0,0,0,0,
Islamabad United,74,114,3,ee8f1a6d,7c7d63a2,bd4ea627,4,0,4,0,
Islamabad United,75,118,3,ee8f1a6d,7c7d63a2,bd4ea627,4,0,4,0,
Islamabad United,76,119,3,ee8f1a6d,7c7d63a2,bd4ea627,1,0,1,0,
Islamabad United,77,119,3,bd4ea627,7c7d63a2,ee8f1a6d,0,0,0,0,
Islamabad United,78,119,3,bd4ea627,7c7d63a2,ee8f1a6d,0,0,0,0,
Islamabad United,79,120,3,ee8f1a6d,e174dadd,bd4ea627,0,1,1,0,
Islamabad United,80,121,3,ee8f1a6d,e174dadd,bd4ea627,0,1,1,0,
Islamabad United,81,122,3,ee8f1a6d,e174dadd,bd4ea627,0,1,1,0,
Islamabad United,82,126,3,bd4ea627,e174dadd,ee8f1a6d,4,0,4,0,
Islamabad United,83,127,3,bd4ea627,e174dadd,ee8f1a6d,1,0,1,0,
Islamabad United,84,128,3,ee8f1a6d,e174dadd,bd4ea627,0,1,1,0,
Islamabad United,85,129,3,ee8f1a6d,e174dadd,bd4ea627,1,0,1,0,
Islamabad United,86,130,3,bd4ea627,e174dadd,ee8f1a6d,0,1,1,0,
Islamabad United,87,131,3,ee8f1a6d,e174dadd,bd4ea627,1,0,1,0,
Islamabad United,88,135,3,ee8f1a6d,907d6e58,bd4ea627,4,0,4,0,
Islamabad United,89,136,3,ee8f1a6d,907d6e58,bd4ea627,1,0,1,0,
Islamabad United,90,142,3,bd4ea627,907d6e58,ee8f1a6d,6,0,6,0,
Islamabad United,91,143,3,bd4ea627,907d6e58,ee8f1a6d,1,0,1,0,
Islamabad United,92,144,3,ee8f1a6d,907d6e58,bd4ea627,1,0,1,0,
Islamabad United,93,145,3,bd4ea627,907d6e58,ee8f1a6d,1,0,1,0,
Islamabad United,94,146,3,bd4ea627,a03bba42,ee8f1a6d,1,0,1,0,
Islamabad United,95,150,3,ee8f1a6d,a03bba42,bd4ea627,4,0,4,0,
Islamabad United,96,156,3,ee8f1a6d,a03bba42,bd4ea627,6,0,6,0,
Islamabad United,97,157,3,ee8f1a6d,a03bba42,bd4ea627,1,0,1,0,
Islamabad United,98,159,3,bd4ea627,a03bba42,ee8f1a6d,2,0,2,0,
Islamabad United,99,160,3,bd4ea627,a03bba42,ee8f1a6d,1,0,1,0,
Islamabad United,100,161,3,bd4ea627,7c7d63a2,ee8f1a6d,1,0,1,0,
Islamabad United,101,165,3,ee8f1a6d,7c7d63a2,bd4ea627,4,0,4,0,
Islamabad United,102,165,3,ee8f1a6d,7c7d63a2,bd4ea627,0,0,0,0,
Islamabad United,103,165,3,ee8f1a6d,7c7d63a2,bd4ea627,0,0,0,0,
Islamabad United,104,166,3,ee8f1a6d,7c7d63a2,bd4ea627,0,1,1,0,
Islamabad United,105,170,3,ee8f1a6d,7c7d63a2,bd4ea627,4,0,4,0,
Islamabad United,106,171,3,ee8f1a6d,7c7d63a2,bd4ea627,1,0,1,0,
Islamabad United,107,171,3,ee8f1a6d,e174dadd,bd4ea627,0,0,0,0,
Islamabad United,108,175,3,ee8f1a6d,e174dadd,bd4ea627,0,4,4,0,
Islamabad United,109,176,3,ee8f1a6d,e174dadd,bd4ea627,0,1,1,0,
Islamabad United,110,177,3,ee8f1a6d,e174dadd,bd4ea627,0,1,1,0,
Islamabad United,111,178,3,bd4ea627,e174dadd,ee8f1a6d,1,0,1,0,
Islamabad United,112,179,3,ee8f1a6d,e174dadd,bd4ea627,0,1,1,0,
Islamabad United,113,179,3,ee8f1a6d,e174dadd,bd4ea627,0,0,0,0,
Islamabad United,114,183,3,ee8f1a6d,e174dadd,bd4ea627,4,0,4,0,
Islamabad United,115,183,3,bd4ea627,7c7d63a2,ee8f1a6d,0,0,0,0,
Islamabad United,116,185,3,bd4ea627,7c7d63a2,ee8f1a6d,2,0,2,0,
Islamabad United,117,191,3,bd4ea627,7c7d63a2,ee8f1a6d,6,0,6,0,
Islamabad United,118,193,3,bd4ea627,7c7d63a2,ee8f1a6d,2,0,2,0,
Islamabad United,119,193,3,bd4ea627,7c7d63a2,ee8f1a6d,0,0,0,0,
Islamabad United,120,194,4,bd4ea627,7c7d63a2,ee8f1a6d,1,0,1,1,run out
Islamabad United,121,200,4,0a4736eb,907d6e58,ee8f1a6d,6,0,6,0,
Islamabad United,122,204,4,0a4736eb,907d6e58,ee8f1a6d,4,0,4,0,
