batting_team,ball_number,total_team_runs,total_team_wickets,striker_ID,bowler_ID,nonstriker_ID,batter_runs,extras_runs,total_delivery_runs,wicket,wicket_type
Texas Super Kings,1,2,0,3355b542,a818c1be,df5a6881,2,0,2,0,
Texas Super Kings,2,4,0,3355b542,a818c1be,df5a6881,2,0,2,0,
Texas Super Kings,3,4,0,3355b542,a818c1be,df5a6881,0,0,0,0,
Texas Super Kings,4,4,0,3355b542,a818c1be,df5a6881,0,0,0,0,
Texas Super Kings,5,4,0,3355b542,a818c1be,df5a6881,0,0,0,0,
Texas Super Kings,6,4,0,3355b542,a818c1be,df5a6881,0,0,0,0,
Texas Super Kings,7,4,0,df5a6881,210b05cb,3355b542,0,0,0,0,
Texas Super Kings,8,8,0,df5a6881,210b05cb,3355b542,4,0,4,0,
Texas Super Kings,9,9,0,df5a6881,210b05cb,3355b542,1,0,1,0,
Texas Super Kings,10,10,0,3355b542,210b05cb,df5a6881,1,0,1,0,
Texas Super Kings,11,11,0,df5a6881,210b05cb,3355b542,1,0,1,0,
Texas Super Kings,12,12,0,3355b542,210b05cb,df5a6881,1,0,1,0,
Texas Super Kings,13,12,1,3355b542,a818c1be,df5a6881,0,0,0,1,caught
Texas Super Kings,14,16,1,e4a0deae,a818c1be,df5a6881,4,0,4,0,
Texas Super Kings,15,18,1,e4a0deae,a818c1be,df5a6881,2,0,2,0,
Texas Super Kings,16,18,2,e4a0deae,a818c1be,df5a6881,0,0,0,1,caught
Texas Super Kings,17,18,2,27ca3a11,a818c1be,df5a6881,0,0,0,0,
Texas Super Kings,18,18,2,27ca3a11,a818c1be,df5a6881,0,0,0,0,
Texas Super Kings,19,19,2,df5a6881,210b05cb,27ca3a11,1,0,1,0,
Texas Super Kings,20,20,2,27ca3a11,210b05cb,df5a6881,0,1,1,0,
Texas Super Kings,21,20,2,27ca3a11,210b05cb,df5a6881,0,0,0,0,
Texas Super Kings,22,20,2,27ca3a11,210b05cb,df5a6881,0,0,0,0,
Texas Super Kings,23,20,2,27ca3a11,210b05cb,df5a6881,0,0,0,0,
Texas Super Kings,24,20,2,27ca3a11,210b05cb,df5a6881,0,0,0,0,
Texas Super Kings,25,21,2,27ca3a11,210b05cb,df5a6881,1,0,1,0,
Texas Super Kings,26,21,2,27ca3a11,aa8d28ae,df5a6881,0,0,0,0,
Texas Super Kings,27,25,2,27ca3a11,aa8d28ae,df5a6881,4,0,4,0,
Texas Super Kings,28,29,2,27ca3a11,aa8d28ae,df5a6881,4,0,4,0,
Texas Super Kings,29,30,2,27ca3a11,aa8d28ae,df5a6881,1,0,1,0,
Texas Super Kings,30,30,2,df5a6881,aa8d28ae,27ca3a11,0,0,0,0,
Texas Super Kings,31,30,2,df5a6881,aa8d28ae,27ca3a11,0,0,0,0,
Texas Super Kings,32,34,2,27ca3a11,210b05cb,df5a6881,4,0,4,0,
Texas Super Kings,33,34,3,27ca3a11,210b05cb,df5a6881,0,0,0,1,caught
Texas Super Kings,34,38,3,b4296080,210b05cb,df5a6881,4,0,4,0,
Texas Super Kings,35,38,3,b4296080,210b05cb,df5a6881,0,0,0,0,
Texas Super Kings,36,40,3,b4296080,210b05cb,df5a6881,2,0,2,0,
Texas Super Kings,37,40,3,b4296080,210b05cb,df5a6881,0,0,0,0,
Texas Super Kings,38,40,3,df5a6881,5f547c8b,b4296080,0,0,0,0,
Texas Super Kings,39,42,3,df5a6881,5f547c8b,b4296080,2,0,2,0,
Texas Super Kings,40,43,3,df5a6881,5f547c8b,b4296080,1,0,1,0,
Texas Super Kings,41,48,3,b4296080,5f547c8b,df5a6881,0,5,5,0,
Texas Super Kings,42,48,3,b4296080,5f547c8b,df5a6881,0,0,0,0,
Texas Super Kings,43,49,3,b4296080,5f547c8b,df5a6881,1,0,1,0,
Texas Super Kings,44,49,3,df5a6881,5f547c8b,b4296080,0,0,0,0,
Texas Super Kings,45,51,3,b4296080,a9231c3f,df5a6881,2,0,2,0,
Texas Super Kings,46,51,3,b4296080,a9231c3f,df5a6881,0,0,0,0,
Texas Super Kings,47,53,3,b4296080,a9231c3f,df5a6881,2,0,2,0,
Texas Super Kings,48,53,3,b4296080,a9231c3f,df5a6881,0,0,0,0,
Texas Super Kings,49,53,3,b4296080,a9231c3f,df5a6881,0,0,0,0,
Texas Super Kings,50,54,3,b4296080,a9231c3f,df5a6881,1,0,1,0,
Texas Super Kings,51,54,3,b4296080,5f547c8b,df5a6881,0,0,0,0,
Texas Super Kings,52,55,3,b4296080,5f547c8b,df5a6881,1,0,1,0,
Texas Super Kings,53,56,3,df5a6881,5f547c8b,b4296080,1,0,1,0,
Texas Super Kings,54,57,3,b4296080,5f547c8b,df5a6881,0,1,1,0,
Texas Super Kings,55,57,3,b4296080,5f547c8b,df5a6881,0,0,0,0,
Texas Super Kings,56,58,3,b4296080,5f547c8b,df5a6881,0,1,1,0,
Texas Super Kings,57,59,3,df5a6881,5f547c8b,b4296080,1,0,1,0,
Texas Super Kings,58,60,3,df5a6881,a9231c3f,b4296080,1,0,1,0,
Texas Super Kings,59,61,3,b4296080,a9231c3f,df5a6881,1,0,1,0,
Texas Super Kings,60,61,3,df5a6881,a9231c3f,b4296080,0,0,0,0,
Texas Super Kings,61,61,3,df5a6881,a9231c3f,b4296080,0,0,0,0,
Texas Super Kings,62,62,3,df5a6881,a9231c3f,b4296080,1,0,1,0,
Texas Super Kings,63,63,3,b4296080,a9231c3f,df5a6881,1,0,1,0,
Texas Super Kings,64,63,3,b4296080,aa8d28ae,df5a6881,0,0,0,0,
Texas Super Kings,65,64,3,b4296080,aa8d28ae,df5a6881,1,0,1,0,
Texas Super Kings,66,68,3,df5a6881,aa8d28ae,b4296080,4,0,4,0,
Texas Super Kings,67,68,3,df5a6881,aa8d28ae,b4296080,0,0,0,0,
Texas Super Kings,68,69,3,df5a6881,aa8d28ae,b4296080,1,0,1,0,
Texas Super Kings,69,70,3,b4296080,aa8d28ae,df5a6881,1,0,1,0,
Texas Super Kings,70,74,3,b4296080,a9231c3f,df5a6881,4,0,4,0,
Texas Super Kings,71,74,3,b4296080,a9231c3f,df5a6881,0,0,0,0,
Texas Super Kings,72,76,3,b4296080,a9231c3f,df5a6881,2,0,2,0,
Texas Super Kings,73,77,3,b4296080,a9231c3f,df5a6881,1,0,1,0,
Texas Super Kings,74,78,3,df5a6881,a9231c3f,b4296080,1,0,1,0,
Texas Super Kings,75,78,3,b4296080,a9231c3f,df5a6881,0,0,0,0,
Texas Super Kings,76,82,3,df5a6881,5f547c8b,b4296080,4,0,4,0,
Texas Super Kings,77,83,3,df5a6881,5f547c8b,b4296080,1,0,1,0,
Texas Super Kings,78,84,3,b4296080,5f547c8b,df5a6881,1,0,1,0,
Texas Super Kings,79,85,3,df5a6881,5f547c8b,b4296080,0,1,1,0,
Texas Super Kings,80,86,3,b4296080,5f547c8b,df5a6881,0,1,1,0,
Texas Super Kings,81,87,3,df5a6881,5f547c8b,b4296080,1,0,1,0,
Texas Super Kings,82,87,3,df5a6881,a9231c3f,b4296080,0,0,0,0,
Texas Super Kings,83,87,3,df5a6881,a9231c3f,b4296080,0,0,0,0,
Texas Super Kings,84,88,3,df5a6881,a9231c3f,b4296080,1,0,1,0,
Texas Super Kings,85,92,3,b4296080,a9231c3f,df5a6881,4,0,4,0,
Texas Super Kings,86,98,3,b4296080,a9231c3f,df5a6881,6,0,6,0,
Texas Super Kings,87,98,3,b4296080,a9231c3f,df5a6881,0,0,0,0,
Texas Super Kings,88,104,3,df5a6881,aa8d28ae,b4296080,6,0,6,0,
Texas Super Kings,89,105,3,df5a6881,aa8d28ae,b4296080,1,0,1,0,
Texas Super Kings,90,106,3,b4296080,aa8d28ae,df5a6881,1,0,1,0,
Texas Super Kings,91,107,3,df5a6881,aa8d28ae,b4296080,1,0,1,0,
Texas Super Kings,92,108,3,b4296080,aa8d28ae,df5a6881,1,0,1,0,
Texas Super Kings,93,109,3,df5a6881,aa8d28ae,b4296080,1,0,1,0,
Texas Super Kings,94,110,3,df5a6881,210b05cb,b4296080,0,1,1,0,
Texas Super Kings,95,111,3,df5a6881,5f547c8b,b4296080,1,0,1,0,
Texas Super Kings,96,111,4,b4296080,5f547c8b,df5a6881,0,0,0,1,caught
Texas Super Kings,97,111,4,caf69bf7,5f547c8b,df5a6881,0,0,0,0,
Texas Super Kings,98,112,4,caf69bf7,5f547c8b,df5a6881,1,0,1,0,
Texas Super Kings,99,113,4,df5a6881,5f547c8b,caf69bf7,1,0,1,0,
Texas Super Kings,100,115,4,caf69bf7,5f547c8b,df5a6881,2,0,2,0,
Texas Super Kings,101,115,5,df5a6881,a818c1be,caf69bf7,0,0,0,1,caught
Texas Super Kings,102,117,5,d67d5f00,a818c1be,caf69bf7,0,2,2,0,
Texas Super Kings,103,118,5,d67d5f00,a818c1be,caf69bf7,1,0,1,0,
Texas Super Kings,104,122,5,caf69bf7,a818c1be,d67d5f00,4,0,4,0,
Texas Super Kings,105,123,5,caf69bf7,a818c1be,d67d5f00,0,1,1,0,
Texas Super Kings,106,123,5,caf69bf7,a818c1be,d67d5f00,0,0,0,0,
Texas Super Kings,107,123,5,caf69bf7,a818c1be,d67d5f00,0,0,0,0,
Texas Super Kings,108,124,5,d67d5f00,aa8d28ae,caf69bf7,1,0,1,0,
Texas Super Kings,109,124,5,caf69bf7,aa8d28ae,d67d5f00,0,0,0,0,
Texas Super Kings,110,125,5,caf69bf7,aa8d28ae,d67d5f00,0,1,1,0,
Texas Super Kings,111,126,5,d67d5f00,aa8d28ae,caf69bf7,1,0,1,0,
Texas Super Kings,112,128,5,caf69bf7,aa8d28ae,d67d5f00,0,2,2,0,
Texas Super Kings,113,134,5,d67d5f00,aa8d28ae,caf69bf7,6,0,6,0,
Texas Super Kings,114,135,5,d67d5f00,aa8d28ae,caf69bf7,0,1,1,0,
Texas Super Kings,115,136,5,d67d5f00,aa8d28ae,caf69bf7,1,0,1,0,
Texas Super Kings,116,137,5,d67d5f00,a818c1be,caf69bf7,1,0,1,0,
Texas Super Kings,117,137,5,caf69bf7,a818c1be,d67d5f00,0,0,0,0,
Texas Super Kings,118,137,5,caf69bf7,a818c1be,d67d5f00,0,0,0,0,
Texas Super Kings,119,138,6,caf69bf7,a818c1be,d67d5f00,1,0,1,1,run out
Texas Super Kings,120,144,6,a55e0360,a818c1be,d67d5f00,6,0,6,0,
Texas Super Kings,121,144,7,a55e0360,a818c1be,d67d5f00,0,0,0,1,bowled
Texas Super Kings,122,144,7,d67d5f00,f1f99156,79f8472d,0,0,0,0,
Texas Super Kings,123,150,7,d67d5f00,f1f99156,79f8472d,6,0,6,0,
Texas Super Kings,124,155,7,d67d5f00,f1f99156,79f8472d,0,5,5,0,
Texas Super Kings,125,155,8,d67d5f00,f1f99156,79f8472d,0,0,0,1,caught
Texas Super Kings,126,155,9,3204c99f,f1f99156,79f8472d,0,0,0,1,caught
Texas Super Kings,127,156,9,dec8e038,f1f99156,79f8472d,1,0,1,0,
Texas Super Kings,128,157,9,79f8472d,f1f99156,dec8e038,0,1,1,0,
Texas Super Kings,129,158,10,79f8472d,f1f99156,dec8e038,1,0,1,1,run out
MI New York,1,4,0,571e1d2a,caf69bf7,e7199177,4,0,4,0,
MI New York,2,5,0,571e1d2a,caf69bf7,e7199177,1,0,1,0,
MI New York,3,5,0,e7199177,caf69bf7,571e1d2a,0,0,0,0,
MI New York,4,5,0,e7199177,caf69bf7,571e1d2a,0,0,0,0,
MI New York,5,9,0,e7199177,caf69bf7,571e1d2a,4,0,4,0,
MI New York,6,9,0,e7199177,caf69bf7,571e1d2a,0,0,0,0,
MI New York,7,10,0,571e1d2a,dec8e038,e7199177,0,1,1,0,
MI New York,8,11,0,571e1d2a,dec8e038,e7199177,1,0,1,0,
MI New York,9,11,0,e7199177,dec8e038,571e1d2a,0,0,0,0,
MI New York,10,11,0,e7199177,dec8e038,571e1d2a,0,0,0,0,
MI New York,11,12,0,e7199177,dec8e038,571e1d2a,1,0,1,0,
MI New York,12,12,0,571e1d2a,dec8e038,e7199177,0,0,0,0,
MI New York,13,12,0,571e1d2a,dec8e038,e7199177,0,0,0,0,
MI New York,14,12,0,e7199177,3204c99f,571e1d2a,0,0,0,0,
MI New York,15,12,0,e7199177,3204c99f,571e1d2a,0,0,0,0,
MI New York,16,12,0,e7199177,3204c99f,571e1d2a,0,0,0,0,
MI New York,17,13,0,e7199177,3204c99f,571e1d2a,1,0,1,0,
MI New York,18,13,0,571e1d2a,3204c99f,e7199177,0,0,0,0,
MI New York,19,14,0,571e1d2a,3204c99f,e7199177,1,0,1,0,
MI New York,20,18,0,571e1d2a,dec8e038,e7199177,4,0,4,0,
MI New York,21,22,0,571e1d2a,dec8e038,e7199177,4,0,4,0,
MI New York,22,23,0,571e1d2a,dec8e038,e7199177,1,0,1,0,
MI New York,23,23,1,e7199177,dec8e038,571e1d2a,0,0,0,1,caught
MI New York,24,23,1,3241e3fd,dec8e038,571e1d2a,0,0,0,0,
MI New York,25,23,1,3241e3fd,dec8e038,571e1d2a,0,0,0,0,
MI New York,26,23,1,571e1d2a,3204c99f,3241e3fd,0,0,0,0,
MI New York,27,27,1,571e1d2a,3204c99f,3241e3fd,4,0,4,0,
MI New York,28,27,1,571e1d2a,3204c99f,3241e3fd,0,0,0,0,
MI New York,29,27,1,571e1d2a,3204c99f,3241e3fd,0,0,0,0,
MI New York,30,33,1,571e1d2a,3204c99f,3241e3fd,6,0,6,0,
MI New York,31,37,1,571e1d2a,3204c99f,3241e3fd,4,0,4,0,
MI New York,32,38,1,3241e3fd,a55e0360,571e1d2a,1,0,1,0,
MI New York,33,44,1,571e1d2a,a55e0360,3241e3fd,6,0,6,0,
MI New York,34,44,2,571e1d2a,a55e0360,3241e3fd,0,0,0,1,caught
MI New York,35,44,2,844e79d1,a55e0360,3241e3fd,0,0,0,0,
MI New York,36,45,2,844e79d1,a55e0360,3241e3fd,1,0,1,0,
MI New York,37,45,2,3241e3fd,a55e0360,844e79d1,0,0,0,0,
MI New York,38,46,2,844e79d1,e4a0deae,3241e3fd,1,0,1,0,
MI New York,39,46,2,3241e3fd,e4a0deae,844e79d1,0,0,0,0,
MI New York,40,47,2,3241e3fd,e4a0deae,844e79d1,1,0,1,0,
MI New York,41,48,2,844e79d1,e4a0deae,3241e3fd,1,0,1,0,
MI New York,42,54,2,3241e3fd,e4a0deae,844e79d1,6,0,6,0,
MI New York,43,54,2,3241e3fd,e4a0deae,844e79d1,0,0,0,0,
MI New York,44,54,2,844e79d1,a55e0360,3241e3fd,0,0,0,0,
MI New York,45,55,2,844e79d1,a55e0360,3241e3fd,1,0,1,0,
MI New York,46,56,2,3241e3fd,a55e0360,844e79d1,1,0,1,0,
MI New York,47,56,2,844e79d1,a55e0360,3241e3fd,0,0,0,0,
MI New York,48,57,2,844e79d1,a55e0360,3241e3fd,1,0,1,0,
MI New York,49,58,2,3241e3fd,a55e0360,844e79d1,1,0,1,0,
MI New York,50,58,2,3241e3fd,e4a0deae,844e79d1,0,0,0,0,
MI New York,51,59,2,3241e3fd,e4a0deae,844e79d1,1,0,1,0,
MI New York,52,60,2,844e79d1,e4a0deae,3241e3fd,1,0,1,0,
MI New York,53,66,2,3241e3fd,e4a0deae,844e79d1,6,0,6,0,
MI New York,54,67,2,3241e3fd,e4a0deae,844e79d1,1,0,1,0,
MI New York,55,67,2,844e79d1,e4a0deae,3241e3fd,0,0,0,0,
MI New York,56,68,2,3241e3fd,a55e0360,844e79d1,1,0,1,0,
MI New York,57,68,2,844e79d1,a55e0360,3241e3fd,0,0,0,0,
MI New York,58,69,2,844e79d1,a55e0360,3241e3fd,1,0,1,0,
MI New York,59,69,2,3241e3fd,a55e0360,844e79d1,0,0,0,0,
MI New York,60,71,2,3241e3fd,a55e0360,844e79d1,2,0,2,0,
MI New York,61,72,2,3241e3fd,a55e0360,844e79d1,1,0,1,0,
MI New York,62,73,2,3241e3fd,caf69bf7,844e79d1,1,0,1,0,
MI New York,63,73,2,844e79d1,caf69bf7,3241e3fd,0,0,0,0,
MI New York,64,74,2,844e79d1,caf69bf7,3241e3fd,1,0,1,0,
MI New York,65,74,3,3241e3fd,caf69bf7,844e79d1,0,0,0,1,lbw
MI New York,66,74,3,f1f99156,caf69bf7,844e79d1,0,0,0,0,
MI New York,67,75,3,f1f99156,caf69bf7,844e79d1,1,0,1,0,
MI New York,68,77,3,f1f99156,79f8472d,844e79d1,2,0,2,0,
MI New York,69,78,3,f1f99156,79f8472d,844e79d1,1,0,1,0,
MI New York,70,79,3,844e79d1,79f8472d,f1f99156,1,0,1,0,
MI New York,71,79,3,f1f99156,79f8472d,844e79d1,0,0,0,0,
MI New York,72,80,3,f1f99156,79f8472d,844e79d1,1,0,1,0,
MI New York,73,81,3,844e79d1,79f8472d,f1f99156,1,0,1,0,
MI New York,74,82,3,844e79d1,caf69bf7,f1f99156,1,0,1,0,
MI New York,75,82,3,f1f99156,caf69bf7,844e79d1,0,0,0,0,
MI New York,76,83,3,f1f99156,caf69bf7,844e79d1,0,1,1,0,
MI New York,77,84,3,f1f99156,caf69bf7,844e79d1,1,0,1,0,
MI New York,78,85,3,844e79d1,caf69bf7,f1f99156,1,0,1,0,
MI New York,79,85,3,f1f99156,caf69bf7,844e79d1,0,0,0,0,
MI New York,80,85,3,f1f99156,caf69bf7,844e79d1,0,0,0,0,
MI New York,81,87,3,844e79d1,79f8472d,f1f99156,2,0,2,0,
MI New York,82,87,3,844e79d1,79f8472d,f1f99156,0,0,0,0,
MI New York,83,88,3,844e79d1,79f8472d,f1f99156,1,0,1,0,
MI New York,84,88,3,f1f99156,79f8472d,844e79d1,0,0,0,0,
MI New York,85,89,3,f1f99156,79f8472d,844e79d1,1,0,1,0,
MI New York,86,90,3,844e79d1,79f8472d,f1f99156,1,0,1,0,
MI New York,87,91,3,844e79d1,e4a0deae,f1f99156,1,0,1,0,
MI New York,88,97,3,f1f99156,e4a0deae,844e79d1,6,0,6,0,
MI New York,89,98,3,f1f99156,e4a0deae,844e79d1,1,0,1,0,
MI New York,90,104,3,844e79d1,e4a0deae,f1f99156,6,0,6,0,
MI New York,91,105,3,844e79d1,e4a0deae,f1f99156,1,0,1,0,
MI New York,92,106,3,f1f99156,e4a0deae,844e79d1,1,0,1,0,
MI New York,93,112,3,f1f99156,79f8472d,844e79d1,6,0,6,0,
MI New York,94,118,3,f1f99156,79f8472d,844e79d1,6,0,6,0,
MI New York,95,118,3,f1f99156,79f8472d,844e79d1,0,0,0,0,
MI New York,96,124,3,f1f99156,79f8472d,844e79d1,6,0,6,0,
MI New York,97,124,4,f1f99156,79f8472d,844e79d1,0,0,0,1,caught
MI New York,98,125,4,aa8d28ae,79f8472d,844e79d1,1,0,1,0,
MI New York,99,126,4,aa8d28ae,3204c99f,844e79d1,1,0,1,0,
MI New York,100,126,4,844e79d1,3204c99f,aa8d28ae,0,0,0,0,
MI New York,101,132,4,844e79d1,3204c99f,aa8d28ae,6,0,6,0,
MI New York,102,134,4,844e79d1,3204c99f,aa8d28ae,2,0,2,0,
MI New York,103,136,4,844e79d1,3204c99f,aa8d28ae,2,0,2,0,
MI New York,104,137,4,844e79d1,3204c99f,aa8d28ae,1,0,1,0,
MI New York,105,138,4,844e79d1,a55e0360,aa8d28ae,1,0,1,0,
MI New York,106,140,4,aa8d28ae,a55e0360,844e79d1,2,0,2,0,
MI New York,107,142,4,aa8d28ae,a55e0360,844e79d1,2,0,2,0,
MI New York,108,142,4,aa8d28ae,a55e0360,844e79d1,0,0,0,0,
MI New York,109,144,4,aa8d28ae,a55e0360,844e79d1,2,0,2,0,
MI New York,110,145,4,aa8d28ae,a55e0360,844e79d1,0,1,1,0,
MI New York,111,146,4,aa8d28ae,a55e0360,844e79d1,0,1,1,0,
MI New York,112,147,4,aa8d28ae,a55e0360,844e79d1,1,0,1,0,
MI New York,113,149,4,aa8d28ae,caf69bf7,844e79d1,2,0,2,0,
MI New York,114,155,4,aa8d28ae,caf69bf7,844e79d1,6,0,6,0,
MI New York,115,156,4,aa8d28ae,caf69bf7,844e79d1,1,0,1,0,
MI New York,116,157,4,844e79d1,caf69bf7,aa8d28ae,1,0,1,0,
MI New York,117,158,4,aa8d28ae,caf69bf7,844e79d1,1,0,1,0,
MI New York,118,162,4,844e79d1,caf69bf7,aa8d28ae,4,0,4,0,
