batting_team,ball_number,total_team_runs,total_team_wickets,striker_ID,bowler_ID,nonstriker_ID,batter_runs,extras_runs,total_delivery_runs,wicket,wicket_type
UP Warriorz,1,4,0,321644de,63e3b6b3,0e9d4094,4,0,4,0,
UP Warriorz,2,4,0,321644de,63e3b6b3,0e9d4094,0,0,0,0,
UP Warriorz,3,4,0,321644de,63e3b6b3,0e9d4094,0,0,0,0,
UP Warriorz,4,4,0,321644de,63e3b6b3,0e9d4094,0,0,0,0,
UP Warriorz,5,4,0,321644de,63e3b6b3,0e9d4094,0,0,0,0,
UP Warriorz,6,7,0,321644de,63e3b6b3,0e9d4094,3,0,3,0,
UP Warriorz,7,7,0,321644de,5463cb7a,0e9d4094,0,0,0,0,
UP Warriorz,8,8,0,321644de,5463cb7a,0e9d4094,1,0,1,0,
UP Warriorz,9,8,0,0e9d4094,5463cb7a,321644de,0,0,0,0,
UP Warriorz,10,12,0,0e9d4094,5463cb7a,321644de,4,0,4,0,
UP Warriorz,11,16,0,0e9d4094,5463cb7a,321644de,4,0,4,0,
UP Warriorz,12,17,0,0e9d4094,5463cb7a,321644de,0,1,1,0,
UP Warriorz,13,17,0,0e9d4094,5463cb7a,321644de,0,0,0,0,
UP Warriorz,14,18,0,321644de,63e3b6b3,0e9d4094,1,0,1,0,
UP Warriorz,15,22,0,0e9d4094,63e3b6b3,321644de,4,0,4,0,
UP Warriorz,16,23,0,0e9d4094,63e3b6b3,321644de,1,0,1,0,
UP Warriorz,17,24,0,321644de,63e3b6b3,0e9d4094,1,0,1,0,
UP Warriorz,18,25,0,0e9d4094,63e3b6b3,321644de,1,0,1,0,
UP Warriorz,19,25,0,321644de,63e3b6b3,0e9d4094,0,0,0,0,
UP Warriorz,20,25,0,0e9d4094,0475a86b,321644de,0,0,0,0,
UP Warriorz,21,29,0,0e9d4094,0475a86b,321644de,4,0,4,0,
UP Warriorz,22,29,0,0e9d4094,0475a86b,321644de,0,0,0,0,
UP Warriorz,23,30,0,0e9d4094,0475a86b,321644de,1,0,1,0,
UP Warriorz,24,30,0,321644de,0475a86b,0e9d4094,0,0,0,0,
UP Warriorz,25,30,0,321644de,0475a86b,0e9d4094,0,0,0,0,
UP Warriorz,26,30,1,0e9d4094,6c3aef71,321644de,0,0,0,1,caught
UP Warriorz,27,31,1,4961601c,6c3aef71,321644de,1,0,1,0,
UP Warriorz,28,31,1,321644de,6c3aef71,4961601c,0,0,0,0,
UP Warriorz,29,35,1,321644de,6c3aef71,4961601c,4,0,4,0,
UP Warriorz,30,36,1,321644de,6c3aef71,4961601c,0,1,1,0,
UP Warriorz,31,37,1,321644de,6c3aef71,4961601c,1,0,1,0,
UP Warriorz,32,37,1,4961601c,6c3aef71,321644de,0,0,0,0,
UP Warriorz,33,38,1,321644de,0475a86b,4961601c,1,0,1,0,
UP Warriorz,34,38,1,4961601c,0475a86b,321644de,0,0,0,0,
UP Warriorz,35,38,1,4961601c,0475a86b,321644de,0,0,0,0,
UP Warriorz,36,38,1,4961601c,0475a86b,321644de,0,0,0,0,
UP Warriorz,37,38,1,4961601c,0475a86b,321644de,0,0,0,0,
UP Warriorz,38,38,1,4961601c,0475a86b,321644de,0,0,0,0,
UP Warriorz,39,39,1,321644de,eadc8924,4961601c,1,0,1,0,
UP Warriorz,40,40,1,4961601c,eadc8924,321644de,1,0,1,0,
UP Warriorz,41,42,1,321644de,eadc8924,4961601c,2,0,2,0,
UP Warriorz,42,43,1,321644de,eadc8924,4961601c,1,0,1,0,
UP Warriorz,43,43,1,4961601c,eadc8924,321644de,0,0,0,0,
UP Warriorz,44,44,1,4961601c,eadc8924,321644de,1,0,1,0,
UP Warriorz,45,45,1,4961601c,6c3aef71,321644de,1,0,1,0,
UP Warriorz,46,45,1,321644de,6c3aef71,4961601c,0,0,0,0,
UP Warriorz,47,46,1,321644de,6c3aef71,4961601c,1,0,1,0,
UP Warriorz,48,47,1,4961601c,6c3aef71,321644de,1,0,1,0,
UP Warriorz,49,53,1,321644de,6c3aef71,4961601c,6,0,6,0,
UP Warriorz,50,53,1,321644de,6c3aef71,4961601c,0,0,0,0,
UP Warriorz,51,54,1,4961601c,5463cb7a,321644de,1,0,1,0,
UP Warriorz,52,54,1,321644de,5463cb7a,4961601c,0,0,0,0,
UP Warriorz,53,58,1,321644de,5463cb7a,4961601c,4,0,4,0,
UP Warriorz,54,58,1,321644de,5463cb7a,4961601c,0,0,0,0,
UP Warriorz,55,59,1,321644de,5463cb7a,4961601c,1,0,1,0,
UP Warriorz,56,59,1,4961601c,5463cb7a,321644de,0,0,0,0,
UP Warriorz,57,59,1,321644de,910dd54e,4961601c,0,0,0,0,
UP Warriorz,58,59,1,321644de,910dd54e,4961601c,0,0,0,0,
UP Warriorz,59,59,1,321644de,910dd54e,4961601c,0,0,0,0,
UP Warriorz,60,59,1,321644de,910dd54e,4961601c,0,0,0,0,
UP Warriorz,61,63,1,321644de,910dd54e,4961601c,4,0,4,0,
UP Warriorz,62,63,2,321644de,910dd54e,4961601c,0,0,0,1,stumped
UP Warriorz,63,64,2,4961601c,63e3b6b3,ca5acfa4,1,0,1,0,
UP Warriorz,64,65,2,ca5acfa4,63e3b6b3,4961601c,1,0,1,0,
UP Warriorz,65,65,2,4961601c,63e3b6b3,ca5acfa4,0,0,0,0,
UP Warriorz,66,69,2,4961601c,63e3b6b3,ca5acfa4,4,0,4,0,
UP Warriorz,67,69,2,4961601c,63e3b6b3,ca5acfa4,0,0,0,0,
UP Warriorz,68,69,2,4961601c,63e3b6b3,ca5acfa4,0,0,0,0,
UP Warriorz,69,69,2,ca5acfa4,6c3aef71,4961601c,0,0,0,0,
UP Warriorz,70,70,2,ca5acfa4,6c3aef71,4961601c,1,0,1,0,
UP Warriorz,71,71,2,4961601c,6c3aef71,ca5acfa4,0,1,1,0,
UP Warriorz,72,71,2,4961601c,6c3aef71,ca5acfa4,0,0,0,0,
UP Warriorz,73,71,2,4961601c,6c3aef71,ca5acfa4,0,0,0,0,
UP Warriorz,74,71,2,4961601c,6c3aef71,ca5acfa4,0,0,0,0,
UP Warriorz,75,71,3,4961601c,6c3aef71,ca5acfa4,0,0,0,1,caught
UP Warriorz,76,71,3,ca5acfa4,63e3b6b3,617a0b79,0,0,0,0,
UP Warriorz,77,71,3,ca5acfa4,63e3b6b3,617a0b79,0,0,0,0,
UP Warriorz,78,72,3,ca5acfa4,63e3b6b3,617a0b79,1,0,1,0,
UP Warriorz,79,73,3,617a0b79,63e3b6b3,ca5acfa4,1,0,1,0,
UP Warriorz,80,73,3,ca5acfa4,63e3b6b3,617a0b79,0,0,0,0,
UP Warriorz,81,74,3,ca5acfa4,63e3b6b3,617a0b79,1,0,1,0,
UP Warriorz,82,78,3,ca5acfa4,eadc8924,617a0b79,4,0,4,0,
UP Warriorz,83,78,3,ca5acfa4,eadc8924,617a0b79,0,0,0,0,
UP Warriorz,84,82,3,ca5acfa4,eadc8924,617a0b79,4,0,4,0,
UP Warriorz,85,83,3,ca5acfa4,eadc8924,617a0b79,0,1,1,0,
UP Warriorz,86,83,3,ca5acfa4,eadc8924,617a0b79,0,0,0,0,
UP Warriorz,87,87,3,ca5acfa4,eadc8924,617a0b79,4,0,4,0,
UP Warriorz,88,88,3,ca5acfa4,eadc8924,617a0b79,0,1,1,0,
UP Warriorz,89,89,3,ca5acfa4,0475a86b,617a0b79,1,0,1,0,
UP Warriorz,90,90,3,617a0b79,0475a86b,ca5acfa4,1,0,1,0,
UP Warriorz,91,90,3,ca5acfa4,0475a86b,617a0b79,0,0,0,0,
UP Warriorz,92,91,3,ca5acfa4,0475a86b,617a0b79,1,0,1,0,
UP Warriorz,93,91,4,617a0b79,0475a86b,ca5acfa4,0,0,0,1,stumped
UP Warriorz,94,92,4,201fef33,0475a86b,ca5acfa4,1,0,1,0,
UP Warriorz,95,92,4,201fef33,910dd54e,ca5acfa4,0,0,0,0,
UP Warriorz,96,92,4,201fef33,910dd54e,ca5acfa4,0,0,0,0,
UP Warriorz,97,92,4,201fef33,910dd54e,ca5acfa4,0,0,0,0,
UP Warriorz,98,92,4,201fef33,910dd54e,ca5acfa4,0,0,0,0,
UP Warriorz,99,93,4,201fef33,910dd54e,ca5acfa4,1,0,1,0,
UP Warriorz,100,94,4,ca5acfa4,910dd54e,201fef33,1,0,1,0,
UP Warriorz,101,94,4,ca5acfa4,6c3aef71,201fef33,0,0,0,0,
UP Warriorz,102,98,4,ca5acfa4,6c3aef71,201fef33,4,0,4,0,
UP Warriorz,103,102,4,ca5acfa4,6c3aef71,201fef33,4,0,4,0,
UP Warriorz,104,103,4,ca5acfa4,6c3aef71,201fef33,1,0,1,0,
UP Warriorz,105,104,4,201fef33,6c3aef71,ca5acfa4,1,0,1,0,
UP Warriorz,106,104,4,ca5acfa4,6c3aef71,201fef33,0,0,0,0,
UP Warriorz,107,104,5,201fef33,910dd54e,ca5acfa4,0,0,0,1,stumped
UP Warriorz,108,104,5,cdb82f1c,910dd54e,ca5acfa4,0,0,0,0,
UP Warriorz,109,104,5,cdb82f1c,910dd54e,ca5acfa4,0,0,0,0,
UP Warriorz,110,105,6,cdb82f1c,910dd54e,ca5acfa4,0,1,1,1,stumped
UP Warriorz,111,105,6,fa0bf9d9,910dd54e,ca5acfa4,0,0,0,0,
UP Warriorz,112,105,6,fa0bf9d9,910dd54e,ca5acfa4,0,0,0,0,
UP Warriorz,113,105,6,fa0bf9d9,910dd54e,ca5acfa4,0,0,0,0,
UP Warriorz,114,106,6,ca5acfa4,0475a86b,fa0bf9d9,1,0,1,0,
UP Warriorz,115,107,6,fa0bf9d9,0475a86b,ca5acfa4,1,0,1,0,
UP Warriorz,116,108,6,ca5acfa4,0475a86b,fa0bf9d9,1,0,1,0,
UP Warriorz,117,109,6,fa0bf9d9,0475a86b,ca5acfa4,1,0,1,0,
UP Warriorz,118,113,6,ca5acfa4,0475a86b,fa0bf9d9,4,0,4,0,
UP Warriorz,119,119,6,ca5acfa4,0475a86b,fa0bf9d9,6,0,6,0,
UP Warriorz,120,120,6,fa0bf9d9,910dd54e,ca5acfa4,1,0,1,0,
UP Warriorz,121,122,6,ca5acfa4,910dd54e,fa0bf9d9,2,0,2,0,
UP Warriorz,122,126,6,ca5acfa4,910dd54e,fa0bf9d9,4,0,4,0,
UP Warriorz,123,132,6,ca5acfa4,910dd54e,fa0bf9d9,6,0,6,0,
UP Warriorz,124,134,6,ca5acfa4,910dd54e,fa0bf9d9,2,0,2,0,
UP Warriorz,125,138,6,ca5acfa4,910dd54e,fa0bf9d9,4,0,4,0,
Delhi Capitals,1,0,0,27e003ce,108c4c09,d8f59089,0,0,0,0,
Delhi Capitals,2,0,0,27e003ce,108c4c09,d8f59089,0,0,0,0,
Delhi Capitals,3,5,0,27e003ce,108c4c09,d8f59089,4,1,5,0,
Delhi Capitals,4,9,0,27e003ce,108c4c09,d8f59089,4,0,4,0,
Delhi Capitals,5,9,0,27e003ce,108c4c09,d8f59089,0,0,0,0,
Delhi Capitals,6,13,0,27e003ce,108c4c09,d8f59089,4,0,4,0,
Delhi Capitals,7,14,0,27e003ce,108c4c09,d8f59089,0,1,1,0,
Delhi Capitals,8,20,0,27e003ce,108c4c09,d8f59089,6,0,6,0,
Delhi Capitals,9,21,0,d8f59089,712a32d7,27e003ce,0,1,1,0,
Delhi Capitals,10,25,0,d8f59089,712a32d7,27e003ce,4,0,4,0,
Delhi Capitals,11,25,0,d8f59089,712a32d7,27e003ce,0,0,0,0,
Delhi Capitals,12,25,0,d8f59089,712a32d7,27e003ce,0,0,0,0,
Delhi Capitals,13,26,0,d8f59089,712a32d7,27e003ce,0,1,1,0,
Delhi Capitals,14,26,0,d8f59089,712a32d7,27e003ce,0,0,0,0,
Delhi Capitals,15,27,0,d8f59089,712a32d7,27e003ce,1,0,1,0,
Delhi Capitals,16,28,0,27e003ce,712a32d7,d8f59089,1,0,1,0,
Delhi Capitals,17,28,0,27e003ce,cdb82f1c,d8f59089,0,0,0,0,
Delhi Capitals,18,32,0,27e003ce,cdb82f1c,d8f59089,4,0,4,0,
Delhi Capitals,19,33,0,27e003ce,cdb82f1c,d8f59089,1,0,1,0,
Delhi Capitals,20,33,0,d8f59089,cdb82f1c,27e003ce,0,0,0,0,
Delhi Capitals,21,33,0,d8f59089,cdb82f1c,27e003ce,0,0,0,0,
Delhi Capitals,22,34,0,d8f59089,cdb82f1c,27e003ce,1,0,1,0,
Delhi Capitals,23,38,0,d8f59089,fa0bf9d9,27e003ce,4,0,4,0,
Delhi Capitals,24,39,0,d8f59089,fa0bf9d9,27e003ce,1,0,1,0,
Delhi Capitals,25,40,0,27e003ce,fa0bf9d9,d8f59089,0,1,1,0,
Delhi Capitals,26,40,0,27e003ce,fa0bf9d9,d8f59089,0,0,0,0,
Delhi Capitals,27,44,0,27e003ce,fa0bf9d9,d8f59089,4,0,4,0,
Delhi Capitals,28,45,0,27e003ce,fa0bf9d9,d8f59089,1,0,1,0,
Delhi Capitals,29,46,0,d8f59089,fa0bf9d9,27e003ce,1,0,1,0,
Delhi Capitals,30,50,0,d8f59089,712a32d7,27e003ce,4,0,4,0,
Delhi Capitals,31,54,0,d8f59089,712a32d7,27e003ce,4,0,4,0,
Delhi Capitals,32,55,0,d8f59089,712a32d7,27e003ce,1,0,1,0,
Delhi Capitals,33,56,0,27e003ce,712a32d7,d8f59089,1,0,1,0,
Delhi Capitals,34,56,1,d8f59089,712a32d7,27e003ce,0,0,0,1,caught
Delhi Capitals,35,57,1,cb08b611,712a32d7,27e003ce,0,1,1,0,
Delhi Capitals,36,57,1,cb08b611,712a32d7,27e003ce,0,0,0,0,
Delhi Capitals,37,57,1,27e003ce,201fef33,cb08b611,0,0,0,0,
Delhi Capitals,38,58,1,27e003ce,201fef33,cb08b611,1,0,1,0,
Delhi Capitals,39,61,1,cb08b611,201fef33,27e003ce,3,0,3,0,
Delhi Capitals,40,67,1,27e003ce,201fef33,cb08b611,6,0,6,0,
Delhi Capitals,41,67,1,27e003ce,201fef33,cb08b611,0,0,0,0,
Delhi Capitals,42,67,1,27e003ce,201fef33,cb08b611,0,0,0,0,
Delhi Capitals,43,67,2,cb08b611,108c4c09,27e003ce,0,0,0,1,lbw
Delhi Capitals,44,68,2,63e3b6b3,108c4c09,27e003ce,1,0,1,0,
Delhi Capitals,45,70,2,27e003ce,108c4c09,63e3b6b3,2,0,2,0,
Delhi Capitals,46,70,2,27e003ce,108c4c09,63e3b6b3,0,0,0,0,
Delhi Capitals,47,70,3,27e003ce,108c4c09,63e3b6b3,0,0,0,1,caught
Delhi Capitals,48,71,3,910dd54e,108c4c09,63e3b6b3,1,0,1,0,
Delhi Capitals,49,72,3,910dd54e,0dc28b3f,63e3b6b3,1,0,1,0,
Delhi Capitals,50,72,3,63e3b6b3,0dc28b3f,910dd54e,0,0,0,0,
Delhi Capitals,51,72,3,63e3b6b3,0dc28b3f,910dd54e,0,0,0,0,
Delhi Capitals,52,72,3,63e3b6b3,0dc28b3f,910dd54e,0,0,0,0,
Delhi Capitals,53,72,3,63e3b6b3,0dc28b3f,910dd54e,0,0,0,0,
Delhi Capitals,54,72,3,63e3b6b3,0dc28b3f,910dd54e,0,0,0,0,
Delhi Capitals,55,72,3,910dd54e,cdb82f1c,63e3b6b3,0,0,0,0,
Delhi Capitals,56,72,3,910dd54e,cdb82f1c,63e3b6b3,0,0,0,0,
Delhi Capitals,57,76,3,910dd54e,cdb82f1c,63e3b6b3,4,0,4,0,
Delhi Capitals,58,80,3,910dd54e,cdb82f1c,63e3b6b3,4,0,4,0,
Delhi Capitals,59,80,3,910dd54e,cdb82f1c,63e3b6b3,0,0,0,0,
Delhi Capitals,60,84,3,910dd54e,cdb82f1c,63e3b6b3,4,0,4,0,
Delhi Capitals,61,85,3,63e3b6b3,0dc28b3f,910dd54e,1,0,1,0,
Delhi Capitals,62,85,3,910dd54e,0dc28b3f,63e3b6b3,0,0,0,0,
Delhi Capitals,63,91,3,910dd54e,0dc28b3f,63e3b6b3,6,0,6,0,
Delhi Capitals,64,92,3,910dd54e,0dc28b3f,63e3b6b3,1,0,1,0,
Delhi Capitals,65,92,3,63e3b6b3,0dc28b3f,910dd54e,0,0,0,0,
Delhi Capitals,66,92,3,63e3b6b3,0dc28b3f,910dd54e,0,0,0,0,
Delhi Capitals,67,92,3,910dd54e,108c4c09,63e3b6b3,0,0,0,0,
Delhi Capitals,68,93,3,910dd54e,108c4c09,63e3b6b3,1,0,1,0,
Delhi Capitals,69,93,3,63e3b6b3,108c4c09,910dd54e,0,0,0,0,
Delhi Capitals,70,93,3,63e3b6b3,108c4c09,910dd54e,0,0,0,0,
Delhi Capitals,71,93,3,63e3b6b3,108c4c09,910dd54e,0,0,0,0,
Delhi Capitals,72,97,3,63e3b6b3,108c4c09,910dd54e,4,0,4,0,
Delhi Capitals,73,97,3,910dd54e,201fef33,63e3b6b3,0,0,0,0,
Delhi Capitals,74,98,3,910dd54e,201fef33,63e3b6b3,1,0,1,0,
Delhi Capitals,75,99,3,63e3b6b3,201fef33,910dd54e,1,0,1,0,
Delhi Capitals,76,103,3,910dd54e,201fef33,63e3b6b3,4,0,4,0,
Delhi Capitals,77,104,3,910dd54e,201fef33,63e3b6b3,1,0,1,0,
Delhi Capitals,78,105,3,63e3b6b3,201fef33,910dd54e,1,0,1,0,
Delhi Capitals,79,106,3,63e3b6b3,712a32d7,910dd54e,1,0,1,0,
Delhi Capitals,80,106,3,910dd54e,712a32d7,63e3b6b3,0,0,0,0,
Delhi Capitals,81,106,3,910dd54e,712a32d7,63e3b6b3,0,0,0,0,
Delhi Capitals,82,107,3,910dd54e,712a32d7,63e3b6b3,0,1,1,0,
Delhi Capitals,83,108,3,910dd54e,712a32d7,63e3b6b3,1,0,1,0,
Delhi Capitals,84,108,3,63e3b6b3,712a32d7,910dd54e,0,0,0,0,
Delhi Capitals,85,112,3,63e3b6b3,712a32d7,910dd54e,4,0,4,0,
Delhi Capitals,86,113,3,910dd54e,cdb82f1c,63e3b6b3,1,0,1,0,
Delhi Capitals,87,114,3,63e3b6b3,cdb82f1c,910dd54e,1,0,1,0,
Delhi Capitals,88,114,3,910dd54e,cdb82f1c,63e3b6b3,0,0,0,0,
Delhi Capitals,89,114,3,910dd54e,cdb82f1c,63e3b6b3,0,0,0,0,
Delhi Capitals,90,114,3,910dd54e,cdb82f1c,63e3b6b3,0,0,0,0,
Delhi Capitals,91,114,3,910dd54e,cdb82f1c,63e3b6b3,0,0,0,0,
Delhi Capitals,92,114,3,63e3b6b3,fa0bf9d9,910dd54e,0,0,0,0,
Delhi Capitals,93,115,3,63e3b6b3,fa0bf9d9,910dd54e,1,0,1,0,
Delhi Capitals,94,116,3,910dd54e,fa0bf9d9,63e3b6b3,1,0,1,0,
Delhi Capitals,95,116,3,63e3b6b3,fa0bf9d9,910dd54e,0,0,0,0,
Delhi Capitals,96,117,3,63e3b6b3,fa0bf9d9,910dd54e,1,0,1,0,
Delhi Capitals,97,117,3,910dd54e,fa0bf9d9,63e3b6b3,0,0,0,0,
Delhi Capitals,98,118,3,63e3b6b3,201fef33,910dd54e,1,0,1,0,
Delhi Capitals,99,120,3,910dd54e,201fef33,63e3b6b3,0,2,2,0,
Delhi Capitals,100,120,3,63e3b6b3,201fef33,910dd54e,0,0,0,0,
Delhi Capitals,101,126,3,63e3b6b3,201fef33,910dd54e,6,0,6,0,
Delhi Capitals,102,127,3,63e3b6b3,201fef33,910dd54e,1,0,1,0,
Delhi Capitals,103,129,3,910dd54e,201fef33,63e3b6b3,2,0,2,0,
Delhi Capitals,104,130,3,910dd54e,201fef33,63e3b6b3,1,0,1,0,
Delhi Capitals,105,130,3,910dd54e,cdb82f1c,63e3b6b3,0,0,0,0,
Delhi Capitals,106,130,4,910dd54e,cdb82f1c,63e3b6b3,0,0,0,1,stumped
Delhi Capitals,107,130,4,0475a86b,cdb82f1c,63e3b6b3,0,0,0,0,
Delhi Capitals,108,131,4,0475a86b,cdb82f1c,63e3b6b3,0,1,1,0,
Delhi Capitals,109,131,4,63e3b6b3,cdb82f1c,0475a86b,0,0,0,0,
Delhi Capitals,110,132,4,63e3b6b3,cdb82f1c,0475a86b,0,1,1,0,
Delhi Capitals,111,136,4,63e3b6b3,cdb82f1c,0475a86b,4,0,4,0,
Delhi Capitals,112,136,4,0475a86b,201fef33,63e3b6b3,0,0,0,0,
Delhi Capitals,113,136,4,0475a86b,201fef33,63e3b6b3,0,0,0,0,
Delhi Capitals,114,136,5,0475a86b,201fef33,63e3b6b3,0,0,0,1,run out
Delhi Capitals,115,138,5,63e3b6b3,201fef33,eadc8924,2,0,2,0,
Delhi Capitals,116,142,5,63e3b6b3,201fef33,eadc8924,4,0,4,0,
