batting_team,ball_number,total_team_runs,total_team_wickets,striker_ID,bowler_ID,nonstriker_ID,batter_runs,extras_runs,total_delivery_runs,wicket,wicket_type
Lancashire,1,1,0,3d284ca3,b5781ac3,99b75528,1,0,1,0,
Lancashire,2,2,0,99b75528,b5781ac3,3d284ca3,1,0,1,0,
Lancashire,3,6,0,3d284ca3,b5781ac3,99b75528,4,0,4,0,
Lancashire,4,10,0,3d284ca3,b5781ac3,99b75528,4,0,4,0,
Lancashire,5,11,0,3d284ca3,b5781ac3,99b75528,1,0,1,0,
Lancashire,6,12,0,99b75528,b5781ac3,3d284ca3,1,0,1,0,
Lancashire,7,12,0,99b75528,3a60e0b5,3d284ca3,0,0,0,0,
Lancashire,8,12,0,99b75528,3a60e0b5,3d284ca3,0,0,0,0,
Lancashire,9,12,0,99b75528,3a60e0b5,3d284ca3,0,0,0,0,
Lancashire,10,16,0,99b75528,3a60e0b5,3d284ca3,4,0,4,0,
Lancashire,11,17,0,99b75528,3a60e0b5,3d284ca3,1,0,1,0,
Lancashire,12,21,0,3d284ca3,3a60e0b5,99b75528,4,0,4,0,
Lancashire,13,22,0,99b75528,fc4375ef,3d284ca3,0,1,1,0,
Lancashire,14,24,0,99b75528,fc4375ef,3d284ca3,2,0,2,0,
Lancashire,15,25,0,99b75528,fc4375ef,3d284ca3,0,1,1,0,
Lancashire,16,27,0,99b75528,fc4375ef,3d284ca3,2,0,2,0,
Lancashire,17,27,0,99b75528,fc4375ef,3d284ca3,0,0,0,0,
Lancashire,18,27,1,99b75528,fc4375ef,3d284ca3,0,0,0,1,caught
Lancashire,19,28,1,ab474682,fc4375ef,3d284ca3,1,0,1,0,
Lancashire,20,32,1,3d284ca3,fc4375ef,ab474682,4,0,4,0,
Lancashire,21,33,1,ab474682,4c0f3806,3d284ca3,1,0,1,0,
Lancashire,22,33,1,3d284ca3,4c0f3806,ab474682,0,0,0,0,
Lancashire,23,33,1,3d284ca3,4c0f3806,ab474682,0,0,0,0,
Lancashire,24,36,1,3d284ca3,4c0f3806,ab474682,3,0,3,0,
Lancashire,25,38,1,ab474682,4c0f3806,3d284ca3,2,0,2,0,
Lancashire,26,40,1,ab474682,4c0f3806,3d284ca3,2,0,2,0,
Lancashire,27,40,1,3d284ca3,0dbe27b8,ab474682,0,0,0,0,
Lancashire,28,40,2,3d284ca3,0dbe27b8,ab474682,0,0,0,1,caught
Lancashire,29,41,2,50c6bc2b,0dbe27b8,ab474682,0,1,1,0,
Lancashire,30,42,2,50c6bc2b,0dbe27b8,ab474682,0,1,1,0,
Lancashire,31,43,2,50c6bc2b,0dbe27b8,ab474682,1,0,1,0,
Lancashire,32,45,2,ab474682,0dbe27b8,50c6bc2b,2,0,2,0,
Lancashire,33,49,2,ab474682,0dbe27b8,50c6bc2b,4,0,4,0,
Lancashire,34,50,2,ab474682,0dbe27b8,50c6bc2b,1,0,1,0,
Lancashire,35,50,2,ab474682,3a60e0b5,50c6bc2b,0,0,0,0,
Lancashire,36,50,2,ab474682,3a60e0b5,50c6bc2b,0,0,0,0,
Lancashire,37,52,2,ab474682,3a60e0b5,50c6bc2b,2,0,2,0,
Lancashire,38,56,2,ab474682,3a60e0b5,50c6bc2b,4,0,4,0,
Lancashire,39,57,2,ab474682,3a60e0b5,50c6bc2b,1,0,1,0,
Lancashire,40,58,2,50c6bc2b,3a60e0b5,ab474682,1,0,1,0,
Lancashire,41,59,2,50c6bc2b,ee0c05c0,ab474682,1,0,1,0,
Lancashire,42,60,2,ab474682,ee0c05c0,50c6bc2b,1,0,1,0,
Lancashire,43,61,2,50c6bc2b,ee0c05c0,ab474682,1,0,1,0,
Lancashire,44,61,2,ab474682,ee0c05c0,50c6bc2b,0,0,0,0,
Lancashire,45,61,2,ab474682,ee0c05c0,50c6bc2b,0,0,0,0,
Lancashire,46,62,2,ab474682,ee0c05c0,50c6bc2b,0,1,1,0,
Lancashire,47,62,2,ab474682,ee0c05c0,50c6bc2b,0,0,0,0,
Lancashire,48,63,2,50c6bc2b,0dbe27b8,ab474682,0,1,1,0,
Lancashire,49,64,2,50c6bc2b,0dbe27b8,ab474682,1,0,1,0,
Lancashire,50,68,2,ab474682,0dbe27b8,50c6bc2b,4,0,4,0,
Lancashire,51,68,2,ab474682,0dbe27b8,50c6bc2b,0,0,0,0,
Lancashire,52,69,2,ab474682,0dbe27b8,50c6bc2b,1,0,1,0,
Lancashire,53,69,2,50c6bc2b,0dbe27b8,ab474682,0,0,0,0,
Lancashire,54,69,2,50c6bc2b,0dbe27b8,ab474682,0,0,0,0,
Lancashire,55,70,2,ab474682,ee0c05c0,50c6bc2b,1,0,1,0,
Lancashire,56,71,2,50c6bc2b,ee0c05c0,ab474682,1,0,1,0,
Lancashire,57,72,2,ab474682,ee0c05c0,50c6bc2b,1,0,1,0,
Lancashire,58,73,2,50c6bc2b,ee0c05c0,ab474682,1,0,1,0,
Lancashire,59,74,2,ab474682,ee0c05c0,50c6bc2b,1,0,1,0,
Lancashire,60,75,2,50c6bc2b,ee0c05c0,ab474682,1,0,1,0,
Lancashire,61,81,2,50c6bc2b,fc4375ef,ab474682,6,0,6,0,
Lancashire,62,87,2,50c6bc2b,fc4375ef,ab474682,6,0,6,0,
Lancashire,63,87,3,50c6bc2b,fc4375ef,ab474682,0,0,0,1,caught
Lancashire,64,91,3,eade4650,fc4375ef,ab474682,4,0,4,0,
Lancashire,65,92,3,eade4650,fc4375ef,ab474682,1,0,1,0,
Lancashire,66,94,3,ab474682,fc4375ef,eade4650,2,0,2,0,
Lancashire,67,95,3,eade4650,b5781ac3,ab474682,1,0,1,0,
Lancashire,68,95,3,ab474682,b5781ac3,eade4650,0,0,0,0,
Lancashire,69,96,3,ab474682,b5781ac3,eade4650,1,0,1,0,
Lancashire,70,97,3,eade4650,b5781ac3,ab474682,1,0,1,0,
Lancashire,71,98,3,ab474682,b5781ac3,eade4650,1,0,1,0,
Lancashire,72,99,3,eade4650,b5781ac3,ab474682,1,0,1,0,
Lancashire,73,101,3,eade4650,4c0f3806,ab474682,2,0,2,0,
Lancashire,74,105,3,eade4650,4c0f3806,ab474682,4,0,4,0,
Lancashire,75,107,3,eade4650,4c0f3806,ab474682,2,0,2,0,
Lancashire,76,108,3,eade4650,4c0f3806,ab474682,1,0,1,0,
Lancashire,77,108,3,ab474682,4c0f3806,eade4650,0,0,0,0,
Lancashire,78,108,3,ab474682,4c0f3806,eade4650,0,0,0,0,
Lancashire,79,110,3,eade4650,ee0c05c0,ab474682,2,0,2,0,
Lancashire,80,111,3,eade4650,ee0c05c0,ab474682,1,0,1,0,
Lancashire,81,112,3,ab474682,ee0c05c0,eade4650,1,0,1,0,
Lancashire,82,113,3,eade4650,ee0c05c0,ab474682,1,0,1,0,
Lancashire,83,113,4,ab474682,ee0c05c0,eade4650,0,0,0,1,bowled
Lancashire,84,114,4,22b98d7c,ee0c05c0,eade4650,1,0,1,0,
Lancashire,85,114,4,22b98d7c,0dbe27b8,eade4650,0,0,0,0,
Lancashire,86,115,4,22b98d7c,0dbe27b8,eade4650,0,1,1,0,
Lancashire,87,116,4,22b98d7c,0dbe27b8,eade4650,1,0,1,0,
Lancashire,88,117,4,eade4650,0dbe27b8,22b98d7c,1,0,1,0,
Lancashire,89,121,4,22b98d7c,0dbe27b8,eade4650,4,0,4,0,
Lancashire,90,121,4,22b98d7c,0dbe27b8,eade4650,0,0,0,0,
Lancashire,91,122,4,22b98d7c,0dbe27b8,eade4650,1,0,1,0,
Lancashire,92,124,4,22b98d7c,ff1e12a0,eade4650,2,0,2,0,
Lancashire,93,126,4,22b98d7c,ff1e12a0,eade4650,2,0,2,0,
Lancashire,94,127,4,22b98d7c,ff1e12a0,eade4650,0,1,1,0,
Lancashire,95,128,4,22b98d7c,ff1e12a0,eade4650,1,0,1,0,
Lancashire,96,129,4,eade4650,ff1e12a0,22b98d7c,1,0,1,0,
Lancashire,97,130,4,22b98d7c,ff1e12a0,eade4650,1,0,1,0,
Lancashire,98,131,4,eade4650,ff1e12a0,22b98d7c,1,0,1,0,
Lancashire,99,132,4,eade4650,ee0c05c0,22b98d7c,1,0,1,0,
Lancashire,100,133,4,22b98d7c,ee0c05c0,eade4650,0,1,1,0,
Lancashire,101,134,4,eade4650,ee0c05c0,22b98d7c,1,0,1,0,
Lancashire,102,134,4,22b98d7c,ee0c05c0,eade4650,0,0,0,0,
Lancashire,103,134,5,22b98d7c,ee0c05c0,eade4650,0,0,0,1,caught
Lancashire,104,134,5,ad8cb396,ee0c05c0,eade4650,0,0,0,0,
Lancashire,105,135,5,eade4650,4c0f3806,ad8cb396,1,0,1,0,
Lancashire,106,135,6,ad8cb396,4c0f3806,eade4650,0,0,0,1,bowled
Lancashire,107,135,6,94d7f855,4c0f3806,eade4650,0,0,0,0,
Lancashire,108,135,6,94d7f855,4c0f3806,eade4650,0,0,0,0,
Lancashire,109,136,6,94d7f855,4c0f3806,eade4650,1,0,1,0,
Lancashire,110,136,6,eade4650,4c0f3806,94d7f855,0,0,0,0,
Lancashire,111,137,6,94d7f855,3a60e0b5,eade4650,1,0,1,0,
Lancashire,112,139,6,eade4650,3a60e0b5,94d7f855,2,0,2,0,
Lancashire,113,140,6,eade4650,3a60e0b5,94d7f855,1,0,1,0,
Lancashire,114,141,6,94d7f855,3a60e0b5,eade4650,1,0,1,0,
Lancashire,115,142,6,eade4650,3a60e0b5,94d7f855,1,0,1,0,
Lancashire,116,143,6,94d7f855,3a60e0b5,eade4650,1,0,1,0,
Lancashire,117,144,6,94d7f855,4c0f3806,eade4650,1,0,1,0,
Lancashire,118,144,7,eade4650,4c0f3806,94d7f855,0,0,0,1,caught
Lancashire,119,144,7,65b6943c,4c0f3806,94d7f855,0,0,0,0,
Lancashire,120,145,7,65b6943c,4c0f3806,94d7f855,1,0,1,0,
Lancashire,121,146,7,94d7f855,4c0f3806,65b6943c,1,0,1,0,
Lancashire,122,146,7,65b6943c,4c0f3806,94d7f855,0,0,0,0,
Lancashire,123,149,7,94d7f855,3a60e0b5,65b6943c,3,0,3,0,
Lancashire,124,149,8,65b6943c,3a60e0b5,94d7f855,0,0,0,1,caught
Lancashire,125,150,8,b9877635,3a60e0b5,94d7f855,0,1,1,0,
Lancashire,126,151,8,94d7f855,3a60e0b5,b9877635,1,0,1,0,
Lancashire,127,151,9,b9877635,3a60e0b5,94d7f855,0,0,0,1,bowled
Lancashire,128,152,9,19708692,3a60e0b5,94d7f855,0,1,1,0,
Durham,1,0,0,4fd09cfc,65b6943c,c9c0fe50,0,0,0,0,
Durham,2,0,0,4fd09cfc,65b6943c,c9c0fe50,0,0,0,0,
Durham,3,4,0,4fd09cfc,65b6943c,c9c0fe50,4,0,4,0,
Durham,4,4,0,4fd09cfc,65b6943c,c9c0fe50,0,0,0,0,
Durham,5,4,0,4fd09cfc,65b6943c,c9c0fe50,0,0,0,0,
Durham,6,10,0,4fd09cfc,65b6943c,c9c0fe50,6,0,6,0,
Durham,7,12,0,c9c0fe50,b9877635,4fd09cfc,2,0,2,0,
Durham,8,13,0,c9c0fe50,b9877635,4fd09cfc,1,0,1,0,
Durham,9,17,0,4fd09cfc,b9877635,c9c0fe50,4,0,4,0,
Durham,10,17,0,4fd09cfc,b9877635,c9c0fe50,0,0,0,0,
Durham,11,23,0,4fd09cfc,b9877635,c9c0fe50,6,0,6,0,
Durham,12,23,0,4fd09cfc,b9877635,c9c0fe50,0,0,0,0,
Durham,13,24,0,c9c0fe50,94d7f855,4fd09cfc,1,0,1,0,
Durham,14,26,0,4fd09cfc,94d7f855,c9c0fe50,2,0,2,0,
Durham,15,27,0,4fd09cfc,94d7f855,c9c0fe50,1,0,1,0,
Durham,16,27,0,c9c0fe50,94d7f855,4fd09cfc,0,0,0,0,
Durham,17,27,0,c9c0fe50,94d7f855,4fd09cfc,0,0,0,0,
Durham,18,28,0,c9c0fe50,94d7f855,4fd09cfc,1,0,1,0,
Durham,19,32,0,c9c0fe50,22b98d7c,4fd09cfc,4,0,4,0,
Durham,20,36,0,c9c0fe50,22b98d7c,4fd09cfc,4,0,4,0,
Durham,21,37,0,c9c0fe50,22b98d7c,4fd09cfc,1,0,1,0,
Durham,22,40,0,4fd09cfc,22b98d7c,c9c0fe50,3,0,3,0,
Durham,23,41,0,c9c0fe50,22b98d7c,4fd09cfc,1,0,1,0,
Durham,24,41,1,4fd09cfc,22b98d7c,c9c0fe50,0,0,0,1,lbw
Durham,25,42,1,c9c0fe50,50c6bc2b,05f96194,1,0,1,0,
Durham,26,45,1,05f96194,50c6bc2b,c9c0fe50,3,0,3,0,
Durham,27,46,1,c9c0fe50,50c6bc2b,05f96194,1,0,1,0,
Durham,28,47,1,05f96194,50c6bc2b,c9c0fe50,1,0,1,0,
Durham,29,48,1,c9c0fe50,50c6bc2b,05f96194,1,0,1,0,
Durham,30,49,1,05f96194,50c6bc2b,c9c0fe50,1,0,1,0,
Durham,31,49,1,05f96194,22b98d7c,c9c0fe50,0,0,0,0,
Durham,32,50,1,05f96194,22b98d7c,c9c0fe50,1,0,1,0,
Durham,33,54,1,c9c0fe50,22b98d7c,05f96194,4,0,4,0,
Durham,34,58,1,c9c0fe50,22b98d7c,05f96194,4,0,4,0,
Durham,35,59,1,c9c0fe50,22b98d7c,05f96194,1,0,1,0,
Durham,36,63,1,05f96194,22b98d7c,c9c0fe50,4,0,4,0,
Durham,37,64,1,c9c0fe50,50c6bc2b,05f96194,1,0,1,0,
Durham,38,65,1,05f96194,50c6bc2b,c9c0fe50,1,0,1,0,
Durham,39,65,2,c9c0fe50,50c6bc2b,05f96194,0,0,0,1,bowled
Durham,40,66,2,60f4c586,50c6bc2b,05f96194,1,0,1,0,
Durham,41,67,2,05f96194,50c6bc2b,60f4c586,1,0,1,0,
Durham,42,67,2,60f4c586,50c6bc2b,05f96194,0,0,0,0,
Durham,43,67,2,05f96194,19708692,60f4c586,0,0,0,0,
Durham,44,67,2,05f96194,19708692,60f4c586,0,0,0,0,
Durham,45,68,2,05f96194,19708692,60f4c586,1,0,1,0,
Durham,46,69,2,60f4c586,19708692,05f96194,1,0,1,0,
Durham,47,70,2,05f96194,19708692,60f4c586,1,0,1,0,
Durham,48,70,2,60f4c586,19708692,05f96194,0,0,0,0,
Durham,49,72,2,05f96194,22b98d7c,60f4c586,2,0,2,0,
Durham,50,72,2,05f96194,22b98d7c,60f4c586,0,0,0,0,
Durham,51,72,2,05f96194,22b98d7c,60f4c586,0,0,0,0,
Durham,52,73,2,05f96194,22b98d7c,60f4c586,1,0,1,0,
Durham,53,77,2,60f4c586,22b98d7c,05f96194,4,0,4,0,
Durham,54,78,2,60f4c586,22b98d7c,05f96194,1,0,1,0,
Durham,55,79,2,60f4c586,19708692,05f96194,1,0,1,0,
Durham,56,83,2,05f96194,19708692,60f4c586,4,0,4,0,
Durham,57,84,2,05f96194,19708692,60f4c586,1,0,1,0,
Durham,58,86,2,60f4c586,19708692,05f96194,2,0,2,0,
Durham,59,87,2,60f4c586,19708692,05f96194,1,0,1,0,
Durham,60,87,2,05f96194,19708692,60f4c586,0,0,0,0,
Durham,61,91,2,60f4c586,eade4650,05f96194,4,0,4,0,
Durham,62,92,2,60f4c586,eade4650,05f96194,1,0,1,0,
Durham,63,93,2,05f96194,eade4650,60f4c586,1,0,1,0,
Durham,64,94,2,60f4c586,eade4650,05f96194,1,0,1,0,
Durham,65,95,2,05f96194,eade4650,60f4c586,1,0,1,0,
Durham,66,96,2,60f4c586,eade4650,05f96194,1,0,1,0,
Durham,67,97,2,60f4c586,50c6bc2b,05f96194,1,0,1,0,
Durham,68,97,2,05f96194,50c6bc2b,60f4c586,0,0,0,0,
Durham,69,98,2,05f96194,50c6bc2b,60f4c586,1,0,1,0,
Durham,70,99,2,60f4c586,50c6bc2b,05f96194,1,0,1,0,
Durham,71,101,2,05f96194,50c6bc2b,60f4c586,2,0,2,0,
Durham,72,102,2,05f96194,50c6bc2b,60f4c586,1,0,1,0,
Durham,73,102,2,05f96194,19708692,60f4c586,0,0,0,0,
Durham,74,108,2,05f96194,19708692,60f4c586,6,0,6,0,
Durham,75,114,2,05f96194,19708692,60f4c586,6,0,6,0,
Durham,76,114,2,05f96194,19708692,60f4c586,0,0,0,0,
Durham,77,115,2,05f96194,19708692,60f4c586,1,0,1,0,
Durham,78,115,2,60f4c586,19708692,05f96194,0,0,0,0,
Durham,79,116,2,05f96194,65b6943c,60f4c586,0,1,1,0,
Durham,80,117,2,60f4c586,65b6943c,05f96194,1,0,1,0,
Durham,81,119,2,05f96194,65b6943c,60f4c586,2,0,2,0,
Durham,82,119,3,05f96194,65b6943c,60f4c586,0,0,0,1,caught
Durham,83,120,3,ff1e12a0,65b6943c,60f4c586,1,0,1,0,
Durham,84,121,3,60f4c586,65b6943c,ff1e12a0,1,0,1,0,
Durham,85,122,3,60f4c586,19708692,ff1e12a0,1,0,1,0,
Durham,86,123,3,ff1e12a0,19708692,60f4c586,1,0,1,0,
Durham,87,124,3,60f4c586,19708692,ff1e12a0,1,0,1,0,
Durham,88,125,3,ff1e12a0,19708692,60f4c586,1,0,1,0,
Durham,89,127,3,60f4c586,19708692,ff1e12a0,2,0,2,0,
Durham,90,128,3,60f4c586,19708692,ff1e12a0,1,0,1,0,
Durham,91,130,3,60f4c586,65b6943c,ff1e12a0,2,0,2,0,
Durham,92,131,3,60f4c586,65b6943c,ff1e12a0,1,0,1,0,
Durham,93,132,3,ff1e12a0,65b6943c,60f4c586,1,0,1,0,
Durham,94,133,3,60f4c586,65b6943c,ff1e12a0,1,0,1,0,
Durham,95,134,3,ff1e12a0,65b6943c,60f4c586,1,0,1,0,
Durham,96,134,3,60f4c586,65b6943c,ff1e12a0,0,0,0,0,
Durham,97,137,3,ff1e12a0,50c6bc2b,60f4c586,3,0,3,0,
Durham,98,143,3,60f4c586,50c6bc2b,ff1e12a0,6,0,6,0,
Durham,99,143,3,60f4c586,50c6bc2b,ff1e12a0,0,0,0,0,
Durham,100,145,3,60f4c586,50c6bc2b,ff1e12a0,2,0,2,0,
Durham,101,145,4,60f4c586,50c6bc2b,ff1e12a0,0,0,0,1,caught
Durham,102,146,4,3a60e0b5,50c6bc2b,ff1e12a0,1,0,1,0,
Durham,103,147,4,3a60e0b5,65b6943c,ff1e12a0,1,0,1,0,
Durham,104,148,4,ff1e12a0,65b6943c,3a60e0b5,1,0,1,0,
Durham,105,149,4,3a60e0b5,65b6943c,ff1e12a0,1,0,1,0,
Durham,106,149,4,ff1e12a0,65b6943c,3a60e0b5,0,0,0,0,
Durham,107,149,4,ff1e12a0,65b6943c,3a60e0b5,0,0,0,0,
Durham,108,150,4,ff1e12a0,65b6943c,3a60e0b5,1,0,1,0,
Durham,109,150,4,ff1e12a0,94d7f855,3a60e0b5,0,0,0,0,
Durham,110,152,4,ff1e12a0,94d7f855,3a60e0b5,2,0,2,0,
Durham,111,153,4,ff1e12a0,94d7f855,3a60e0b5,0,1,1,0,
