batting_team,ball_number,total_team_runs,total_team_wickets,striker_ID,bowler_ID,nonstriker_ID,batter_runs,extras_runs,total_delivery_runs,wicket,wicket_type
Dubai Capitals,1,2,0,1c17e270,a818c1be,a343262c,2,0,2,0,
Dubai Capitals,2,2,0,1c17e270,a818c1be,a343262c,0,0,0,0,
Dubai Capitals,3,3,0,1c17e270,a818c1be,a343262c,1,0,1,0,
Dubai Capitals,4,3,0,a343262c,a818c1be,1c17e270,0,0,0,0,
Dubai Capitals,5,7,0,a343262c,a818c1be,1c17e270,4,0,4,0,
Dubai Capitals,6,8,0,a343262c,a818c1be,1c17e270,1,0,1,0,
Dubai Capitals,7,13,0,a343262c,e9c7f0d0,1c17e270,0,5,5,0,
Dubai Capitals,8,14,0,a343262c,e9c7f0d0,1c17e270,1,0,1,0,
Dubai Capitals,9,16,0,1c17e270,e9c7f0d0,a343262c,2,0,2,0,
Dubai Capitals,10,17,0,1c17e270,e9c7f0d0,a343262c,0,1,1,0,
Dubai Capitals,11,17,0,a343262c,e9c7f0d0,1c17e270,0,0,0,0,
Dubai Capitals,12,17,0,a343262c,e9c7f0d0,1c17e270,0,0,0,0,
Dubai Capitals,13,17,0,a343262c,e9c7f0d0,1c17e270,0,0,0,0,
Dubai Capitals,14,17,0,1c17e270,a818c1be,a343262c,0,0,0,0,
Dubai Capitals,15,19,0,1c17e270,a818c1be,a343262c,2,0,2,0,
Dubai Capitals,16,20,0,1c17e270,a818c1be,a343262c,0,1,1,0,
Dubai Capitals,17,20,0,1c17e270,a818c1be,a343262c,0,0,0,0,
Dubai Capitals,18,20,0,1c17e270,a818c1be,a343262c,0,0,0,0,
Dubai Capitals,19,22,0,1c17e270,a818c1be,a343262c,2,0,2,0,
Dubai Capitals,20,22,0,1c17e270,a818c1be,a343262c,0,0,0,0,
Dubai Capitals,21,26,0,a343262c,f0e293b0,1c17e270,4,0,4,0,
Dubai Capitals,22,26,0,a343262c,f0e293b0,1c17e270,0,0,0,0,
Dubai Capitals,23,30,0,a343262c,f0e293b0,1c17e270,4,0,4,0,
Dubai Capitals,24,31,0,a343262c,f0e293b0,1c17e270,1,0,1,0,
Dubai Capitals,25,31,0,1c17e270,f0e293b0,a343262c,0,0,0,0,
Dubai Capitals,26,32,0,1c17e270,f0e293b0,a343262c,1,0,1,0,
Dubai Capitals,27,33,0,1c17e270,18fac429,a343262c,1,0,1,0,
Dubai Capitals,28,35,0,a343262c,18fac429,1c17e270,2,0,2,0,
Dubai Capitals,29,41,0,a343262c,18fac429,1c17e270,6,0,6,0,
Dubai Capitals,30,45,0,a343262c,18fac429,1c17e270,4,0,4,0,
Dubai Capitals,31,51,0,a343262c,18fac429,1c17e270,6,0,6,0,
Dubai Capitals,32,52,0,a343262c,18fac429,1c17e270,1,0,1,0,
Dubai Capitals,33,53,0,a343262c,a818c1be,1c17e270,1,0,1,0,
Dubai Capitals,34,54,0,1c17e270,a818c1be,a343262c,1,0,1,0,
Dubai Capitals,35,54,0,a343262c,a818c1be,1c17e270,0,0,0,0,
Dubai Capitals,36,54,0,a343262c,a818c1be,1c17e270,0,0,0,0,
Dubai Capitals,37,58,0,a343262c,a818c1be,1c17e270,4,0,4,0,
Dubai Capitals,38,59,0,a343262c,a818c1be,1c17e270,1,0,1,0,
Dubai Capitals,39,59,0,a343262c,acee4cc4,1c17e270,0,0,0,0,
Dubai Capitals,40,59,0,a343262c,acee4cc4,1c17e270,0,0,0,0,
Dubai Capitals,41,60,0,a343262c,acee4cc4,1c17e270,1,0,1,0,
Dubai Capitals,42,62,0,1c17e270,acee4cc4,a343262c,2,0,2,0,
Dubai Capitals,43,68,0,1c17e270,acee4cc4,a343262c,6,0,6,0,
Dubai Capitals,44,68,0,1c17e270,acee4cc4,a343262c,0,0,0,0,
Dubai Capitals,45,69,0,a343262c,a757b0d8,1c17e270,1,0,1,0,
Dubai Capitals,46,69,0,1c17e270,a757b0d8,a343262c,0,0,0,0,
Dubai Capitals,47,70,0,1c17e270,a757b0d8,a343262c,1,0,1,0,
Dubai Capitals,48,71,0,a343262c,a757b0d8,1c17e270,1,0,1,0,
Dubai Capitals,49,72,0,1c17e270,a757b0d8,a343262c,1,0,1,0,
Dubai Capitals,50,73,0,a343262c,a757b0d8,1c17e270,1,0,1,0,
Dubai Capitals,51,73,0,a343262c,e9c7f0d0,1c17e270,0,0,0,0,
Dubai Capitals,52,73,0,a343262c,e9c7f0d0,1c17e270,0,0,0,0,
Dubai Capitals,53,74,0,a343262c,e9c7f0d0,1c17e270,1,0,1,0,
Dubai Capitals,54,78,0,1c17e270,e9c7f0d0,a343262c,4,0,4,0,
Dubai Capitals,55,78,1,1c17e270,e9c7f0d0,a343262c,0,0,0,1,caught
Dubai Capitals,56,80,1,650d5e49,e9c7f0d0,a343262c,2,0,2,0,
Dubai Capitals,57,81,1,a343262c,a757b0d8,650d5e49,1,0,1,0,
Dubai Capitals,58,81,1,650d5e49,a757b0d8,a343262c,0,0,0,0,
Dubai Capitals,59,82,1,650d5e49,a757b0d8,a343262c,0,1,1,0,
Dubai Capitals,60,82,1,650d5e49,a757b0d8,a343262c,0,0,0,0,
Dubai Capitals,61,82,1,650d5e49,a757b0d8,a343262c,0,0,0,0,
Dubai Capitals,62,83,1,650d5e49,a757b0d8,a343262c,1,0,1,0,
Dubai Capitals,63,84,1,a343262c,a757b0d8,650d5e49,1,0,1,0,
Dubai Capitals,64,85,1,a343262c,acee4cc4,650d5e49,1,0,1,0,
Dubai Capitals,65,91,1,650d5e49,acee4cc4,a343262c,6,0,6,0,
Dubai Capitals,66,91,1,650d5e49,acee4cc4,a343262c,0,0,0,0,
Dubai Capitals,67,91,1,650d5e49,acee4cc4,a343262c,0,0,0,0,
Dubai Capitals,68,97,1,650d5e49,acee4cc4,a343262c,6,0,6,0,
Dubai Capitals,69,98,1,650d5e49,acee4cc4,a343262c,1,0,1,0,
Dubai Capitals,70,100,1,650d5e49,a757b0d8,a343262c,2,0,2,0,
Dubai Capitals,71,106,1,650d5e49,a757b0d8,a343262c,6,0,6,0,
Dubai Capitals,72,107,1,650d5e49,a757b0d8,a343262c,0,1,1,0,
Dubai Capitals,73,108,1,650d5e49,a757b0d8,a343262c,1,0,1,0,
Dubai Capitals,74,110,1,a343262c,a757b0d8,650d5e49,2,0,2,0,
Dubai Capitals,75,111,1,a343262c,a757b0d8,650d5e49,1,0,1,0,
Dubai Capitals,76,115,1,650d5e49,a757b0d8,a343262c,4,0,4,0,
Dubai Capitals,77,117,1,a343262c,f0e293b0,650d5e49,0,2,2,0,
Dubai Capitals,78,118,1,a343262c,f0e293b0,650d5e49,1,0,1,0,
Dubai Capitals,79,122,1,650d5e49,f0e293b0,a343262c,4,0,4,0,
Dubai Capitals,80,124,1,650d5e49,f0e293b0,a343262c,2,0,2,0,
Dubai Capitals,81,130,1,650d5e49,f0e293b0,a343262c,6,0,6,0,
Dubai Capitals,82,131,1,650d5e49,f0e293b0,a343262c,1,0,1,0,
Dubai Capitals,83,132,1,650d5e49,e9c7f0d0,a343262c,1,0,1,0,
Dubai Capitals,84,132,1,a343262c,e9c7f0d0,650d5e49,0,0,0,0,
Dubai Capitals,85,136,1,a343262c,e9c7f0d0,650d5e49,4,0,4,0,
Dubai Capitals,86,138,1,a343262c,e9c7f0d0,650d5e49,2,0,2,0,
Dubai Capitals,87,139,1,a343262c,e9c7f0d0,650d5e49,1,0,1,0,
Dubai Capitals,88,139,1,650d5e49,e9c7f0d0,a343262c,0,0,0,0,
Dubai Capitals,89,140,1,a343262c,6f02fe2a,650d5e49,1,0,1,0,
Dubai Capitals,90,141,1,650d5e49,6f02fe2a,a343262c,1,0,1,0,
Dubai Capitals,91,145,1,a343262c,6f02fe2a,650d5e49,4,0,4,0,
Dubai Capitals,92,146,1,a343262c,6f02fe2a,650d5e49,1,0,1,0,
Dubai Capitals,93,152,1,650d5e49,6f02fe2a,a343262c,6,0,6,0,
Dubai Capitals,94,154,1,650d5e49,6f02fe2a,a343262c,2,0,2,0,
Dubai Capitals,95,160,1,a343262c,f0e293b0,650d5e49,6,0,6,0,
Dubai Capitals,96,164,1,a343262c,f0e293b0,650d5e49,4,0,4,0,
Dubai Capitals,97,165,1,a343262c,f0e293b0,650d5e49,1,0,1,0,
Dubai Capitals,98,165,1,650d5e49,f0e293b0,a343262c,0,0,0,0,
Dubai Capitals,99,171,1,650d5e49,f0e293b0,a343262c,6,0,6,0,
Dubai Capitals,100,172,1,650d5e49,f0e293b0,a343262c,1,0,1,0,
Dubai Capitals,101,173,1,650d5e49,a818c1be,a343262c,0,1,1,0,
Dubai Capitals,102,173,1,a343262c,a818c1be,650d5e49,0,0,0,0,
Dubai Capitals,103,175,1,a343262c,a818c1be,650d5e49,2,0,2,0,
Dubai Capitals,104,177,1,a343262c,a818c1be,650d5e49,2,0,2,0,
Dubai Capitals,105,178,1,a343262c,a818c1be,650d5e49,1,0,1,0,
Dubai Capitals,106,179,1,650d5e49,a818c1be,a343262c,1,0,1,0,
Dubai Capitals,107,179,1,650d5e49,e9c7f0d0,a343262c,0,0,0,0,
Dubai Capitals,108,181,1,650d5e49,e9c7f0d0,a343262c,2,0,2,0,
Dubai Capitals,109,182,1,650d5e49,e9c7f0d0,a343262c,0,1,1,0,
Dubai Capitals,110,183,1,650d5e49,e9c7f0d0,a343262c,0,1,1,0,
Dubai Capitals,111,189,1,650d5e49,e9c7f0d0,a343262c,6,0,6,0,
Dubai Capitals,112,189,1,650d5e49,e9c7f0d0,a343262c,0,0,0,0,
Dubai Capitals,113,191,1,650d5e49,e9c7f0d0,a343262c,2,0,2,0,
Dubai Capitals,114,195,1,650d5e49,e9c7f0d0,a343262c,4,0,4,0,
Dubai Capitals,115,196,1,a343262c,f0e293b0,650d5e49,1,0,1,0,
Dubai Capitals,116,197,1,650d5e49,f0e293b0,a343262c,1,0,1,0,
Dubai Capitals,117,197,1,a343262c,f0e293b0,650d5e49,0,0,0,0,
Dubai Capitals,118,197,2,a343262c,f0e293b0,650d5e49,0,0,0,1,caught
Dubai Capitals,119,198,2,3c6ffae8,f0e293b0,650d5e49,0,1,1,0,
Dubai Capitals,120,202,2,650d5e49,f0e293b0,3c6ffae8,4,0,4,0,
Dubai Capitals,121,203,2,3c6ffae8,a757b0d8,650d5e49,1,0,1,0,
Dubai Capitals,122,209,2,650d5e49,a757b0d8,3c6ffae8,6,0,6,0,
Dubai Capitals,123,210,2,650d5e49,a757b0d8,3c6ffae8,0,1,1,0,
Dubai Capitals,124,210,2,650d5e49,a757b0d8,3c6ffae8,0,0,0,0,
Dubai Capitals,125,216,2,650d5e49,a757b0d8,3c6ffae8,6,0,6,0,
Dubai Capitals,126,222,2,650d5e49,a757b0d8,3c6ffae8,6,0,6,0,
Dubai Capitals,127,222,3,650d5e49,a757b0d8,3c6ffae8,0,0,0,1,caught
MI Emirates,1,0,0,4e18e961,c042b412,6f02fe2a,0,0,0,0,
MI Emirates,2,0,0,4e18e961,c042b412,6f02fe2a,0,0,0,0,
MI Emirates,3,2,0,4e18e961,c042b412,6f02fe2a,2,0,2,0,
MI Emirates,4,2,0,4e18e961,c042b412,6f02fe2a,0,0,0,0,
MI Emirates,5,2,0,4e18e961,c042b412,6f02fe2a,0,0,0,0,
MI Emirates,6,2,0,4e18e961,c042b412,6f02fe2a,0,0,0,0,
MI Emirates,7,2,0,6f02fe2a,fdc1ac0f,4e18e961,0,0,0,0,
MI Emirates,8,4,0,6f02fe2a,fdc1ac0f,4e18e961,2,0,2,0,
MI Emirates,9,4,0,6f02fe2a,fdc1ac0f,4e18e961,0,0,0,0,
MI Emirates,10,10,0,6f02fe2a,fdc1ac0f,4e18e961,6,0,6,0,
MI Emirates,11,10,0,6f02fe2a,fdc1ac0f,4e18e961,0,0,0,0,
MI Emirates,12,11,0,6f02fe2a,fdc1ac0f,4e18e961,0,1,1,0,
MI Emirates,13,11,0,6f02fe2a,fdc1ac0f,4e18e961,0,0,0,0,
MI Emirates,14,13,0,4e18e961,c042b412,6f02fe2a,2,0,2,0,
MI Emirates,15,14,0,4e18e961,c042b412,6f02fe2a,1,0,1,0,
MI Emirates,16,14,0,6f02fe2a,c042b412,4e18e961,0,0,0,0,
MI Emirates,17,15,0,6f02fe2a,c042b412,4e18e961,1,0,1,0,
MI Emirates,18,18,0,4e18e961,c042b412,6f02fe2a,3,0,3,0,
MI Emirates,19,18,0,6f02fe2a,c042b412,4e18e961,0,0,0,0,
MI Emirates,20,18,0,4e18e961,fdc1ac0f,6f02fe2a,0,0,0,0,
MI Emirates,21,22,0,4e18e961,fdc1ac0f,6f02fe2a,4,0,4,0,
MI Emirates,22,22,0,4e18e961,fdc1ac0f,6f02fe2a,0,0,0,0,
MI Emirates,23,23,0,4e18e961,fdc1ac0f,6f02fe2a,1,0,1,0,
MI Emirates,24,24,0,6f02fe2a,fdc1ac0f,4e18e961,0,1,1,0,
MI Emirates,25,25,0,6f02fe2a,fdc1ac0f,4e18e961,1,0,1,0,
MI Emirates,26,25,0,4e18e961,fdc1ac0f,6f02fe2a,0,0,0,0,
MI Emirates,27,25,0,6f02fe2a,fb3e0d39,4e18e961,0,0,0,0,
MI Emirates,28,25,1,6f02fe2a,fb3e0d39,4e18e961,0,0,0,1,caught
MI Emirates,29,25,1,3241e3fd,fb3e0d39,4e18e961,0,0,0,0,
MI Emirates,30,25,1,3241e3fd,fb3e0d39,4e18e961,0,0,0,0,
MI Emirates,31,25,1,3241e3fd,fb3e0d39,4e18e961,0,0,0,0,
MI Emirates,32,25,1,3241e3fd,fb3e0d39,4e18e961,0,0,0,0,
MI Emirates,33,25,1,4e18e961,fdc1ac0f,3241e3fd,0,0,0,0,
MI Emirates,34,25,2,4e18e961,fdc1ac0f,3241e3fd,0,0,0,1,caught
MI Emirates,35,25,2,1bae756b,fdc1ac0f,3241e3fd,0,0,0,0,
MI Emirates,36,25,2,1bae756b,fdc1ac0f,3241e3fd,0,0,0,0,
MI Emirates,37,26,2,1bae756b,fdc1ac0f,3241e3fd,1,0,1,0,
MI Emirates,38,26,3,3241e3fd,fdc1ac0f,1bae756b,0,0,0,1,bowled
MI Emirates,39,27,3,1bae756b,fb3e0d39,a757b0d8,1,0,1,0,
MI Emirates,40,31,3,a757b0d8,fb3e0d39,1bae756b,4,0,4,0,
MI Emirates,41,32,3,a757b0d8,fb3e0d39,1bae756b,0,1,1,0,
MI Emirates,42,32,3,a757b0d8,fb3e0d39,1bae756b,0,0,0,0,
MI Emirates,43,33,3,a757b0d8,fb3e0d39,1bae756b,1,0,1,0,
MI Emirates,44,33,3,1bae756b,fb3e0d39,a757b0d8,0,0,0,0,
MI Emirates,45,34,3,1bae756b,fb3e0d39,a757b0d8,1,0,1,0,
MI Emirates,46,35,3,1bae756b,fdc1ac0f,a757b0d8,0,1,1,0,
MI Emirates,47,36,3,1bae756b,fdc1ac0f,a757b0d8,0,1,1,0,
MI Emirates,48,36,3,1bae756b,fdc1ac0f,a757b0d8,0,0,0,0,
MI Emirates,49,37,3,1bae756b,fdc1ac0f,a757b0d8,1,0,1,0,
MI Emirates,50,38,3,a757b0d8,fdc1ac0f,1bae756b,1,0,1,0,
MI Emirates,51,39,3,1bae756b,fdc1ac0f,a757b0d8,1,0,1,0,
MI Emirates,52,41,3,a757b0d8,fdc1ac0f,1bae756b,2,0,2,0,
MI Emirates,53,41,3,a757b0d8,fdc1ac0f,1bae756b,0,0,0,0,
MI Emirates,54,42,3,1bae756b,7d92277a,a757b0d8,1,0,1,0,
MI Emirates,55,48,3,a757b0d8,7d92277a,1bae756b,6,0,6,0,
MI Emirates,56,52,3,a757b0d8,7d92277a,1bae756b,0,4,4,0,
MI Emirates,57,52,3,a757b0d8,7d92277a,1bae756b,0,0,0,0,
MI Emirates,58,53,3,a757b0d8,7d92277a,1bae756b,1,0,1,0,
MI Emirates,59,53,3,1bae756b,7d92277a,a757b0d8,0,0,0,0,
MI Emirates,60,53,3,a757b0d8,9d0344f3,1bae756b,0,0,0,0,
MI Emirates,61,55,3,a757b0d8,9d0344f3,1bae756b,2,0,2,0,
MI Emirates,62,55,3,a757b0d8,9d0344f3,1bae756b,0,0,0,0,
MI Emirates,63,56,3,a757b0d8,9d0344f3,1bae756b,1,0,1,0,
MI Emirates,64,57,3,1bae756b,9d0344f3,a757b0d8,1,0,1,0,
MI Emirates,65,61,3,a757b0d8,9d0344f3,1bae756b,4,0,4,0,
MI Emirates,66,61,3,1bae756b,7d92277a,a757b0d8,0,0,0,0,
MI Emirates,67,61,3,1bae756b,7d92277a,a757b0d8,0,0,0,0,
MI Emirates,68,62,3,1bae756b,7d92277a,a757b0d8,1,0,1,0,
MI Emirates,69,62,3,a757b0d8,7d92277a,1bae756b,0,0,0,0,
MI Emirates,70,62,3,a757b0d8,7d92277a,1bae756b,0,0,0,0,
MI Emirates,71,66,3,a757b0d8,7d92277a,1bae756b,4,0,4,0,
MI Emirates,72,67,3,1bae756b,9d0344f3,a757b0d8,1,0,1,0,
MI Emirates,73,73,3,a757b0d8,9d0344f3,1bae756b,6,0,6,0,
MI Emirates,74,74,3,a757b0d8,9d0344f3,1bae756b,0,1,1,0,
MI Emirates,75,76,3,a757b0d8,9d0344f3,1bae756b,2,0,2,0,
MI Emirates,76,78,3,a757b0d8,9d0344f3,1bae756b,2,0,2,0,
MI Emirates,77,82,3,a757b0d8,9d0344f3,1bae756b,4,0,4,0,
MI Emirates,78,83,3,a757b0d8,9d0344f3,1bae756b,1,0,1,0,
MI Emirates,79,83,3,a757b0d8,7d92277a,1bae756b,0,0,0,0,
MI Emirates,80,84,3,a757b0d8,7d92277a,1bae756b,1,0,1,0,
MI Emirates,81,88,3,1bae756b,7d92277a,a757b0d8,4,0,4,0,
MI Emirates,82,94,3,1bae756b,7d92277a,a757b0d8,6,0,6,0,
MI Emirates,83,94,3,1bae756b,7d92277a,a757b0d8,0,0,0,0,
MI Emirates,84,95,3,1bae756b,7d92277a,a757b0d8,1,0,1,0,
MI Emirates,85,96,3,1bae756b,650d5e49,a757b0d8,1,0,1,0,
MI Emirates,86,100,3,a757b0d8,650d5e49,1bae756b,4,0,4,0,
MI Emirates,87,104,3,a757b0d8,650d5e49,1bae756b,4,0,4,0,
MI Emirates,88,104,3,a757b0d8,650d5e49,1bae756b,0,0,0,0,
MI Emirates,89,105,3,a757b0d8,650d5e49,1bae756b,1,0,1,0,
MI Emirates,90,106,3,1bae756b,650d5e49,a757b0d8,1,0,1,0,
MI Emirates,91,107,3,1bae756b,c042b412,a757b0d8,1,0,1,0,
MI Emirates,92,113,3,a757b0d8,c042b412,1bae756b,6,0,6,0,
MI Emirates,93,119,3,a757b0d8,c042b412,1bae756b,6,0,6,0,
MI Emirates,94,125,3,a757b0d8,c042b412,1bae756b,6,0,6,0,
MI Emirates,95,126,3,a757b0d8,c042b412,1bae756b,1,0,1,0,
MI Emirates,96,127,3,1bae756b,c042b412,a757b0d8,1,0,1,0,
MI Emirates,97,128,3,1bae756b,650d5e49,a757b0d8,1,0,1,0,
MI Emirates,98,130,3,a757b0d8,650d5e49,1bae756b,2,0,2,0,
MI Emirates,99,134,3,a757b0d8,650d5e49,1bae756b,4,0,4,0,
MI Emirates,100,138,3,a757b0d8,650d5e49,1bae756b,4,0,4,0,
MI Emirates,101,144,3,a757b0d8,650d5e49,1bae756b,6,0,6,0,
MI Emirates,102,144,4,a757b0d8,650d5e49,1bae756b,0,0,0,1,caught
MI Emirates,103,148,4,1bae756b,7d92277a,1212cbec,4,0,4,0,
MI Emirates,104,149,4,1bae756b,7d92277a,1212cbec,0,1,1,0,
MI Emirates,105,150,4,1bae756b,7d92277a,1212cbec,1,0,1,0,
MI Emirates,106,151,4,1212cbec,7d92277a,1bae756b,1,0,1,0,
MI Emirates,107,152,4,1bae756b,7d92277a,1212cbec,1,0,1,0,
MI Emirates,108,153,4,1212cbec,7d92277a,1bae756b,1,0,1,0,
MI Emirates,109,153,4,1bae756b,7d92277a,1212cbec,0,0,0,0,
MI Emirates,110,154,4,1212cbec,fb3e0d39,1bae756b,0,1,1,0,
MI Emirates,111,160,4,1212cbec,fb3e0d39,1bae756b,6,0,6,0,
MI Emirates,112,164,4,1212cbec,fb3e0d39,1bae756b,4,0,4,0,
MI Emirates,113,170,4,1212cbec,fb3e0d39,1bae756b,6,0,6,0,
MI Emirates,114,176,4,1212cbec,fb3e0d39,1bae756b,6,0,6,0,
MI Emirates,115,182,4,1212cbec,fb3e0d39,1bae756b,6,0,6,0,
MI Emirates,116,182,4,1212cbec,fb3e0d39,1bae756b,0,0,0,0,
MI Emirates,117,183,4,1bae756b,c042b412,1212cbec,1,0,1,0,
MI Emirates,118,183,5,1212cbec,c042b412,1bae756b,0,0,0,1,bowled
MI Emirates,119,184,5,18fac429,c042b412,1bae756b,0,1,1,0,
MI Emirates,120,184,5,1bae756b,c042b412,18fac429,0,0,0,0,
MI Emirates,121,185,5,1bae756b,c042b412,18fac429,0,1,1,0,
MI Emirates,122,185,5,1bae756b,c042b412,18fac429,0,0,0,0,
MI Emirates,123,187,5,1bae756b,c042b412,18fac429,2,0,2,0,
MI Emirates,124,191,5,18fac429,fb3e0d39,1bae756b,4,0,4,0,
MI Emirates,125,192,5,18fac429,fb3e0d39,1bae756b,1,0,1,0,
MI Emirates,126,193,5,1bae756b,fb3e0d39,18fac429,1,0,1,0,
MI Emirates,127,199,5,18fac429,fb3e0d39,1bae756b,6,0,6,0,
MI Emirates,128,205,5,18fac429,fb3e0d39,1bae756b,6,0,6,0,
MI Emirates,129,206,5,18fac429,fb3e0d39,1bae756b,1,0,1,0,
