batting_team,ball_number,total_team_runs,total_team_wickets,striker_ID,bowler_ID,nonstriker_ID,batter_runs,extras_runs,total_delivery_runs,wicket,wicket_type
Melbourne Stars,1,0,0,3a9e9cb2,275dff85,27e003ce,0,0,0,0,
Melbourne Stars,2,4,0,3a9e9cb2,275dff85,27e003ce,4,0,4,0,
Melbourne Stars,3,4,0,3a9e9cb2,275dff85,27e003ce,0,0,0,0,
Melbourne Stars,4,5,0,3a9e9cb2,275dff85,27e003ce,1,0,1,0,
Melbourne Stars,5,6,0,27e003ce,275dff85,3a9e9cb2,1,0,1,0,
Melbourne Stars,6,6,0,3a9e9cb2,275dff85,27e003ce,0,0,0,0,
Melbourne Stars,7,8,0,27e003ce,340202b0,3a9e9cb2,2,0,2,0,
Melbourne Stars,8,10,0,27e003ce,340202b0,3a9e9cb2,2,0,2,0,
Melbourne Stars,9,10,0,27e003ce,340202b0,3a9e9cb2,0,0,0,0,
Melbourne Stars,10,10,0,27e003ce,340202b0,3a9e9cb2,0,0,0,0,
Melbourne Stars,11,11,0,27e003ce,340202b0,3a9e9cb2,1,0,1,0,
Melbourne Stars,12,13,0,3a9e9cb2,340202b0,27e003ce,2,0,2,0,
Melbourne Stars,13,13,0,27e003ce,275dff85,3a9e9cb2,0,0,0,0,
Melbourne Stars,14,19,0,27e003ce,275dff85,3a9e9cb2,6,0,6,0,
Melbourne Stars,15,19,0,27e003ce,275dff85,3a9e9cb2,0,0,0,0,
Melbourne Stars,16,19,0,27e003ce,275dff85,3a9e9cb2,0,0,0,0,
Melbourne Stars,17,23,0,27e003ce,275dff85,3a9e9cb2,4,0,4,0,
Melbourne Stars,18,27,0,27e003ce,275dff85,3a9e9cb2,4,0,4,0,
Melbourne Stars,19,29,0,3a9e9cb2,340202b0,27e003ce,2,0,2,0,
Melbourne Stars,20,29,0,3a9e9cb2,340202b0,27e003ce,0,0,0,0,
Melbourne Stars,21,30,0,3a9e9cb2,340202b0,27e003ce,1,0,1,0,
Melbourne Stars,22,30,0,27e003ce,340202b0,3a9e9cb2,0,0,0,0,
Melbourne Stars,23,31,0,27e003ce,340202b0,3a9e9cb2,1,0,1,0,
Melbourne Stars,24,31,0,3a9e9cb2,340202b0,27e003ce,0,0,0,0,
Melbourne Stars,25,32,0,27e003ce,78bec461,3a9e9cb2,1,0,1,0,
Melbourne Stars,26,32,0,3a9e9cb2,78bec461,27e003ce,0,0,0,0,
Melbourne Stars,27,32,1,3a9e9cb2,78bec461,27e003ce,0,0,0,1,caught
Melbourne Stars,28,36,1,910dd54e,78bec461,27e003ce,4,0,4,0,
Melbourne Stars,29,37,1,910dd54e,78bec461,27e003ce,0,1,1,0,
Melbourne Stars,30,38,1,910dd54e,78bec461,27e003ce,1,0,1,0,
Melbourne Stars,31,42,1,27e003ce,78bec461,910dd54e,4,0,4,0,
Melbourne Stars,32,43,1,910dd54e,bc969efb,27e003ce,1,0,1,0,
Melbourne Stars,33,44,1,27e003ce,bc969efb,910dd54e,1,0,1,0,
Melbourne Stars,34,44,1,910dd54e,bc969efb,27e003ce,0,0,0,0,
Melbourne Stars,35,44,1,910dd54e,bc969efb,27e003ce,0,0,0,0,
Melbourne Stars,36,48,1,910dd54e,bc969efb,27e003ce,4,0,4,0,
Melbourne Stars,37,50,1,910dd54e,bc969efb,27e003ce,2,0,2,0,
Melbourne Stars,38,54,1,27e003ce,78bec461,910dd54e,4,0,4,0,
Melbourne Stars,39,58,1,27e003ce,78bec461,910dd54e,4,0,4,0,
Melbourne Stars,40,58,1,27e003ce,78bec461,910dd54e,0,0,0,0,
Melbourne Stars,41,59,1,27e003ce,78bec461,910dd54e,1,0,1,0,
Melbourne Stars,42,60,1,910dd54e,78bec461,27e003ce,1,0,1,0,
Melbourne Stars,43,64,1,27e003ce,78bec461,910dd54e,4,0,4,0,
Melbourne Stars,44,64,1,910dd54e,4d4605e6,27e003ce,0,0,0,0,
Melbourne Stars,45,64,1,910dd54e,4d4605e6,27e003ce,0,0,0,0,
Melbourne Stars,46,64,1,910dd54e,4d4605e6,27e003ce,0,0,0,0,
Melbourne Stars,47,65,1,910dd54e,4d4605e6,27e003ce,0,1,1,0,
Melbourne Stars,48,65,2,910dd54e,4d4605e6,27e003ce,0,0,0,1,stumped
Melbourne Stars,49,65,2,65d9b6b6,4d4605e6,27e003ce,0,0,0,0,
Melbourne Stars,50,66,2,65d9b6b6,4d4605e6,27e003ce,1,0,1,0,
Melbourne Stars,51,67,2,65d9b6b6,5f377534,27e003ce,1,0,1,0,
Melbourne Stars,52,67,2,27e003ce,5f377534,65d9b6b6,0,0,0,0,
Melbourne Stars,53,71,2,27e003ce,5f377534,65d9b6b6,4,0,4,0,
Melbourne Stars,54,72,2,27e003ce,5f377534,65d9b6b6,1,0,1,0,
Melbourne Stars,55,73,2,65d9b6b6,5f377534,27e003ce,1,0,1,0,
Melbourne Stars,56,73,2,27e003ce,5f377534,65d9b6b6,0,0,0,0,
Melbourne Stars,57,74,2,65d9b6b6,4d4605e6,27e003ce,1,0,1,0,
Melbourne Stars,58,75,2,27e003ce,4d4605e6,65d9b6b6,1,0,1,0,
Melbourne Stars,59,76,2,65d9b6b6,4d4605e6,27e003ce,1,0,1,0,
Melbourne Stars,60,80,2,27e003ce,4d4605e6,65d9b6b6,4,0,4,0,
Melbourne Stars,61,80,2,27e003ce,4d4605e6,65d9b6b6,0,0,0,0,
Melbourne Stars,62,81,2,27e003ce,4d4605e6,65d9b6b6,1,0,1,0,
Melbourne Stars,63,83,2,27e003ce,340202b0,65d9b6b6,2,0,2,0,
Melbourne Stars,64,84,2,27e003ce,340202b0,65d9b6b6,1,0,1,0,
Melbourne Stars,65,88,2,65d9b6b6,340202b0,27e003ce,4,0,4,0,
Melbourne Stars,66,89,2,65d9b6b6,340202b0,27e003ce,1,0,1,0,
Melbourne Stars,67,90,2,27e003ce,340202b0,65d9b6b6,1,0,1,0,
Melbourne Stars,68,91,2,65d9b6b6,340202b0,27e003ce,1,0,1,0,
Melbourne Stars,69,91,2,65d9b6b6,bc969efb,27e003ce,0,0,0,0,
Melbourne Stars,70,92,2,65d9b6b6,bc969efb,27e003ce,1,0,1,0,
Melbourne Stars,71,92,3,27e003ce,bc969efb,65d9b6b6,0,0,0,1,bowled
Melbourne Stars,72,92,3,c2554b59,bc969efb,65d9b6b6,0,0,0,0,
Melbourne Stars,73,93,3,c2554b59,bc969efb,65d9b6b6,1,0,1,0,
Melbourne Stars,74,94,3,65d9b6b6,bc969efb,c2554b59,1,0,1,0,
Melbourne Stars,75,95,3,65d9b6b6,5f377534,c2554b59,1,0,1,0,
Melbourne Stars,76,96,3,c2554b59,5f377534,65d9b6b6,1,0,1,0,
Melbourne Stars,77,97,3,65d9b6b6,5f377534,c2554b59,1,0,1,0,
Melbourne Stars,78,97,3,c2554b59,5f377534,65d9b6b6,0,0,0,0,
Melbourne Stars,79,98,3,c2554b59,5f377534,65d9b6b6,1,0,1,0,
Melbourne Stars,80,104,3,65d9b6b6,5f377534,c2554b59,6,0,6,0,
Melbourne Stars,81,108,3,c2554b59,4d4605e6,65d9b6b6,4,0,4,0,
Melbourne Stars,82,112,3,c2554b59,4d4605e6,65d9b6b6,4,0,4,0,
Melbourne Stars,83,112,3,c2554b59,4d4605e6,65d9b6b6,0,0,0,0,
Melbourne Stars,84,113,3,c2554b59,4d4605e6,65d9b6b6,1,0,1,0,
Melbourne Stars,85,114,3,65d9b6b6,4d4605e6,c2554b59,1,0,1,0,
Melbourne Stars,86,115,3,c2554b59,4d4605e6,65d9b6b6,1,0,1,0,
Melbourne Stars,87,115,3,c2554b59,78bec461,65d9b6b6,0,0,0,0,
Melbourne Stars,88,116,3,c2554b59,78bec461,65d9b6b6,1,0,1,0,
Melbourne Stars,89,117,3,65d9b6b6,78bec461,c2554b59,1,0,1,0,
Melbourne Stars,90,123,3,c2554b59,78bec461,65d9b6b6,6,0,6,0,
Melbourne Stars,91,124,3,c2554b59,78bec461,65d9b6b6,1,0,1,0,
Melbourne Stars,92,125,3,65d9b6b6,78bec461,c2554b59,1,0,1,0,
Melbourne Stars,93,129,3,65d9b6b6,340202b0,c2554b59,4,0,4,0,
Melbourne Stars,94,131,3,65d9b6b6,340202b0,c2554b59,2,0,2,0,
Melbourne Stars,95,135,3,65d9b6b6,340202b0,c2554b59,4,0,4,0,
Melbourne Stars,96,135,4,65d9b6b6,340202b0,c2554b59,0,0,0,1,caught
Melbourne Stars,97,135,4,f7e41cd8,340202b0,c2554b59,0,0,0,0,
Melbourne Stars,98,136,4,f7e41cd8,340202b0,c2554b59,1,0,1,0,
Melbourne Stars,99,137,4,f7e41cd8,275dff85,c2554b59,1,0,1,0,
Melbourne Stars,100,141,4,c2554b59,275dff85,f7e41cd8,4,0,4,0,
Melbourne Stars,101,141,5,c2554b59,275dff85,f7e41cd8,0,0,0,1,caught
Melbourne Stars,102,142,5,9a56c670,275dff85,f7e41cd8,1,0,1,0,
Melbourne Stars,103,142,5,f7e41cd8,275dff85,9a56c670,0,0,0,0,
Melbourne Stars,104,143,5,f7e41cd8,275dff85,9a56c670,1,0,1,0,
Melbourne Stars,105,144,5,f7e41cd8,bc969efb,9a56c670,1,0,1,0,
Melbourne Stars,106,145,5,9a56c670,bc969efb,f7e41cd8,1,0,1,0,
Melbourne Stars,107,145,6,f7e41cd8,bc969efb,9a56c670,0,0,0,1,stumped
Melbourne Stars,108,146,6,0b69a844,bc969efb,9a56c670,1,0,1,0,
Melbourne Stars,109,148,6,9a56c670,bc969efb,0b69a844,2,0,2,0,
Melbourne Stars,110,149,6,9a56c670,bc969efb,0b69a844,1,0,1,0,
Melbourne Stars,111,151,6,9a56c670,275dff85,0b69a844,2,0,2,0,
Melbourne Stars,112,151,7,9a56c670,275dff85,0b69a844,0,0,0,1,caught
Melbourne Stars,113,152,7,a0bc8dc1,275dff85,0b69a844,0,1,1,0,
Melbourne Stars,114,157,7,a0bc8dc1,275dff85,0b69a844,5,0,5,0,
Melbourne Stars,115,157,7,0b69a844,275dff85,a0bc8dc1,0,0,0,0,
Melbourne Stars,116,158,7,0b69a844,275dff85,a0bc8dc1,1,0,1,0,
Melbourne Stars,117,159,7,a0bc8dc1,275dff85,0b69a844,1,0,1,0,
Melbourne Stars,118,160,7,a0bc8dc1,bc969efb,0b69a844,1,0,1,0,
Melbourne Stars,119,160,7,0b69a844,bc969efb,a0bc8dc1,0,0,0,0,
Melbourne Stars,120,161,7,0b69a844,bc969efb,a0bc8dc1,1,0,1,0,
Melbourne Stars,121,163,7,a0bc8dc1,bc969efb,0b69a844,2,0,2,0,
Melbourne Stars,122,164,8,a0bc8dc1,bc969efb,0b69a844,1,0,1,1,run out
Melbourne Stars,123,165,8,c3d27d76,bc969efb,0b69a844,1,0,1,0,
Sydney Sixers,1,0,0,89bbc67a,0b69a844,321644de,0,0,0,0,
Sydney Sixers,2,0,0,89bbc67a,0b69a844,321644de,0,0,0,0,
Sydney Sixers,3,0,0,89bbc67a,0b69a844,321644de,0,0,0,0,
Sydney Sixers,4,0,0,89bbc67a,0b69a844,321644de,0,0,0,0,
Sydney Sixers,5,0,0,89bbc67a,0b69a844,321644de,0,0,0,0,
Sydney Sixers,6,0,0,89bbc67a,0b69a844,321644de,0,0,0,0,
Sydney Sixers,7,1,0,321644de,c3d27d76,89bbc67a,0,1,1,0,
Sydney Sixers,8,2,0,321644de,c3d27d76,89bbc67a,1,0,1,0,
Sydney Sixers,9,2,0,89bbc67a,c3d27d76,321644de,0,0,0,0,
Sydney Sixers,10,3,0,89bbc67a,c3d27d76,321644de,1,0,1,0,
Sydney Sixers,11,8,0,321644de,c3d27d76,89bbc67a,0,5,5,0,
Sydney Sixers,12,9,0,321644de,c3d27d76,89bbc67a,1,0,1,0,
Sydney Sixers,13,10,0,89bbc67a,c3d27d76,321644de,1,0,1,0,
Sydney Sixers,14,11,0,321644de,c3d27d76,89bbc67a,1,0,1,0,
Sydney Sixers,15,11,0,321644de,0b69a844,89bbc67a,0,0,0,0,
Sydney Sixers,16,11,0,321644de,0b69a844,89bbc67a,0,0,0,0,
Sydney Sixers,17,11,0,321644de,0b69a844,89bbc67a,0,0,0,0,
Sydney Sixers,18,12,0,321644de,0b69a844,89bbc67a,1,0,1,0,
Sydney Sixers,19,16,0,89bbc67a,0b69a844,321644de,4,0,4,0,
Sydney Sixers,20,16,1,89bbc67a,0b69a844,321644de,0,0,0,1,caught
Sydney Sixers,21,22,1,321644de,c3d27d76,ae28c962,6,0,6,0,
Sydney Sixers,22,22,1,321644de,c3d27d76,ae28c962,0,0,0,0,
Sydney Sixers,23,22,2,321644de,c3d27d76,ae28c962,0,0,0,1,caught
Sydney Sixers,24,22,2,bc969efb,c3d27d76,ae28c962,0,0,0,0,
Sydney Sixers,25,23,2,bc969efb,c3d27d76,ae28c962,1,0,1,0,
Sydney Sixers,26,23,2,ae28c962,c3d27d76,bc969efb,0,0,0,0,
Sydney Sixers,27,24,2,bc969efb,0b69a844,ae28c962,1,0,1,0,
Sydney Sixers,28,25,2,ae28c962,0b69a844,bc969efb,1,0,1,0,
Sydney Sixers,29,25,2,bc969efb,0b69a844,ae28c962,0,0,0,0,
Sydney Sixers,30,29,2,bc969efb,0b69a844,ae28c962,4,0,4,0,
Sydney Sixers,31,30,2,bc969efb,0b69a844,ae28c962,1,0,1,0,
Sydney Sixers,32,31,2,ae28c962,0b69a844,bc969efb,1,0,1,0,
Sydney Sixers,33,32,2,ae28c962,99dc3877,bc969efb,1,0,1,0,
Sydney Sixers,34,36,2,bc969efb,99dc3877,ae28c962,4,0,4,0,
Sydney Sixers,35,37,2,bc969efb,99dc3877,ae28c962,1,0,1,0,
Sydney Sixers,36,37,2,ae28c962,99dc3877,bc969efb,0,0,0,0,
Sydney Sixers,37,37,3,ae28c962,99dc3877,bc969efb,0,0,0,1,lbw
Sydney Sixers,38,37,3,2e0b6638,99dc3877,bc969efb,0,0,0,0,
Sydney Sixers,39,38,3,bc969efb,f7e41cd8,2e0b6638,0,1,1,0,
Sydney Sixers,40,38,3,bc969efb,f7e41cd8,2e0b6638,0,0,0,0,
Sydney Sixers,41,39,3,bc969efb,f7e41cd8,2e0b6638,1,0,1,0,
Sydney Sixers,42,39,3,2e0b6638,f7e41cd8,bc969efb,0,0,0,0,
Sydney Sixers,43,39,4,2e0b6638,f7e41cd8,bc969efb,0,0,0,1,caught
Sydney Sixers,44,43,4,4d4605e6,f7e41cd8,bc969efb,4,0,4,0,
Sydney Sixers,45,44,4,4d4605e6,f7e41cd8,bc969efb,1,0,1,0,
Sydney Sixers,46,45,4,4d4605e6,99dc3877,bc969efb,1,0,1,0,
Sydney Sixers,47,49,4,bc969efb,99dc3877,4d4605e6,4,0,4,0,
Sydney Sixers,48,49,4,bc969efb,99dc3877,4d4605e6,0,0,0,0,
Sydney Sixers,49,53,4,bc969efb,99dc3877,4d4605e6,4,0,4,0,
Sydney Sixers,50,54,4,bc969efb,99dc3877,4d4605e6,1,0,1,0,
Sydney Sixers,51,56,4,4d4605e6,99dc3877,bc969efb,2,0,2,0,
Sydney Sixers,52,57,4,bc969efb,65d9b6b6,4d4605e6,1,0,1,0,
Sydney Sixers,53,57,4,4d4605e6,65d9b6b6,bc969efb,0,0,0,0,
Sydney Sixers,54,57,4,4d4605e6,65d9b6b6,bc969efb,0,0,0,0,
Sydney Sixers,55,57,4,4d4605e6,65d9b6b6,bc969efb,0,0,0,0,
Sydney Sixers,56,57,5,4d4605e6,65d9b6b6,bc969efb,0,0,0,1,caught and bowled
Sydney Sixers,57,57,5,4b546c04,65d9b6b6,bc969efb,0,0,0,0,
Sydney Sixers,58,58,5,bc969efb,c3d27d76,4b546c04,1,0,1,0,
Sydney Sixers,59,58,5,4b546c04,c3d27d76,bc969efb,0,0,0,0,
Sydney Sixers,60,59,5,4b546c04,c3d27d76,bc969efb,1,0,1,0,
Sydney Sixers,61,60,5,bc969efb,c3d27d76,4b546c04,1,0,1,0,
Sydney Sixers,62,61,5,4b546c04,c3d27d76,bc969efb,0,1,1,0,
Sydney Sixers,63,62,5,4b546c04,c3d27d76,bc969efb,1,0,1,0,
Sydney Sixers,64,62,5,bc969efb,c3d27d76,4b546c04,0,0,0,0,
Sydney Sixers,65,63,5,4b546c04,65d9b6b6,bc969efb,0,1,1,0,
Sydney Sixers,66,69,5,4b546c04,65d9b6b6,bc969efb,6,0,6,0,
Sydney Sixers,67,70,5,4b546c04,65d9b6b6,bc969efb,1,0,1,0,
Sydney Sixers,68,71,5,bc969efb,65d9b6b6,4b546c04,1,0,1,0,
Sydney Sixers,69,71,6,4b546c04,65d9b6b6,bc969efb,0,0,0,1,caught
Sydney Sixers,70,72,6,78bec461,65d9b6b6,bc969efb,1,0,1,0,
Sydney Sixers,71,73,6,bc969efb,65d9b6b6,78bec461,1,0,1,0,
Sydney Sixers,72,73,6,bc969efb,a0bc8dc1,78bec461,0,0,0,0,
Sydney Sixers,73,74,6,bc969efb,a0bc8dc1,78bec461,1,0,1,0,
Sydney Sixers,74,78,6,78bec461,a0bc8dc1,bc969efb,4,0,4,0,
Sydney Sixers,75,78,6,78bec461,a0bc8dc1,bc969efb,0,0,0,0,
Sydney Sixers,76,79,6,78bec461,a0bc8dc1,bc969efb,1,0,1,0,
Sydney Sixers,77,83,6,bc969efb,a0bc8dc1,78bec461,4,0,4,0,
Sydney Sixers,78,84,6,78bec461,f7e41cd8,bc969efb,1,0,1,0,
Sydney Sixers,79,90,6,bc969efb,f7e41cd8,78bec461,6,0,6,0,
Sydney Sixers,80,96,6,bc969efb,f7e41cd8,78bec461,6,0,6,0,
Sydney Sixers,81,97,6,bc969efb,f7e41cd8,78bec461,1,0,1,0,
Sydney Sixers,82,98,6,78bec461,f7e41cd8,bc969efb,1,0,1,0,
Sydney Sixers,83,99,6,bc969efb,f7e41cd8,78bec461,1,0,1,0,
Sydney Sixers,84,100,6,bc969efb,910dd54e,78bec461,1,0,1,0,
Sydney Sixers,85,100,6,78bec461,910dd54e,bc969efb,0,0,0,0,
Sydney Sixers,86,101,6,78bec461,910dd54e,bc969efb,1,0,1,0,
Sydney Sixers,87,102,6,bc969efb,910dd54e,78bec461,1,0,1,0,
Sydney Sixers,88,103,6,78bec461,910dd54e,bc969efb,1,0,1,0,
Sydney Sixers,89,104,6,bc969efb,910dd54e,78bec461,1,0,1,0,
Sydney Sixers,90,105,6,bc969efb,65d9b6b6,78bec461,1,0,1,0,
Sydney Sixers,91,109,6,78bec461,65d9b6b6,bc969efb,4,0,4,0,
Sydney Sixers,92,110,6,78bec461,65d9b6b6,bc969efb,1,0,1,0,
Sydney Sixers,93,111,6,bc969efb,65d9b6b6,78bec461,1,0,1,0,
Sydney Sixers,94,111,6,78bec461,65d9b6b6,bc969efb,0,0,0,0,
Sydney Sixers,95,112,6,78bec461,65d9b6b6,bc969efb,1,0,1,0,
Sydney Sixers,96,113,6,78bec461,a0bc8dc1,bc969efb,1,0,1,0,
Sydney Sixers,97,117,6,bc969efb,a0bc8dc1,78bec461,4,0,4,0,
Sydney Sixers,98,121,6,bc969efb,a0bc8dc1,78bec461,4,0,4,0,
Sydney Sixers,99,122,6,bc969efb,a0bc8dc1,78bec461,0,1,1,0,
Sydney Sixers,100,123,6,bc969efb,a0bc8dc1,78bec461,1,0,1,0,
Sydney Sixers,101,127,6,78bec461,a0bc8dc1,bc969efb,4,0,4,0,
Sydney Sixers,102,131,6,78bec461,a0bc8dc1,bc969efb,4,0,4,0,
Sydney Sixers,103,132,6,bc969efb,0b69a844,78bec461,1,0,1,0,
Sydney Sixers,104,133,6,78bec461,0b69a844,bc969efb,0,1,1,0,
Sydney Sixers,105,137,6,78bec461,0b69a844,bc969efb,4,0,4,0,
Sydney Sixers,106,138,6,78bec461,0b69a844,bc969efb,1,0,1,0,
Sydney Sixers,107,142,6,bc969efb,0b69a844,78bec461,4,0,4,0,
Sydney Sixers,108,142,6,bc969efb,0b69a844,78bec461,0,0,0,0,
Sydney Sixers,109,143,6,bc969efb,0b69a844,78bec461,1,0,1,0,
Sydney Sixers,110,144,6,bc969efb,910dd54e,78bec461,1,0,1,0,
Sydney Sixers,111,145,6,78bec461,910dd54e,bc969efb,0,1,1,0,
Sydney Sixers,112,146,6,78bec461,910dd54e,bc969efb,1,0,1,0,
Sydney Sixers,113,146,6,bc969efb,910dd54e,78bec461,0,0,0,0,
Sydney Sixers,114,147,6,bc969efb,910dd54e,78bec461,1,0,1,0,
Sydney Sixers,115,151,6,78bec461,910dd54e,bc969efb,4,0,4,0,
Sydney Sixers,116,151,6,78bec461,910dd54e,bc969efb,0,0,0,0,
Sydney Sixers,117,155,6,bc969efb,65d9b6b6,78bec461,4,0,4,0,
Sydney Sixers,118,155,7,bc969efb,65d9b6b6,78bec461,0,0,0,1,bowled
Sydney Sixers,119,156,7,340202b0,65d9b6b6,78bec461,0,1,1,0,
Sydney Sixers,120,156,7,340202b0,65d9b6b6,78bec461,0,0,0,0,
Sydney Sixers,121,157,7,340202b0,65d9b6b6,78bec461,1,0,1,0,
Sydney Sixers,122,157,8,78bec461,65d9b6b6,340202b0,0,0,0,1,caught
Sydney Sixers,123,158,8,5f377534,65d9b6b6,340202b0,1,0,1,0,
Sydney Sixers,124,158,8,5f377534,910dd54e,340202b0,0,0,0,0,
Sydney Sixers,125,159,8,5f377534,910dd54e,340202b0,1,0,1,0,
Sydney Sixers,126,160,8,340202b0,910dd54e,5f377534,1,0,1,0,
Sydney Sixers,127,161,8,5f377534,910dd54e,340202b0,1,0,1,0,
Sydney Sixers,128,162,9,340202b0,910dd54e,5f377534,1,0,1,1,run out
Sydney Sixers,129,163,9,340202b0,910dd54e,275dff85,0,1,1,0,
