batting_team,ball_number,total_team_runs,total_team_wickets,striker_ID,bowler_ID,nonstriker_ID,batter_runs,extras_runs,total_delivery_runs,wicket,wicket_type
Melbourne Renegades,1,0,0,b2664905,83558266,d32cf49a,0,0,0,0,
Melbourne Renegades,2,0,1,b2664905,83558266,d32cf49a,0,0,0,1,caught
Melbourne Renegades,3,0,1,1f4a8a2a,83558266,d32cf49a,0,0,0,0,
Melbourne Renegades,4,2,1,1f4a8a2a,83558266,d32cf49a,2,0,2,0,
Melbourne Renegades,5,3,1,1f4a8a2a,83558266,d32cf49a,1,0,1,0,
Melbourne Renegades,6,5,1,d32cf49a,83558266,1f4a8a2a,2,0,2,0,
Melbourne Renegades,7,5,1,1f4a8a2a,4b69c598,d32cf49a,0,0,0,0,
Melbourne Renegades,8,7,1,1f4a8a2a,4b69c598,d32cf49a,2,0,2,0,
Melbourne Renegades,9,8,1,1f4a8a2a,4b69c598,d32cf49a,1,0,1,0,
Melbourne Renegades,10,9,1,d32cf49a,4b69c598,1f4a8a2a,1,0,1,0,
Melbourne Renegades,11,13,1,1f4a8a2a,4b69c598,d32cf49a,4,0,4,0,
Melbourne Renegades,12,17,1,1f4a8a2a,4b69c598,d32cf49a,4,0,4,0,
Melbourne Renegades,13,17,1,d32cf49a,795ff893,1f4a8a2a,0,0,0,0,
Melbourne Renegades,14,18,1,d32cf49a,795ff893,1f4a8a2a,1,0,1,0,
Melbourne Renegades,15,19,1,1f4a8a2a,795ff893,d32cf49a,1,0,1,0,
Melbourne Renegades,16,20,1,d32cf49a,795ff893,1f4a8a2a,1,0,1,0,
Melbourne Renegades,17,20,2,1f4a8a2a,795ff893,d32cf49a,0,0,0,1,caught
Melbourne Renegades,18,20,2,53cd8da6,795ff893,d32cf49a,0,0,0,0,
Melbourne Renegades,19,21,2,d32cf49a,923402d8,53cd8da6,1,0,1,0,
Melbourne Renegades,20,21,2,53cd8da6,923402d8,d32cf49a,0,0,0,0,
Melbourne Renegades,21,21,2,53cd8da6,923402d8,d32cf49a,0,0,0,0,
Melbourne Renegades,22,21,2,53cd8da6,923402d8,d32cf49a,0,0,0,0,
Melbourne Renegades,23,21,2,53cd8da6,923402d8,d32cf49a,0,0,0,0,
Melbourne Renegades,24,21,2,53cd8da6,923402d8,d32cf49a,0,0,0,0,
Melbourne Renegades,25,22,2,d32cf49a,83558266,53cd8da6,1,0,1,0,
Melbourne Renegades,26,22,2,53cd8da6,83558266,d32cf49a,0,0,0,0,
Melbourne Renegades,27,23,2,53cd8da6,83558266,d32cf49a,1,0,1,0,
Melbourne Renegades,28,25,2,d32cf49a,83558266,53cd8da6,2,0,2,0,
Melbourne Renegades,29,26,2,d32cf49a,83558266,53cd8da6,1,0,1,0,
Melbourne Renegades,30,26,2,53cd8da6,83558266,d32cf49a,0,0,0,0,
Melbourne Renegades,31,26,2,d32cf49a,c35a0b8a,53cd8da6,0,0,0,0,
Melbourne Renegades,32,28,2,d32cf49a,c35a0b8a,53cd8da6,2,0,2,0,
Melbourne Renegades,33,28,2,d32cf49a,c35a0b8a,53cd8da6,0,0,0,0,
Melbourne Renegades,34,29,2,d32cf49a,c35a0b8a,53cd8da6,1,0,1,0,
Melbourne Renegades,35,35,2,53cd8da6,c35a0b8a,d32cf49a,6,0,6,0,
Melbourne Renegades,36,37,2,53cd8da6,c35a0b8a,d32cf49a,2,0,2,0,
Melbourne Renegades,37,37,2,d32cf49a,de69af96,53cd8da6,0,0,0,0,
Melbourne Renegades,38,38,2,d32cf49a,de69af96,53cd8da6,1,0,1,0,
Melbourne Renegades,39,39,2,53cd8da6,de69af96,d32cf49a,1,0,1,0,
Melbourne Renegades,40,40,2,d32cf49a,de69af96,53cd8da6,1,0,1,0,
Melbourne Renegades,41,40,2,53cd8da6,de69af96,d32cf49a,0,0,0,0,
Melbourne Renegades,42,40,2,53cd8da6,de69af96,d32cf49a,0,0,0,0,
Melbourne Renegades,43,41,2,d32cf49a,c35a0b8a,53cd8da6,1,0,1,0,
Melbourne Renegades,44,42,2,53cd8da6,c35a0b8a,d32cf49a,1,0,1,0,
Melbourne Renegades,45,42,2,d32cf49a,c35a0b8a,53cd8da6,0,0,0,0,
Melbourne Renegades,46,44,2,d32cf49a,c35a0b8a,53cd8da6,2,0,2,0,
Melbourne Renegades,47,48,2,d32cf49a,c35a0b8a,53cd8da6,4,0,4,0,
Melbourne Renegades,48,52,2,d32cf49a,c35a0b8a,53cd8da6,4,0,4,0,
Melbourne Renegades,49,56,2,53cd8da6,4b69c598,d32cf49a,4,0,4,0,
Melbourne Renegades,50,57,2,53cd8da6,4b69c598,d32cf49a,1,0,1,0,
Melbourne Renegades,51,58,2,d32cf49a,4b69c598,53cd8da6,1,0,1,0,
Melbourne Renegades,52,59,2,53cd8da6,4b69c598,d32cf49a,0,1,1,0,
Melbourne Renegades,53,60,2,53cd8da6,4b69c598,d32cf49a,1,0,1,0,
Melbourne Renegades,54,64,2,d32cf49a,4b69c598,53cd8da6,4,0,4,0,
Melbourne Renegades,55,64,3,d32cf49a,4b69c598,53cd8da6,0,0,0,1,caught
Melbourne Renegades,56,68,3,53cd8da6,923402d8,f0b4e47d,4,0,4,0,
Melbourne Renegades,57,69,3,53cd8da6,923402d8,f0b4e47d,1,0,1,0,
Melbourne Renegades,58,70,3,f0b4e47d,923402d8,53cd8da6,1,0,1,0,
Melbourne Renegades,59,71,3,53cd8da6,923402d8,f0b4e47d,1,0,1,0,
Melbourne Renegades,60,71,3,f0b4e47d,923402d8,53cd8da6,0,0,0,0,
Melbourne Renegades,61,71,3,f0b4e47d,923402d8,53cd8da6,0,0,0,0,
Melbourne Renegades,62,72,3,53cd8da6,83558266,f0b4e47d,1,0,1,0,
Melbourne Renegades,63,72,3,f0b4e47d,83558266,53cd8da6,0,0,0,0,
Melbourne Renegades,64,72,3,f0b4e47d,83558266,53cd8da6,0,0,0,0,
Melbourne Renegades,65,73,3,f0b4e47d,83558266,53cd8da6,1,0,1,0,
Melbourne Renegades,66,73,3,53cd8da6,83558266,f0b4e47d,0,0,0,0,
Melbourne Renegades,67,74,3,53cd8da6,83558266,f0b4e47d,1,0,1,0,
Melbourne Renegades,68,75,3,53cd8da6,de69af96,f0b4e47d,1,0,1,0,
Melbourne Renegades,69,79,3,f0b4e47d,de69af96,53cd8da6,4,0,4,0,
Melbourne Renegades,70,80,3,f0b4e47d,de69af96,53cd8da6,0,1,1,0,
Melbourne Renegades,71,81,3,f0b4e47d,de69af96,53cd8da6,1,0,1,0,
Melbourne Renegades,72,82,3,53cd8da6,de69af96,f0b4e47d,1,0,1,0,
Melbourne Renegades,73,83,3,f0b4e47d,de69af96,53cd8da6,1,0,1,0,
Melbourne Renegades,74,84,3,53cd8da6,de69af96,f0b4e47d,1,0,1,0,
Melbourne Renegades,75,85,3,53cd8da6,795ff893,f0b4e47d,1,0,1,0,
Melbourne Renegades,76,89,3,f0b4e47d,795ff893,53cd8da6,0,4,4,0,
Melbourne Renegades,77,90,3,f0b4e47d,795ff893,53cd8da6,1,0,1,0,
Melbourne Renegades,78,92,3,53cd8da6,795ff893,f0b4e47d,2,0,2,0,
Melbourne Renegades,79,92,3,53cd8da6,795ff893,f0b4e47d,0,0,0,0,
Melbourne Renegades,80,93,3,53cd8da6,795ff893,f0b4e47d,1,0,1,0,
Melbourne Renegades,81,93,3,53cd8da6,c35a0b8a,f0b4e47d,0,0,0,0,
Melbourne Renegades,82,94,3,53cd8da6,c35a0b8a,f0b4e47d,1,0,1,0,
Melbourne Renegades,83,98,3,f0b4e47d,c35a0b8a,53cd8da6,4,0,4,0,
Melbourne Renegades,84,102,3,f0b4e47d,c35a0b8a,53cd8da6,4,0,4,0,
Melbourne Renegades,85,103,3,f0b4e47d,c35a0b8a,53cd8da6,1,0,1,0,
Melbourne Renegades,86,104,3,53cd8da6,c35a0b8a,f0b4e47d,1,0,1,0,
Melbourne Renegades,87,104,3,53cd8da6,83558266,f0b4e47d,0,0,0,0,
Melbourne Renegades,88,105,3,53cd8da6,83558266,f0b4e47d,1,0,1,0,
Melbourne Renegades,89,107,3,f0b4e47d,83558266,53cd8da6,2,0,2,0,
Melbourne Renegades,90,108,3,f0b4e47d,83558266,53cd8da6,1,0,1,0,
Melbourne Renegades,91,110,3,53cd8da6,83558266,f0b4e47d,2,0,2,0,
Melbourne Renegades,92,111,3,53cd8da6,83558266,f0b4e47d,1,0,1,0,
Melbourne Renegades,93,112,3,53cd8da6,de69af96,f0b4e47d,1,0,1,0,
Melbourne Renegades,94,112,3,f0b4e47d,de69af96,53cd8da6,0,0,0,0,
Melbourne Renegades,95,114,3,f0b4e47d,de69af96,53cd8da6,2,0,2,0,
Melbourne Renegades,96,115,3,f0b4e47d,de69af96,53cd8da6,1,0,1,0,
Melbourne Renegades,97,116,3,53cd8da6,de69af96,f0b4e47d,0,1,1,0,
Melbourne Renegades,98,120,3,53cd8da6,de69af96,f0b4e47d,4,0,4,0,
Melbourne Renegades,99,120,3,53cd8da6,de69af96,f0b4e47d,0,0,0,0,
Melbourne Renegades,100,124,3,f0b4e47d,795ff893,53cd8da6,4,0,4,0,
Melbourne Renegades,101,128,3,f0b4e47d,795ff893,53cd8da6,4,0,4,0,
Melbourne Renegades,102,130,3,f0b4e47d,795ff893,53cd8da6,2,0,2,0,
Melbourne Renegades,103,132,3,f0b4e47d,795ff893,53cd8da6,2,0,2,0,
Melbourne Renegades,104,136,3,f0b4e47d,795ff893,53cd8da6,4,0,4,0,
Melbourne Renegades,105,140,3,f0b4e47d,795ff893,53cd8da6,4,0,4,0,
Melbourne Renegades,106,140,4,53cd8da6,923402d8,f0b4e47d,0,0,0,1,run out
Melbourne Renegades,107,141,4,53cd8da6,923402d8,c218e4e7,1,0,1,0,
Melbourne Renegades,108,141,4,c218e4e7,923402d8,53cd8da6,0,0,0,0,
Melbourne Renegades,109,141,4,c218e4e7,923402d8,53cd8da6,0,0,0,0,
Melbourne Renegades,110,143,4,c218e4e7,923402d8,53cd8da6,2,0,2,0,
Melbourne Renegades,111,144,4,c218e4e7,923402d8,53cd8da6,1,0,1,0,
Melbourne Renegades,112,145,4,c218e4e7,de69af96,53cd8da6,1,0,1,0,
Melbourne Renegades,113,149,4,53cd8da6,de69af96,c218e4e7,4,0,4,0,
Melbourne Renegades,114,149,4,53cd8da6,de69af96,c218e4e7,0,0,0,0,
Melbourne Renegades,115,150,4,53cd8da6,de69af96,c218e4e7,1,0,1,0,
Melbourne Renegades,116,154,4,c218e4e7,de69af96,53cd8da6,4,0,4,0,
Melbourne Renegades,117,154,4,c218e4e7,de69af96,53cd8da6,0,0,0,0,
Melbourne Renegades,118,155,4,53cd8da6,923402d8,c218e4e7,0,1,1,0,
Melbourne Renegades,119,156,5,53cd8da6,923402d8,c218e4e7,0,1,1,1,run out
Melbourne Renegades,120,158,5,53cd8da6,923402d8,a5f488bc,2,0,2,0,
Melbourne Renegades,121,159,5,53cd8da6,923402d8,a5f488bc,1,0,1,0,
Melbourne Renegades,122,161,5,a5f488bc,923402d8,53cd8da6,2,0,2,0,
Melbourne Renegades,123,165,5,a5f488bc,923402d8,53cd8da6,4,0,4,0,
Melbourne Renegades,124,171,5,a5f488bc,923402d8,53cd8da6,6,0,6,0,
Melbourne Renegades,125,171,6,a5f488bc,923402d8,53cd8da6,0,0,0,1,caught
Perth Scorchers,1,0,0,276f3dde,d32cf49a,52d1dbc8,0,0,0,0,
Perth Scorchers,2,1,0,276f3dde,d32cf49a,52d1dbc8,1,0,1,0,
Perth Scorchers,3,2,0,52d1dbc8,d32cf49a,276f3dde,1,0,1,0,
Perth Scorchers,4,2,0,276f3dde,d32cf49a,52d1dbc8,0,0,0,0,
Perth Scorchers,5,2,1,276f3dde,d32cf49a,52d1dbc8,0,0,0,1,caught
Perth Scorchers,6,2,1,57a90666,d32cf49a,52d1dbc8,0,0,0,0,
Perth Scorchers,7,6,1,52d1dbc8,eacd9bb1,57a90666,4,0,4,0,
Perth Scorchers,8,6,1,52d1dbc8,eacd9bb1,57a90666,0,0,0,0,
Perth Scorchers,9,7,1,52d1dbc8,eacd9bb1,57a90666,1,0,1,0,
Perth Scorchers,10,10,1,57a90666,eacd9bb1,52d1dbc8,3,0,3,0,
Perth Scorchers,11,11,1,52d1dbc8,eacd9bb1,57a90666,1,0,1,0,
Perth Scorchers,12,11,1,57a90666,eacd9bb1,52d1dbc8,0,0,0,0,
Perth Scorchers,13,12,1,52d1dbc8,d32cf49a,57a90666,1,0,1,0,
Perth Scorchers,14,16,1,57a90666,d32cf49a,52d1dbc8,4,0,4,0,
Perth Scorchers,15,17,1,57a90666,d32cf49a,52d1dbc8,1,0,1,0,
Perth Scorchers,16,18,1,52d1dbc8,d32cf49a,57a90666,1,0,1,0,
Perth Scorchers,17,22,1,57a90666,d32cf49a,52d1dbc8,4,0,4,0,
Perth Scorchers,18,22,1,57a90666,d32cf49a,52d1dbc8,0,0,0,0,
Perth Scorchers,19,23,1,52d1dbc8,73d09f44,57a90666,0,1,1,0,
Perth Scorchers,20,24,1,52d1dbc8,73d09f44,57a90666,1,0,1,0,
Perth Scorchers,21,25,1,57a90666,73d09f44,52d1dbc8,0,1,1,0,
Perth Scorchers,22,26,1,57a90666,73d09f44,52d1dbc8,1,0,1,0,
Perth Scorchers,23,26,1,52d1dbc8,73d09f44,57a90666,0,0,0,0,
Perth Scorchers,24,28,1,52d1dbc8,73d09f44,57a90666,0,2,2,0,
Perth Scorchers,25,29,1,57a90666,73d09f44,52d1dbc8,0,1,1,0,
Perth Scorchers,26,33,1,57a90666,73d09f44,52d1dbc8,4,0,4,0,
Perth Scorchers,27,34,1,57a90666,73d09f44,52d1dbc8,0,1,1,0,
Perth Scorchers,28,34,1,57a90666,73d09f44,52d1dbc8,0,0,0,0,
Perth Scorchers,29,35,1,57a90666,73d09f44,52d1dbc8,0,1,1,0,
Perth Scorchers,30,35,2,57a90666,a5f488bc,52d1dbc8,0,0,0,1,caught
Perth Scorchers,31,36,2,de69af96,a5f488bc,52d1dbc8,1,0,1,0,
Perth Scorchers,32,37,2,52d1dbc8,a5f488bc,de69af96,1,0,1,0,
Perth Scorchers,33,38,2,de69af96,a5f488bc,52d1dbc8,1,0,1,0,
Perth Scorchers,34,39,2,52d1dbc8,a5f488bc,de69af96,1,0,1,0,
Perth Scorchers,35,39,2,de69af96,a5f488bc,52d1dbc8,0,0,0,0,
Perth Scorchers,36,39,2,52d1dbc8,f0b4e47d,de69af96,0,0,0,0,
Perth Scorchers,37,43,2,52d1dbc8,f0b4e47d,de69af96,4,0,4,0,
Perth Scorchers,38,43,2,52d1dbc8,f0b4e47d,de69af96,0,0,0,0,
Perth Scorchers,39,44,2,52d1dbc8,f0b4e47d,de69af96,1,0,1,0,
Perth Scorchers,40,48,2,de69af96,f0b4e47d,52d1dbc8,4,0,4,0,
Perth Scorchers,41,48,2,de69af96,f0b4e47d,52d1dbc8,0,0,0,0,
Perth Scorchers,42,53,2,52d1dbc8,a5f488bc,de69af96,0,5,5,0,
Perth Scorchers,43,53,2,52d1dbc8,a5f488bc,de69af96,0,0,0,0,
Perth Scorchers,44,54,2,52d1dbc8,a5f488bc,de69af96,1,0,1,0,
Perth Scorchers,45,54,2,de69af96,a5f488bc,52d1dbc8,0,0,0,0,
Perth Scorchers,46,55,2,de69af96,a5f488bc,52d1dbc8,0,1,1,0,
Perth Scorchers,47,59,2,52d1dbc8,a5f488bc,de69af96,4,0,4,0,
Perth Scorchers,48,60,2,52d1dbc8,a5f488bc,de69af96,1,0,1,0,
Perth Scorchers,49,60,2,52d1dbc8,73d09f44,de69af96,0,0,0,0,
Perth Scorchers,50,61,2,52d1dbc8,73d09f44,de69af96,1,0,1,0,
Perth Scorchers,51,63,2,de69af96,73d09f44,52d1dbc8,2,0,2,0,
Perth Scorchers,52,64,2,de69af96,73d09f44,52d1dbc8,1,0,1,0,
Perth Scorchers,53,65,2,52d1dbc8,73d09f44,de69af96,0,1,1,0,
Perth Scorchers,54,66,2,52d1dbc8,73d09f44,de69af96,1,0,1,0,
Perth Scorchers,55,67,2,de69af96,73d09f44,52d1dbc8,0,1,1,0,
Perth Scorchers,56,67,2,de69af96,f0b4e47d,52d1dbc8,0,0,0,0,
Perth Scorchers,57,68,2,de69af96,f0b4e47d,52d1dbc8,1,0,1,0,
Perth Scorchers,58,72,2,52d1dbc8,f0b4e47d,de69af96,4,0,4,0,
Perth Scorchers,59,73,2,52d1dbc8,f0b4e47d,de69af96,1,0,1,0,
Perth Scorchers,60,73,2,de69af96,f0b4e47d,52d1dbc8,0,0,0,0,
Perth Scorchers,61,74,2,de69af96,f0b4e47d,52d1dbc8,1,0,1,0,
Perth Scorchers,62,75,2,de69af96,c218e4e7,52d1dbc8,1,0,1,0,
Perth Scorchers,63,76,2,52d1dbc8,c218e4e7,de69af96,1,0,1,0,
Perth Scorchers,64,77,2,de69af96,c218e4e7,52d1dbc8,1,0,1,0,
Perth Scorchers,65,77,2,52d1dbc8,c218e4e7,de69af96,0,0,0,0,
Perth Scorchers,66,81,2,52d1dbc8,c218e4e7,de69af96,4,0,4,0,
Perth Scorchers,67,82,2,52d1dbc8,c218e4e7,de69af96,1,0,1,0,
Perth Scorchers,68,83,2,52d1dbc8,d32cf49a,de69af96,1,0,1,0,
Perth Scorchers,69,84,2,de69af96,d32cf49a,52d1dbc8,1,0,1,0,
Perth Scorchers,70,85,2,52d1dbc8,d32cf49a,de69af96,1,0,1,0,
Perth Scorchers,71,91,2,de69af96,d32cf49a,52d1dbc8,6,0,6,0,
Perth Scorchers,72,97,2,de69af96,d32cf49a,52d1dbc8,6,0,6,0,
Perth Scorchers,73,103,2,de69af96,d32cf49a,52d1dbc8,6,0,6,0,
Perth Scorchers,74,103,2,52d1dbc8,a5f488bc,de69af96,0,0,0,0,
Perth Scorchers,75,103,2,52d1dbc8,a5f488bc,de69af96,0,0,0,0,
Perth Scorchers,76,104,2,52d1dbc8,a5f488bc,de69af96,1,0,1,0,
Perth Scorchers,77,109,2,de69af96,a5f488bc,52d1dbc8,4,1,5,0,
Perth Scorchers,78,110,2,de69af96,a5f488bc,52d1dbc8,1,0,1,0,
Perth Scorchers,79,114,2,52d1dbc8,a5f488bc,de69af96,4,0,4,0,
Perth Scorchers,80,118,2,52d1dbc8,a5f488bc,de69af96,4,0,4,0,
Perth Scorchers,81,120,2,de69af96,f0b4e47d,52d1dbc8,2,0,2,0,
Perth Scorchers,82,121,2,de69af96,f0b4e47d,52d1dbc8,0,1,1,0,
Perth Scorchers,83,122,2,52d1dbc8,f0b4e47d,de69af96,1,0,1,0,
Perth Scorchers,84,122,2,de69af96,f0b4e47d,52d1dbc8,0,0,0,0,
Perth Scorchers,85,123,2,de69af96,f0b4e47d,52d1dbc8,1,0,1,0,
Perth Scorchers,86,124,2,52d1dbc8,f0b4e47d,de69af96,1,0,1,0,
Perth Scorchers,87,125,2,52d1dbc8,53cd8da6,de69af96,1,0,1,0,
Perth Scorchers,88,129,2,de69af96,53cd8da6,52d1dbc8,4,0,4,0,
Perth Scorchers,89,130,2,de69af96,53cd8da6,52d1dbc8,1,0,1,0,
Perth Scorchers,90,131,2,52d1dbc8,53cd8da6,de69af96,1,0,1,0,
Perth Scorchers,91,132,2,de69af96,53cd8da6,52d1dbc8,1,0,1,0,
Perth Scorchers,92,133,2,52d1dbc8,53cd8da6,de69af96,1,0,1,0,
Perth Scorchers,93,134,2,52d1dbc8,c218e4e7,de69af96,1,0,1,0,
Perth Scorchers,94,140,2,de69af96,c218e4e7,52d1dbc8,6,0,6,0,
Perth Scorchers,95,140,3,de69af96,c218e4e7,52d1dbc8,0,0,0,1,caught
Perth Scorchers,96,144,3,b05e45e4,c218e4e7,52d1dbc8,4,0,4,0,
Perth Scorchers,97,148,3,b05e45e4,c218e4e7,52d1dbc8,4,0,4,0,
Perth Scorchers,98,149,3,b05e45e4,c218e4e7,52d1dbc8,0,1,1,0,
Perth Scorchers,99,150,3,b05e45e4,f0b4e47d,52d1dbc8,1,0,1,0,
Perth Scorchers,100,151,3,52d1dbc8,f0b4e47d,b05e45e4,1,0,1,0,
Perth Scorchers,101,153,3,b05e45e4,f0b4e47d,52d1dbc8,2,0,2,0,
Perth Scorchers,102,159,3,b05e45e4,f0b4e47d,52d1dbc8,6,0,6,0,
Perth Scorchers,103,163,3,b05e45e4,f0b4e47d,52d1dbc8,4,0,4,0,
Perth Scorchers,104,163,3,b05e45e4,f0b4e47d,52d1dbc8,0,0,0,0,
Perth Scorchers,105,164,3,52d1dbc8,a5f488bc,b05e45e4,1,0,1,0,
Perth Scorchers,106,164,3,b05e45e4,a5f488bc,52d1dbc8,0,0,0,0,
Perth Scorchers,107,166,3,b05e45e4,a5f488bc,52d1dbc8,2,0,2,0,
Perth Scorchers,108,166,3,b05e45e4,a5f488bc,52d1dbc8,0,0,0,0,
Perth Scorchers,109,166,4,b05e45e4,a5f488bc,52d1dbc8,0,0,0,1,caught
Perth Scorchers,110,167,4,abe30ff7,a5f488bc,52d1dbc8,1,0,1,0,
Perth Scorchers,111,168,4,abe30ff7,d32cf49a,52d1dbc8,1,0,1,0,
Perth Scorchers,112,172,4,52d1dbc8,d32cf49a,abe30ff7,4,0,4,0,
