batting_team,ball_number,total_team_runs,total_team_wickets,striker_ID,bowler_ID,nonstriker_ID,batter_runs,extras_runs,total_delivery_runs,wicket,wicket_type
Rajasthan Royals,1,0,0,6c19c6e5,b483905d,99b75528,0,0,0,0,
Rajasthan Royals,2,0,0,6c19c6e5,b483905d,99b75528,0,0,0,0,
Rajasthan Royals,3,4,0,6c19c6e5,b483905d,99b75528,4,0,4,0,
Rajasthan Royals,4,8,0,6c19c6e5,b483905d,99b75528,4,0,4,0,
Rajasthan Royals,5,8,0,6c19c6e5,b483905d,99b75528,0,0,0,0,
Rajasthan Royals,6,8,0,6c19c6e5,b483905d,99b75528,0,0,0,0,
Rajasthan Royals,7,8,0,99b75528,46a9bea1,6c19c6e5,0,0,0,0,
Rajasthan Royals,8,9,0,99b75528,46a9bea1,6c19c6e5,1,0,1,0,
Rajasthan Royals,9,11,0,6c19c6e5,46a9bea1,99b75528,2,0,2,0,
Rajasthan Royals,10,11,1,6c19c6e5,46a9bea1,99b75528,0,0,0,1,caught
Rajasthan Royals,11,11,1,2c25d4f5,46a9bea1,99b75528,0,0,0,0,
Rajasthan Royals,12,12,1,2c25d4f5,46a9bea1,99b75528,1,0,1,0,
Rajasthan Royals,13,13,1,2c25d4f5,f24c6701,99b75528,1,0,1,0,
Rajasthan Royals,14,14,1,99b75528,f24c6701,2c25d4f5,1,0,1,0,
Rajasthan Royals,15,18,1,2c25d4f5,f24c6701,99b75528,4,0,4,0,
Rajasthan Royals,16,22,1,2c25d4f5,f24c6701,99b75528,4,0,4,0,
Rajasthan Royals,17,22,1,2c25d4f5,f24c6701,99b75528,0,0,0,0,
Rajasthan Royals,18,22,1,2c25d4f5,f24c6701,99b75528,0,0,0,0,
Rajasthan Royals,19,23,1,99b75528,b483905d,2c25d4f5,1,0,1,0,
Rajasthan Royals,20,25,1,2c25d4f5,b483905d,99b75528,2,0,2,0,
Rajasthan Royals,21,26,1,2c25d4f5,b483905d,99b75528,1,0,1,0,
Rajasthan Royals,22,27,1,99b75528,b483905d,2c25d4f5,1,0,1,0,
Rajasthan Royals,23,27,1,2c25d4f5,b483905d,99b75528,0,0,0,0,
Rajasthan Royals,24,28,1,2c25d4f5,b483905d,99b75528,1,0,1,0,
Rajasthan Royals,25,29,1,2c25d4f5,f24c6701,99b75528,1,0,1,0,
Rajasthan Royals,26,35,1,99b75528,f24c6701,2c25d4f5,6,0,6,0,
Rajasthan Royals,27,36,1,99b75528,f24c6701,2c25d4f5,1,0,1,0,
Rajasthan Royals,28,40,1,2c25d4f5,f24c6701,99b75528,4,0,4,0,
Rajasthan Royals,29,41,1,2c25d4f5,f24c6701,99b75528,1,0,1,0,
Rajasthan Royals,30,45,1,99b75528,f24c6701,2c25d4f5,4,0,4,0,
Rajasthan Royals,31,49,1,2c25d4f5,46a9bea1,99b75528,4,0,4,0,
Rajasthan Royals,32,53,1,2c25d4f5,46a9bea1,99b75528,4,0,4,0,
Rajasthan Royals,33,54,1,2c25d4f5,46a9bea1,99b75528,1,0,1,0,
Rajasthan Royals,34,55,1,99b75528,46a9bea1,2c25d4f5,1,0,1,0,
Rajasthan Royals,35,56,1,2c25d4f5,46a9bea1,99b75528,1,0,1,0,
Rajasthan Royals,36,57,1,99b75528,46a9bea1,2c25d4f5,1,0,1,0,
Rajasthan Royals,37,62,1,99b75528,fe93fd9d,2c25d4f5,0,5,5,0,
Rajasthan Royals,38,63,1,99b75528,fe93fd9d,2c25d4f5,1,0,1,0,
Rajasthan Royals,39,64,1,2c25d4f5,fe93fd9d,99b75528,1,0,1,0,
Rajasthan Royals,40,65,1,99b75528,fe93fd9d,2c25d4f5,0,1,1,0,
Rajasthan Royals,41,66,1,99b75528,fe93fd9d,2c25d4f5,1,0,1,0,
Rajasthan Royals,42,66,1,2c25d4f5,fe93fd9d,99b75528,0,0,0,0,
Rajasthan Royals,43,67,1,2c25d4f5,fe93fd9d,99b75528,1,0,1,0,
Rajasthan Royals,44,68,1,99b75528,fe93fd9d,2c25d4f5,1,0,1,0,
Rajasthan Royals,45,69,1,99b75528,bb351c23,2c25d4f5,1,0,1,0,
Rajasthan Royals,46,72,1,2c25d4f5,bb351c23,99b75528,3,0,3,0,
Rajasthan Royals,47,73,1,99b75528,bb351c23,2c25d4f5,1,0,1,0,
Rajasthan Royals,48,74,1,2c25d4f5,bb351c23,99b75528,1,0,1,0,
Rajasthan Royals,49,80,1,99b75528,bb351c23,2c25d4f5,6,0,6,0,
Rajasthan Royals,50,86,1,99b75528,bb351c23,2c25d4f5,6,0,6,0,
Rajasthan Royals,51,88,1,2c25d4f5,fe93fd9d,99b75528,2,0,2,0,
Rajasthan Royals,52,88,1,2c25d4f5,fe93fd9d,99b75528,0,0,0,0,
Rajasthan Royals,53,88,2,2c25d4f5,fe93fd9d,99b75528,0,0,0,1,caught
Rajasthan Royals,54,88,2,a4cc73aa,fe93fd9d,99b75528,0,0,0,0,
Rajasthan Royals,55,88,3,a4cc73aa,fe93fd9d,99b75528,0,0,0,1,bowled
Rajasthan Royals,56,88,3,495d42a5,fe93fd9d,99b75528,0,0,0,0,
Rajasthan Royals,57,90,3,99b75528,8361e524,495d42a5,2,0,2,0,
Rajasthan Royals,58,91,3,99b75528,8361e524,495d42a5,1,0,1,0,
Rajasthan Royals,59,92,3,495d42a5,8361e524,99b75528,1,0,1,0,
Rajasthan Royals,60,93,3,99b75528,8361e524,495d42a5,1,0,1,0,
Rajasthan Royals,61,94,3,495d42a5,8361e524,99b75528,0,1,1,0,
Rajasthan Royals,62,94,3,495d42a5,8361e524,99b75528,0,0,0,0,
Rajasthan Royals,63,95,3,495d42a5,8361e524,99b75528,1,0,1,0,
Rajasthan Royals,64,95,3,495d42a5,fe93fd9d,99b75528,0,0,0,0,
Rajasthan Royals,65,95,3,495d42a5,fe93fd9d,99b75528,0,0,0,0,
Rajasthan Royals,66,96,3,495d42a5,fe93fd9d,99b75528,1,0,1,0,
Rajasthan Royals,67,96,3,99b75528,fe93fd9d,495d42a5,0,0,0,0,
Rajasthan Royals,68,97,3,99b75528,fe93fd9d,495d42a5,1,0,1,0,
Rajasthan Royals,69,97,3,495d42a5,fe93fd9d,99b75528,0,0,0,0,
Rajasthan Royals,70,97,3,99b75528,8361e524,495d42a5,0,0,0,0,
Rajasthan Royals,71,98,3,99b75528,8361e524,495d42a5,1,0,1,0,
Rajasthan Royals,72,100,3,495d42a5,8361e524,99b75528,2,0,2,0,
Rajasthan Royals,73,102,3,495d42a5,8361e524,99b75528,2,0,2,0,
Rajasthan Royals,74,103,3,495d42a5,8361e524,99b75528,1,0,1,0,
Rajasthan Royals,75,104,3,99b75528,8361e524,495d42a5,1,0,1,0,
Rajasthan Royals,76,105,3,99b75528,fe93fd9d,495d42a5,1,0,1,0,
Rajasthan Royals,77,106,3,495d42a5,fe93fd9d,99b75528,0,1,1,0,
Rajasthan Royals,78,106,3,495d42a5,fe93fd9d,99b75528,0,0,0,0,
Rajasthan Royals,79,107,3,495d42a5,fe93fd9d,99b75528,1,0,1,0,
Rajasthan Royals,80,108,3,99b75528,fe93fd9d,495d42a5,1,0,1,0,
Rajasthan Royals,81,109,3,495d42a5,fe93fd9d,99b75528,1,0,1,0,
Rajasthan Royals,82,110,3,99b75528,fe93fd9d,495d42a5,1,0,1,0,
Rajasthan Royals,83,111,3,99b75528,f24c6701,495d42a5,1,0,1,0,
Rajasthan Royals,84,111,3,495d42a5,f24c6701,99b75528,0,0,0,0,
Rajasthan Royals,85,115,3,495d42a5,f24c6701,99b75528,4,0,4,0,
Rajasthan Royals,86,116,3,495d42a5,f24c6701,99b75528,1,0,1,0,
Rajasthan Royals,87,117,3,99b75528,f24c6701,495d42a5,1,0,1,0,
Rajasthan Royals,88,119,3,495d42a5,f24c6701,99b75528,2,0,2,0,
Rajasthan Royals,89,120,3,99b75528,b483905d,495d42a5,1,0,1,0,
Rajasthan Royals,90,126,3,495d42a5,b483905d,99b75528,6,0,6,0,
Rajasthan Royals,91,132,3,495d42a5,b483905d,99b75528,6,0,6,0,
Rajasthan Royals,92,133,3,495d42a5,b483905d,99b75528,1,0,1,0,
Rajasthan Royals,93,134,3,99b75528,b483905d,495d42a5,1,0,1,0,
Rajasthan Royals,94,135,3,495d42a5,b483905d,99b75528,0,1,1,0,
Rajasthan Royals,95,135,4,495d42a5,b483905d,99b75528,0,0,0,1,caught
Rajasthan Royals,96,137,4,99b75528,f24c6701,48a1d7b7,2,0,2,0,
Rajasthan Royals,97,138,4,99b75528,f24c6701,48a1d7b7,1,0,1,0,
Rajasthan Royals,98,139,4,48a1d7b7,f24c6701,99b75528,1,0,1,0,
Rajasthan Royals,99,140,4,99b75528,f24c6701,48a1d7b7,1,0,1,0,
Rajasthan Royals,100,140,4,48a1d7b7,f24c6701,99b75528,0,0,0,0,
Rajasthan Royals,101,141,4,48a1d7b7,f24c6701,99b75528,1,0,1,0,
Rajasthan Royals,102,142,4,48a1d7b7,bb351c23,99b75528,1,0,1,0,
Rajasthan Royals,103,142,5,99b75528,bb351c23,48a1d7b7,0,0,0,1,bowled
Rajasthan Royals,104,142,5,bcf325d2,bb351c23,48a1d7b7,0,0,0,0,
Rajasthan Royals,105,143,5,bcf325d2,bb351c23,48a1d7b7,1,0,1,0,
Rajasthan Royals,106,143,5,48a1d7b7,bb351c23,bcf325d2,0,0,0,0,
Rajasthan Royals,107,144,5,48a1d7b7,bb351c23,bcf325d2,1,0,1,0,
Rajasthan Royals,108,144,5,48a1d7b7,46a9bea1,bcf325d2,0,0,0,0,
Rajasthan Royals,109,145,5,48a1d7b7,46a9bea1,bcf325d2,1,0,1,0,
Rajasthan Royals,110,146,5,bcf325d2,46a9bea1,48a1d7b7,1,0,1,0,
Rajasthan Royals,111,146,5,48a1d7b7,46a9bea1,bcf325d2,0,0,0,0,
Rajasthan Royals,112,152,5,48a1d7b7,46a9bea1,bcf325d2,6,0,6,0,
Rajasthan Royals,113,153,5,48a1d7b7,46a9bea1,bcf325d2,0,1,1,0,
Rajasthan Royals,114,157,5,48a1d7b7,46a9bea1,bcf325d2,4,0,4,0,
Rajasthan Royals,115,158,5,bcf325d2,b483905d,48a1d7b7,1,0,1,0,
Rajasthan Royals,116,159,5,48a1d7b7,b483905d,bcf325d2,1,0,1,0,
Rajasthan Royals,117,160,5,bcf325d2,b483905d,48a1d7b7,1,0,1,0,
Rajasthan Royals,118,166,5,48a1d7b7,b483905d,bcf325d2,6,0,6,0,
Rajasthan Royals,119,167,5,48a1d7b7,b483905d,bcf325d2,1,0,1,0,
Rajasthan Royals,120,167,6,bcf325d2,b483905d,48a1d7b7,0,0,0,1,caught
Rajasthan Royals,121,171,6,48a1d7b7,46a9bea1,0f721006,4,0,4,0,
Rajasthan Royals,122,173,6,48a1d7b7,46a9bea1,0f721006,2,0,2,0,
Rajasthan Royals,123,173,6,48a1d7b7,46a9bea1,0f721006,0,0,0,0,
Rajasthan Royals,124,174,6,48a1d7b7,46a9bea1,0f721006,1,0,1,0,
Rajasthan Royals,125,174,7,0f721006,46a9bea1,48a1d7b7,0,0,0,1,caught
Rajasthan Royals,126,175,8,14f96089,46a9bea1,48a1d7b7,1,0,1,1,run out
Chennai Super Kings,1,0,0,45a43fe2,ce820073,df5a6881,0,0,0,0,
Chennai Super Kings,2,0,0,45a43fe2,ce820073,df5a6881,0,0,0,0,
Chennai Super Kings,3,0,0,45a43fe2,ce820073,df5a6881,0,0,0,0,
Chennai Super Kings,4,2,0,45a43fe2,ce820073,df5a6881,2,0,2,0,
Chennai Super Kings,5,6,0,45a43fe2,ce820073,df5a6881,4,0,4,0,
Chennai Super Kings,6,7,0,45a43fe2,ce820073,df5a6881,1,0,1,0,
Chennai Super Kings,7,8,0,45a43fe2,2e78f685,df5a6881,1,0,1,0,
Chennai Super Kings,8,9,0,df5a6881,2e78f685,45a43fe2,1,0,1,0,
Chennai Super Kings,9,10,0,45a43fe2,2e78f685,df5a6881,0,1,1,0,
Chennai Super Kings,10,10,0,df5a6881,2e78f685,45a43fe2,0,0,0,0,
Chennai Super Kings,11,10,0,df5a6881,2e78f685,45a43fe2,0,0,0,0,
Chennai Super Kings,12,10,0,df5a6881,2e78f685,45a43fe2,0,0,0,0,
Chennai Super Kings,13,10,0,45a43fe2,ce820073,df5a6881,0,0,0,0,
Chennai Super Kings,14,10,1,45a43fe2,ce820073,df5a6881,0,0,0,1,caught
Chennai Super Kings,15,13,1,29e95537,ce820073,df5a6881,3,0,3,0,
Chennai Super Kings,16,14,1,df5a6881,ce820073,29e95537,1,0,1,0,
Chennai Super Kings,17,15,1,29e95537,ce820073,df5a6881,1,0,1,0,
Chennai Super Kings,18,16,1,df5a6881,ce820073,29e95537,1,0,1,0,
Chennai Super Kings,19,16,1,df5a6881,0f721006,29e95537,0,0,0,0,
Chennai Super Kings,20,16,1,df5a6881,0f721006,29e95537,0,0,0,0,
Chennai Super Kings,21,17,1,df5a6881,0f721006,29e95537,1,0,1,0,
Chennai Super Kings,22,21,1,29e95537,0f721006,df5a6881,4,0,4,0,
Chennai Super Kings,23,22,1,29e95537,0f721006,df5a6881,1,0,1,0,
Chennai Super Kings,24,26,1,df5a6881,0f721006,29e95537,4,0,4,0,
Chennai Super Kings,25,26,1,29e95537,14f96089,df5a6881,0,0,0,0,
Chennai Super Kings,26,26,1,29e95537,14f96089,df5a6881,0,0,0,0,
Chennai Super Kings,27,27,1,29e95537,14f96089,df5a6881,1,0,1,0,
Chennai Super Kings,28,31,1,df5a6881,14f96089,29e95537,4,0,4,0,
Chennai Super Kings,29,31,1,df5a6881,14f96089,29e95537,0,0,0,0,
Chennai Super Kings,30,35,1,df5a6881,14f96089,29e95537,4,0,4,0,
Chennai Super Kings,31,37,1,29e95537,495d42a5,df5a6881,2,0,2,0,
Chennai Super Kings,32,37,1,29e95537,495d42a5,df5a6881,0,0,0,0,
Chennai Super Kings,33,43,1,29e95537,495d42a5,df5a6881,6,0,6,0,
Chennai Super Kings,34,44,1,29e95537,495d42a5,df5a6881,1,0,1,0,
Chennai Super Kings,35,44,1,df5a6881,495d42a5,29e95537,0,0,0,0,
Chennai Super Kings,36,45,1,df5a6881,495d42a5,29e95537,1,0,1,0,
Chennai Super Kings,37,45,1,df5a6881,57ee1fde,29e95537,0,0,0,0,
Chennai Super Kings,38,45,1,df5a6881,57ee1fde,29e95537,0,0,0,0,
Chennai Super Kings,39,46,1,df5a6881,57ee1fde,29e95537,1,0,1,0,
Chennai Super Kings,40,47,1,29e95537,57ee1fde,df5a6881,1,0,1,0,
Chennai Super Kings,41,51,1,df5a6881,57ee1fde,29e95537,4,0,4,0,
Chennai Super Kings,42,52,1,df5a6881,57ee1fde,29e95537,1,0,1,0,
Chennai Super Kings,43,56,1,df5a6881,0f721006,29e95537,4,0,4,0,
Chennai Super Kings,44,57,1,df5a6881,0f721006,29e95537,1,0,1,0,
Chennai Super Kings,45,58,1,29e95537,0f721006,df5a6881,1,0,1,0,
Chennai Super Kings,46,59,1,df5a6881,0f721006,29e95537,1,0,1,0,
Chennai Super Kings,47,60,1,29e95537,0f721006,df5a6881,1,0,1,0,
Chennai Super Kings,48,61,1,df5a6881,0f721006,29e95537,1,0,1,0,
Chennai Super Kings,49,63,1,df5a6881,14f96089,29e95537,2,0,2,0,
Chennai Super Kings,50,64,1,df5a6881,14f96089,29e95537,1,0,1,0,
Chennai Super Kings,51,66,1,29e95537,14f96089,df5a6881,2,0,2,0,
Chennai Super Kings,52,68,1,29e95537,14f96089,df5a6881,2,0,2,0,
Chennai Super Kings,53,72,1,29e95537,14f96089,df5a6881,4,0,4,0,
Chennai Super Kings,54,74,1,29e95537,14f96089,df5a6881,0,2,2,0,
Chennai Super Kings,55,76,1,df5a6881,14f96089,29e95537,2,0,2,0,
Chennai Super Kings,56,77,1,29e95537,495d42a5,df5a6881,1,0,1,0,
Chennai Super Kings,57,78,1,df5a6881,495d42a5,29e95537,1,0,1,0,
Chennai Super Kings,58,78,2,29e95537,495d42a5,df5a6881,0,0,0,1,lbw
Chennai Super Kings,59,79,2,a4e37e47,495d42a5,df5a6881,1,0,1,0,
Chennai Super Kings,60,80,2,df5a6881,495d42a5,a4e37e47,1,0,1,0,
Chennai Super Kings,61,80,2,a4e37e47,495d42a5,df5a6881,0,0,0,0,
Chennai Super Kings,62,81,2,df5a6881,2e78f685,a4e37e47,1,0,1,0,
Chennai Super Kings,63,82,2,a4e37e47,2e78f685,df5a6881,1,0,1,0,
Chennai Super Kings,64,83,2,df5a6881,2e78f685,a4e37e47,1,0,1,0,
Chennai Super Kings,65,84,2,a4e37e47,2e78f685,df5a6881,1,0,1,0,
Chennai Super Kings,66,85,2,df5a6881,2e78f685,a4e37e47,1,0,1,0,
Chennai Super Kings,67,86,2,a4e37e47,2e78f685,df5a6881,1,0,1,0,
Chennai Super Kings,68,86,2,a4e37e47,495d42a5,df5a6881,0,0,0,0,
Chennai Super Kings,69,86,2,a4e37e47,495d42a5,df5a6881,0,0,0,0,
Chennai Super Kings,70,87,2,a4e37e47,495d42a5,df5a6881,0,1,1,0,
Chennai Super Kings,71,91,2,a4e37e47,495d42a5,df5a6881,4,0,4,0,
Chennai Super Kings,72,92,2,a4e37e47,495d42a5,df5a6881,0,1,1,0,
Chennai Super Kings,73,92,3,a4e37e47,495d42a5,df5a6881,0,0,0,1,lbw
Chennai Super Kings,74,92,3,bb351c23,495d42a5,df5a6881,0,0,0,0,
Chennai Super Kings,75,93,3,bb351c23,495d42a5,df5a6881,1,0,1,0,
Chennai Super Kings,76,93,3,bb351c23,57ee1fde,df5a6881,0,0,0,0,
Chennai Super Kings,77,95,3,bb351c23,57ee1fde,df5a6881,2,0,2,0,
Chennai Super Kings,78,95,3,bb351c23,57ee1fde,df5a6881,0,0,0,0,
Chennai Super Kings,79,96,3,bb351c23,57ee1fde,df5a6881,1,0,1,0,
Chennai Super Kings,80,98,3,df5a6881,57ee1fde,bb351c23,2,0,2,0,
Chennai Super Kings,81,98,3,df5a6881,57ee1fde,bb351c23,0,0,0,0,
Chennai Super Kings,82,98,3,bb351c23,14f96089,df5a6881,0,0,0,0,
Chennai Super Kings,83,100,3,bb351c23,14f96089,df5a6881,2,0,2,0,
Chennai Super Kings,84,101,3,bb351c23,14f96089,df5a6881,1,0,1,0,
Chennai Super Kings,85,102,3,df5a6881,14f96089,bb351c23,1,0,1,0,
Chennai Super Kings,86,102,4,bb351c23,14f96089,df5a6881,0,0,0,1,caught
Chennai Super Kings,87,103,4,70d205c9,14f96089,df5a6881,1,0,1,0,
Chennai Super Kings,88,103,5,70d205c9,57ee1fde,df5a6881,0,0,0,1,caught
Chennai Super Kings,89,104,5,fe93fd9d,57ee1fde,df5a6881,1,0,1,0,
Chennai Super Kings,90,108,5,df5a6881,57ee1fde,fe93fd9d,4,0,4,0,
Chennai Super Kings,91,109,5,df5a6881,57ee1fde,fe93fd9d,0,1,1,0,
Chennai Super Kings,92,112,5,df5a6881,57ee1fde,fe93fd9d,3,0,3,0,
Chennai Super Kings,93,113,5,fe93fd9d,57ee1fde,df5a6881,1,0,1,0,
Chennai Super Kings,94,113,6,df5a6881,57ee1fde,fe93fd9d,0,0,0,1,caught
Chennai Super Kings,95,114,6,fe93fd9d,495d42a5,4a8a2e3b,1,0,1,0,
Chennai Super Kings,96,115,6,4a8a2e3b,495d42a5,fe93fd9d,1,0,1,0,
Chennai Super Kings,97,116,6,fe93fd9d,495d42a5,4a8a2e3b,1,0,1,0,
Chennai Super Kings,98,116,6,4a8a2e3b,495d42a5,fe93fd9d,0,0,0,0,
Chennai Super Kings,99,117,6,4a8a2e3b,495d42a5,fe93fd9d,1,0,1,0,
Chennai Super Kings,100,117,6,fe93fd9d,495d42a5,4a8a2e3b,0,0,0,0,
Chennai Super Kings,101,118,6,4a8a2e3b,57ee1fde,fe93fd9d,1,0,1,0,
Chennai Super Kings,102,119,6,fe93fd9d,57ee1fde,4a8a2e3b,1,0,1,0,
Chennai Super Kings,103,120,6,4a8a2e3b,57ee1fde,fe93fd9d,1,0,1,0,
Chennai Super Kings,104,121,6,fe93fd9d,57ee1fde,4a8a2e3b,1,0,1,0,
Chennai Super Kings,105,121,6,4a8a2e3b,57ee1fde,fe93fd9d,0,0,0,0,
Chennai Super Kings,106,122,6,4a8a2e3b,57ee1fde,fe93fd9d,1,0,1,0,
Chennai Super Kings,107,126,6,4a8a2e3b,14f96089,fe93fd9d,4,0,4,0,
Chennai Super Kings,108,127,6,4a8a2e3b,14f96089,fe93fd9d,1,0,1,0,
Chennai Super Kings,109,128,6,fe93fd9d,14f96089,4a8a2e3b,1,0,1,0,
Chennai Super Kings,110,134,6,4a8a2e3b,14f96089,fe93fd9d,6,0,6,0,
Chennai Super Kings,111,135,6,4a8a2e3b,14f96089,fe93fd9d,1,0,1,0,
Chennai Super Kings,112,136,6,fe93fd9d,14f96089,4a8a2e3b,1,0,1,0,
Chennai Super Kings,113,137,6,fe93fd9d,0f721006,4a8a2e3b,0,1,1,0,
Chennai Super Kings,114,138,6,4a8a2e3b,0f721006,fe93fd9d,1,0,1,0,
Chennai Super Kings,115,142,6,fe93fd9d,0f721006,4a8a2e3b,4,0,4,0,
Chennai Super Kings,116,143,6,fe93fd9d,0f721006,4a8a2e3b,0,1,1,0,
Chennai Super Kings,117,149,6,fe93fd9d,0f721006,4a8a2e3b,6,0,6,0,
Chennai Super Kings,118,149,6,fe93fd9d,0f721006,4a8a2e3b,0,0,0,0,
Chennai Super Kings,119,155,6,fe93fd9d,0f721006,4a8a2e3b,6,0,6,0,
Chennai Super Kings,120,156,6,4a8a2e3b,ce820073,fe93fd9d,0,1,1,0,
Chennai Super Kings,121,157,6,4a8a2e3b,ce820073,fe93fd9d,0,1,1,0,
Chennai Super Kings,122,157,6,4a8a2e3b,ce820073,fe93fd9d,0,0,0,0,
Chennai Super Kings,123,163,6,4a8a2e3b,ce820073,fe93fd9d,6,0,6,0,
Chennai Super Kings,124,169,6,4a8a2e3b,ce820073,fe93fd9d,6,0,6,0,
Chennai Super Kings,125,170,6,4a8a2e3b,ce820073,fe93fd9d,1,0,1,0,
Chennai Super Kings,126,171,6,fe93fd9d,ce820073,4a8a2e3b,1,0,1,0,
Chennai Super Kings,127,172,6,4a8a2e3b,ce820073,fe93fd9d,1,0,1,0,
