batting_team,ball_number,total_team_runs,total_team_wickets,striker_ID,bowler_ID,nonstriker_ID,batter_runs,extras_runs,total_delivery_runs,wicket,wicket_type
Chhattisgarh,1,0,1,9c20688d,5f39537c,6c6cc94c,0,0,0,1,caught
Chhattisgarh,2,1,1,28c78fb3,5f39537c,6c6cc94c,1,0,1,0,
Chhattisgarh,3,1,2,6c6cc94c,5f39537c,28c78fb3,0,0,0,1,lbw
Chhattisgarh,4,2,2,26989d80,5f39537c,28c78fb3,1,0,1,0,
Chhattisgarh,5,2,2,28c78fb3,5f39537c,26989d80,0,0,0,0,
Chhattisgarh,6,3,2,28c78fb3,5f39537c,26989d80,0,1,1,0,
Chhattisgarh,7,3,3,28c78fb3,5f39537c,26989d80,0,0,0,1,caught
Chhattisgarh,8,3,3,26989d80,7b5b6311,9b0d5e52,0,0,0,0,
Chhattisgarh,9,3,3,26989d80,7b5b6311,9b0d5e52,0,0,0,0,
Chhattisgarh,10,3,3,26989d80,7b5b6311,9b0d5e52,0,0,0,0,
Chhattisgarh,11,3,3,26989d80,7b5b6311,9b0d5e52,0,0,0,0,
Chhattisgarh,12,7,3,26989d80,7b5b6311,9b0d5e52,4,0,4,0,
Chhattisgarh,13,8,3,26989d80,7b5b6311,9b0d5e52,1,0,1,0,
Chhattisgarh,14,8,3,26989d80,5f39537c,9b0d5e52,0,0,0,0,
Chhattisgarh,15,10,3,26989d80,5f39537c,9b0d5e52,2,0,2,0,
Chhattisgarh,16,11,3,26989d80,5f39537c,9b0d5e52,0,1,1,0,
Chhattisgarh,17,12,3,26989d80,5f39537c,9b0d5e52,1,0,1,0,
Chhattisgarh,18,12,3,9b0d5e52,5f39537c,26989d80,0,0,0,0,
Chhattisgarh,19,12,3,9b0d5e52,5f39537c,26989d80,0,0,0,0,
Chhattisgarh,20,13,3,9b0d5e52,5f39537c,26989d80,1,0,1,0,
Chhattisgarh,21,13,3,9b0d5e52,7b5b6311,26989d80,0,0,0,0,
Chhattisgarh,22,17,3,9b0d5e52,7b5b6311,26989d80,4,0,4,0,
Chhattisgarh,23,18,3,9b0d5e52,7b5b6311,26989d80,1,0,1,0,
Chhattisgarh,24,19,3,26989d80,7b5b6311,9b0d5e52,1,0,1,0,
Chhattisgarh,25,19,3,9b0d5e52,7b5b6311,26989d80,0,0,0,0,
Chhattisgarh,26,19,3,9b0d5e52,7b5b6311,26989d80,0,0,0,0,
Chhattisgarh,27,20,3,26989d80,5f39537c,9b0d5e52,1,0,1,0,
Chhattisgarh,28,20,4,9b0d5e52,5f39537c,26989d80,0,0,0,1,lbw
Chhattisgarh,29,20,4,84085032,5f39537c,26989d80,0,0,0,0,
Chhattisgarh,30,20,4,84085032,5f39537c,26989d80,0,0,0,0,
Chhattisgarh,31,20,4,84085032,5f39537c,26989d80,0,0,0,0,
Chhattisgarh,32,21,4,84085032,5f39537c,26989d80,1,0,1,0,
Chhattisgarh,33,22,4,84085032,adee5bbd,26989d80,1,0,1,0,
Chhattisgarh,34,23,4,26989d80,adee5bbd,84085032,1,0,1,0,
Chhattisgarh,35,25,4,84085032,adee5bbd,26989d80,2,0,2,0,
Chhattisgarh,36,26,4,84085032,adee5bbd,26989d80,1,0,1,0,
Chhattisgarh,37,26,4,26989d80,adee5bbd,84085032,0,0,0,0,
Chhattisgarh,38,30,4,26989d80,adee5bbd,84085032,4,0,4,0,
Chhattisgarh,39,33,4,84085032,14d6a8d5,26989d80,3,0,3,0,
Chhattisgarh,40,34,4,26989d80,14d6a8d5,84085032,1,0,1,0,
Chhattisgarh,41,35,4,84085032,14d6a8d5,26989d80,1,0,1,0,
Chhattisgarh,42,36,4,26989d80,14d6a8d5,84085032,1,0,1,0,
Chhattisgarh,43,36,4,84085032,14d6a8d5,26989d80,0,0,0,0,
Chhattisgarh,44,36,4,84085032,14d6a8d5,26989d80,0,0,0,0,
Chhattisgarh,45,36,4,26989d80,f1809c03,84085032,0,0,0,0,
Chhattisgarh,46,37,4,26989d80,f1809c03,84085032,1,0,1,0,
Chhattisgarh,47,37,5,84085032,f1809c03,26989d80,0,0,0,1,caught
Chhattisgarh,48,38,5,31ee319e,f1809c03,26989d80,1,0,1,0,
Chhattisgarh,49,39,5,26989d80,f1809c03,31ee319e,1,0,1,0,
Chhattisgarh,50,39,5,31ee319e,f1809c03,26989d80,0,0,0,0,
Chhattisgarh,51,40,5,26989d80,14d6a8d5,31ee319e,1,0,1,0,
Chhattisgarh,52,40,5,31ee319e,14d6a8d5,26989d80,0,0,0,0,
Chhattisgarh,53,40,5,31ee319e,14d6a8d5,26989d80,0,0,0,0,
Chhattisgarh,54,40,5,31ee319e,14d6a8d5,26989d80,0,0,0,0,
Chhattisgarh,55,41,5,31ee319e,14d6a8d5,26989d80,1,0,1,0,
Chhattisgarh,56,45,5,26989d80,14d6a8d5,31ee319e,4,0,4,0,
Chhattisgarh,57,45,5,31ee319e,f1809c03,26989d80,0,0,0,0,
Chhattisgarh,58,46,5,31ee319e,f1809c03,26989d80,1,0,1,0,
Chhattisgarh,59,47,5,26989d80,f1809c03,31ee319e,1,0,1,0,
Chhattisgarh,60,48,5,31ee319e,f1809c03,26989d80,1,0,1,0,
Chhattisgarh,61,50,5,26989d80,f1809c03,31ee319e,2,0,2,0,
Chhattisgarh,62,50,5,26989d80,f1809c03,31ee319e,0,0,0,0,
Chhattisgarh,63,51,5,31ee319e,14d6a8d5,26989d80,1,0,1,0,
Chhattisgarh,64,52,5,26989d80,14d6a8d5,31ee319e,1,0,1,0,
Chhattisgarh,65,52,5,31ee319e,14d6a8d5,26989d80,0,0,0,0,
Chhattisgarh,66,53,5,31ee319e,14d6a8d5,26989d80,1,0,1,0,
Chhattisgarh,67,53,5,26989d80,14d6a8d5,31ee319e,0,0,0,0,
Chhattisgarh,68,54,5,26989d80,14d6a8d5,31ee319e,1,0,1,0,
Chhattisgarh,69,58,5,26989d80,f1809c03,31ee319e,4,0,4,0,
Chhattisgarh,70,59,5,26989d80,f1809c03,31ee319e,1,0,1,0,
Chhattisgarh,71,60,5,31ee319e,f1809c03,26989d80,1,0,1,0,
Chhattisgarh,72,60,5,26989d80,f1809c03,31ee319e,0,0,0,0,
Chhattisgarh,73,61,5,26989d80,f1809c03,31ee319e,1,0,1,0,
Chhattisgarh,74,62,5,31ee319e,f1809c03,26989d80,1,0,1,0,
Chhattisgarh,75,63,5,31ee319e,b0482a1d,26989d80,1,0,1,0,
Chhattisgarh,76,64,5,26989d80,b0482a1d,31ee319e,0,1,1,0,
Chhattisgarh,77,65,5,26989d80,b0482a1d,31ee319e,1,0,1,0,
Chhattisgarh,78,65,5,31ee319e,b0482a1d,26989d80,0,0,0,0,
Chhattisgarh,79,65,5,31ee319e,b0482a1d,26989d80,0,0,0,0,
Chhattisgarh,80,66,5,31ee319e,b0482a1d,26989d80,1,0,1,0,
Chhattisgarh,81,67,5,26989d80,b0482a1d,31ee319e,1,0,1,0,
Chhattisgarh,82,68,5,26989d80,f1809c03,31ee319e,1,0,1,0,
Chhattisgarh,83,68,5,31ee319e,f1809c03,26989d80,0,0,0,0,
Chhattisgarh,84,68,6,31ee319e,f1809c03,26989d80,0,0,0,1,bowled
Chhattisgarh,85,68,6,239197f1,f1809c03,26989d80,0,0,0,0,
Chhattisgarh,86,68,6,239197f1,f1809c03,26989d80,0,0,0,0,
Chhattisgarh,87,69,6,239197f1,f1809c03,26989d80,1,0,1,0,
Chhattisgarh,88,70,6,239197f1,b0482a1d,26989d80,1,0,1,0,
Chhattisgarh,89,74,6,26989d80,b0482a1d,239197f1,4,0,4,0,
Chhattisgarh,90,75,6,26989d80,b0482a1d,239197f1,1,0,1,0,
Chhattisgarh,91,76,6,239197f1,b0482a1d,26989d80,1,0,1,0,
Chhattisgarh,92,77,6,26989d80,b0482a1d,239197f1,1,0,1,0,
Chhattisgarh,93,78,6,239197f1,b0482a1d,26989d80,1,0,1,0,
Chhattisgarh,94,78,6,239197f1,adee5bbd,26989d80,0,0,0,0,
Chhattisgarh,95,79,6,239197f1,adee5bbd,26989d80,1,0,1,0,
Chhattisgarh,96,79,6,26989d80,adee5bbd,239197f1,0,0,0,0,
Chhattisgarh,97,80,6,26989d80,adee5bbd,239197f1,1,0,1,0,
Chhattisgarh,98,80,6,239197f1,adee5bbd,26989d80,0,0,0,0,
Chhattisgarh,99,81,6,239197f1,adee5bbd,26989d80,1,0,1,0,
Chhattisgarh,100,82,6,239197f1,14d6a8d5,26989d80,1,0,1,0,
Chhattisgarh,101,82,6,26989d80,14d6a8d5,239197f1,0,0,0,0,
Chhattisgarh,102,83,6,26989d80,14d6a8d5,239197f1,1,0,1,0,
Chhattisgarh,103,87,6,239197f1,14d6a8d5,26989d80,4,0,4,0,
Chhattisgarh,104,88,6,239197f1,14d6a8d5,26989d80,1,0,1,0,
Chhattisgarh,105,89,6,26989d80,14d6a8d5,239197f1,1,0,1,0,
Chhattisgarh,106,90,6,26989d80,7b5b6311,239197f1,1,0,1,0,
Chhattisgarh,107,91,6,239197f1,7b5b6311,26989d80,1,0,1,0,
Chhattisgarh,108,92,6,26989d80,7b5b6311,239197f1,1,0,1,0,
Chhattisgarh,109,92,7,239197f1,7b5b6311,26989d80,0,0,0,1,caught
Chhattisgarh,110,93,7,b51f72a5,7b5b6311,26989d80,1,0,1,0,
Chhattisgarh,111,94,7,26989d80,7b5b6311,b51f72a5,1,0,1,0,
Chhattisgarh,112,94,8,26989d80,5f39537c,b51f72a5,0,0,0,1,caught
Chhattisgarh,113,94,9,30225730,5f39537c,b51f72a5,0,0,0,1,bowled
Chhattisgarh,114,95,9,88d3fcc5,5f39537c,b51f72a5,1,0,1,0,
Chhattisgarh,115,96,9,b51f72a5,5f39537c,88d3fcc5,1,0,1,0,
Chhattisgarh,116,96,9,88d3fcc5,5f39537c,b51f72a5,0,0,0,0,
Chhattisgarh,117,97,9,88d3fcc5,5f39537c,b51f72a5,1,0,1,0,
Chhattisgarh,118,97,10,88d3fcc5,7b5b6311,b51f72a5,0,0,0,1,caught
Hyderabad (India),1,4,0,e6e9b619,88d3fcc5,b4587494,4,0,4,0,
Hyderabad (India),2,5,0,e6e9b619,88d3fcc5,b4587494,1,0,1,0,
Hyderabad (India),3,5,0,b4587494,88d3fcc5,e6e9b619,0,0,0,0,
Hyderabad (India),4,5,0,b4587494,88d3fcc5,e6e9b619,0,0,0,0,
Hyderabad (India),5,11,0,b4587494,88d3fcc5,e6e9b619,6,0,6,0,
Hyderabad (India),6,15,0,b4587494,88d3fcc5,e6e9b619,4,0,4,0,
Hyderabad (India),7,15,0,e6e9b619,30225730,b4587494,0,0,0,0,
Hyderabad (India),8,15,0,e6e9b619,30225730,b4587494,0,0,0,0,
Hyderabad (India),9,15,0,e6e9b619,30225730,b4587494,0,0,0,0,
Hyderabad (India),10,15,0,e6e9b619,30225730,b4587494,0,0,0,0,
Hyderabad (India),11,16,0,e6e9b619,30225730,b4587494,1,0,1,0,
Hyderabad (India),12,16,0,b4587494,30225730,e6e9b619,0,0,0,0,
Hyderabad (India),13,16,0,e6e9b619,6cdc3215,b4587494,0,0,0,0,
Hyderabad (India),14,22,0,e6e9b619,6cdc3215,b4587494,6,0,6,0,
Hyderabad (India),15,23,0,e6e9b619,6cdc3215,b4587494,1,0,1,0,
Hyderabad (India),16,27,0,b4587494,6cdc3215,e6e9b619,4,0,4,0,
Hyderabad (India),17,27,0,b4587494,6cdc3215,e6e9b619,0,0,0,0,
Hyderabad (India),18,27,0,b4587494,6cdc3215,e6e9b619,0,0,0,0,
Hyderabad (India),19,29,0,e6e9b619,30225730,b4587494,2,0,2,0,
Hyderabad (India),20,30,0,e6e9b619,30225730,b4587494,1,0,1,0,
Hyderabad (India),21,30,0,b4587494,30225730,e6e9b619,0,0,0,0,
Hyderabad (India),22,30,1,b4587494,30225730,e6e9b619,0,0,0,1,caught
Hyderabad (India),23,30,1,b0482a1d,30225730,e6e9b619,0,0,0,0,
Hyderabad (India),24,30,1,b0482a1d,30225730,e6e9b619,0,0,0,0,
Hyderabad (India),25,34,1,e6e9b619,31ee319e,b0482a1d,4,0,4,0,
Hyderabad (India),26,35,1,e6e9b619,31ee319e,b0482a1d,1,0,1,0,
Hyderabad (India),27,36,1,b0482a1d,31ee319e,e6e9b619,1,0,1,0,
Hyderabad (India),28,36,2,e6e9b619,31ee319e,b0482a1d,0,0,0,1,lbw
Hyderabad (India),29,36,2,adf454e9,31ee319e,b0482a1d,0,0,0,0,
Hyderabad (India),30,36,2,adf454e9,31ee319e,b0482a1d,0,0,0,0,
Hyderabad (India),31,40,2,b0482a1d,88d3fcc5,adf454e9,4,0,4,0,
Hyderabad (India),32,40,2,b0482a1d,88d3fcc5,adf454e9,0,0,0,0,
Hyderabad (India),33,41,2,b0482a1d,88d3fcc5,adf454e9,1,0,1,0,
Hyderabad (India),34,42,2,adf454e9,88d3fcc5,b0482a1d,1,0,1,0,
Hyderabad (India),35,42,2,b0482a1d,88d3fcc5,adf454e9,0,0,0,0,
Hyderabad (India),36,43,2,b0482a1d,88d3fcc5,adf454e9,1,0,1,0,
Hyderabad (India),37,45,2,b0482a1d,31ee319e,adf454e9,2,0,2,0,
Hyderabad (India),38,46,2,b0482a1d,31ee319e,adf454e9,1,0,1,0,
Hyderabad (India),39,48,2,adf454e9,31ee319e,b0482a1d,2,0,2,0,
Hyderabad (India),40,50,2,adf454e9,31ee319e,b0482a1d,2,0,2,0,
Hyderabad (India),41,51,2,adf454e9,31ee319e,b0482a1d,1,0,1,0,
Hyderabad (India),42,51,2,b0482a1d,31ee319e,adf454e9,0,0,0,0,
Hyderabad (India),43,52,2,adf454e9,88d3fcc5,b0482a1d,1,0,1,0,
Hyderabad (India),44,53,2,b0482a1d,88d3fcc5,adf454e9,1,0,1,0,
Hyderabad (India),45,53,2,adf454e9,88d3fcc5,b0482a1d,0,0,0,0,
Hyderabad (India),46,53,2,adf454e9,88d3fcc5,b0482a1d,0,0,0,0,
Hyderabad (India),47,53,2,adf454e9,88d3fcc5,b0482a1d,0,0,0,0,
Hyderabad (India),48,54,2,adf454e9,88d3fcc5,b0482a1d,1,0,1,0,
Hyderabad (India),49,55,2,adf454e9,31ee319e,b0482a1d,1,0,1,0,
Hyderabad (India),50,55,3,b0482a1d,31ee319e,adf454e9,0,0,0,1,caught
Hyderabad (India),51,55,3,cb6793af,31ee319e,adf454e9,0,0,0,0,
Hyderabad (India),52,55,3,cb6793af,31ee319e,adf454e9,0,0,0,0,
Hyderabad (India),53,56,3,cb6793af,31ee319e,adf454e9,1,0,1,0,
Hyderabad (India),54,57,3,adf454e9,31ee319e,cb6793af,1,0,1,0,
Hyderabad (India),55,57,3,adf454e9,88d3fcc5,cb6793af,0,0,0,0,
Hyderabad (India),56,58,3,adf454e9,88d3fcc5,cb6793af,1,0,1,0,
Hyderabad (India),57,58,3,cb6793af,88d3fcc5,adf454e9,0,0,0,0,
Hyderabad (India),58,59,3,cb6793af,88d3fcc5,adf454e9,1,0,1,0,
Hyderabad (India),59,59,3,adf454e9,88d3fcc5,cb6793af,0,0,0,0,
Hyderabad (India),60,60,3,adf454e9,88d3fcc5,cb6793af,1,0,1,0,
Hyderabad (India),61,62,3,adf454e9,b51f72a5,cb6793af,2,0,2,0,
Hyderabad (India),62,62,3,adf454e9,b51f72a5,cb6793af,0,0,0,0,
Hyderabad (India),63,63,3,adf454e9,b51f72a5,cb6793af,1,0,1,0,
Hyderabad (India),64,63,3,cb6793af,b51f72a5,adf454e9,0,0,0,0,
Hyderabad (India),65,67,3,cb6793af,b51f72a5,adf454e9,4,0,4,0,
Hyderabad (India),66,67,3,cb6793af,b51f72a5,adf454e9,0,0,0,0,
Hyderabad (India),67,67,3,adf454e9,239197f1,cb6793af,0,0,0,0,
Hyderabad (India),68,67,3,adf454e9,239197f1,cb6793af,0,0,0,0,
Hyderabad (India),69,68,3,adf454e9,239197f1,cb6793af,1,0,1,0,
Hyderabad (India),70,68,3,cb6793af,239197f1,adf454e9,0,0,0,0,
Hyderabad (India),71,69,3,cb6793af,239197f1,adf454e9,1,0,1,0,
Hyderabad (India),72,70,3,adf454e9,239197f1,cb6793af,1,0,1,0,
Hyderabad (India),73,71,3,adf454e9,b51f72a5,cb6793af,1,0,1,0,
Hyderabad (India),74,77,3,cb6793af,b51f72a5,adf454e9,6,0,6,0,
Hyderabad (India),75,78,3,cb6793af,b51f72a5,adf454e9,1,0,1,0,
Hyderabad (India),76,78,3,adf454e9,b51f72a5,cb6793af,0,0,0,0,
Hyderabad (India),77,79,3,adf454e9,b51f72a5,cb6793af,1,0,1,0,
Hyderabad (India),78,79,3,cb6793af,b51f72a5,adf454e9,0,0,0,0,
Hyderabad (India),79,80,3,adf454e9,239197f1,cb6793af,1,0,1,0,
Hyderabad (India),80,80,3,cb6793af,239197f1,adf454e9,0,0,0,0,
Hyderabad (India),81,80,3,cb6793af,239197f1,adf454e9,0,0,0,0,
Hyderabad (India),82,80,3,cb6793af,239197f1,adf454e9,0,0,0,0,
Hyderabad (India),83,80,3,cb6793af,239197f1,adf454e9,0,0,0,0,
Hyderabad (India),84,84,3,cb6793af,239197f1,adf454e9,4,0,4,0,
Hyderabad (India),85,85,3,adf454e9,31ee319e,cb6793af,1,0,1,0,
Hyderabad (India),86,85,3,cb6793af,31ee319e,adf454e9,0,0,0,0,
Hyderabad (India),87,91,3,cb6793af,31ee319e,adf454e9,6,0,6,0,
Hyderabad (India),88,92,3,cb6793af,31ee319e,adf454e9,1,0,1,0,
Hyderabad (India),89,94,3,adf454e9,31ee319e,cb6793af,2,0,2,0,
Hyderabad (India),90,94,3,adf454e9,31ee319e,cb6793af,0,0,0,0,
Hyderabad (India),91,94,4,cb6793af,b51f72a5,adf454e9,0,0,0,1,caught
Hyderabad (India),92,95,4,70a9b353,b51f72a5,adf454e9,1,0,1,0,
Hyderabad (India),93,96,4,adf454e9,b51f72a5,70a9b353,1,0,1,0,
Hyderabad (India),94,96,4,70a9b353,b51f72a5,adf454e9,0,0,0,0,
Hyderabad (India),95,97,4,70a9b353,b51f72a5,adf454e9,1,0,1,0,
Hyderabad (India),96,98,4,adf454e9,b51f72a5,70a9b353,1,0,1,0,
