batting_team,ball_number,total_team_runs,total_team_wickets,striker_ID,bowler_ID,nonstriker_ID,batter_runs,extras_runs,total_delivery_runs,wicket,wicket_type
Uganda,1,4,0,011f6b42,059ec7a5,c2c975f9,4,0,4,0,
Uganda,2,6,0,011f6b42,059ec7a5,c2c975f9,2,0,2,0,
Uganda,3,7,0,011f6b42,059ec7a5,c2c975f9,1,0,1,0,
Uganda,4,8,0,c2c975f9,059ec7a5,011f6b42,1,0,1,0,
Uganda,5,12,0,011f6b42,059ec7a5,c2c975f9,0,4,4,0,
Uganda,6,12,0,011f6b42,059ec7a5,c2c975f9,0,0,0,0,
Uganda,7,13,0,c2c975f9,18ae55e4,011f6b42,0,1,1,0,
Uganda,8,13,0,c2c975f9,18ae55e4,011f6b42,0,0,0,0,
Uganda,9,15,0,c2c975f9,18ae55e4,011f6b42,2,0,2,0,
Uganda,10,15,0,c2c975f9,18ae55e4,011f6b42,0,0,0,0,
Uganda,11,15,0,c2c975f9,18ae55e4,011f6b42,0,0,0,0,
Uganda,12,17,0,c2c975f9,18ae55e4,011f6b42,2,0,2,0,
Uganda,13,17,0,c2c975f9,18ae55e4,011f6b42,0,0,0,0,
Uganda,14,19,0,011f6b42,059ec7a5,c2c975f9,2,0,2,0,
Uganda,15,19,0,011f6b42,059ec7a5,c2c975f9,0,0,0,0,
Uganda,16,23,0,011f6b42,059ec7a5,c2c975f9,4,0,4,0,
Uganda,17,23,0,011f6b42,059ec7a5,c2c975f9,0,0,0,0,
Uganda,18,24,0,011f6b42,059ec7a5,c2c975f9,1,0,1,0,
Uganda,19,25,0,c2c975f9,059ec7a5,011f6b42,1,0,1,0,
Uganda,20,25,0,c2c975f9,18ae55e4,011f6b42,0,0,0,0,
Uganda,21,27,0,c2c975f9,18ae55e4,011f6b42,2,0,2,0,
Uganda,22,33,0,c2c975f9,18ae55e4,011f6b42,6,0,6,0,
Uganda,23,34,0,c2c975f9,18ae55e4,011f6b42,1,0,1,0,
Uganda,24,35,0,011f6b42,18ae55e4,c2c975f9,1,0,1,0,
Uganda,25,37,0,c2c975f9,18ae55e4,011f6b42,2,0,2,0,
Uganda,26,43,0,011f6b42,059ec7a5,c2c975f9,6,0,6,0,
Uganda,27,47,0,011f6b42,059ec7a5,c2c975f9,4,0,4,0,
Uganda,28,47,0,011f6b42,059ec7a5,c2c975f9,0,0,0,0,
Uganda,29,47,0,011f6b42,059ec7a5,c2c975f9,0,0,0,0,
Uganda,30,47,0,011f6b42,059ec7a5,c2c975f9,0,0,0,0,
Uganda,31,48,0,011f6b42,059ec7a5,c2c975f9,1,0,1,0,
Uganda,32,52,0,011f6b42,39fd9295,c2c975f9,4,0,4,0,
Uganda,33,53,0,011f6b42,39fd9295,c2c975f9,1,0,1,0,
Uganda,34,57,0,c2c975f9,39fd9295,011f6b42,4,0,4,0,
Uganda,35,57,0,c2c975f9,39fd9295,011f6b42,0,0,0,0,
Uganda,36,57,0,c2c975f9,39fd9295,011f6b42,0,0,0,0,
Uganda,37,58,0,c2c975f9,39fd9295,011f6b42,1,0,1,0,
Uganda,38,59,0,c2c975f9,a96b36af,011f6b42,1,0,1,0,
Uganda,39,59,1,011f6b42,a96b36af,c2c975f9,0,0,0,1,lbw
Uganda,40,59,1,6bc04a3e,a96b36af,c2c975f9,0,0,0,0,
Uganda,41,59,1,6bc04a3e,a96b36af,c2c975f9,0,0,0,0,
Uganda,42,60,1,6bc04a3e,a96b36af,c2c975f9,1,0,1,0,
Uganda,43,60,1,c2c975f9,a96b36af,6bc04a3e,0,0,0,0,
Uganda,44,60,1,6bc04a3e,39fd9295,c2c975f9,0,0,0,0,
Uganda,45,61,1,6bc04a3e,39fd9295,c2c975f9,1,0,1,0,
Uganda,46,67,1,c2c975f9,39fd9295,6bc04a3e,6,0,6,0,
Uganda,47,68,1,c2c975f9,39fd9295,6bc04a3e,1,0,1,0,
Uganda,48,69,1,6bc04a3e,39fd9295,c2c975f9,1,0,1,0,
Uganda,49,69,2,c2c975f9,39fd9295,6bc04a3e,0,0,0,1,caught
Uganda,50,71,2,6bc04a3e,a96b36af,269cc4ff,2,0,2,0,
Uganda,51,71,2,6bc04a3e,a96b36af,269cc4ff,0,0,0,0,
Uganda,52,71,2,6bc04a3e,a96b36af,269cc4ff,0,0,0,0,
Uganda,53,71,2,6bc04a3e,a96b36af,269cc4ff,0,0,0,0,
Uganda,54,73,2,6bc04a3e,a96b36af,269cc4ff,2,0,2,0,
Uganda,55,74,2,6bc04a3e,a96b36af,269cc4ff,1,0,1,0,
Uganda,56,75,2,6bc04a3e,39fd9295,269cc4ff,1,0,1,0,
Uganda,57,76,2,269cc4ff,39fd9295,6bc04a3e,1,0,1,0,
Uganda,58,76,2,6bc04a3e,39fd9295,269cc4ff,0,0,0,0,
Uganda,59,78,2,6bc04a3e,39fd9295,269cc4ff,2,0,2,0,
Uganda,60,78,3,6bc04a3e,39fd9295,269cc4ff,0,0,0,1,bowled
Uganda,61,79,3,46a7ac78,39fd9295,269cc4ff,1,0,1,0,
Uganda,62,79,3,46a7ac78,008a024c,269cc4ff,0,0,0,0,
Uganda,63,79,3,46a7ac78,008a024c,269cc4ff,0,0,0,0,
Uganda,64,80,3,46a7ac78,008a024c,269cc4ff,1,0,1,0,
Uganda,65,80,3,269cc4ff,008a024c,46a7ac78,0,0,0,0,
Uganda,66,81,3,269cc4ff,008a024c,46a7ac78,0,1,1,0,
Uganda,67,84,3,269cc4ff,008a024c,46a7ac78,3,0,3,0,
Uganda,68,84,3,46a7ac78,008a024c,269cc4ff,0,0,0,0,
Uganda,69,85,3,269cc4ff,39fd9295,46a7ac78,1,0,1,0,
Uganda,70,91,3,46a7ac78,39fd9295,269cc4ff,6,0,6,0,
Uganda,71,91,3,46a7ac78,39fd9295,269cc4ff,0,0,0,0,
Uganda,72,92,3,46a7ac78,39fd9295,269cc4ff,1,0,1,0,
Uganda,73,93,3,269cc4ff,39fd9295,46a7ac78,1,0,1,0,
Uganda,74,93,4,46a7ac78,39fd9295,269cc4ff,0,0,0,1,caught
Uganda,75,93,4,269cc4ff,008a024c,30d8136b,0,0,0,0,
Uganda,76,94,4,269cc4ff,008a024c,30d8136b,1,0,1,0,
Uganda,77,94,4,30d8136b,008a024c,269cc4ff,0,0,0,0,
Uganda,78,95,4,30d8136b,008a024c,269cc4ff,1,0,1,0,
Uganda,79,99,4,269cc4ff,008a024c,30d8136b,4,0,4,0,
Uganda,80,99,4,269cc4ff,008a024c,30d8136b,0,0,0,0,
Uganda,81,99,4,30d8136b,2f22325f,269cc4ff,0,0,0,0,
Uganda,82,99,4,30d8136b,2f22325f,269cc4ff,0,0,0,0,
Uganda,83,99,4,30d8136b,2f22325f,269cc4ff,0,0,0,0,
Uganda,84,99,4,30d8136b,2f22325f,269cc4ff,0,0,0,0,
Uganda,85,100,4,30d8136b,2f22325f,269cc4ff,1,0,1,0,
Uganda,86,100,4,269cc4ff,2f22325f,30d8136b,0,0,0,0,
Uganda,87,101,4,30d8136b,a96b36af,269cc4ff,1,0,1,0,
Uganda,88,107,4,269cc4ff,a96b36af,30d8136b,6,0,6,0,
Uganda,89,107,4,269cc4ff,a96b36af,30d8136b,0,0,0,0,
Uganda,90,108,4,269cc4ff,a96b36af,30d8136b,1,0,1,0,
Uganda,91,108,4,30d8136b,a96b36af,269cc4ff,0,0,0,0,
Uganda,92,108,4,30d8136b,a96b36af,269cc4ff,0,0,0,0,
Uganda,93,109,4,269cc4ff,008a024c,30d8136b,1,0,1,0,
Uganda,94,110,4,30d8136b,008a024c,269cc4ff,1,0,1,0,
Uganda,95,111,4,269cc4ff,008a024c,30d8136b,1,0,1,0,
Uganda,96,112,4,30d8136b,008a024c,269cc4ff,1,0,1,0,
Uganda,97,112,4,269cc4ff,008a024c,30d8136b,0,0,0,0,
Uganda,98,113,4,269cc4ff,008a024c,30d8136b,1,0,1,0,
Uganda,99,114,4,269cc4ff,a96b36af,30d8136b,1,0,1,0,
Uganda,100,114,4,30d8136b,a96b36af,269cc4ff,0,0,0,0,
Uganda,101,115,4,30d8136b,a96b36af,269cc4ff,1,0,1,0,
Uganda,102,121,4,269cc4ff,a96b36af,30d8136b,6,0,6,0,
Uganda,103,121,5,269cc4ff,a96b36af,30d8136b,0,0,0,1,caught and bowled
Uganda,104,123,5,a3a275ec,a96b36af,30d8136b,2,0,2,0,
Uganda,105,123,6,30d8136b,008a024c,a3a275ec,0,0,0,1,caught
Uganda,106,127,6,fbdc5ab1,008a024c,a3a275ec,4,0,4,0,
Uganda,107,127,6,fbdc5ab1,008a024c,a3a275ec,0,0,0,0,
Uganda,108,133,6,fbdc5ab1,008a024c,a3a275ec,6,0,6,0,
Uganda,109,133,6,fbdc5ab1,008a024c,a3a275ec,0,0,0,0,
Uganda,110,134,6,fbdc5ab1,008a024c,a3a275ec,1,0,1,0,
Uganda,111,135,6,fbdc5ab1,2f22325f,a3a275ec,1,0,1,0,
Uganda,112,137,6,a3a275ec,2f22325f,fbdc5ab1,2,0,2,0,
Uganda,113,137,6,a3a275ec,2f22325f,fbdc5ab1,0,0,0,0,
Uganda,114,139,6,a3a275ec,2f22325f,fbdc5ab1,2,0,2,0,
Uganda,115,139,7,a3a275ec,2f22325f,fbdc5ab1,0,0,0,1,caught
Uganda,116,145,7,f33cfd25,2f22325f,fbdc5ab1,6,0,6,0,
Uganda,117,145,7,fbdc5ab1,18ae55e4,f33cfd25,0,0,0,0,
Uganda,118,145,7,fbdc5ab1,18ae55e4,f33cfd25,0,0,0,0,
Uganda,119,147,7,fbdc5ab1,18ae55e4,f33cfd25,2,0,2,0,
Uganda,120,148,7,fbdc5ab1,18ae55e4,f33cfd25,1,0,1,0,
Uganda,121,149,7,f33cfd25,18ae55e4,fbdc5ab1,0,1,1,0,
Uganda,122,153,7,fbdc5ab1,18ae55e4,f33cfd25,4,0,4,0,
Botswana,1,0,0,2f22325f,46a7ac78,21549344,0,0,0,0,
Botswana,2,0,0,2f22325f,46a7ac78,21549344,0,0,0,0,
Botswana,3,2,0,2f22325f,46a7ac78,21549344,2,0,2,0,
Botswana,4,2,0,2f22325f,46a7ac78,21549344,0,0,0,0,
Botswana,5,2,0,2f22325f,46a7ac78,21549344,0,0,0,0,
Botswana,6,4,0,2f22325f,46a7ac78,21549344,2,0,2,0,
Botswana,7,4,0,21549344,fbdc5ab1,2f22325f,0,0,0,0,
Botswana,8,4,1,21549344,fbdc5ab1,2f22325f,0,0,0,1,bowled
Botswana,9,5,1,4393e047,fbdc5ab1,2f22325f,1,0,1,0,
Botswana,10,5,1,2f22325f,fbdc5ab1,4393e047,0,0,0,0,
Botswana,11,6,1,2f22325f,fbdc5ab1,4393e047,1,0,1,0,
Botswana,12,6,1,4393e047,fbdc5ab1,2f22325f,0,0,0,0,
Botswana,13,7,1,2f22325f,46a7ac78,4393e047,0,1,1,0,
Botswana,14,8,1,4393e047,46a7ac78,2f22325f,1,0,1,0,
Botswana,15,8,1,2f22325f,46a7ac78,4393e047,0,0,0,0,
Botswana,16,8,2,2f22325f,46a7ac78,4393e047,0,0,0,1,caught
Botswana,17,8,2,a2317d14,46a7ac78,4393e047,0,0,0,0,
Botswana,18,8,2,a2317d14,46a7ac78,4393e047,0,0,0,0,
Botswana,19,8,2,4393e047,fbdc5ab1,a2317d14,0,0,0,0,
Botswana,20,9,2,4393e047,fbdc5ab1,a2317d14,1,0,1,0,
Botswana,21,10,2,a2317d14,fbdc5ab1,4393e047,1,0,1,0,
Botswana,22,11,2,4393e047,fbdc5ab1,a2317d14,0,1,1,0,
Botswana,23,12,2,4393e047,fbdc5ab1,a2317d14,1,0,1,0,
Botswana,24,13,2,a2317d14,fbdc5ab1,4393e047,1,0,1,0,
Botswana,25,13,2,4393e047,fbdc5ab1,a2317d14,0,0,0,0,
Botswana,26,13,2,a2317d14,a3a275ec,4393e047,0,0,0,0,
Botswana,27,17,2,a2317d14,a3a275ec,4393e047,4,0,4,0,
Botswana,28,18,2,a2317d14,a3a275ec,4393e047,0,1,1,0,
Botswana,29,18,2,a2317d14,a3a275ec,4393e047,0,0,0,0,
Botswana,30,19,2,a2317d14,a3a275ec,4393e047,0,1,1,0,
Botswana,31,19,2,a2317d14,a3a275ec,4393e047,0,0,0,0,
Botswana,32,19,2,a2317d14,a3a275ec,4393e047,0,0,0,0,
Botswana,33,20,2,a2317d14,a3a275ec,4393e047,0,1,1,0,
Botswana,34,20,2,a2317d14,fbdc5ab1,4393e047,0,0,0,0,
Botswana,35,21,2,a2317d14,fbdc5ab1,4393e047,1,0,1,0,
Botswana,36,21,3,4393e047,fbdc5ab1,a2317d14,0,0,0,1,caught
Botswana,37,21,3,9f2e1944,fbdc5ab1,a2317d14,0,0,0,0,
Botswana,38,22,3,9f2e1944,fbdc5ab1,a2317d14,1,0,1,0,
Botswana,39,23,3,a2317d14,fbdc5ab1,9f2e1944,1,0,1,0,
Botswana,40,23,3,a2317d14,2b7609f1,9f2e1944,0,0,0,0,
Botswana,41,23,3,a2317d14,2b7609f1,9f2e1944,0,0,0,0,
Botswana,42,23,3,a2317d14,2b7609f1,9f2e1944,0,0,0,0,
Botswana,43,24,3,a2317d14,2b7609f1,9f2e1944,1,0,1,0,
Botswana,44,25,3,9f2e1944,2b7609f1,a2317d14,1,0,1,0,
Botswana,45,26,3,a2317d14,2b7609f1,9f2e1944,1,0,1,0,
Botswana,46,26,3,a2317d14,fbdc5ab1,9f2e1944,0,0,0,0,
Botswana,47,26,3,a2317d14,fbdc5ab1,9f2e1944,0,0,0,0,
Botswana,48,28,3,a2317d14,fbdc5ab1,9f2e1944,2,0,2,0,
Botswana,49,29,3,a2317d14,fbdc5ab1,9f2e1944,1,0,1,0,
Botswana,50,30,3,9f2e1944,fbdc5ab1,a2317d14,1,0,1,0,
Botswana,51,32,3,a2317d14,fbdc5ab1,9f2e1944,2,0,2,0,
Botswana,52,32,3,9f2e1944,2b7609f1,a2317d14,0,0,0,0,
Botswana,53,33,3,9f2e1944,2b7609f1,a2317d14,1,0,1,0,
Botswana,54,34,3,a2317d14,2b7609f1,9f2e1944,1,0,1,0,
Botswana,55,34,3,9f2e1944,2b7609f1,a2317d14,0,0,0,0,
Botswana,56,35,3,9f2e1944,2b7609f1,a2317d14,1,0,1,0,
Botswana,57,35,3,a2317d14,2b7609f1,9f2e1944,0,0,0,0,
Botswana,58,35,3,9f2e1944,58cb36aa,a2317d14,0,0,0,0,
Botswana,59,36,3,9f2e1944,58cb36aa,a2317d14,1,0,1,0,
Botswana,60,36,3,a2317d14,58cb36aa,9f2e1944,0,0,0,0,
Botswana,61,37,3,a2317d14,58cb36aa,9f2e1944,1,0,1,0,
Botswana,62,38,3,9f2e1944,58cb36aa,a2317d14,1,0,1,0,
Botswana,63,44,3,a2317d14,58cb36aa,9f2e1944,6,0,6,0,
Botswana,64,44,3,9f2e1944,2b7609f1,a2317d14,0,0,0,0,
Botswana,65,46,3,9f2e1944,2b7609f1,a2317d14,2,0,2,0,
Botswana,66,48,3,9f2e1944,2b7609f1,a2317d14,2,0,2,0,
Botswana,67,50,3,9f2e1944,2b7609f1,a2317d14,2,0,2,0,
Botswana,68,51,3,9f2e1944,2b7609f1,a2317d14,1,0,1,0,
Botswana,69,51,3,a2317d14,2b7609f1,9f2e1944,0,0,0,0,
Botswana,70,52,3,9f2e1944,58cb36aa,a2317d14,1,0,1,0,
Botswana,71,52,3,a2317d14,58cb36aa,9f2e1944,0,0,0,0,
Botswana,72,52,4,a2317d14,58cb36aa,9f2e1944,0,0,0,1,caught
Botswana,73,54,4,18ae55e4,58cb36aa,9f2e1944,2,0,2,0,
Botswana,74,54,4,18ae55e4,58cb36aa,9f2e1944,0,0,0,0,
Botswana,75,54,4,18ae55e4,58cb36aa,9f2e1944,0,0,0,0,
Botswana,76,54,4,9f2e1944,2b7609f1,18ae55e4,0,0,0,0,
Botswana,77,54,4,9f2e1944,2b7609f1,18ae55e4,0,0,0,0,
Botswana,78,55,4,9f2e1944,2b7609f1,18ae55e4,1,0,1,0,
Botswana,79,56,4,18ae55e4,2b7609f1,9f2e1944,1,0,1,0,
Botswana,80,57,4,9f2e1944,2b7609f1,18ae55e4,1,0,1,0,
Botswana,81,58,4,18ae55e4,2b7609f1,9f2e1944,1,0,1,0,
Botswana,82,60,4,18ae55e4,58cb36aa,9f2e1944,2,0,2,0,
Botswana,83,62,4,18ae55e4,58cb36aa,9f2e1944,2,0,2,0,
Botswana,84,63,4,18ae55e4,58cb36aa,9f2e1944,1,0,1,0,
Botswana,85,64,4,9f2e1944,58cb36aa,18ae55e4,1,0,1,0,
Botswana,86,65,4,18ae55e4,58cb36aa,9f2e1944,1,0,1,0,
Botswana,87,66,4,9f2e1944,58cb36aa,18ae55e4,1,0,1,0,
Botswana,88,67,4,9f2e1944,30d8136b,18ae55e4,1,0,1,0,
Botswana,89,68,4,18ae55e4,30d8136b,9f2e1944,1,0,1,0,
Botswana,90,68,5,9f2e1944,30d8136b,18ae55e4,0,0,0,1,caught and bowled
Botswana,91,68,5,5f789ff9,30d8136b,18ae55e4,0,0,0,0,
Botswana,92,69,5,5f789ff9,30d8136b,18ae55e4,1,0,1,0,
Botswana,93,69,5,18ae55e4,30d8136b,5f789ff9,0,0,0,0,
Botswana,94,69,5,5f789ff9,58cb36aa,18ae55e4,0,0,0,0,
Botswana,95,69,5,5f789ff9,58cb36aa,18ae55e4,0,0,0,0,
Botswana,96,70,5,5f789ff9,58cb36aa,18ae55e4,1,0,1,0,
Botswana,97,72,5,18ae55e4,58cb36aa,5f789ff9,2,0,2,0,
Botswana,98,74,5,18ae55e4,58cb36aa,5f789ff9,2,0,2,0,
Botswana,99,74,6,18ae55e4,58cb36aa,5f789ff9,0,0,0,1,caught
Botswana,100,75,6,5f789ff9,30d8136b,a96b36af,1,0,1,0,
Botswana,101,75,6,a96b36af,30d8136b,5f789ff9,0,0,0,0,
Botswana,102,76,6,a96b36af,30d8136b,5f789ff9,1,0,1,0,
Botswana,103,76,6,5f789ff9,30d8136b,a96b36af,0,0,0,0,
Botswana,104,76,7,5f789ff9,30d8136b,a96b36af,0,0,0,1,caught
Botswana,105,77,7,008a024c,30d8136b,a96b36af,1,0,1,0,
Botswana,106,77,7,008a024c,f33cfd25,a96b36af,0,0,0,0,
Botswana,107,77,7,008a024c,f33cfd25,a96b36af,0,0,0,0,
Botswana,108,78,7,008a024c,f33cfd25,a96b36af,1,0,1,0,
Botswana,109,79,7,a96b36af,f33cfd25,008a024c,1,0,1,0,
Botswana,110,79,8,008a024c,f33cfd25,a96b36af,0,0,0,1,bowled
Botswana,111,79,8,39fd9295,f33cfd25,a96b36af,0,0,0,0,
Botswana,112,81,8,a96b36af,30d8136b,39fd9295,2,0,2,0,
Botswana,113,81,8,a96b36af,30d8136b,39fd9295,0,0,0,0,
Botswana,114,81,9,a96b36af,30d8136b,39fd9295,0,0,0,1,caught
Botswana,115,81,9,059ec7a5,30d8136b,39fd9295,0,0,0,0,
Botswana,116,81,9,059ec7a5,30d8136b,39fd9295,0,0,0,0,
Botswana,117,82,9,059ec7a5,30d8136b,39fd9295,1,0,1,0,
Botswana,118,83,9,059ec7a5,f33cfd25,39fd9295,1,0,1,0,
Botswana,119,84,9,39fd9295,f33cfd25,059ec7a5,1,0,1,0,
Botswana,120,85,9,059ec7a5,f33cfd25,39fd9295,1,0,1,0,
Botswana,121,87,9,39fd9295,f33cfd25,059ec7a5,2,0,2,0,
Botswana,122,87,9,39fd9295,f33cfd25,059ec7a5,0,0,0,0,
Botswana,123,89,9,39fd9295,f33cfd25,059ec7a5,2,0,2,0,
