batting_team,ball_number,total_team_runs,total_team_wickets,striker_ID,bowler_ID,nonstriker_ID,batter_runs,extras_runs,total_delivery_runs,wicket,wicket_type
Argentina,1,0,0,c6d1b1e4,732c9016,5470418a,0,0,0,0,
Argentina,2,1,0,c6d1b1e4,732c9016,5470418a,0,1,1,0,
Argentina,3,1,0,c6d1b1e4,732c9016,5470418a,0,0,0,0,
Argentina,4,1,0,c6d1b1e4,732c9016,5470418a,0,0,0,0,
Argentina,5,2,0,c6d1b1e4,732c9016,5470418a,1,0,1,0,
Argentina,6,3,0,5470418a,732c9016,c6d1b1e4,1,0,1,0,
Argentina,7,3,0,c6d1b1e4,732c9016,5470418a,0,0,0,0,
Argentina,8,3,0,5470418a,a268c07b,c6d1b1e4,0,0,0,0,
Argentina,9,3,0,5470418a,a268c07b,c6d1b1e4,0,0,0,0,
Argentina,10,4,0,5470418a,a268c07b,c6d1b1e4,0,1,1,0,
Argentina,11,5,0,5470418a,a268c07b,c6d1b1e4,0,1,1,0,
Argentina,12,9,0,c6d1b1e4,a268c07b,5470418a,4,0,4,0,
Argentina,13,9,0,c6d1b1e4,a268c07b,5470418a,0,0,0,0,
Argentina,14,11,0,c6d1b1e4,a268c07b,5470418a,2,0,2,0,
Argentina,15,12,0,5470418a,732c9016,c6d1b1e4,1,0,1,0,
Argentina,16,13,0,c6d1b1e4,732c9016,5470418a,0,1,1,0,
Argentina,17,15,0,c6d1b1e4,732c9016,5470418a,2,0,2,0,
Argentina,18,15,0,c6d1b1e4,732c9016,5470418a,0,0,0,0,
Argentina,19,15,0,c6d1b1e4,732c9016,5470418a,0,0,0,0,
Argentina,20,19,0,c6d1b1e4,732c9016,5470418a,4,0,4,0,
Argentina,21,19,0,c6d1b1e4,732c9016,5470418a,0,0,0,0,
Argentina,22,22,0,5470418a,9bc324b5,c6d1b1e4,3,0,3,0,
Argentina,23,22,0,c6d1b1e4,9bc324b5,5470418a,0,0,0,0,
Argentina,24,24,0,c6d1b1e4,9bc324b5,5470418a,2,0,2,0,
Argentina,25,25,0,c6d1b1e4,9bc324b5,5470418a,0,1,1,0,
Argentina,26,29,0,c6d1b1e4,9bc324b5,5470418a,4,0,4,0,
Argentina,27,30,0,c6d1b1e4,9bc324b5,5470418a,1,0,1,0,
Argentina,28,34,0,5470418a,9bc324b5,c6d1b1e4,4,0,4,0,
Argentina,29,34,0,c6d1b1e4,92075cdc,5470418a,0,0,0,0,
Argentina,30,36,0,c6d1b1e4,92075cdc,5470418a,2,0,2,0,
Argentina,31,36,0,c6d1b1e4,92075cdc,5470418a,0,0,0,0,
Argentina,32,36,0,c6d1b1e4,92075cdc,5470418a,0,0,0,0,
Argentina,33,38,0,c6d1b1e4,92075cdc,5470418a,2,0,2,0,
Argentina,34,40,0,c6d1b1e4,92075cdc,5470418a,2,0,2,0,
Argentina,35,40,0,5470418a,a268c07b,c6d1b1e4,0,0,0,0,
Argentina,36,40,1,5470418a,a268c07b,c6d1b1e4,0,0,0,1,caught
Argentina,37,40,1,4a8d1b14,a268c07b,c6d1b1e4,0,0,0,0,
Argentina,38,40,1,4a8d1b14,a268c07b,c6d1b1e4,0,0,0,0,
Argentina,39,40,1,4a8d1b14,a268c07b,c6d1b1e4,0,0,0,0,
Argentina,40,40,1,4a8d1b14,a268c07b,c6d1b1e4,0,0,0,0,
Argentina,41,41,1,c6d1b1e4,92075cdc,4a8d1b14,0,1,1,0,
Argentina,42,41,1,c6d1b1e4,92075cdc,4a8d1b14,0,0,0,0,
Argentina,43,41,2,c6d1b1e4,92075cdc,4a8d1b14,0,0,0,1,caught
Argentina,44,42,2,d953bf92,92075cdc,4a8d1b14,0,1,1,0,
Argentina,45,42,2,d953bf92,92075cdc,4a8d1b14,0,0,0,0,
Argentina,46,43,2,d953bf92,92075cdc,4a8d1b14,1,0,1,0,
Argentina,47,44,2,4a8d1b14,92075cdc,d953bf92,1,0,1,0,
Argentina,48,44,2,d953bf92,92075cdc,4a8d1b14,0,0,0,0,
Argentina,49,44,2,4a8d1b14,a268c07b,d953bf92,0,0,0,0,
Argentina,50,44,2,4a8d1b14,a268c07b,d953bf92,0,0,0,0,
Argentina,51,45,2,4a8d1b14,a268c07b,d953bf92,1,0,1,0,
Argentina,52,46,2,d953bf92,a268c07b,4a8d1b14,1,0,1,0,
Argentina,53,48,2,4a8d1b14,a268c07b,d953bf92,2,0,2,0,
Argentina,54,49,2,4a8d1b14,a268c07b,d953bf92,1,0,1,0,
Argentina,55,49,2,4a8d1b14,92075cdc,d953bf92,0,0,0,0,
Argentina,56,50,2,4a8d1b14,92075cdc,d953bf92,1,0,1,0,
Argentina,57,50,3,d953bf92,92075cdc,4a8d1b14,0,0,0,1,caught and bowled
Argentina,58,52,3,efbd35a9,92075cdc,4a8d1b14,2,0,2,0,
Argentina,59,53,3,efbd35a9,92075cdc,4a8d1b14,0,1,1,0,
Argentina,60,53,3,efbd35a9,92075cdc,4a8d1b14,0,0,0,0,
Argentina,61,54,3,efbd35a9,92075cdc,4a8d1b14,1,0,1,0,
Argentina,62,55,3,efbd35a9,00c98c78,4a8d1b14,1,0,1,0,
Argentina,63,55,3,4a8d1b14,00c98c78,efbd35a9,0,0,0,0,
Argentina,64,56,3,4a8d1b14,00c98c78,efbd35a9,1,0,1,0,
Argentina,65,58,3,efbd35a9,00c98c78,4a8d1b14,2,0,2,0,
Argentina,66,58,3,efbd35a9,00c98c78,4a8d1b14,0,0,0,0,
Argentina,67,59,3,efbd35a9,00c98c78,4a8d1b14,1,0,1,0,
Argentina,68,61,3,efbd35a9,92075cdc,4a8d1b14,0,2,2,0,
Argentina,69,61,3,4a8d1b14,92075cdc,efbd35a9,0,0,0,0,
Argentina,70,61,3,4a8d1b14,92075cdc,efbd35a9,0,0,0,0,
Argentina,71,61,4,4a8d1b14,92075cdc,efbd35a9,0,0,0,1,stumped
Argentina,72,61,4,9fa5496f,92075cdc,efbd35a9,0,0,0,0,
Argentina,73,61,4,9fa5496f,92075cdc,efbd35a9,0,0,0,0,
Argentina,74,61,4,9fa5496f,92075cdc,efbd35a9,0,0,0,0,
Argentina,75,62,4,efbd35a9,00c98c78,9fa5496f,1,0,1,0,
Argentina,76,64,4,9fa5496f,00c98c78,efbd35a9,2,0,2,0,
Argentina,77,64,4,9fa5496f,00c98c78,efbd35a9,0,0,0,0,
Argentina,78,64,4,9fa5496f,00c98c78,efbd35a9,0,0,0,0,
Argentina,79,65,4,9fa5496f,00c98c78,efbd35a9,0,1,1,0,
Argentina,80,65,4,9fa5496f,00c98c78,efbd35a9,0,0,0,0,
Argentina,81,65,4,9fa5496f,00c98c78,efbd35a9,0,0,0,0,
Argentina,82,65,4,efbd35a9,de6b3760,9fa5496f,0,0,0,0,
Argentina,83,65,4,efbd35a9,de6b3760,9fa5496f,0,0,0,0,
Argentina,84,67,4,efbd35a9,de6b3760,9fa5496f,2,0,2,0,
Argentina,85,67,4,efbd35a9,de6b3760,9fa5496f,0,0,0,0,
Argentina,86,68,4,efbd35a9,de6b3760,9fa5496f,1,0,1,0,
Argentina,87,68,4,9fa5496f,de6b3760,efbd35a9,0,0,0,0,
Argentina,88,70,4,efbd35a9,00c98c78,9fa5496f,2,0,2,0,
Argentina,89,72,4,efbd35a9,00c98c78,9fa5496f,2,0,2,0,
Argentina,90,75,4,efbd35a9,00c98c78,9fa5496f,3,0,3,0,
Argentina,91,75,4,9fa5496f,00c98c78,efbd35a9,0,0,0,0,
Argentina,92,76,4,9fa5496f,00c98c78,efbd35a9,1,0,1,0,
Argentina,93,77,4,efbd35a9,00c98c78,9fa5496f,1,0,1,0,
Argentina,94,83,4,efbd35a9,de6b3760,9fa5496f,6,0,6,0,
Argentina,95,84,4,efbd35a9,de6b3760,9fa5496f,1,0,1,0,
Argentina,96,85,4,9fa5496f,de6b3760,efbd35a9,1,0,1,0,
Argentina,97,87,4,efbd35a9,de6b3760,9fa5496f,2,0,2,0,
Argentina,98,88,4,efbd35a9,de6b3760,9fa5496f,1,0,1,0,
Argentina,99,92,4,9fa5496f,de6b3760,efbd35a9,4,0,4,0,
Argentina,100,93,4,efbd35a9,a268c07b,9fa5496f,1,0,1,0,
Argentina,101,93,4,9fa5496f,a268c07b,efbd35a9,0,0,0,0,
Argentina,102,93,4,9fa5496f,a268c07b,efbd35a9,0,0,0,0,
Argentina,103,93,4,9fa5496f,a268c07b,efbd35a9,0,0,0,0,
Argentina,104,93,4,9fa5496f,a268c07b,efbd35a9,0,0,0,0,
Argentina,105,94,4,9fa5496f,a268c07b,efbd35a9,1,0,1,0,
Argentina,106,94,5,9fa5496f,9bc324b5,efbd35a9,0,0,0,1,lbw
Argentina,107,94,6,56544f81,9bc324b5,efbd35a9,0,0,0,1,lbw
Argentina,108,94,6,1911dcbc,9bc324b5,efbd35a9,0,0,0,0,
Argentina,109,94,7,1911dcbc,9bc324b5,efbd35a9,0,0,0,1,bowled
Argentina,110,94,7,5f0f398d,9bc324b5,efbd35a9,0,0,0,0,
Argentina,111,94,7,5f0f398d,9bc324b5,efbd35a9,0,0,0,0,
Argentina,112,96,7,efbd35a9,00c98c78,5f0f398d,2,0,2,0,
Argentina,113,97,7,efbd35a9,00c98c78,5f0f398d,1,0,1,0,
Argentina,114,99,7,5f0f398d,00c98c78,efbd35a9,1,1,2,0,
Argentina,115,100,7,efbd35a9,00c98c78,5f0f398d,1,0,1,0,
Argentina,116,101,7,5f0f398d,00c98c78,efbd35a9,1,0,1,0,
Argentina,117,102,7,efbd35a9,00c98c78,5f0f398d,1,0,1,0,
Argentina,118,103,7,5f0f398d,00c98c78,efbd35a9,0,1,1,0,
Argentina,119,103,7,5f0f398d,00c98c78,efbd35a9,0,0,0,0,
Argentina,120,104,7,efbd35a9,9bc324b5,5f0f398d,1,0,1,0,
Argentina,121,105,7,5f0f398d,9bc324b5,efbd35a9,0,1,1,0,
Argentina,122,106,7,efbd35a9,9bc324b5,5f0f398d,1,0,1,0,
Argentina,123,108,7,5f0f398d,9bc324b5,efbd35a9,2,0,2,0,
Argentina,124,109,7,5f0f398d,9bc324b5,efbd35a9,0,1,1,0,
Argentina,125,110,7,efbd35a9,9bc324b5,5f0f398d,1,0,1,0,
Argentina,126,112,7,efbd35a9,de6b3760,5f0f398d,2,0,2,0,
Argentina,127,114,7,efbd35a9,de6b3760,5f0f398d,2,0,2,0,
Argentina,128,114,7,efbd35a9,de6b3760,5f0f398d,0,0,0,0,
Argentina,129,115,7,efbd35a9,de6b3760,5f0f398d,1,0,1,0,
Argentina,130,116,7,5f0f398d,de6b3760,efbd35a9,1,0,1,0,
Argentina,131,117,7,efbd35a9,de6b3760,5f0f398d,1,0,1,0,
Bahamas,1,0,0,92075cdc,d953bf92,00c98c78,0,0,0,0,
Bahamas,2,1,0,92075cdc,d953bf92,00c98c78,0,1,1,0,
Bahamas,3,2,0,92075cdc,d953bf92,00c98c78,1,0,1,0,
Bahamas,4,2,0,00c98c78,d953bf92,92075cdc,0,0,0,0,
Bahamas,5,3,0,00c98c78,d953bf92,92075cdc,0,1,1,0,
Bahamas,6,3,0,00c98c78,d953bf92,92075cdc,0,0,0,0,
Bahamas,7,3,0,00c98c78,d953bf92,92075cdc,0,0,0,0,
Bahamas,8,3,0,00c98c78,d953bf92,92075cdc,0,0,0,0,
Bahamas,9,3,0,92075cdc,0d38ab25,00c98c78,0,0,0,0,
Bahamas,10,5,0,92075cdc,0d38ab25,00c98c78,0,2,2,0,
Bahamas,11,6,0,00c98c78,0d38ab25,92075cdc,1,0,1,0,
Bahamas,12,6,0,92075cdc,0d38ab25,00c98c78,0,0,0,0,
Bahamas,13,7,0,92075cdc,0d38ab25,00c98c78,0,1,1,0,
Bahamas,14,7,0,92075cdc,0d38ab25,00c98c78,0,0,0,0,
Bahamas,15,8,0,92075cdc,0d38ab25,00c98c78,1,0,1,0,
Bahamas,16,8,1,00c98c78,0d38ab25,92075cdc,0,0,0,1,bowled
Bahamas,17,8,1,92075cdc,5470418a,de6b3760,0,0,0,0,
Bahamas,18,8,1,92075cdc,5470418a,de6b3760,0,0,0,0,
Bahamas,19,9,1,92075cdc,5470418a,de6b3760,0,1,1,0,
Bahamas,20,9,2,92075cdc,5470418a,de6b3760,0,0,0,1,caught
Bahamas,21,9,2,04539335,5470418a,de6b3760,0,0,0,0,
Bahamas,22,9,2,04539335,5470418a,de6b3760,0,0,0,0,
Bahamas,23,9,2,04539335,5470418a,de6b3760,0,0,0,0,
Bahamas,24,11,2,de6b3760,0d38ab25,04539335,2,0,2,0,
Bahamas,25,11,2,de6b3760,0d38ab25,04539335,0,0,0,0,
Bahamas,26,11,2,de6b3760,0d38ab25,04539335,0,0,0,0,
Bahamas,27,13,2,de6b3760,0d38ab25,04539335,2,0,2,0,
Bahamas,28,13,3,de6b3760,0d38ab25,04539335,0,0,0,1,caught
Bahamas,29,13,4,a268c07b,0d38ab25,04539335,0,0,0,1,lbw
Bahamas,30,14,4,04539335,5470418a,e4bc45e0,1,0,1,0,
Bahamas,31,15,4,e4bc45e0,5470418a,04539335,1,0,1,0,
Bahamas,32,15,5,04539335,5470418a,e4bc45e0,0,0,0,1,bowled
Bahamas,33,15,5,c674f722,5470418a,e4bc45e0,0,0,0,0,
Bahamas,34,15,5,c674f722,5470418a,e4bc45e0,0,0,0,0,
Bahamas,35,15,5,c674f722,5470418a,e4bc45e0,0,0,0,0,
Bahamas,36,15,5,e4bc45e0,0d38ab25,c674f722,0,0,0,0,
Bahamas,37,16,5,e4bc45e0,0d38ab25,c674f722,0,1,1,0,
Bahamas,38,18,5,e4bc45e0,0d38ab25,c674f722,2,0,2,0,
Bahamas,39,18,5,e4bc45e0,0d38ab25,c674f722,0,0,0,0,
Bahamas,40,19,5,e4bc45e0,0d38ab25,c674f722,1,0,1,0,
Bahamas,41,20,5,c674f722,0d38ab25,e4bc45e0,0,1,1,0,
Bahamas,42,20,5,c674f722,0d38ab25,e4bc45e0,0,0,0,0,
Bahamas,43,20,5,c674f722,0d38ab25,e4bc45e0,0,0,0,0,
Bahamas,44,20,5,e4bc45e0,5470418a,c674f722,0,0,0,0,
Bahamas,45,20,5,e4bc45e0,5470418a,c674f722,0,0,0,0,
Bahamas,46,20,5,e4bc45e0,5470418a,c674f722,0,0,0,0,
Bahamas,47,20,5,e4bc45e0,5470418a,c674f722,0,0,0,0,
Bahamas,48,20,5,e4bc45e0,5470418a,c674f722,0,0,0,0,
Bahamas,49,20,5,e4bc45e0,5470418a,c674f722,0,0,0,0,
Bahamas,50,20,5,c674f722,56544f81,e4bc45e0,0,0,0,0,
Bahamas,51,21,5,c674f722,56544f81,e4bc45e0,0,1,1,0,
Bahamas,52,21,5,c674f722,56544f81,e4bc45e0,0,0,0,0,
Bahamas,53,22,5,c674f722,56544f81,e4bc45e0,0,1,1,0,
Bahamas,54,22,5,c674f722,56544f81,e4bc45e0,0,0,0,0,
Bahamas,55,22,5,c674f722,56544f81,e4bc45e0,0,0,0,0,
Bahamas,56,26,5,c674f722,56544f81,e4bc45e0,4,0,4,0,
Bahamas,57,26,5,c674f722,56544f81,e4bc45e0,0,0,0,0,
Bahamas,58,26,5,e4bc45e0,d953bf92,c674f722,0,0,0,0,
Bahamas,59,26,5,e4bc45e0,d953bf92,c674f722,0,0,0,0,
Bahamas,60,26,5,e4bc45e0,d953bf92,c674f722,0,0,0,0,
Bahamas,61,26,5,e4bc45e0,d953bf92,c674f722,0,0,0,0,
Bahamas,62,26,5,e4bc45e0,d953bf92,c674f722,0,0,0,0,
Bahamas,63,27,5,e4bc45e0,d953bf92,c674f722,1,0,1,0,
Bahamas,64,28,5,e4bc45e0,56544f81,c674f722,1,0,1,0,
Bahamas,65,28,5,c674f722,56544f81,e4bc45e0,0,0,0,0,
Bahamas,66,28,5,c674f722,56544f81,e4bc45e0,0,0,0,0,
Bahamas,67,29,5,c674f722,56544f81,e4bc45e0,1,0,1,0,
Bahamas,68,30,5,e4bc45e0,56544f81,c674f722,0,1,1,0,
Bahamas,69,30,5,c674f722,56544f81,e4bc45e0,0,0,0,0,
Bahamas,70,31,5,e4bc45e0,d953bf92,c674f722,1,0,1,0,
Bahamas,71,32,5,c674f722,d953bf92,e4bc45e0,0,1,1,0,
Bahamas,72,36,5,c674f722,d953bf92,e4bc45e0,4,0,4,0,
Bahamas,73,38,5,c674f722,d953bf92,e4bc45e0,2,0,2,0,
Bahamas,74,39,5,c674f722,d953bf92,e4bc45e0,1,0,1,0,
Bahamas,75,39,6,e4bc45e0,d953bf92,c674f722,0,0,0,1,bowled
Bahamas,76,39,6,c83ef4d6,d953bf92,c674f722,0,0,0,0,
Bahamas,77,40,6,c674f722,034d3c52,c83ef4d6,1,0,1,0,
Bahamas,78,40,6,c83ef4d6,034d3c52,c674f722,0,0,0,0,
Bahamas,79,46,6,c83ef4d6,034d3c52,c674f722,6,0,6,0,
Bahamas,80,46,6,c83ef4d6,034d3c52,c674f722,0,0,0,0,
Bahamas,81,46,6,c83ef4d6,034d3c52,c674f722,0,0,0,0,
Bahamas,82,47,6,c83ef4d6,034d3c52,c674f722,1,0,1,0,
Bahamas,83,49,6,c83ef4d6,efbd35a9,c674f722,2,0,2,0,
Bahamas,84,49,6,c83ef4d6,efbd35a9,c674f722,0,0,0,0,
Bahamas,85,50,6,c83ef4d6,efbd35a9,c674f722,1,0,1,0,
Bahamas,86,52,6,c674f722,efbd35a9,c83ef4d6,2,0,2,0,
Bahamas,87,52,6,c674f722,efbd35a9,c83ef4d6,0,0,0,0,
Bahamas,88,53,6,c674f722,efbd35a9,c83ef4d6,1,0,1,0,
Bahamas,89,54,6,c674f722,034d3c52,c83ef4d6,0,1,1,0,
Bahamas,90,55,6,c83ef4d6,034d3c52,c674f722,1,0,1,0,
Bahamas,91,56,6,c674f722,034d3c52,c83ef4d6,1,0,1,0,
Bahamas,92,57,6,c83ef4d6,034d3c52,c674f722,1,0,1,0,
Bahamas,93,57,6,c674f722,034d3c52,c83ef4d6,0,0,0,0,
Bahamas,94,58,6,c674f722,034d3c52,c83ef4d6,1,0,1,0,
Bahamas,95,59,6,c674f722,d953bf92,c83ef4d6,1,0,1,0,
Bahamas,96,59,6,c83ef4d6,d953bf92,c674f722,0,0,0,0,
Bahamas,97,59,6,c83ef4d6,d953bf92,c674f722,0,0,0,0,
Bahamas,98,59,6,c83ef4d6,d953bf92,c674f722,0,0,0,0,
Bahamas,99,59,6,c83ef4d6,d953bf92,c674f722,0,0,0,0,
Bahamas,100,59,7,c83ef4d6,d953bf92,c674f722,0,0,0,1,caught
Bahamas,101,59,7,c674f722,1911dcbc,732c9016,0,0,0,0,
Bahamas,102,59,8,c674f722,1911dcbc,732c9016,0,0,0,1,caught
Bahamas,103,59,8,ce1abd25,1911dcbc,732c9016,0,0,0,0,
Bahamas,104,59,8,ce1abd25,1911dcbc,732c9016,0,0,0,0,
Bahamas,105,63,8,ce1abd25,1911dcbc,732c9016,4,0,4,0,
Bahamas,106,63,8,ce1abd25,1911dcbc,732c9016,0,0,0,0,
Bahamas,107,63,8,732c9016,56544f81,ce1abd25,0,0,0,0,
Bahamas,108,64,8,732c9016,56544f81,ce1abd25,1,0,1,0,
Bahamas,109,64,8,ce1abd25,56544f81,732c9016,0,0,0,0,
Bahamas,110,64,8,ce1abd25,56544f81,732c9016,0,0,0,0,
Bahamas,111,65,8,ce1abd25,56544f81,732c9016,1,0,1,0,
Bahamas,112,66,8,732c9016,56544f81,ce1abd25,1,0,1,0,
Bahamas,113,68,8,732c9016,034d3c52,ce1abd25,2,0,2,0,
Bahamas,114,68,9,732c9016,034d3c52,ce1abd25,0,0,0,1,stumped
Bahamas,115,68,9,9bc324b5,034d3c52,ce1abd25,0,0,0,0,
Bahamas,116,68,9,9bc324b5,034d3c52,ce1abd25,0,0,0,0,
Bahamas,117,68,9,9bc324b5,034d3c52,ce1abd25,0,0,0,0,
Bahamas,118,69,9,9bc324b5,034d3c52,ce1abd25,1,0,1,0,
Bahamas,119,69,9,9bc324b5,1911dcbc,ce1abd25,0,0,0,0,
Bahamas,120,69,9,9bc324b5,1911dcbc,ce1abd25,0,0,0,0,
Bahamas,121,70,9,9bc324b5,1911dcbc,ce1abd25,1,0,1,0,
Bahamas,122,71,9,9bc324b5,1911dcbc,ce1abd25,1,0,1,0,
Bahamas,123,71,9,ce1abd25,1911dcbc,9bc324b5,0,0,0,0,
Bahamas,124,72,9,ce1abd25,1911dcbc,9bc324b5,1,0,1,0,
Bahamas,125,73,9,ce1abd25,0d38ab25,9bc324b5,1,0,1,0,
Bahamas,126,74,9,9bc324b5,0d38ab25,ce1abd25,1,0,1,0,
Bahamas,127,74,10,ce1abd25,0d38ab25,9bc324b5,0,0,0,1,bowled
