batting_team,ball_number,total_team_runs,total_team_wickets,striker_ID,bowler_ID,nonstriker_ID,batter_runs,extras_runs,total_delivery_runs,wicket,wicket_type
Haryana,1,1,0,f986ca1a,30225730,9765545f,1,0,1,0,
Haryana,2,2,0,9765545f,30225730,f986ca1a,1,0,1,0,
Haryana,3,2,0,f986ca1a,30225730,9765545f,0,0,0,0,
Haryana,4,3,0,f986ca1a,30225730,9765545f,1,0,1,0,
Haryana,5,3,0,9765545f,30225730,f986ca1a,0,0,0,0,
Haryana,6,3,0,9765545f,30225730,f986ca1a,0,0,0,0,
Haryana,7,3,0,f986ca1a,6366c83b,9765545f,0,0,0,0,
Haryana,8,7,0,f986ca1a,6366c83b,9765545f,4,0,4,0,
Haryana,9,7,0,f986ca1a,6366c83b,9765545f,0,0,0,0,
Haryana,10,7,0,f986ca1a,6366c83b,9765545f,0,0,0,0,
Haryana,11,11,0,f986ca1a,6366c83b,9765545f,4,0,4,0,
Haryana,12,12,0,f986ca1a,6366c83b,9765545f,0,1,1,0,
Haryana,13,16,0,f986ca1a,6366c83b,9765545f,4,0,4,0,
Haryana,14,16,0,9765545f,30225730,f986ca1a,0,0,0,0,
Haryana,15,17,0,9765545f,30225730,f986ca1a,1,0,1,0,
Haryana,16,17,0,f986ca1a,30225730,9765545f,0,0,0,0,
Haryana,17,18,0,f986ca1a,30225730,9765545f,1,0,1,0,
Haryana,18,24,0,9765545f,30225730,f986ca1a,6,0,6,0,
Haryana,19,26,0,9765545f,30225730,f986ca1a,2,0,2,0,
Haryana,20,27,0,f986ca1a,6cdc3215,9765545f,1,0,1,0,
Haryana,21,31,0,9765545f,6cdc3215,f986ca1a,4,0,4,0,
Haryana,22,35,0,9765545f,6cdc3215,f986ca1a,4,0,4,0,
Haryana,23,36,0,9765545f,6cdc3215,f986ca1a,1,0,1,0,
Haryana,24,37,0,f986ca1a,6cdc3215,9765545f,1,0,1,0,
Haryana,25,41,0,9765545f,6cdc3215,f986ca1a,4,0,4,0,
Haryana,26,42,0,f986ca1a,31ee319e,9765545f,1,0,1,0,
Haryana,27,42,0,9765545f,31ee319e,f986ca1a,0,0,0,0,
Haryana,28,42,0,9765545f,31ee319e,f986ca1a,0,0,0,0,
Haryana,29,43,0,9765545f,31ee319e,f986ca1a,1,0,1,0,
Haryana,30,44,0,f986ca1a,31ee319e,9765545f,1,0,1,0,
Haryana,31,45,0,9765545f,31ee319e,f986ca1a,1,0,1,0,
Haryana,32,46,0,9765545f,239197f1,f986ca1a,1,0,1,0,
Haryana,33,46,0,f986ca1a,239197f1,9765545f,0,0,0,0,
Haryana,34,47,0,f986ca1a,239197f1,9765545f,1,0,1,0,
Haryana,35,48,0,9765545f,239197f1,f986ca1a,1,0,1,0,
Haryana,36,49,0,f986ca1a,239197f1,9765545f,1,0,1,0,
Haryana,37,50,0,9765545f,239197f1,f986ca1a,1,0,1,0,
Haryana,38,51,0,9765545f,31ee319e,f986ca1a,1,0,1,0,
Haryana,39,52,1,f986ca1a,31ee319e,9765545f,0,1,1,1,stumped
Haryana,40,53,1,9d3940b3,31ee319e,9765545f,1,0,1,0,
Haryana,41,54,1,9765545f,31ee319e,9d3940b3,1,0,1,0,
Haryana,42,55,1,9d3940b3,31ee319e,9765545f,1,0,1,0,
Haryana,43,55,1,9765545f,31ee319e,9d3940b3,0,0,0,0,
Haryana,44,56,1,9765545f,31ee319e,9d3940b3,1,0,1,0,
Haryana,45,57,1,9765545f,239197f1,9d3940b3,1,0,1,0,
Haryana,46,57,1,9d3940b3,239197f1,9765545f,0,0,0,0,
Haryana,47,57,1,9d3940b3,239197f1,9765545f,0,0,0,0,
Haryana,48,58,1,9d3940b3,239197f1,9765545f,1,0,1,0,
Haryana,49,59,1,9765545f,239197f1,9d3940b3,1,0,1,0,
Haryana,50,60,1,9d3940b3,239197f1,9765545f,1,0,1,0,
Haryana,51,61,1,9d3940b3,b51f72a5,9765545f,1,0,1,0,
Haryana,52,62,1,9765545f,b51f72a5,9d3940b3,1,0,1,0,
Haryana,53,63,1,9d3940b3,b51f72a5,9765545f,1,0,1,0,
Haryana,54,67,1,9765545f,b51f72a5,9d3940b3,4,0,4,0,
Haryana,55,68,1,9765545f,b51f72a5,9d3940b3,1,0,1,0,
Haryana,56,69,1,9d3940b3,b51f72a5,9765545f,1,0,1,0,
Haryana,57,71,1,9d3940b3,239197f1,9765545f,2,0,2,0,
Haryana,58,73,1,9d3940b3,239197f1,9765545f,2,0,2,0,
Haryana,59,73,1,9d3940b3,239197f1,9765545f,0,0,0,0,
Haryana,60,74,1,9d3940b3,239197f1,9765545f,1,0,1,0,
Haryana,61,78,1,9765545f,239197f1,9d3940b3,4,0,4,0,
Haryana,62,82,1,9765545f,239197f1,9d3940b3,4,0,4,0,
Haryana,63,83,1,9d3940b3,b51f72a5,9765545f,1,0,1,0,
Haryana,64,87,1,9765545f,b51f72a5,9d3940b3,4,0,4,0,
Haryana,65,88,1,9765545f,b51f72a5,9d3940b3,1,0,1,0,
Haryana,66,89,1,9d3940b3,b51f72a5,9765545f,1,0,1,0,
Haryana,67,90,1,9765545f,b51f72a5,9d3940b3,1,0,1,0,
Haryana,68,91,1,9d3940b3,b51f72a5,9765545f,1,0,1,0,
Haryana,69,92,1,9d3940b3,26989d80,9765545f,1,0,1,0,
Haryana,70,92,1,9765545f,26989d80,9d3940b3,0,0,0,0,
Haryana,71,93,1,9765545f,26989d80,9d3940b3,1,0,1,0,
Haryana,72,94,1,9d3940b3,26989d80,9765545f,1,0,1,0,
Haryana,73,95,1,9765545f,26989d80,9d3940b3,1,0,1,0,
Haryana,74,96,1,9d3940b3,26989d80,9765545f,1,0,1,0,
Haryana,75,98,1,9d3940b3,31ee319e,9765545f,2,0,2,0,
Haryana,76,99,1,9d3940b3,31ee319e,9765545f,1,0,1,0,
Haryana,77,99,1,9765545f,31ee319e,9d3940b3,0,0,0,0,
Haryana,78,100,1,9765545f,31ee319e,9d3940b3,1,0,1,0,
Haryana,79,101,1,9d3940b3,31ee319e,9765545f,1,0,1,0,
Haryana,80,104,1,9765545f,31ee319e,9d3940b3,3,0,3,0,
Haryana,81,104,2,9765545f,26989d80,9d3940b3,0,0,0,1,bowled
Haryana,82,105,2,39a2dfa8,26989d80,9d3940b3,1,0,1,0,
Haryana,83,106,2,9d3940b3,26989d80,39a2dfa8,1,0,1,0,
Haryana,84,107,2,39a2dfa8,26989d80,9d3940b3,1,0,1,0,
Haryana,85,111,2,9d3940b3,26989d80,39a2dfa8,4,0,4,0,
Haryana,86,112,2,9d3940b3,26989d80,39a2dfa8,1,0,1,0,
Haryana,87,113,2,9d3940b3,31ee319e,39a2dfa8,1,0,1,0,
Haryana,88,114,2,39a2dfa8,31ee319e,9d3940b3,0,1,1,0,
Haryana,89,114,2,9d3940b3,31ee319e,39a2dfa8,0,0,0,0,
Haryana,90,116,2,9d3940b3,31ee319e,39a2dfa8,2,0,2,0,
Haryana,91,116,3,9d3940b3,31ee319e,39a2dfa8,0,0,0,1,bowled
Haryana,92,116,3,3cea23da,31ee319e,39a2dfa8,0,0,0,0,
Haryana,93,117,3,39a2dfa8,26989d80,3cea23da,1,0,1,0,
Haryana,94,119,3,3cea23da,26989d80,39a2dfa8,2,0,2,0,
Haryana,95,120,3,3cea23da,26989d80,39a2dfa8,1,0,1,0,
Haryana,96,120,3,39a2dfa8,26989d80,3cea23da,0,0,0,0,
Haryana,97,121,3,39a2dfa8,26989d80,3cea23da,1,0,1,0,
Haryana,98,122,3,39a2dfa8,26989d80,3cea23da,1,0,1,0,
Haryana,99,122,3,39a2dfa8,30225730,3cea23da,0,0,0,0,
Haryana,100,122,3,39a2dfa8,30225730,3cea23da,0,0,0,0,
Haryana,101,123,3,39a2dfa8,30225730,3cea23da,1,0,1,0,
Haryana,102,124,3,3cea23da,30225730,39a2dfa8,1,0,1,0,
Haryana,103,125,3,39a2dfa8,30225730,3cea23da,1,0,1,0,
Haryana,104,127,3,3cea23da,30225730,39a2dfa8,2,0,2,0,
Haryana,105,128,3,39a2dfa8,26989d80,3cea23da,1,0,1,0,
Haryana,106,129,3,3cea23da,26989d80,39a2dfa8,1,0,1,0,
Haryana,107,130,3,39a2dfa8,26989d80,3cea23da,1,0,1,0,
Haryana,108,130,4,39a2dfa8,26989d80,3cea23da,0,0,0,1,caught
Haryana,109,131,4,8998a68f,26989d80,3cea23da,0,1,1,0,
Haryana,110,132,4,8998a68f,26989d80,3cea23da,1,0,1,0,
Haryana,111,133,4,3cea23da,26989d80,8998a68f,1,0,1,0,
Haryana,112,134,4,3cea23da,30225730,8998a68f,1,0,1,0,
Haryana,113,135,4,8998a68f,30225730,3cea23da,1,0,1,0,
Haryana,114,136,4,3cea23da,30225730,8998a68f,0,1,1,0,
Haryana,115,140,4,3cea23da,30225730,8998a68f,4,0,4,0,
Haryana,116,141,4,3cea23da,30225730,8998a68f,1,0,1,0,
Haryana,117,141,4,8998a68f,30225730,3cea23da,0,0,0,0,
Haryana,118,143,4,8998a68f,30225730,3cea23da,2,0,2,0,
Haryana,119,147,4,3cea23da,6cdc3215,8998a68f,4,0,4,0,
Haryana,120,147,5,3cea23da,6cdc3215,8998a68f,0,0,0,1,caught
Haryana,121,149,5,fcc21ace,6cdc3215,8998a68f,1,1,2,0,
Haryana,122,151,5,8998a68f,6cdc3215,fcc21ace,2,0,2,0,
Haryana,123,152,5,8998a68f,6cdc3215,fcc21ace,0,1,1,0,
Haryana,124,154,5,8998a68f,6cdc3215,fcc21ace,2,0,2,0,
Haryana,125,156,5,8998a68f,6cdc3215,fcc21ace,2,0,2,0,
Haryana,126,162,5,8998a68f,6cdc3215,fcc21ace,6,0,6,0,
Chhattisgarh,1,0,0,9c20688d,759ac88f,6c6cc94c,0,0,0,0,
Chhattisgarh,2,0,0,9c20688d,759ac88f,6c6cc94c,0,0,0,0,
Chhattisgarh,3,0,0,9c20688d,759ac88f,6c6cc94c,0,0,0,0,
Chhattisgarh,4,0,0,9c20688d,759ac88f,6c6cc94c,0,0,0,0,
Chhattisgarh,5,0,0,9c20688d,759ac88f,6c6cc94c,0,0,0,0,
Chhattisgarh,6,0,0,9c20688d,759ac88f,6c6cc94c,0,0,0,0,
Chhattisgarh,7,1,0,6c6cc94c,fcc21ace,9c20688d,0,1,1,0,
Chhattisgarh,8,3,0,6c6cc94c,fcc21ace,9c20688d,2,0,2,0,
Chhattisgarh,9,7,0,6c6cc94c,fcc21ace,9c20688d,4,0,4,0,
Chhattisgarh,10,8,0,6c6cc94c,fcc21ace,9c20688d,1,0,1,0,
Chhattisgarh,11,8,0,9c20688d,fcc21ace,6c6cc94c,0,0,0,0,
Chhattisgarh,12,10,0,9c20688d,fcc21ace,6c6cc94c,2,0,2,0,
Chhattisgarh,13,10,0,9c20688d,fcc21ace,6c6cc94c,0,0,0,0,
Chhattisgarh,14,14,0,6c6cc94c,759ac88f,9c20688d,4,0,4,0,
Chhattisgarh,15,18,0,6c6cc94c,759ac88f,9c20688d,4,0,4,0,
Chhattisgarh,16,22,0,6c6cc94c,759ac88f,9c20688d,4,0,4,0,
Chhattisgarh,17,23,0,6c6cc94c,759ac88f,9c20688d,1,0,1,0,
Chhattisgarh,18,24,0,9c20688d,759ac88f,6c6cc94c,1,0,1,0,
Chhattisgarh,19,25,0,6c6cc94c,759ac88f,9c20688d,1,0,1,0,
Chhattisgarh,20,25,1,6c6cc94c,3cea23da,9c20688d,0,0,0,1,caught
Chhattisgarh,21,25,1,28c78fb3,3cea23da,9c20688d,0,0,0,0,
Chhattisgarh,22,26,1,28c78fb3,3cea23da,9c20688d,1,0,1,0,
Chhattisgarh,23,26,1,9c20688d,3cea23da,28c78fb3,0,0,0,0,
Chhattisgarh,24,28,1,9c20688d,3cea23da,28c78fb3,2,0,2,0,
Chhattisgarh,25,28,2,9c20688d,3cea23da,28c78fb3,0,0,0,1,caught
Chhattisgarh,26,28,2,28c78fb3,81049310,9b0d5e52,0,0,0,0,
Chhattisgarh,27,29,2,28c78fb3,81049310,9b0d5e52,0,1,1,0,
Chhattisgarh,28,29,2,28c78fb3,81049310,9b0d5e52,0,0,0,0,
Chhattisgarh,29,30,2,28c78fb3,81049310,9b0d5e52,1,0,1,0,
Chhattisgarh,30,30,2,9b0d5e52,81049310,28c78fb3,0,0,0,0,
Chhattisgarh,31,31,2,9b0d5e52,81049310,28c78fb3,1,0,1,0,
Chhattisgarh,32,35,2,28c78fb3,81049310,9b0d5e52,4,0,4,0,
Chhattisgarh,33,35,2,9b0d5e52,3cea23da,28c78fb3,0,0,0,0,
Chhattisgarh,34,35,2,9b0d5e52,3cea23da,28c78fb3,0,0,0,0,
Chhattisgarh,35,36,2,9b0d5e52,3cea23da,28c78fb3,1,0,1,0,
Chhattisgarh,36,37,2,28c78fb3,3cea23da,9b0d5e52,1,0,1,0,
Chhattisgarh,37,37,2,9b0d5e52,3cea23da,28c78fb3,0,0,0,0,
Chhattisgarh,38,43,2,9b0d5e52,3cea23da,28c78fb3,6,0,6,0,
Chhattisgarh,39,44,2,28c78fb3,57ee1fde,9b0d5e52,1,0,1,0,
Chhattisgarh,40,44,2,9b0d5e52,57ee1fde,28c78fb3,0,0,0,0,
Chhattisgarh,41,45,2,9b0d5e52,57ee1fde,28c78fb3,1,0,1,0,
Chhattisgarh,42,46,2,28c78fb3,57ee1fde,9b0d5e52,1,0,1,0,
Chhattisgarh,43,46,2,9b0d5e52,57ee1fde,28c78fb3,0,0,0,0,
Chhattisgarh,44,47,2,9b0d5e52,57ee1fde,28c78fb3,1,0,1,0,
Chhattisgarh,45,48,2,9b0d5e52,81049310,28c78fb3,1,0,1,0,
Chhattisgarh,46,52,2,28c78fb3,81049310,9b0d5e52,4,0,4,0,
Chhattisgarh,47,53,2,28c78fb3,81049310,9b0d5e52,1,0,1,0,
Chhattisgarh,48,54,2,9b0d5e52,81049310,28c78fb3,1,0,1,0,
Chhattisgarh,49,54,2,28c78fb3,81049310,9b0d5e52,0,0,0,0,
Chhattisgarh,50,55,2,28c78fb3,81049310,9b0d5e52,1,0,1,0,
Chhattisgarh,51,56,2,28c78fb3,57ee1fde,9b0d5e52,1,0,1,0,
Chhattisgarh,52,57,2,9b0d5e52,57ee1fde,28c78fb3,1,0,1,0,
Chhattisgarh,53,57,2,28c78fb3,57ee1fde,9b0d5e52,0,0,0,0,
Chhattisgarh,54,57,2,28c78fb3,57ee1fde,9b0d5e52,0,0,0,0,
Chhattisgarh,55,58,2,28c78fb3,57ee1fde,9b0d5e52,0,1,1,0,
Chhattisgarh,56,58,2,28c78fb3,57ee1fde,9b0d5e52,0,0,0,0,
Chhattisgarh,57,59,2,28c78fb3,57ee1fde,9b0d5e52,1,0,1,0,
Chhattisgarh,58,59,2,28c78fb3,81049310,9b0d5e52,0,0,0,0,
Chhattisgarh,59,60,2,28c78fb3,81049310,9b0d5e52,1,0,1,0,
Chhattisgarh,60,61,2,9b0d5e52,81049310,28c78fb3,0,1,1,0,
Chhattisgarh,61,67,2,9b0d5e52,81049310,28c78fb3,6,0,6,0,
Chhattisgarh,62,68,2,9b0d5e52,81049310,28c78fb3,1,0,1,0,
Chhattisgarh,63,68,2,28c78fb3,81049310,9b0d5e52,0,0,0,0,
Chhattisgarh,64,69,2,28c78fb3,81049310,9b0d5e52,1,0,1,0,
Chhattisgarh,65,69,2,28c78fb3,57ee1fde,9b0d5e52,0,0,0,0,
Chhattisgarh,66,70,2,28c78fb3,57ee1fde,9b0d5e52,1,0,1,0,
Chhattisgarh,67,71,2,9b0d5e52,57ee1fde,28c78fb3,1,0,1,0,
Chhattisgarh,68,77,2,28c78fb3,57ee1fde,9b0d5e52,6,0,6,0,
Chhattisgarh,69,78,2,28c78fb3,57ee1fde,9b0d5e52,1,0,1,0,
Chhattisgarh,70,78,3,9b0d5e52,57ee1fde,28c78fb3,0,0,0,1,caught
Chhattisgarh,71,82,3,28c78fb3,f986ca1a,26989d80,4,0,4,0,
Chhattisgarh,72,86,3,28c78fb3,f986ca1a,26989d80,4,0,4,0,
Chhattisgarh,73,87,3,28c78fb3,f986ca1a,26989d80,1,0,1,0,
Chhattisgarh,74,88,3,26989d80,f986ca1a,28c78fb3,1,0,1,0,
Chhattisgarh,75,92,3,28c78fb3,f986ca1a,26989d80,4,0,4,0,
Chhattisgarh,76,93,3,28c78fb3,f986ca1a,26989d80,1,0,1,0,
Chhattisgarh,77,97,3,28c78fb3,6b19d823,26989d80,4,0,4,0,
Chhattisgarh,78,99,3,28c78fb3,6b19d823,26989d80,2,0,2,0,
Chhattisgarh,79,100,3,28c78fb3,6b19d823,26989d80,1,0,1,0,
Chhattisgarh,80,100,3,26989d80,6b19d823,28c78fb3,0,0,0,0,
Chhattisgarh,81,100,3,26989d80,6b19d823,28c78fb3,0,0,0,0,
Chhattisgarh,82,104,3,26989d80,6b19d823,28c78fb3,4,0,4,0,
Chhattisgarh,83,104,3,28c78fb3,81049310,26989d80,0,0,0,0,
Chhattisgarh,84,106,3,28c78fb3,81049310,26989d80,2,0,2,0,
Chhattisgarh,85,106,3,28c78fb3,81049310,26989d80,0,0,0,0,
Chhattisgarh,86,107,3,28c78fb3,81049310,26989d80,1,0,1,0,
Chhattisgarh,87,108,3,26989d80,81049310,28c78fb3,1,0,1,0,
Chhattisgarh,88,109,3,28c78fb3,81049310,26989d80,1,0,1,0,
Chhattisgarh,89,110,3,28c78fb3,6b19d823,26989d80,1,0,1,0,
Chhattisgarh,90,110,3,26989d80,6b19d823,28c78fb3,0,0,0,0,
Chhattisgarh,91,111,3,26989d80,6b19d823,28c78fb3,1,0,1,0,
Chhattisgarh,92,111,3,28c78fb3,6b19d823,26989d80,0,0,0,0,
Chhattisgarh,93,111,4,28c78fb3,6b19d823,26989d80,0,0,0,1,caught
Chhattisgarh,94,112,4,31ee319e,6b19d823,26989d80,1,0,1,0,
Chhattisgarh,95,113,4,31ee319e,f986ca1a,26989d80,0,1,1,0,
Chhattisgarh,96,119,4,31ee319e,f986ca1a,26989d80,6,0,6,0,
Chhattisgarh,97,121,4,31ee319e,f986ca1a,26989d80,2,0,2,0,
Chhattisgarh,98,121,4,31ee319e,f986ca1a,26989d80,0,0,0,0,
Chhattisgarh,99,122,4,31ee319e,f986ca1a,26989d80,1,0,1,0,
Chhattisgarh,100,126,4,26989d80,f986ca1a,31ee319e,4,0,4,0,
Chhattisgarh,101,126,4,26989d80,f986ca1a,31ee319e,0,0,0,0,
Chhattisgarh,102,130,4,31ee319e,6b19d823,26989d80,4,0,4,0,
Chhattisgarh,103,134,4,31ee319e,6b19d823,26989d80,4,0,4,0,
Chhattisgarh,104,134,4,31ee319e,6b19d823,26989d80,0,0,0,0,
Chhattisgarh,105,138,4,31ee319e,6b19d823,26989d80,4,0,4,0,
Chhattisgarh,106,139,4,31ee319e,6b19d823,26989d80,1,0,1,0,
Chhattisgarh,107,139,5,26989d80,6b19d823,31ee319e,0,0,0,1,caught
Chhattisgarh,108,139,5,31ee319e,fcc21ace,239197f1,0,0,0,0,
Chhattisgarh,109,143,5,31ee319e,fcc21ace,239197f1,4,0,4,0,
Chhattisgarh,110,144,5,31ee319e,fcc21ace,239197f1,1,0,1,0,
Chhattisgarh,111,144,6,239197f1,fcc21ace,31ee319e,0,0,0,1,caught
Chhattisgarh,112,145,6,84085032,fcc21ace,31ee319e,1,0,1,0,
Chhattisgarh,113,149,6,31ee319e,fcc21ace,84085032,4,0,4,0,
Chhattisgarh,114,155,6,84085032,759ac88f,31ee319e,6,0,6,0,
Chhattisgarh,115,155,6,84085032,759ac88f,31ee319e,0,0,0,0,
Chhattisgarh,116,155,6,84085032,759ac88f,31ee319e,0,0,0,0,
Chhattisgarh,117,156,6,84085032,759ac88f,31ee319e,1,0,1,0,
Chhattisgarh,118,157,6,31ee319e,759ac88f,84085032,1,0,1,0,
Chhattisgarh,119,158,6,84085032,759ac88f,31ee319e,1,0,1,0,
Chhattisgarh,120,162,6,84085032,8998a68f,31ee319e,4,0,4,0,
Chhattisgarh,121,163,6,84085032,8998a68f,31ee319e,1,0,1,0,
