batting_team,ball_number,total_team_runs,total_team_wickets,striker_ID,bowler_ID,nonstriker_ID,batter_runs,extras_runs,total_delivery_runs,wicket,wicket_type
Dambulla Aura,1,0,1,9550470d,f24c6701,5d1e7582,0,0,0,1,run out
Dambulla Aura,2,1,1,9ab2914d,f24c6701,5d1e7582,1,0,1,0,
Dambulla Aura,3,1,1,5d1e7582,f24c6701,9ab2914d,0,0,0,0,
Dambulla Aura,4,1,2,5d1e7582,f24c6701,9ab2914d,0,0,0,1,caught
Dambulla Aura,5,3,2,f21043a5,f24c6701,9ab2914d,2,0,2,0,
Dambulla Aura,6,3,2,f21043a5,f24c6701,9ab2914d,0,0,0,0,
Dambulla Aura,7,3,2,9ab2914d,ee1b6c27,f21043a5,0,0,0,0,
Dambulla Aura,8,4,2,9ab2914d,ee1b6c27,f21043a5,1,0,1,0,
Dambulla Aura,9,4,2,f21043a5,ee1b6c27,9ab2914d,0,0,0,0,
Dambulla Aura,10,4,2,f21043a5,ee1b6c27,9ab2914d,0,0,0,0,
Dambulla Aura,11,8,2,f21043a5,ee1b6c27,9ab2914d,4,0,4,0,
Dambulla Aura,12,8,2,f21043a5,ee1b6c27,9ab2914d,0,0,0,0,
Dambulla Aura,13,8,2,9ab2914d,de7d833e,f21043a5,0,0,0,0,
Dambulla Aura,14,8,2,9ab2914d,de7d833e,f21043a5,0,0,0,0,
Dambulla Aura,15,8,2,9ab2914d,de7d833e,f21043a5,0,0,0,0,
Dambulla Aura,16,10,2,9ab2914d,de7d833e,f21043a5,2,0,2,0,
Dambulla Aura,17,10,2,9ab2914d,de7d833e,f21043a5,0,0,0,0,
Dambulla Aura,18,11,2,9ab2914d,de7d833e,f21043a5,1,0,1,0,
Dambulla Aura,19,12,2,9ab2914d,f24c6701,f21043a5,1,0,1,0,
Dambulla Aura,20,13,2,f21043a5,f24c6701,9ab2914d,1,0,1,0,
Dambulla Aura,21,17,2,9ab2914d,f24c6701,f21043a5,4,0,4,0,
Dambulla Aura,22,17,2,9ab2914d,f24c6701,f21043a5,0,0,0,0,
Dambulla Aura,23,18,2,9ab2914d,f24c6701,f21043a5,1,0,1,0,
Dambulla Aura,24,19,2,f21043a5,f24c6701,9ab2914d,1,0,1,0,
Dambulla Aura,25,20,2,f21043a5,de7d833e,9ab2914d,0,1,1,0,
Dambulla Aura,26,21,2,f21043a5,de7d833e,9ab2914d,0,1,1,0,
Dambulla Aura,27,23,2,9ab2914d,de7d833e,f21043a5,2,0,2,0,
Dambulla Aura,28,27,2,9ab2914d,de7d833e,f21043a5,4,0,4,0,
Dambulla Aura,29,31,2,9ab2914d,de7d833e,f21043a5,4,0,4,0,
Dambulla Aura,30,35,2,9ab2914d,de7d833e,f21043a5,4,0,4,0,
Dambulla Aura,31,35,2,9ab2914d,de7d833e,f21043a5,0,0,0,0,
Dambulla Aura,32,35,2,f21043a5,ee1b6c27,9ab2914d,0,0,0,0,
Dambulla Aura,33,36,2,f21043a5,ee1b6c27,9ab2914d,1,0,1,0,
Dambulla Aura,34,37,2,9ab2914d,ee1b6c27,f21043a5,1,0,1,0,
Dambulla Aura,35,38,2,f21043a5,ee1b6c27,9ab2914d,1,0,1,0,
Dambulla Aura,36,38,2,9ab2914d,ee1b6c27,f21043a5,0,0,0,0,
Dambulla Aura,37,39,2,9ab2914d,ee1b6c27,f21043a5,1,0,1,0,
Dambulla Aura,38,40,2,9ab2914d,03a83c50,f21043a5,1,0,1,0,
Dambulla Aura,39,41,2,f21043a5,03a83c50,9ab2914d,1,0,1,0,
Dambulla Aura,40,42,2,9ab2914d,03a83c50,f21043a5,1,0,1,0,
Dambulla Aura,41,43,2,f21043a5,03a83c50,9ab2914d,1,0,1,0,
Dambulla Aura,42,44,2,9ab2914d,03a83c50,f21043a5,1,0,1,0,
Dambulla Aura,43,45,2,f21043a5,03a83c50,9ab2914d,1,0,1,0,
Dambulla Aura,44,47,2,f21043a5,736123bb,9ab2914d,2,0,2,0,
Dambulla Aura,45,51,2,f21043a5,736123bb,9ab2914d,4,0,4,0,
Dambulla Aura,46,52,2,f21043a5,736123bb,9ab2914d,1,0,1,0,
Dambulla Aura,47,52,3,9ab2914d,736123bb,f21043a5,0,0,0,1,bowled
Dambulla Aura,48,53,3,7d608e12,736123bb,f21043a5,1,0,1,0,
Dambulla Aura,49,54,3,f21043a5,736123bb,7d608e12,1,0,1,0,
Dambulla Aura,50,55,3,f21043a5,64c34cd0,7d608e12,1,0,1,0,
Dambulla Aura,51,56,3,7d608e12,64c34cd0,f21043a5,1,0,1,0,
Dambulla Aura,52,57,3,f21043a5,64c34cd0,7d608e12,1,0,1,0,
Dambulla Aura,53,57,3,7d608e12,64c34cd0,f21043a5,0,0,0,0,
Dambulla Aura,54,57,3,7d608e12,64c34cd0,f21043a5,0,0,0,0,
Dambulla Aura,55,58,3,7d608e12,64c34cd0,f21043a5,1,0,1,0,
Dambulla Aura,56,59,3,7d608e12,736123bb,f21043a5,1,0,1,0,
Dambulla Aura,57,61,3,f21043a5,736123bb,7d608e12,2,0,2,0,
Dambulla Aura,58,63,3,f21043a5,736123bb,7d608e12,2,0,2,0,
Dambulla Aura,59,67,3,f21043a5,736123bb,7d608e12,4,0,4,0,
Dambulla Aura,60,68,3,f21043a5,736123bb,7d608e12,1,0,1,0,
Dambulla Aura,61,68,3,7d608e12,736123bb,f21043a5,0,0,0,0,
Dambulla Aura,62,69,3,f21043a5,64c34cd0,7d608e12,1,0,1,0,
Dambulla Aura,63,69,3,7d608e12,64c34cd0,f21043a5,0,0,0,0,
Dambulla Aura,64,69,4,7d608e12,64c34cd0,f21043a5,0,0,0,1,bowled
Dambulla Aura,65,69,4,fb0d68b4,64c34cd0,f21043a5,0,0,0,0,
Dambulla Aura,66,70,4,fb0d68b4,64c34cd0,f21043a5,1,0,1,0,
Dambulla Aura,67,71,4,f21043a5,64c34cd0,fb0d68b4,1,0,1,0,
Dambulla Aura,68,72,4,f21043a5,f24c6701,fb0d68b4,1,0,1,0,
Dambulla Aura,69,72,4,fb0d68b4,f24c6701,f21043a5,0,0,0,0,
Dambulla Aura,70,72,4,fb0d68b4,f24c6701,f21043a5,0,0,0,0,
Dambulla Aura,71,73,4,fb0d68b4,f24c6701,f21043a5,1,0,1,0,
Dambulla Aura,72,74,4,f21043a5,f24c6701,fb0d68b4,1,0,1,0,
Dambulla Aura,73,75,4,fb0d68b4,f24c6701,f21043a5,1,0,1,0,
Dambulla Aura,74,76,4,fb0d68b4,64c34cd0,f21043a5,1,0,1,0,
Dambulla Aura,75,77,4,f21043a5,64c34cd0,fb0d68b4,1,0,1,0,
Dambulla Aura,76,78,4,fb0d68b4,64c34cd0,f21043a5,1,0,1,0,
Dambulla Aura,77,79,5,f21043a5,64c34cd0,fb0d68b4,1,0,1,1,run out
Dambulla Aura,78,80,5,f21043a5,64c34cd0,84212ffb,1,0,1,0,
Dambulla Aura,79,80,5,84212ffb,64c34cd0,f21043a5,0,0,0,0,
Dambulla Aura,80,81,5,f21043a5,de7d833e,84212ffb,1,0,1,0,
Dambulla Aura,81,82,5,84212ffb,de7d833e,f21043a5,1,0,1,0,
Dambulla Aura,82,82,5,f21043a5,de7d833e,84212ffb,0,0,0,0,
Dambulla Aura,83,83,5,f21043a5,de7d833e,84212ffb,1,0,1,0,
Dambulla Aura,84,83,5,84212ffb,de7d833e,f21043a5,0,0,0,0,
Dambulla Aura,85,84,5,84212ffb,de7d833e,f21043a5,1,0,1,0,
Dambulla Aura,86,85,5,84212ffb,64c34cd0,f21043a5,1,0,1,0,
Dambulla Aura,87,85,6,f21043a5,64c34cd0,84212ffb,0,0,0,1,bowled
Dambulla Aura,88,85,6,f422728b,64c34cd0,84212ffb,0,0,0,0,
Dambulla Aura,89,85,6,f422728b,64c34cd0,84212ffb,0,0,0,0,
Dambulla Aura,90,85,6,f422728b,64c34cd0,84212ffb,0,0,0,0,
Dambulla Aura,91,85,6,f422728b,64c34cd0,84212ffb,0,0,0,0,
Dambulla Aura,92,86,6,84212ffb,736123bb,f422728b,1,0,1,0,
Dambulla Aura,93,90,6,f422728b,736123bb,84212ffb,4,0,4,0,
Dambulla Aura,94,91,6,f422728b,736123bb,84212ffb,1,0,1,0,
Dambulla Aura,95,92,6,84212ffb,736123bb,f422728b,1,0,1,0,
Dambulla Aura,96,92,6,f422728b,736123bb,84212ffb,0,0,0,0,
Dambulla Aura,97,94,6,f422728b,736123bb,84212ffb,2,0,2,0,
Dambulla Aura,98,95,6,84212ffb,03a83c50,f422728b,1,0,1,0,
Dambulla Aura,99,97,6,f422728b,03a83c50,84212ffb,2,0,2,0,
Dambulla Aura,100,103,6,f422728b,03a83c50,84212ffb,6,0,6,0,
Dambulla Aura,101,105,6,f422728b,03a83c50,84212ffb,2,0,2,0,
Dambulla Aura,102,105,6,f422728b,03a83c50,84212ffb,0,0,0,0,
Dambulla Aura,103,106,6,f422728b,03a83c50,84212ffb,1,0,1,0,
Dambulla Aura,104,106,6,f422728b,ee1b6c27,84212ffb,0,0,0,0,
Dambulla Aura,105,106,6,f422728b,ee1b6c27,84212ffb,0,0,0,0,
Dambulla Aura,106,107,6,f422728b,ee1b6c27,84212ffb,1,0,1,0,
Dambulla Aura,107,107,7,84212ffb,ee1b6c27,f422728b,0,0,0,1,caught
Dambulla Aura,108,109,7,2911de16,ee1b6c27,f422728b,2,0,2,0,
Dambulla Aura,109,110,7,2911de16,ee1b6c27,f422728b,1,0,1,0,
Dambulla Aura,110,111,7,2911de16,f24c6701,f422728b,1,0,1,0,
Dambulla Aura,111,112,7,f422728b,f24c6701,2911de16,1,0,1,0,
Dambulla Aura,112,114,7,2911de16,f24c6701,f422728b,2,0,2,0,
Dambulla Aura,113,115,7,2911de16,f24c6701,f422728b,1,0,1,0,
Dambulla Aura,114,116,7,f422728b,f24c6701,2911de16,0,1,1,0,
Dambulla Aura,115,117,7,f422728b,f24c6701,2911de16,0,1,1,0,
Dambulla Aura,116,117,7,f422728b,f24c6701,2911de16,0,0,0,0,
Dambulla Aura,117,121,7,f422728b,f24c6701,2911de16,4,0,4,0,
Dambulla Aura,118,122,7,2911de16,ee1b6c27,f422728b,1,0,1,0,
Dambulla Aura,119,123,7,f422728b,ee1b6c27,2911de16,1,0,1,0,
Dambulla Aura,120,123,7,2911de16,ee1b6c27,f422728b,0,0,0,0,
Dambulla Aura,121,126,7,2911de16,ee1b6c27,f422728b,0,3,3,0,
Dambulla Aura,122,126,8,2911de16,ee1b6c27,f422728b,0,0,0,1,caught
Dambulla Aura,123,127,8,efc04be7,ee1b6c27,f422728b,0,1,1,0,
Dambulla Aura,124,133,8,efc04be7,ee1b6c27,f422728b,6,0,6,0,
Dambulla Aura,125,134,8,efc04be7,ee1b6c27,f422728b,1,0,1,0,
Jaffna Kings,1,0,0,0bacade8,dabbd0ae,732c038e,0,0,0,0,
Jaffna Kings,2,0,0,0bacade8,dabbd0ae,732c038e,0,0,0,0,
Jaffna Kings,3,1,0,0bacade8,dabbd0ae,732c038e,1,0,1,0,
Jaffna Kings,4,1,0,732c038e,dabbd0ae,0bacade8,0,0,0,0,
Jaffna Kings,5,1,0,732c038e,dabbd0ae,0bacade8,0,0,0,0,
Jaffna Kings,6,2,0,732c038e,dabbd0ae,0bacade8,1,0,1,0,
Jaffna Kings,7,2,0,732c038e,2911de16,0bacade8,0,0,0,0,
Jaffna Kings,8,2,0,732c038e,2911de16,0bacade8,0,0,0,0,
Jaffna Kings,9,3,0,732c038e,2911de16,0bacade8,0,1,1,0,
Jaffna Kings,10,7,0,732c038e,2911de16,0bacade8,4,0,4,0,
Jaffna Kings,11,7,0,732c038e,2911de16,0bacade8,0,0,0,0,
Jaffna Kings,12,7,0,732c038e,2911de16,0bacade8,0,0,0,0,
Jaffna Kings,13,7,1,732c038e,2911de16,0bacade8,0,0,0,1,caught
Jaffna Kings,14,7,1,0bacade8,dabbd0ae,9e52a414,0,0,0,0,
Jaffna Kings,15,7,1,0bacade8,dabbd0ae,9e52a414,0,0,0,0,
Jaffna Kings,16,7,1,0bacade8,dabbd0ae,9e52a414,0,0,0,0,
Jaffna Kings,17,8,1,0bacade8,dabbd0ae,9e52a414,1,0,1,0,
Jaffna Kings,18,8,2,9e52a414,dabbd0ae,0bacade8,0,0,0,1,caught
Jaffna Kings,19,8,2,d67d5f00,dabbd0ae,0bacade8,0,0,0,0,
Jaffna Kings,20,8,2,0bacade8,2911de16,d67d5f00,0,0,0,0,
Jaffna Kings,21,8,2,0bacade8,2911de16,d67d5f00,0,0,0,0,
Jaffna Kings,22,9,2,0bacade8,2911de16,d67d5f00,1,0,1,0,
Jaffna Kings,23,9,2,d67d5f00,2911de16,0bacade8,0,0,0,0,
Jaffna Kings,24,10,2,d67d5f00,2911de16,0bacade8,1,0,1,0,
Jaffna Kings,25,10,3,0bacade8,2911de16,d67d5f00,0,0,0,1,caught
Jaffna Kings,26,10,3,d67d5f00,dabbd0ae,64c34cd0,0,0,0,0,
Jaffna Kings,27,11,3,d67d5f00,dabbd0ae,64c34cd0,1,0,1,0,
Jaffna Kings,28,11,3,64c34cd0,dabbd0ae,d67d5f00,0,0,0,0,
Jaffna Kings,29,11,3,64c34cd0,dabbd0ae,d67d5f00,0,0,0,0,
Jaffna Kings,30,12,3,64c34cd0,dabbd0ae,d67d5f00,1,0,1,0,
Jaffna Kings,31,12,3,d67d5f00,dabbd0ae,64c34cd0,0,0,0,0,
Jaffna Kings,32,12,3,64c34cd0,efc04be7,d67d5f00,0,0,0,0,
Jaffna Kings,33,12,3,64c34cd0,efc04be7,d67d5f00,0,0,0,0,
Jaffna Kings,34,17,3,64c34cd0,efc04be7,d67d5f00,0,5,5,0,
Jaffna Kings,35,21,3,64c34cd0,efc04be7,d67d5f00,4,0,4,0,
Jaffna Kings,36,21,3,64c34cd0,efc04be7,d67d5f00,0,0,0,0,
Jaffna Kings,37,22,3,64c34cd0,efc04be7,d67d5f00,0,1,1,0,
Jaffna Kings,38,23,3,64c34cd0,efc04be7,d67d5f00,0,1,1,0,
Jaffna Kings,39,23,3,64c34cd0,efc04be7,d67d5f00,0,0,0,0,
Jaffna Kings,40,27,3,64c34cd0,efc04be7,d67d5f00,4,0,4,0,
Jaffna Kings,41,27,4,d67d5f00,f422728b,64c34cd0,0,0,0,1,caught and bowled
Jaffna Kings,42,27,4,736123bb,f422728b,64c34cd0,0,0,0,0,
Jaffna Kings,43,28,4,736123bb,f422728b,64c34cd0,1,0,1,0,
Jaffna Kings,44,28,4,64c34cd0,f422728b,736123bb,0,0,0,0,
Jaffna Kings,45,28,4,64c34cd0,f422728b,736123bb,0,0,0,0,
Jaffna Kings,46,32,4,64c34cd0,f422728b,736123bb,4,0,4,0,
Jaffna Kings,47,33,4,736123bb,7d608e12,64c34cd0,1,0,1,0,
Jaffna Kings,48,33,4,64c34cd0,7d608e12,736123bb,0,0,0,0,
Jaffna Kings,49,34,4,64c34cd0,7d608e12,736123bb,1,0,1,0,
Jaffna Kings,50,34,4,736123bb,7d608e12,64c34cd0,0,0,0,0,
Jaffna Kings,51,35,4,736123bb,7d608e12,64c34cd0,1,0,1,0,
Jaffna Kings,52,36,4,64c34cd0,7d608e12,736123bb,1,0,1,0,
Jaffna Kings,53,37,4,64c34cd0,f422728b,736123bb,1,0,1,0,
Jaffna Kings,54,41,4,736123bb,f422728b,64c34cd0,4,0,4,0,
Jaffna Kings,55,42,4,736123bb,f422728b,64c34cd0,1,0,1,0,
Jaffna Kings,56,42,4,64c34cd0,f422728b,736123bb,0,0,0,0,
Jaffna Kings,57,42,4,64c34cd0,f422728b,736123bb,0,0,0,0,
Jaffna Kings,58,42,4,64c34cd0,f422728b,736123bb,0,0,0,0,
Jaffna Kings,59,43,4,736123bb,7d608e12,64c34cd0,1,0,1,0,
Jaffna Kings,60,49,4,64c34cd0,7d608e12,736123bb,6,0,6,0,
Jaffna Kings,61,50,4,64c34cd0,7d608e12,736123bb,1,0,1,0,
Jaffna Kings,62,51,4,736123bb,7d608e12,64c34cd0,1,0,1,0,
Jaffna Kings,63,53,4,64c34cd0,7d608e12,736123bb,2,0,2,0,
Jaffna Kings,64,54,4,64c34cd0,7d608e12,736123bb,1,0,1,0,
Jaffna Kings,65,56,4,64c34cd0,efc04be7,736123bb,0,2,2,0,
Jaffna Kings,66,57,4,736123bb,efc04be7,64c34cd0,1,0,1,0,
Jaffna Kings,67,58,4,64c34cd0,efc04be7,736123bb,1,0,1,0,
Jaffna Kings,68,58,4,736123bb,efc04be7,64c34cd0,0,0,0,0,
Jaffna Kings,69,58,4,736123bb,efc04be7,64c34cd0,0,0,0,0,
Jaffna Kings,70,59,4,736123bb,efc04be7,64c34cd0,1,0,1,0,
Jaffna Kings,71,60,4,64c34cd0,efc04be7,736123bb,1,0,1,0,
Jaffna Kings,72,61,4,64c34cd0,7d608e12,736123bb,1,0,1,0,
Jaffna Kings,73,62,4,736123bb,7d608e12,64c34cd0,1,0,1,0,
Jaffna Kings,74,63,4,64c34cd0,7d608e12,736123bb,1,0,1,0,
Jaffna Kings,75,65,4,736123bb,7d608e12,64c34cd0,2,0,2,0,
Jaffna Kings,76,66,4,736123bb,7d608e12,64c34cd0,1,0,1,0,
Jaffna Kings,77,66,4,64c34cd0,7d608e12,736123bb,0,0,0,0,
Jaffna Kings,78,66,5,736123bb,2911de16,64c34cd0,0,0,0,1,bowled
Jaffna Kings,79,66,5,0f12f9df,2911de16,64c34cd0,0,0,0,0,
Jaffna Kings,80,67,5,0f12f9df,2911de16,64c34cd0,1,0,1,0,
Jaffna Kings,81,68,5,64c34cd0,2911de16,0f12f9df,1,0,1,0,
Jaffna Kings,82,68,5,0f12f9df,2911de16,64c34cd0,0,0,0,0,
Jaffna Kings,83,69,5,0f12f9df,2911de16,64c34cd0,1,0,1,0,
Jaffna Kings,84,69,6,0f12f9df,efc04be7,64c34cd0,0,0,0,1,caught
Jaffna Kings,85,69,6,03a83c50,efc04be7,64c34cd0,0,0,0,0,
Jaffna Kings,86,69,6,03a83c50,efc04be7,64c34cd0,0,0,0,0,
Jaffna Kings,87,70,6,03a83c50,efc04be7,64c34cd0,1,0,1,0,
Jaffna Kings,88,70,6,64c34cd0,efc04be7,03a83c50,0,0,0,0,
Jaffna Kings,89,70,6,64c34cd0,efc04be7,03a83c50,0,0,0,0,
Jaffna Kings,90,70,6,03a83c50,f422728b,64c34cd0,0,0,0,0,
Jaffna Kings,91,70,6,03a83c50,f422728b,64c34cd0,0,0,0,0,
Jaffna Kings,92,71,6,03a83c50,f422728b,64c34cd0,1,0,1,0,
Jaffna Kings,93,72,7,64c34cd0,f422728b,03a83c50,1,0,1,1,run out
Jaffna Kings,94,73,7,64c34cd0,f422728b,f24c6701,1,0,1,0,
Jaffna Kings,95,74,7,f24c6701,f422728b,64c34cd0,1,0,1,0,
Jaffna Kings,96,75,7,f24c6701,7d608e12,64c34cd0,1,0,1,0,
Jaffna Kings,97,81,7,64c34cd0,7d608e12,f24c6701,6,0,6,0,
Jaffna Kings,98,81,7,64c34cd0,7d608e12,f24c6701,0,0,0,0,
Jaffna Kings,99,81,7,64c34cd0,7d608e12,f24c6701,0,0,0,0,
Jaffna Kings,100,82,7,64c34cd0,7d608e12,f24c6701,1,0,1,0,
Jaffna Kings,101,82,7,f24c6701,7d608e12,64c34cd0,0,0,0,0,
Jaffna Kings,102,83,7,64c34cd0,dabbd0ae,f24c6701,1,0,1,0,
Jaffna Kings,103,85,7,f24c6701,dabbd0ae,64c34cd0,2,0,2,0,
Jaffna Kings,104,85,7,f24c6701,dabbd0ae,64c34cd0,0,0,0,0,
Jaffna Kings,105,85,7,f24c6701,dabbd0ae,64c34cd0,0,0,0,0,
Jaffna Kings,106,85,7,f24c6701,dabbd0ae,64c34cd0,0,0,0,0,
Jaffna Kings,107,85,7,f24c6701,dabbd0ae,64c34cd0,0,0,0,0,
Jaffna Kings,108,85,7,64c34cd0,2911de16,f24c6701,0,0,0,0,
Jaffna Kings,109,91,7,64c34cd0,2911de16,f24c6701,6,0,6,0,
Jaffna Kings,110,91,7,64c34cd0,2911de16,f24c6701,0,0,0,0,
Jaffna Kings,111,91,7,64c34cd0,2911de16,f24c6701,0,0,0,0,
Jaffna Kings,112,91,7,64c34cd0,2911de16,f24c6701,0,0,0,0,
Jaffna Kings,113,95,7,64c34cd0,2911de16,f24c6701,4,0,4,0,
Jaffna Kings,114,95,7,f24c6701,f422728b,64c34cd0,0,0,0,0,
Jaffna Kings,115,96,7,f24c6701,f422728b,64c34cd0,1,0,1,0,
Jaffna Kings,116,96,7,64c34cd0,f422728b,f24c6701,0,0,0,0,
Jaffna Kings,117,96,7,64c34cd0,f422728b,f24c6701,0,0,0,0,
Jaffna Kings,118,97,7,64c34cd0,f422728b,f24c6701,1,0,1,0,
Jaffna Kings,119,101,7,f24c6701,f422728b,64c34cd0,4,0,4,0,
Jaffna Kings,120,107,7,64c34cd0,efc04be7,f24c6701,6,0,6,0,
Jaffna Kings,121,113,7,64c34cd0,efc04be7,f24c6701,6,0,6,0,
Jaffna Kings,122,114,7,64c34cd0,efc04be7,f24c6701,0,1,1,0,
Jaffna Kings,123,114,7,64c34cd0,efc04be7,f24c6701,0,0,0,0,
Jaffna Kings,124,115,7,64c34cd0,efc04be7,f24c6701,0,1,1,0,
Jaffna Kings,125,115,7,64c34cd0,efc04be7,f24c6701,0,0,0,0,
Jaffna Kings,126,119,7,64c34cd0,efc04be7,f24c6701,4,0,4,0,
Jaffna Kings,127,125,7,64c34cd0,efc04be7,f24c6701,6,0,6,0,
