batting_team,ball_number,total_team_runs,total_team_wickets,striker_ID,bowler_ID,nonstriker_ID,batter_runs,extras_runs,total_delivery_runs,wicket,wicket_type
Durban's Super Giants,1,4,0,73c18486,465aa633,372455c4,4,0,4,0,
Durban's Super Giants,2,4,0,73c18486,465aa633,372455c4,0,0,0,0,
Durban's Super Giants,3,10,0,73c18486,465aa633,372455c4,6,0,6,0,
Durban's Super Giants,4,11,0,73c18486,465aa633,372455c4,1,0,1,0,
Durban's Super Giants,5,11,0,372455c4,465aa633,73c18486,0,0,0,0,
Durban's Super Giants,6,15,0,372455c4,465aa633,73c18486,4,0,4,0,
Durban's Super Giants,7,15,0,73c18486,f24c6701,372455c4,0,0,0,0,
Durban's Super Giants,8,21,0,73c18486,f24c6701,372455c4,6,0,6,0,
Durban's Super Giants,9,21,0,73c18486,f24c6701,372455c4,0,0,0,0,
Durban's Super Giants,10,25,0,73c18486,f24c6701,372455c4,4,0,4,0,
Durban's Super Giants,11,25,0,73c18486,f24c6701,372455c4,0,0,0,0,
Durban's Super Giants,12,25,0,73c18486,f24c6701,372455c4,0,0,0,0,
Durban's Super Giants,13,26,0,372455c4,b0946605,73c18486,0,1,1,0,
Durban's Super Giants,14,27,0,372455c4,b0946605,73c18486,1,0,1,0,
Durban's Super Giants,15,27,0,73c18486,b0946605,372455c4,0,0,0,0,
Durban's Super Giants,16,28,0,73c18486,b0946605,372455c4,1,0,1,0,
Durban's Super Giants,17,28,0,372455c4,b0946605,73c18486,0,0,0,0,
Durban's Super Giants,18,32,0,372455c4,b0946605,73c18486,0,4,4,0,
Durban's Super Giants,19,33,0,372455c4,b0946605,73c18486,1,0,1,0,
Durban's Super Giants,20,33,0,372455c4,3204c99f,73c18486,0,0,0,0,
Durban's Super Giants,21,33,0,372455c4,3204c99f,73c18486,0,0,0,0,
Durban's Super Giants,22,33,1,372455c4,3204c99f,73c18486,0,0,0,1,caught
Durban's Super Giants,23,34,1,35f173a0,3204c99f,73c18486,1,0,1,0,
Durban's Super Giants,24,40,1,73c18486,3204c99f,35f173a0,6,0,6,0,
Durban's Super Giants,25,41,1,73c18486,3204c99f,35f173a0,0,1,1,0,
Durban's Super Giants,26,45,1,73c18486,3204c99f,35f173a0,0,4,4,0,
Durban's Super Giants,27,46,1,35f173a0,f24c6701,73c18486,1,0,1,0,
Durban's Super Giants,28,46,2,73c18486,f24c6701,35f173a0,0,0,0,1,caught
Durban's Super Giants,29,46,2,c96f6ac5,f24c6701,35f173a0,0,0,0,0,
Durban's Super Giants,30,46,3,c96f6ac5,f24c6701,35f173a0,0,0,0,1,bowled
Durban's Super Giants,31,50,3,235c2bb6,f24c6701,35f173a0,4,0,4,0,
Durban's Super Giants,32,51,3,235c2bb6,f24c6701,35f173a0,1,0,1,0,
Durban's Super Giants,33,51,3,235c2bb6,b0946605,35f173a0,0,0,0,0,
Durban's Super Giants,34,51,3,235c2bb6,b0946605,35f173a0,0,0,0,0,
Durban's Super Giants,35,51,3,235c2bb6,b0946605,35f173a0,0,0,0,0,
Durban's Super Giants,36,52,3,235c2bb6,b0946605,35f173a0,1,0,1,0,
Durban's Super Giants,37,53,3,35f173a0,b0946605,235c2bb6,1,0,1,0,
Durban's Super Giants,38,57,3,235c2bb6,b0946605,35f173a0,4,0,4,0,
Durban's Super Giants,39,58,3,35f173a0,c5aef772,235c2bb6,1,0,1,0,
Durban's Super Giants,40,59,3,235c2bb6,c5aef772,35f173a0,1,0,1,0,
Durban's Super Giants,41,59,3,35f173a0,c5aef772,235c2bb6,0,0,0,0,
Durban's Super Giants,42,60,3,35f173a0,c5aef772,235c2bb6,1,0,1,0,
Durban's Super Giants,43,60,3,235c2bb6,c5aef772,35f173a0,0,0,0,0,
Durban's Super Giants,44,64,3,235c2bb6,c5aef772,35f173a0,4,0,4,0,
Durban's Super Giants,45,64,3,35f173a0,68790da2,235c2bb6,0,0,0,0,
Durban's Super Giants,46,66,3,35f173a0,68790da2,235c2bb6,2,0,2,0,
Durban's Super Giants,47,66,3,35f173a0,68790da2,235c2bb6,0,0,0,0,
Durban's Super Giants,48,68,3,35f173a0,68790da2,235c2bb6,2,0,2,0,
Durban's Super Giants,49,69,3,35f173a0,68790da2,235c2bb6,1,0,1,0,
Durban's Super Giants,50,70,3,235c2bb6,68790da2,35f173a0,1,0,1,0,
Durban's Super Giants,51,71,3,235c2bb6,c5aef772,35f173a0,1,0,1,0,
Durban's Super Giants,52,71,3,35f173a0,c5aef772,235c2bb6,0,0,0,0,
Durban's Super Giants,53,72,3,35f173a0,c5aef772,235c2bb6,1,0,1,0,
Durban's Super Giants,54,72,3,235c2bb6,c5aef772,35f173a0,0,0,0,0,
Durban's Super Giants,55,73,3,235c2bb6,c5aef772,35f173a0,1,0,1,0,
Durban's Super Giants,56,74,3,35f173a0,c5aef772,235c2bb6,1,0,1,0,
Durban's Super Giants,57,75,3,35f173a0,68790da2,235c2bb6,1,0,1,0,
Durban's Super Giants,58,76,3,235c2bb6,68790da2,35f173a0,1,0,1,0,
Durban's Super Giants,59,77,3,35f173a0,68790da2,235c2bb6,1,0,1,0,
Durban's Super Giants,60,81,3,235c2bb6,68790da2,35f173a0,4,0,4,0,
Durban's Super Giants,61,81,3,235c2bb6,68790da2,35f173a0,0,0,0,0,
Durban's Super Giants,62,82,3,235c2bb6,68790da2,35f173a0,1,0,1,0,
Durban's Super Giants,63,82,3,235c2bb6,465aa633,35f173a0,0,0,0,0,
Durban's Super Giants,64,83,3,235c2bb6,465aa633,35f173a0,1,0,1,0,
Durban's Super Giants,65,84,3,35f173a0,465aa633,235c2bb6,1,0,1,0,
Durban's Super Giants,66,88,3,235c2bb6,465aa633,35f173a0,4,0,4,0,
Durban's Super Giants,67,89,3,235c2bb6,465aa633,35f173a0,1,0,1,0,
Durban's Super Giants,68,89,3,35f173a0,465aa633,235c2bb6,0,0,0,0,
Durban's Super Giants,69,93,3,235c2bb6,68790da2,35f173a0,4,0,4,0,
Durban's Super Giants,70,95,3,235c2bb6,68790da2,35f173a0,2,0,2,0,
Durban's Super Giants,71,97,3,235c2bb6,68790da2,35f173a0,2,0,2,0,
Durban's Super Giants,72,98,3,235c2bb6,68790da2,35f173a0,1,0,1,0,
Durban's Super Giants,73,102,3,35f173a0,68790da2,235c2bb6,4,0,4,0,
Durban's Super Giants,74,103,3,35f173a0,68790da2,235c2bb6,1,0,1,0,
Durban's Super Giants,75,104,3,35f173a0,465aa633,235c2bb6,1,0,1,0,
Durban's Super Giants,76,105,3,235c2bb6,465aa633,35f173a0,1,0,1,0,
Durban's Super Giants,77,111,3,35f173a0,465aa633,235c2bb6,6,0,6,0,
Durban's Super Giants,78,112,3,35f173a0,465aa633,235c2bb6,1,0,1,0,
Durban's Super Giants,79,112,3,235c2bb6,465aa633,35f173a0,0,0,0,0,
Durban's Super Giants,80,113,3,235c2bb6,465aa633,35f173a0,1,0,1,0,
Durban's Super Giants,81,115,3,235c2bb6,f24c6701,35f173a0,2,0,2,0,
Durban's Super Giants,82,115,3,235c2bb6,f24c6701,35f173a0,0,0,0,0,
Durban's Super Giants,83,115,3,235c2bb6,f24c6701,35f173a0,0,0,0,0,
Durban's Super Giants,84,117,3,235c2bb6,f24c6701,35f173a0,2,0,2,0,
Durban's Super Giants,85,119,3,235c2bb6,f24c6701,35f173a0,2,0,2,0,
Durban's Super Giants,86,120,3,235c2bb6,f24c6701,35f173a0,1,0,1,0,
Durban's Super Giants,87,121,3,235c2bb6,3204c99f,35f173a0,1,0,1,0,
Durban's Super Giants,88,121,4,35f173a0,3204c99f,235c2bb6,0,0,0,1,caught
Durban's Super Giants,89,122,4,75224f22,3204c99f,235c2bb6,1,0,1,0,
Durban's Super Giants,90,123,4,235c2bb6,3204c99f,75224f22,1,0,1,0,
Durban's Super Giants,91,124,4,75224f22,3204c99f,235c2bb6,1,0,1,0,
Durban's Super Giants,92,125,4,235c2bb6,3204c99f,75224f22,1,0,1,0,
Durban's Super Giants,93,126,4,235c2bb6,f24c6701,75224f22,1,0,1,0,
Durban's Super Giants,94,126,4,75224f22,f24c6701,235c2bb6,0,0,0,0,
Durban's Super Giants,95,126,4,75224f22,f24c6701,235c2bb6,0,0,0,0,
Durban's Super Giants,96,126,4,75224f22,f24c6701,235c2bb6,0,0,0,0,
Durban's Super Giants,97,132,4,75224f22,f24c6701,235c2bb6,6,0,6,0,
Durban's Super Giants,98,132,5,75224f22,f24c6701,235c2bb6,0,0,0,1,caught
Durban's Super Giants,99,133,5,235c2bb6,c5aef772,0f721006,1,0,1,0,
Durban's Super Giants,100,134,5,0f721006,c5aef772,235c2bb6,1,0,1,0,
Durban's Super Giants,101,135,5,235c2bb6,c5aef772,0f721006,1,0,1,0,
Durban's Super Giants,102,139,5,0f721006,c5aef772,235c2bb6,4,0,4,0,
Durban's Super Giants,103,140,5,0f721006,c5aef772,235c2bb6,1,0,1,0,
Durban's Super Giants,104,142,5,235c2bb6,c5aef772,0f721006,2,0,2,0,
Durban's Super Giants,105,143,5,0f721006,b0946605,235c2bb6,1,0,1,0,
Durban's Super Giants,106,145,5,235c2bb6,b0946605,0f721006,2,0,2,0,
Durban's Super Giants,107,146,5,235c2bb6,b0946605,0f721006,1,0,1,0,
Durban's Super Giants,108,147,5,0f721006,b0946605,235c2bb6,1,0,1,0,
Durban's Super Giants,109,147,5,235c2bb6,b0946605,0f721006,0,0,0,0,
Durban's Super Giants,110,151,5,235c2bb6,b0946605,0f721006,4,0,4,0,
Durban's Super Giants,111,151,5,0f721006,3204c99f,235c2bb6,0,0,0,0,
Durban's Super Giants,112,152,5,0f721006,3204c99f,235c2bb6,1,0,1,0,
Durban's Super Giants,113,154,5,235c2bb6,3204c99f,0f721006,2,0,2,0,
Durban's Super Giants,114,154,6,235c2bb6,3204c99f,0f721006,0,0,0,1,caught
Durban's Super Giants,115,155,6,23638956,3204c99f,0f721006,1,0,1,0,
Durban's Super Giants,116,159,6,0f721006,3204c99f,23638956,4,0,4,0,
Durban's Super Giants,117,162,6,23638956,b0946605,0f721006,3,0,3,0,
Durban's Super Giants,118,168,6,0f721006,b0946605,23638956,6,0,6,0,
Durban's Super Giants,119,172,6,0f721006,b0946605,23638956,4,0,4,0,
Durban's Super Giants,120,176,6,0f721006,b0946605,23638956,4,0,4,0,
Durban's Super Giants,121,177,6,0f721006,b0946605,23638956,1,0,1,0,
Durban's Super Giants,122,178,6,23638956,b0946605,0f721006,1,0,1,0,
Joburg Super Kings,1,0,0,b8cc58c9,73c18486,3355b542,0,0,0,0,
Joburg Super Kings,2,1,0,b8cc58c9,73c18486,3355b542,0,1,1,0,
Joburg Super Kings,3,1,0,b8cc58c9,73c18486,3355b542,0,0,0,0,
Joburg Super Kings,4,2,0,b8cc58c9,73c18486,3355b542,0,1,1,0,
Joburg Super Kings,5,2,0,b8cc58c9,73c18486,3355b542,0,0,0,0,
Joburg Super Kings,6,2,0,b8cc58c9,73c18486,3355b542,0,0,0,0,
Joburg Super Kings,7,2,0,b8cc58c9,73c18486,3355b542,0,0,0,0,
Joburg Super Kings,8,3,0,b8cc58c9,73c18486,3355b542,1,0,1,0,
Joburg Super Kings,9,3,0,b8cc58c9,0b60eb09,3355b542,0,0,0,0,
Joburg Super Kings,10,4,0,b8cc58c9,0b60eb09,3355b542,1,0,1,0,
Joburg Super Kings,11,5,0,3355b542,0b60eb09,b8cc58c9,1,0,1,0,
Joburg Super Kings,12,5,0,b8cc58c9,0b60eb09,3355b542,0,0,0,0,
Joburg Super Kings,13,6,0,b8cc58c9,0b60eb09,3355b542,1,0,1,0,
Joburg Super Kings,14,6,0,3355b542,0b60eb09,b8cc58c9,0,0,0,0,
Joburg Super Kings,15,6,0,b8cc58c9,8db7f47f,3355b542,0,0,0,0,
Joburg Super Kings,16,6,0,b8cc58c9,8db7f47f,3355b542,0,0,0,0,
Joburg Super Kings,17,7,0,b8cc58c9,8db7f47f,3355b542,1,0,1,0,
Joburg Super Kings,18,7,0,3355b542,8db7f47f,b8cc58c9,0,0,0,0,
Joburg Super Kings,19,8,0,3355b542,8db7f47f,b8cc58c9,1,0,1,0,
Joburg Super Kings,20,8,0,b8cc58c9,8db7f47f,3355b542,0,0,0,0,
Joburg Super Kings,21,8,0,3355b542,0b60eb09,b8cc58c9,0,0,0,0,
Joburg Super Kings,22,12,0,3355b542,0b60eb09,b8cc58c9,4,0,4,0,
Joburg Super Kings,23,13,0,3355b542,0b60eb09,b8cc58c9,1,0,1,0,
Joburg Super Kings,24,13,0,b8cc58c9,0b60eb09,3355b542,0,0,0,0,
Joburg Super Kings,25,19,0,b8cc58c9,0b60eb09,3355b542,6,0,6,0,
Joburg Super Kings,26,19,0,b8cc58c9,0b60eb09,3355b542,0,0,0,0,
Joburg Super Kings,27,20,0,3355b542,8db7f47f,b8cc58c9,1,0,1,0,
Joburg Super Kings,28,21,0,b8cc58c9,8db7f47f,3355b542,0,1,1,0,
Joburg Super Kings,29,22,0,3355b542,8db7f47f,b8cc58c9,1,0,1,0,
Joburg Super Kings,30,23,0,b8cc58c9,8db7f47f,3355b542,1,0,1,0,
Joburg Super Kings,31,25,0,3355b542,8db7f47f,b8cc58c9,2,0,2,0,
Joburg Super Kings,32,25,0,3355b542,8db7f47f,b8cc58c9,0,0,0,0,
Joburg Super Kings,33,26,0,b8cc58c9,0f721006,3355b542,1,0,1,0,
Joburg Super Kings,34,26,0,3355b542,0f721006,b8cc58c9,0,0,0,0,
Joburg Super Kings,35,32,0,3355b542,0f721006,b8cc58c9,6,0,6,0,
Joburg Super Kings,36,36,0,3355b542,0f721006,b8cc58c9,4,0,4,0,
Joburg Super Kings,37,40,0,3355b542,0f721006,b8cc58c9,0,4,4,0,
Joburg Super Kings,38,41,0,3355b542,0f721006,b8cc58c9,1,0,1,0,
Joburg Super Kings,39,42,0,3355b542,0b60eb09,b8cc58c9,1,0,1,0,
Joburg Super Kings,40,43,0,b8cc58c9,0b60eb09,3355b542,1,0,1,0,
Joburg Super Kings,41,44,0,3355b542,0b60eb09,b8cc58c9,1,0,1,0,
Joburg Super Kings,42,45,0,b8cc58c9,0b60eb09,3355b542,1,0,1,0,
Joburg Super Kings,43,46,0,3355b542,0b60eb09,b8cc58c9,1,0,1,0,
Joburg Super Kings,44,46,0,b8cc58c9,0b60eb09,3355b542,0,0,0,0,
Joburg Super Kings,45,46,0,3355b542,a316d663,b8cc58c9,0,0,0,0,
Joburg Super Kings,46,50,0,3355b542,a316d663,b8cc58c9,4,0,4,0,
Joburg Super Kings,47,51,0,3355b542,a316d663,b8cc58c9,1,0,1,0,
Joburg Super Kings,48,55,0,b8cc58c9,a316d663,3355b542,4,0,4,0,
Joburg Super Kings,49,56,0,b8cc58c9,a316d663,3355b542,0,1,1,0,
Joburg Super Kings,50,57,0,3355b542,a316d663,b8cc58c9,1,0,1,0,
Joburg Super Kings,51,58,0,3355b542,0b60eb09,b8cc58c9,1,0,1,0,
Joburg Super Kings,52,58,0,b8cc58c9,0b60eb09,3355b542,0,0,0,0,
Joburg Super Kings,53,59,0,b8cc58c9,0b60eb09,3355b542,1,0,1,0,
Joburg Super Kings,54,63,0,3355b542,0b60eb09,b8cc58c9,4,0,4,0,
Joburg Super Kings,55,64,0,3355b542,0b60eb09,b8cc58c9,1,0,1,0,
Joburg Super Kings,56,65,0,b8cc58c9,0b60eb09,3355b542,1,0,1,0,
Joburg Super Kings,57,66,0,b8cc58c9,23638956,3355b542,1,0,1,0,
Joburg Super Kings,58,67,0,3355b542,23638956,b8cc58c9,1,0,1,0,
Joburg Super Kings,59,67,0,b8cc58c9,23638956,3355b542,0,0,0,0,
Joburg Super Kings,60,67,0,b8cc58c9,23638956,3355b542,0,0,0,0,
Joburg Super Kings,61,68,0,b8cc58c9,23638956,3355b542,1,0,1,0,
Joburg Super Kings,62,72,0,3355b542,23638956,b8cc58c9,4,0,4,0,
Joburg Super Kings,63,73,0,b8cc58c9,73c18486,3355b542,1,0,1,0,
Joburg Super Kings,64,73,0,3355b542,73c18486,b8cc58c9,0,0,0,0,
Joburg Super Kings,65,74,0,3355b542,73c18486,b8cc58c9,1,0,1,0,
Joburg Super Kings,66,74,0,b8cc58c9,73c18486,3355b542,0,0,0,0,
Joburg Super Kings,67,75,0,b8cc58c9,73c18486,3355b542,1,0,1,0,
Joburg Super Kings,68,75,0,3355b542,73c18486,b8cc58c9,0,0,0,0,
Joburg Super Kings,69,75,0,b8cc58c9,0f721006,3355b542,0,0,0,0,
Joburg Super Kings,70,76,0,b8cc58c9,0f721006,3355b542,1,0,1,0,
Joburg Super Kings,71,82,0,3355b542,0f721006,b8cc58c9,6,0,6,0,
Joburg Super Kings,72,86,0,3355b542,0f721006,b8cc58c9,4,0,4,0,
Joburg Super Kings,73,87,0,3355b542,0f721006,b8cc58c9,0,1,1,0,
Joburg Super Kings,74,93,0,3355b542,0f721006,b8cc58c9,6,0,6,0,
Joburg Super Kings,75,94,0,3355b542,0f721006,b8cc58c9,1,0,1,0,
Joburg Super Kings,76,94,0,3355b542,8db7f47f,b8cc58c9,0,0,0,0,
Joburg Super Kings,77,94,0,3355b542,8db7f47f,b8cc58c9,0,0,0,0,
Joburg Super Kings,78,95,0,3355b542,8db7f47f,b8cc58c9,1,0,1,0,
Joburg Super Kings,79,95,0,b8cc58c9,8db7f47f,3355b542,0,0,0,0,
Joburg Super Kings,80,96,0,b8cc58c9,8db7f47f,3355b542,1,0,1,0,
Joburg Super Kings,81,97,0,3355b542,8db7f47f,b8cc58c9,1,0,1,0,
Joburg Super Kings,82,99,0,3355b542,23638956,b8cc58c9,2,0,2,0,
Joburg Super Kings,83,100,0,3355b542,23638956,b8cc58c9,1,0,1,0,
Joburg Super Kings,84,101,0,b8cc58c9,23638956,3355b542,1,0,1,0,
Joburg Super Kings,85,107,0,3355b542,23638956,b8cc58c9,6,0,6,0,
Joburg Super Kings,86,109,0,3355b542,23638956,b8cc58c9,2,0,2,0,
Joburg Super Kings,87,110,0,3355b542,23638956,b8cc58c9,1,0,1,0,
Joburg Super Kings,88,114,0,3355b542,a316d663,b8cc58c9,0,4,4,0,
Joburg Super Kings,89,114,0,3355b542,a316d663,b8cc58c9,0,0,0,0,
Joburg Super Kings,90,120,0,3355b542,a316d663,b8cc58c9,6,0,6,0,
Joburg Super Kings,91,126,0,3355b542,a316d663,b8cc58c9,6,0,6,0,
Joburg Super Kings,92,130,0,3355b542,a316d663,b8cc58c9,4,0,4,0,
Joburg Super Kings,93,131,0,3355b542,a316d663,b8cc58c9,1,0,1,0,
Joburg Super Kings,94,137,0,3355b542,23638956,b8cc58c9,6,0,6,0,
Joburg Super Kings,95,138,0,3355b542,23638956,b8cc58c9,1,0,1,0,
Joburg Super Kings,96,138,0,b8cc58c9,23638956,3355b542,0,0,0,0,
Joburg Super Kings,97,142,0,b8cc58c9,23638956,3355b542,4,0,4,0,
Joburg Super Kings,98,146,0,b8cc58c9,23638956,3355b542,4,0,4,0,
Joburg Super Kings,99,152,0,b8cc58c9,23638956,3355b542,6,0,6,0,
Joburg Super Kings,100,153,0,3355b542,8db7f47f,b8cc58c9,1,0,1,0,
Joburg Super Kings,101,157,0,b8cc58c9,8db7f47f,3355b542,4,0,4,0,
Joburg Super Kings,102,157,1,b8cc58c9,8db7f47f,3355b542,0,0,0,1,caught
Joburg Super Kings,103,161,1,f0af99a7,8db7f47f,3355b542,4,0,4,0,
Joburg Super Kings,104,161,1,f0af99a7,8db7f47f,3355b542,0,0,0,0,
Joburg Super Kings,105,161,1,f0af99a7,8db7f47f,3355b542,0,0,0,0,
Joburg Super Kings,106,165,1,3355b542,a316d663,f0af99a7,4,0,4,0,
Joburg Super Kings,107,167,1,3355b542,a316d663,f0af99a7,2,0,2,0,
Joburg Super Kings,108,168,1,3355b542,a316d663,f0af99a7,1,0,1,0,
Joburg Super Kings,109,168,1,f0af99a7,a316d663,3355b542,0,0,0,0,
Joburg Super Kings,110,168,1,f0af99a7,a316d663,3355b542,0,0,0,0,
Joburg Super Kings,111,168,1,f0af99a7,a316d663,3355b542,0,0,0,0,
Joburg Super Kings,112,169,1,3355b542,c96f6ac5,f0af99a7,0,1,1,0,
Joburg Super Kings,113,170,1,3355b542,c96f6ac5,f0af99a7,1,0,1,0,
Joburg Super Kings,114,170,1,f0af99a7,c96f6ac5,3355b542,0,0,0,0,
Joburg Super Kings,115,170,2,f0af99a7,c96f6ac5,3355b542,0,0,0,1,caught
Joburg Super Kings,116,174,2,6e6fb538,c96f6ac5,3355b542,4,0,4,0,
Joburg Super Kings,117,176,2,6e6fb538,c96f6ac5,3355b542,2,0,2,0,
Joburg Super Kings,118,176,2,6e6fb538,c96f6ac5,3355b542,0,0,0,0,
Joburg Super Kings,119,182,2,3355b542,a316d663,6e6fb538,6,0,6,0,
