batting_team,ball_number,total_team_runs,total_team_wickets,striker_ID,bowler_ID,nonstriker_ID,batter_runs,extras_runs,total_delivery_runs,wicket,wicket_type
Pakistan,1,0,0,adb2f55e,686362af,72c9ad99,0,0,0,0,
Pakistan,2,0,0,adb2f55e,686362af,72c9ad99,0,0,0,0,
Pakistan,3,0,0,adb2f55e,686362af,72c9ad99,0,0,0,0,
Pakistan,4,1,0,adb2f55e,686362af,72c9ad99,1,0,1,0,
Pakistan,5,1,0,72c9ad99,686362af,adb2f55e,0,0,0,0,
Pakistan,6,2,0,72c9ad99,686362af,adb2f55e,1,0,1,0,
Pakistan,7,3,0,72c9ad99,ce85fcaf,adb2f55e,1,0,1,0,
Pakistan,8,3,0,adb2f55e,ce85fcaf,72c9ad99,0,0,0,0,
Pakistan,9,3,0,adb2f55e,ce85fcaf,72c9ad99,0,0,0,0,
Pakistan,10,3,0,adb2f55e,ce85fcaf,72c9ad99,0,0,0,0,
Pakistan,11,7,0,adb2f55e,ce85fcaf,72c9ad99,4,0,4,0,
Pakistan,12,11,0,adb2f55e,ce85fcaf,72c9ad99,4,0,4,0,
Pakistan,13,11,0,72c9ad99,ea544967,adb2f55e,0,0,0,0,
Pakistan,14,15,0,72c9ad99,ea544967,adb2f55e,4,0,4,0,
Pakistan,15,15,0,72c9ad99,ea544967,adb2f55e,0,0,0,0,
Pakistan,16,16,0,72c9ad99,ea544967,adb2f55e,1,0,1,0,
Pakistan,17,18,0,adb2f55e,ea544967,72c9ad99,2,0,2,0,
Pakistan,18,22,0,adb2f55e,ea544967,72c9ad99,4,0,4,0,
Pakistan,19,23,0,72c9ad99,6e28e586,adb2f55e,0,1,1,0,
Pakistan,20,23,0,72c9ad99,6e28e586,adb2f55e,0,0,0,0,
Pakistan,21,25,0,72c9ad99,6e28e586,adb2f55e,1,1,2,0,
Pakistan,22,26,0,adb2f55e,6e28e586,72c9ad99,1,0,1,0,
Pakistan,23,26,0,72c9ad99,6e28e586,adb2f55e,0,0,0,0,
Pakistan,24,27,0,72c9ad99,6e28e586,adb2f55e,1,0,1,0,
Pakistan,25,28,0,adb2f55e,6e28e586,72c9ad99,1,0,1,0,
Pakistan,26,29,0,72c9ad99,6e28e586,adb2f55e,1,0,1,0,
Pakistan,27,29,0,72c9ad99,ea544967,adb2f55e,0,0,0,0,
Pakistan,28,31,0,72c9ad99,ea544967,adb2f55e,2,0,2,0,
Pakistan,29,32,0,72c9ad99,ea544967,adb2f55e,0,1,1,0,
Pakistan,30,36,0,72c9ad99,ea544967,adb2f55e,4,0,4,0,
Pakistan,31,37,0,72c9ad99,ea544967,adb2f55e,1,0,1,0,
Pakistan,32,37,0,adb2f55e,ea544967,72c9ad99,0,0,0,0,
Pakistan,33,37,0,adb2f55e,ea544967,72c9ad99,0,0,0,0,
Pakistan,34,37,0,72c9ad99,ce85fcaf,adb2f55e,0,0,0,0,
Pakistan,35,39,0,72c9ad99,ce85fcaf,adb2f55e,2,0,2,0,
Pakistan,36,40,0,72c9ad99,ce85fcaf,adb2f55e,1,0,1,0,
Pakistan,37,40,0,adb2f55e,ce85fcaf,72c9ad99,0,0,0,0,
Pakistan,38,40,0,adb2f55e,ce85fcaf,72c9ad99,0,0,0,0,
Pakistan,39,41,0,adb2f55e,ce85fcaf,72c9ad99,1,0,1,0,
Pakistan,40,41,1,adb2f55e,686362af,72c9ad99,0,0,0,1,caught and bowled
Pakistan,41,42,1,3b770527,686362af,72c9ad99,1,0,1,0,
Pakistan,42,42,1,72c9ad99,686362af,3b770527,0,0,0,0,
Pakistan,43,46,1,72c9ad99,686362af,3b770527,4,0,4,0,
Pakistan,44,47,1,72c9ad99,686362af,3b770527,1,0,1,0,
Pakistan,45,47,1,3b770527,686362af,72c9ad99,0,0,0,0,
Pakistan,46,48,1,72c9ad99,2b425403,3b770527,1,0,1,0,
Pakistan,47,49,1,3b770527,2b425403,72c9ad99,1,0,1,0,
Pakistan,48,49,1,72c9ad99,2b425403,3b770527,0,0,0,0,
Pakistan,49,49,1,72c9ad99,2b425403,3b770527,0,0,0,0,
Pakistan,50,49,1,72c9ad99,2b425403,3b770527,0,0,0,0,
Pakistan,51,53,1,72c9ad99,2b425403,3b770527,4,0,4,0,
Pakistan,52,53,1,3b770527,b17a4a93,72c9ad99,0,0,0,0,
Pakistan,53,54,1,3b770527,b17a4a93,72c9ad99,1,0,1,0,
Pakistan,54,55,1,72c9ad99,b17a4a93,3b770527,1,0,1,0,
Pakistan,55,55,1,3b770527,b17a4a93,72c9ad99,0,0,0,0,
Pakistan,56,59,1,3b770527,b17a4a93,72c9ad99,4,0,4,0,
Pakistan,57,60,1,3b770527,b17a4a93,72c9ad99,1,0,1,0,
Pakistan,58,63,1,3b770527,2b425403,72c9ad99,3,0,3,0,
Pakistan,59,64,1,72c9ad99,2b425403,3b770527,1,0,1,0,
Pakistan,60,68,1,3b770527,2b425403,72c9ad99,4,0,4,0,
Pakistan,61,69,1,3b770527,2b425403,72c9ad99,1,0,1,0,
Pakistan,62,70,1,72c9ad99,2b425403,3b770527,1,0,1,0,
Pakistan,63,71,1,3b770527,2b425403,72c9ad99,1,0,1,0,
Pakistan,64,75,1,3b770527,686362af,72c9ad99,4,0,4,0,
Pakistan,65,76,1,3b770527,686362af,72c9ad99,1,0,1,0,
Pakistan,66,77,1,72c9ad99,686362af,3b770527,1,0,1,0,
Pakistan,67,79,1,3b770527,686362af,72c9ad99,2,0,2,0,
Pakistan,68,80,1,3b770527,686362af,72c9ad99,1,0,1,0,
Pakistan,69,81,1,72c9ad99,686362af,3b770527,1,0,1,0,
Pakistan,70,82,1,72c9ad99,6e28e586,3b770527,1,0,1,0,
Pakistan,71,83,1,3b770527,6e28e586,72c9ad99,1,0,1,0,
Pakistan,72,84,1,72c9ad99,6e28e586,3b770527,1,0,1,0,
Pakistan,73,85,1,3b770527,6e28e586,72c9ad99,1,0,1,0,
Pakistan,74,85,1,72c9ad99,6e28e586,3b770527,0,0,0,0,
Pakistan,75,86,1,72c9ad99,6e28e586,3b770527,1,0,1,0,
Pakistan,76,87,1,72c9ad99,b17a4a93,3b770527,1,0,1,0,
Pakistan,77,89,1,3b770527,b17a4a93,72c9ad99,2,0,2,0,
Pakistan,78,89,1,3b770527,b17a4a93,72c9ad99,0,0,0,0,
Pakistan,79,90,1,3b770527,b17a4a93,72c9ad99,1,0,1,0,
Pakistan,80,90,1,72c9ad99,b17a4a93,3b770527,0,0,0,0,
Pakistan,81,90,2,72c9ad99,b17a4a93,3b770527,0,0,0,1,caught
Pakistan,82,91,2,3b770527,6e28e586,ed840f44,1,0,1,0,
Pakistan,83,92,2,ed840f44,6e28e586,3b770527,1,0,1,0,
Pakistan,84,93,2,3b770527,6e28e586,ed840f44,0,1,1,0,
Pakistan,85,94,2,ed840f44,6e28e586,3b770527,0,1,1,0,
Pakistan,86,95,2,ed840f44,6e28e586,3b770527,1,0,1,0,
Pakistan,87,98,2,3b770527,6e28e586,ed840f44,3,0,3,0,
Pakistan,88,99,2,ed840f44,6e28e586,3b770527,1,0,1,0,
Pakistan,89,103,2,ed840f44,b17a4a93,3b770527,4,0,4,0,
Pakistan,90,105,2,ed840f44,b17a4a93,3b770527,2,0,2,0,
Pakistan,91,105,2,ed840f44,b17a4a93,3b770527,0,0,0,0,
Pakistan,92,111,2,ed840f44,b17a4a93,3b770527,6,0,6,0,
Pakistan,93,112,2,ed840f44,b17a4a93,3b770527,1,0,1,0,
Pakistan,94,113,2,3b770527,b17a4a93,ed840f44,1,0,1,0,
Pakistan,95,113,2,3b770527,ce85fcaf,ed840f44,0,0,0,0,
Pakistan,96,114,2,3b770527,ce85fcaf,ed840f44,1,0,1,0,
Pakistan,97,118,2,ed840f44,ce85fcaf,3b770527,4,0,4,0,
Pakistan,98,119,2,ed840f44,ce85fcaf,3b770527,1,0,1,0,
Pakistan,99,120,2,3b770527,ce85fcaf,ed840f44,1,0,1,0,
Pakistan,100,124,2,ed840f44,ce85fcaf,3b770527,4,0,4,0,
Pakistan,101,125,2,3b770527,686362af,ed840f44,1,0,1,0,
Pakistan,102,125,2,ed840f44,686362af,3b770527,0,0,0,0,
Pakistan,103,129,2,ed840f44,686362af,3b770527,4,0,4,0,
Pakistan,104,129,2,ed840f44,686362af,3b770527,0,0,0,0,
Pakistan,105,129,2,ed840f44,686362af,3b770527,0,0,0,0,
Pakistan,106,130,2,ed840f44,686362af,3b770527,1,0,1,0,
Pakistan,107,131,2,ed840f44,ea544967,3b770527,1,0,1,0,
Pakistan,108,132,2,3b770527,ea544967,ed840f44,0,1,1,0,
Pakistan,109,136,2,ed840f44,ea544967,3b770527,4,0,4,0,
Pakistan,110,137,2,ed840f44,ea544967,3b770527,1,0,1,0,
Pakistan,111,138,2,3b770527,ea544967,ed840f44,0,1,1,0,
Pakistan,112,138,2,3b770527,ea544967,ed840f44,0,0,0,0,
Pakistan,113,139,2,3b770527,ea544967,ed840f44,1,0,1,0,
Pakistan,114,139,3,3b770527,6e28e586,ed840f44,0,0,0,1,caught
Pakistan,115,140,3,2904b4b6,6e28e586,ed840f44,1,0,1,0,
Pakistan,116,140,4,ed840f44,6e28e586,2904b4b6,0,0,0,1,caught
Pakistan,117,142,4,86fdf668,6e28e586,2904b4b6,2,0,2,0,
Pakistan,118,143,4,86fdf668,6e28e586,2904b4b6,1,0,1,0,
Pakistan,119,143,4,2904b4b6,6e28e586,86fdf668,0,0,0,0,
Pakistan,120,144,4,86fdf668,ea544967,2904b4b6,1,0,1,0,
Pakistan,121,145,4,2904b4b6,ea544967,86fdf668,1,0,1,0,
Pakistan,122,145,4,86fdf668,ea544967,2904b4b6,0,0,0,0,
Pakistan,123,149,4,86fdf668,ea544967,2904b4b6,4,0,4,0,
Pakistan,124,149,5,86fdf668,ea544967,2904b4b6,0,0,0,1,caught
Pakistan,125,150,5,4cf8708b,ea544967,2904b4b6,1,0,1,0,
South Africa,1,0,0,e60f81c9,53bb50f0,06659caa,0,0,0,0,
South Africa,2,0,0,e60f81c9,53bb50f0,06659caa,0,0,0,0,
South Africa,3,2,0,e60f81c9,53bb50f0,06659caa,2,0,2,0,
South Africa,4,6,0,e60f81c9,53bb50f0,06659caa,4,0,4,0,
South Africa,5,7,0,e60f81c9,53bb50f0,06659caa,1,0,1,0,
South Africa,6,9,0,06659caa,53bb50f0,e60f81c9,2,0,2,0,
South Africa,7,11,0,e60f81c9,a51e6c6e,06659caa,2,0,2,0,
South Africa,8,11,0,e60f81c9,a51e6c6e,06659caa,0,0,0,0,
South Africa,9,11,0,e60f81c9,a51e6c6e,06659caa,0,0,0,0,
South Africa,10,12,0,e60f81c9,a51e6c6e,06659caa,0,1,1,0,
South Africa,11,13,0,e60f81c9,a51e6c6e,06659caa,1,0,1,0,
South Africa,12,13,0,06659caa,a51e6c6e,e60f81c9,0,0,0,0,
South Africa,13,15,0,06659caa,a51e6c6e,e60f81c9,2,0,2,0,
South Africa,14,16,0,e60f81c9,53bb50f0,06659caa,1,0,1,0,
South Africa,15,17,0,06659caa,53bb50f0,e60f81c9,1,0,1,0,
South Africa,16,18,0,e60f81c9,53bb50f0,06659caa,1,0,1,0,
South Africa,17,18,0,06659caa,53bb50f0,e60f81c9,0,0,0,0,
South Africa,18,20,0,06659caa,53bb50f0,e60f81c9,2,0,2,0,
South Africa,19,21,0,06659caa,53bb50f0,e60f81c9,1,0,1,0,
South Africa,20,21,0,06659caa,a51e6c6e,e60f81c9,0,0,0,0,
South Africa,21,25,0,06659caa,a51e6c6e,e60f81c9,4,0,4,0,
South Africa,22,26,0,06659caa,a51e6c6e,e60f81c9,0,1,1,0,
South Africa,23,30,0,06659caa,a51e6c6e,e60f81c9,4,0,4,0,
South Africa,24,31,0,06659caa,a51e6c6e,e60f81c9,1,0,1,0,
South Africa,25,32,0,e60f81c9,a51e6c6e,06659caa,1,0,1,0,
South Africa,26,33,0,06659caa,a51e6c6e,e60f81c9,1,0,1,0,
South Africa,27,33,1,06659caa,c981d3c2,e60f81c9,0,0,0,1,bowled
South Africa,28,33,1,dcf0e8f4,c981d3c2,e60f81c9,0,0,0,0,
South Africa,29,33,1,dcf0e8f4,c981d3c2,e60f81c9,0,0,0,0,
South Africa,30,33,1,dcf0e8f4,c981d3c2,e60f81c9,0,0,0,0,
South Africa,31,33,1,dcf0e8f4,c981d3c2,e60f81c9,0,0,0,0,
South Africa,32,34,1,dcf0e8f4,c981d3c2,e60f81c9,1,0,1,0,
South Africa,33,35,1,dcf0e8f4,6ee11109,e60f81c9,1,0,1,0,
South Africa,34,35,1,e60f81c9,6ee11109,dcf0e8f4,0,0,0,0,
South Africa,35,37,1,e60f81c9,6ee11109,dcf0e8f4,2,0,2,0,
South Africa,36,39,1,e60f81c9,6ee11109,dcf0e8f4,2,0,2,0,
South Africa,37,39,1,e60f81c9,6ee11109,dcf0e8f4,0,0,0,0,
South Africa,38,41,1,e60f81c9,6ee11109,dcf0e8f4,2,0,2,0,
South Africa,39,42,1,dcf0e8f4,c981d3c2,e60f81c9,1,0,1,0,
South Africa,40,42,1,e60f81c9,c981d3c2,dcf0e8f4,0,0,0,0,
South Africa,41,42,1,e60f81c9,c981d3c2,dcf0e8f4,0,0,0,0,
South Africa,42,43,1,e60f81c9,c981d3c2,dcf0e8f4,1,0,1,0,
South Africa,43,44,1,dcf0e8f4,c981d3c2,e60f81c9,1,0,1,0,
South Africa,44,48,1,e60f81c9,c981d3c2,dcf0e8f4,4,0,4,0,
South Africa,45,49,1,dcf0e8f4,6ee11109,e60f81c9,1,0,1,0,
South Africa,46,50,1,e60f81c9,6ee11109,dcf0e8f4,1,0,1,0,
South Africa,47,54,1,dcf0e8f4,6ee11109,e60f81c9,0,4,4,0,
South Africa,48,55,1,dcf0e8f4,6ee11109,e60f81c9,1,0,1,0,
South Africa,49,56,1,e60f81c9,6ee11109,dcf0e8f4,1,0,1,0,
South Africa,50,60,1,dcf0e8f4,6ee11109,e60f81c9,4,0,4,0,
South Africa,51,61,1,e60f81c9,c981d3c2,dcf0e8f4,1,0,1,0,
South Africa,52,61,2,dcf0e8f4,c981d3c2,e60f81c9,0,0,0,1,caught and bowled
South Africa,53,61,2,6d76bc23,c981d3c2,e60f81c9,0,0,0,0,
South Africa,54,62,2,6d76bc23,c981d3c2,e60f81c9,1,0,1,0,
South Africa,55,62,2,e60f81c9,c981d3c2,6d76bc23,0,0,0,0,
South Africa,56,63,2,e60f81c9,c981d3c2,6d76bc23,1,0,1,0,
South Africa,57,67,2,e60f81c9,6ee11109,6d76bc23,4,0,4,0,
South Africa,58,68,2,e60f81c9,6ee11109,6d76bc23,1,0,1,0,
South Africa,59,69,2,6d76bc23,6ee11109,e60f81c9,0,1,1,0,
South Africa,60,69,2,e60f81c9,6ee11109,6d76bc23,0,0,0,0,
South Africa,61,69,2,e60f81c9,6ee11109,6d76bc23,0,0,0,0,
South Africa,62,73,2,e60f81c9,6ee11109,6d76bc23,4,0,4,0,
South Africa,63,74,2,6d76bc23,4cf8708b,e60f81c9,0,1,1,0,
South Africa,64,75,2,6d76bc23,4cf8708b,e60f81c9,1,0,1,0,
South Africa,65,76,2,e60f81c9,4cf8708b,6d76bc23,1,0,1,0,
South Africa,66,77,2,6d76bc23,4cf8708b,e60f81c9,1,0,1,0,
South Africa,67,78,2,e60f81c9,4cf8708b,6d76bc23,1,0,1,0,
South Africa,68,80,2,6d76bc23,4cf8708b,e60f81c9,2,0,2,0,
South Africa,69,81,2,6d76bc23,4cf8708b,e60f81c9,1,0,1,0,
South Africa,70,81,2,6d76bc23,ed840f44,e60f81c9,0,0,0,0,
South Africa,71,81,2,6d76bc23,ed840f44,e60f81c9,0,0,0,0,
South Africa,72,81,2,6d76bc23,ed840f44,e60f81c9,0,0,0,0,
South Africa,73,83,2,6d76bc23,ed840f44,e60f81c9,2,0,2,0,
South Africa,74,84,2,6d76bc23,ed840f44,e60f81c9,1,0,1,0,
South Africa,75,88,2,e60f81c9,ed840f44,6d76bc23,4,0,4,0,
South Africa,76,89,2,6d76bc23,4cf8708b,e60f81c9,1,0,1,0,
South Africa,77,93,2,e60f81c9,4cf8708b,6d76bc23,4,0,4,0,
South Africa,78,94,2,e60f81c9,4cf8708b,6d76bc23,1,0,1,0,
South Africa,79,95,2,6d76bc23,4cf8708b,e60f81c9,1,0,1,0,
South Africa,80,99,2,e60f81c9,4cf8708b,6d76bc23,4,0,4,0,
South Africa,81,103,2,e60f81c9,4cf8708b,6d76bc23,4,0,4,0,
South Africa,82,104,2,6d76bc23,ed840f44,e60f81c9,1,0,1,0,
South Africa,83,104,2,e60f81c9,ed840f44,6d76bc23,0,0,0,0,
South Africa,84,105,2,e60f81c9,ed840f44,6d76bc23,1,0,1,0,
South Africa,85,106,2,6d76bc23,ed840f44,e60f81c9,1,0,1,0,
South Africa,86,108,2,e60f81c9,ed840f44,6d76bc23,2,0,2,0,
South Africa,87,109,2,e60f81c9,ed840f44,6d76bc23,1,0,1,0,
South Africa,88,109,2,e60f81c9,53bb50f0,6d76bc23,0,0,0,0,
South Africa,89,109,2,e60f81c9,53bb50f0,6d76bc23,0,0,0,0,
South Africa,90,110,2,e60f81c9,53bb50f0,6d76bc23,1,0,1,0,
South Africa,91,110,3,6d76bc23,53bb50f0,e60f81c9,0,0,0,1,caught
South Africa,92,110,3,ea544967,53bb50f0,e60f81c9,0,0,0,0,
South Africa,93,111,3,ea544967,53bb50f0,e60f81c9,1,0,1,0,
South Africa,94,111,3,ea544967,ed840f44,e60f81c9,0,0,0,0,
South Africa,95,112,3,ea544967,ed840f44,e60f81c9,1,0,1,0,
South Africa,96,116,3,e60f81c9,ed840f44,ea544967,4,0,4,0,
South Africa,97,117,3,e60f81c9,ed840f44,ea544967,1,0,1,0,
South Africa,98,118,3,ea544967,ed840f44,e60f81c9,1,0,1,0,
South Africa,99,119,3,e60f81c9,ed840f44,ea544967,1,0,1,0,
South Africa,100,120,3,e60f81c9,c981d3c2,ea544967,1,0,1,0,
South Africa,101,122,3,ea544967,c981d3c2,e60f81c9,2,0,2,0,
South Africa,102,122,3,ea544967,c981d3c2,e60f81c9,0,0,0,0,
South Africa,103,123,3,ea544967,c981d3c2,e60f81c9,1,0,1,0,
South Africa,104,124,3,e60f81c9,c981d3c2,ea544967,1,0,1,0,
South Africa,105,124,3,ea544967,c981d3c2,e60f81c9,0,0,0,0,
South Africa,106,125,3,e60f81c9,6ee11109,ea544967,1,0,1,0,
South Africa,107,126,3,ea544967,6ee11109,e60f81c9,1,0,1,0,
South Africa,108,127,3,e60f81c9,6ee11109,ea544967,1,0,1,0,
South Africa,109,128,3,ea544967,6ee11109,e60f81c9,1,0,1,0,
South Africa,110,129,3,e60f81c9,6ee11109,ea544967,1,0,1,0,
South Africa,111,130,3,ea544967,6ee11109,e60f81c9,1,0,1,0,
South Africa,112,132,3,ea544967,53bb50f0,e60f81c9,2,0,2,0,
South Africa,113,133,3,ea544967,53bb50f0,e60f81c9,1,0,1,0,
South Africa,114,133,4,e60f81c9,53bb50f0,ea544967,0,0,0,1,caught
South Africa,115,134,4,2b425403,53bb50f0,ea544967,1,0,1,0,
South Africa,116,136,4,ea544967,53bb50f0,2b425403,2,0,2,0,
South Africa,117,138,4,ea544967,53bb50f0,2b425403,2,0,2,0,
South Africa,118,139,4,2b425403,a51e6c6e,ea544967,1,0,1,0,
South Africa,119,142,4,ea544967,a51e6c6e,2b425403,2,1,3,0,
South Africa,120,142,4,ea544967,a51e6c6e,2b425403,0,0,0,0,
South Africa,121,142,4,ea544967,a51e6c6e,2b425403,0,0,0,0,
South Africa,122,143,5,ea544967,a51e6c6e,2b425403,1,0,1,1,run out
South Africa,123,143,5,ea544967,a51e6c6e,b17a4a93,0,0,0,0,
South Africa,124,144,5,ea544967,a51e6c6e,b17a4a93,1,0,1,0,
