batting_team,ball_number,total_team_runs,total_team_wickets,striker_ID,bowler_ID,nonstriker_ID,batter_runs,extras_runs,total_delivery_runs,wicket,wicket_type
Karachi Kings,1,0,1,afa7e784,9c9af282,7bcde3fe,0,0,0,1,caught
Karachi Kings,2,1,1,431f8af4,9c9af282,7bcde3fe,1,0,1,0,
Karachi Kings,3,1,1,7bcde3fe,9c9af282,431f8af4,0,0,0,0,
Karachi Kings,4,1,1,7bcde3fe,9c9af282,431f8af4,0,0,0,0,
Karachi Kings,5,5,1,7bcde3fe,9c9af282,431f8af4,4,0,4,0,
Karachi Kings,6,9,1,7bcde3fe,9c9af282,431f8af4,4,0,4,0,
Karachi Kings,7,13,1,431f8af4,774e65b3,7bcde3fe,4,0,4,0,
Karachi Kings,8,13,1,431f8af4,774e65b3,7bcde3fe,0,0,0,0,
Karachi Kings,9,13,1,431f8af4,774e65b3,7bcde3fe,0,0,0,0,
Karachi Kings,10,13,1,431f8af4,774e65b3,7bcde3fe,0,0,0,0,
Karachi Kings,11,13,1,431f8af4,774e65b3,7bcde3fe,0,0,0,0,
Karachi Kings,12,13,1,431f8af4,774e65b3,7bcde3fe,0,0,0,0,
Karachi Kings,13,17,1,7bcde3fe,3086f7a4,431f8af4,4,0,4,0,
Karachi Kings,14,21,1,7bcde3fe,3086f7a4,431f8af4,4,0,4,0,
Karachi Kings,15,22,1,7bcde3fe,3086f7a4,431f8af4,1,0,1,0,
Karachi Kings,16,22,1,431f8af4,3086f7a4,7bcde3fe,0,0,0,0,
Karachi Kings,17,22,1,431f8af4,3086f7a4,7bcde3fe,0,0,0,0,
Karachi Kings,18,23,1,431f8af4,3086f7a4,7bcde3fe,1,0,1,0,
Karachi Kings,19,24,1,431f8af4,774e65b3,7bcde3fe,1,0,1,0,
Karachi Kings,20,25,1,7bcde3fe,774e65b3,431f8af4,1,0,1,0,
Karachi Kings,21,25,2,431f8af4,774e65b3,7bcde3fe,0,0,0,1,caught
Karachi Kings,22,26,2,b6359668,774e65b3,7bcde3fe,1,0,1,0,
Karachi Kings,23,26,2,7bcde3fe,774e65b3,b6359668,0,0,0,0,
Karachi Kings,24,27,2,7bcde3fe,774e65b3,b6359668,1,0,1,0,
Karachi Kings,25,28,2,7bcde3fe,11614d87,b6359668,1,0,1,0,
Karachi Kings,26,29,2,b6359668,11614d87,7bcde3fe,0,1,1,0,
Karachi Kings,27,29,2,b6359668,11614d87,7bcde3fe,0,0,0,0,
Karachi Kings,28,30,2,b6359668,11614d87,7bcde3fe,1,0,1,0,
Karachi Kings,29,32,2,7bcde3fe,11614d87,b6359668,2,0,2,0,
Karachi Kings,30,36,2,7bcde3fe,11614d87,b6359668,4,0,4,0,
Karachi Kings,31,37,2,7bcde3fe,11614d87,b6359668,1,0,1,0,
Karachi Kings,32,41,2,7bcde3fe,c0c411cb,b6359668,4,0,4,0,
Karachi Kings,33,41,2,7bcde3fe,c0c411cb,b6359668,0,0,0,0,
Karachi Kings,34,42,2,7bcde3fe,c0c411cb,b6359668,1,0,1,0,
Karachi Kings,35,45,2,b6359668,c0c411cb,7bcde3fe,3,0,3,0,
Karachi Kings,36,49,2,7bcde3fe,c0c411cb,b6359668,4,0,4,0,
Karachi Kings,37,53,2,7bcde3fe,c0c411cb,b6359668,4,0,4,0,
Karachi Kings,38,53,2,b6359668,3086f7a4,7bcde3fe,0,0,0,0,
Karachi Kings,39,53,2,b6359668,3086f7a4,7bcde3fe,0,0,0,0,
Karachi Kings,40,55,2,b6359668,3086f7a4,7bcde3fe,2,0,2,0,
Karachi Kings,41,55,2,b6359668,3086f7a4,7bcde3fe,0,0,0,0,
Karachi Kings,42,56,2,b6359668,3086f7a4,7bcde3fe,1,0,1,0,
Karachi Kings,43,57,2,7bcde3fe,3086f7a4,b6359668,1,0,1,0,
Karachi Kings,44,57,2,7bcde3fe,774e65b3,b6359668,0,0,0,0,
Karachi Kings,45,58,2,7bcde3fe,774e65b3,b6359668,1,0,1,0,
Karachi Kings,46,58,3,b6359668,774e65b3,7bcde3fe,0,0,0,1,caught
Karachi Kings,47,59,3,64c34cd0,774e65b3,7bcde3fe,1,0,1,0,
Karachi Kings,48,60,3,7bcde3fe,774e65b3,64c34cd0,1,0,1,0,
Karachi Kings,49,60,3,64c34cd0,774e65b3,7bcde3fe,0,0,0,0,
Karachi Kings,50,60,3,7bcde3fe,9c9af282,64c34cd0,0,0,0,0,
Karachi Kings,51,61,3,7bcde3fe,9c9af282,64c34cd0,1,0,1,0,
Karachi Kings,52,63,3,64c34cd0,9c9af282,7bcde3fe,2,0,2,0,
Karachi Kings,53,63,3,64c34cd0,9c9af282,7bcde3fe,0,0,0,0,
Karachi Kings,54,63,3,64c34cd0,9c9af282,7bcde3fe,0,0,0,0,
Karachi Kings,55,64,3,64c34cd0,9c9af282,7bcde3fe,1,0,1,0,
Karachi Kings,56,64,3,64c34cd0,11614d87,7bcde3fe,0,0,0,0,
Karachi Kings,57,65,3,64c34cd0,11614d87,7bcde3fe,1,0,1,0,
Karachi Kings,58,67,3,7bcde3fe,11614d87,64c34cd0,2,0,2,0,
Karachi Kings,59,68,3,7bcde3fe,11614d87,64c34cd0,1,0,1,0,
Karachi Kings,60,70,3,64c34cd0,11614d87,7bcde3fe,2,0,2,0,
Karachi Kings,61,71,3,64c34cd0,11614d87,7bcde3fe,1,0,1,0,
Karachi Kings,62,75,3,64c34cd0,c0c411cb,7bcde3fe,4,0,4,0,
Karachi Kings,63,76,3,64c34cd0,c0c411cb,7bcde3fe,1,0,1,0,
Karachi Kings,64,76,3,7bcde3fe,c0c411cb,64c34cd0,0,0,0,0,
Karachi Kings,65,77,3,7bcde3fe,c0c411cb,64c34cd0,1,0,1,0,
Karachi Kings,66,77,3,64c34cd0,c0c411cb,7bcde3fe,0,0,0,0,
Karachi Kings,67,77,3,64c34cd0,c0c411cb,7bcde3fe,0,0,0,0,
Karachi Kings,68,78,3,7bcde3fe,3086f7a4,64c34cd0,1,0,1,0,
Karachi Kings,69,78,4,64c34cd0,3086f7a4,7bcde3fe,0,0,0,1,caught
Karachi Kings,70,79,4,9cb8d7a6,3086f7a4,7bcde3fe,1,0,1,0,
Karachi Kings,71,79,4,7bcde3fe,3086f7a4,9cb8d7a6,0,0,0,0,
Karachi Kings,72,80,4,7bcde3fe,3086f7a4,9cb8d7a6,1,0,1,0,
Karachi Kings,73,80,4,9cb8d7a6,3086f7a4,7bcde3fe,0,0,0,0,
Karachi Kings,74,84,4,7bcde3fe,11614d87,9cb8d7a6,4,0,4,0,
Karachi Kings,75,88,4,7bcde3fe,11614d87,9cb8d7a6,4,0,4,0,
Karachi Kings,76,89,4,7bcde3fe,11614d87,9cb8d7a6,1,0,1,0,
Karachi Kings,77,90,4,9cb8d7a6,11614d87,7bcde3fe,1,0,1,0,
Karachi Kings,78,91,4,7bcde3fe,11614d87,9cb8d7a6,1,0,1,0,
Karachi Kings,79,92,4,9cb8d7a6,11614d87,7bcde3fe,1,0,1,0,
Karachi Kings,80,92,4,9cb8d7a6,774e65b3,7bcde3fe,0,0,0,0,
Karachi Kings,81,98,4,9cb8d7a6,774e65b3,7bcde3fe,6,0,6,0,
Karachi Kings,82,102,4,9cb8d7a6,774e65b3,7bcde3fe,4,0,4,0,
Karachi Kings,83,106,4,9cb8d7a6,774e65b3,7bcde3fe,4,0,4,0,
Karachi Kings,84,107,4,9cb8d7a6,774e65b3,7bcde3fe,1,0,1,0,
Karachi Kings,85,107,4,7bcde3fe,774e65b3,9cb8d7a6,0,0,0,0,
Karachi Kings,86,108,4,9cb8d7a6,3086f7a4,7bcde3fe,1,0,1,0,
Karachi Kings,87,109,4,7bcde3fe,3086f7a4,9cb8d7a6,0,1,1,0,
Karachi Kings,88,111,4,9cb8d7a6,3086f7a4,7bcde3fe,2,0,2,0,
Karachi Kings,89,112,4,9cb8d7a6,3086f7a4,7bcde3fe,1,0,1,0,
Karachi Kings,90,112,4,7bcde3fe,3086f7a4,9cb8d7a6,0,0,0,0,
Karachi Kings,91,113,4,7bcde3fe,3086f7a4,9cb8d7a6,1,0,1,0,
Karachi Kings,92,113,4,7bcde3fe,9c9af282,9cb8d7a6,0,0,0,0,
Karachi Kings,93,119,4,7bcde3fe,9c9af282,9cb8d7a6,6,0,6,0,
Karachi Kings,94,120,4,7bcde3fe,9c9af282,9cb8d7a6,1,0,1,0,
Karachi Kings,95,121,4,9cb8d7a6,9c9af282,7bcde3fe,0,1,1,0,
Karachi Kings,96,122,4,7bcde3fe,9c9af282,9cb8d7a6,1,0,1,0,
Karachi Kings,97,123,4,9cb8d7a6,9c9af282,7bcde3fe,1,0,1,0,
Karachi Kings,98,124,4,9cb8d7a6,c0c411cb,7bcde3fe,1,0,1,0,
Karachi Kings,99,124,5,7bcde3fe,c0c411cb,9cb8d7a6,0,0,0,1,caught
Karachi Kings,100,124,5,dda5aae5,c0c411cb,9cb8d7a6,0,0,0,0,
Karachi Kings,101,125,5,dda5aae5,c0c411cb,9cb8d7a6,0,1,1,0,
Karachi Kings,102,126,5,9cb8d7a6,c0c411cb,dda5aae5,1,0,1,0,
Karachi Kings,103,127,5,dda5aae5,c0c411cb,9cb8d7a6,1,0,1,0,
Karachi Kings,104,131,5,dda5aae5,9c9af282,9cb8d7a6,4,0,4,0,
Karachi Kings,105,131,5,dda5aae5,9c9af282,9cb8d7a6,0,0,0,0,
Karachi Kings,106,131,6,dda5aae5,9c9af282,9cb8d7a6,0,0,0,1,bowled
Karachi Kings,107,132,6,907d6e58,9c9af282,9cb8d7a6,1,0,1,0,
Karachi Kings,108,132,6,9cb8d7a6,9c9af282,907d6e58,0,0,0,0,
Karachi Kings,109,136,6,9cb8d7a6,9c9af282,907d6e58,4,0,4,0,
Karachi Kings,110,136,6,907d6e58,c0c411cb,9cb8d7a6,0,0,0,0,
Karachi Kings,111,142,6,907d6e58,c0c411cb,9cb8d7a6,6,0,6,0,
Karachi Kings,112,147,6,907d6e58,c0c411cb,9cb8d7a6,0,5,5,0,
Karachi Kings,113,149,6,907d6e58,c0c411cb,9cb8d7a6,2,0,2,0,
Karachi Kings,114,153,6,907d6e58,c0c411cb,9cb8d7a6,4,0,4,0,
Karachi Kings,115,153,6,907d6e58,c0c411cb,9cb8d7a6,0,0,0,0,
Karachi Kings,116,154,6,907d6e58,c0c411cb,9cb8d7a6,1,0,1,0,
Karachi Kings,117,160,6,907d6e58,11614d87,9cb8d7a6,6,0,6,0,
Karachi Kings,118,161,6,907d6e58,11614d87,9cb8d7a6,1,0,1,0,
Karachi Kings,119,161,6,9cb8d7a6,11614d87,907d6e58,0,0,0,0,
Karachi Kings,120,162,6,9cb8d7a6,11614d87,907d6e58,1,0,1,0,
Karachi Kings,121,164,6,907d6e58,11614d87,9cb8d7a6,2,0,2,0,
Karachi Kings,122,164,6,907d6e58,11614d87,9cb8d7a6,0,0,0,0,
Quetta Gladiators,1,4,0,f8e3c0f8,e174dadd,2be41edb,4,0,4,0,
Quetta Gladiators,2,5,0,f8e3c0f8,e174dadd,2be41edb,0,1,1,0,
Quetta Gladiators,3,5,0,f8e3c0f8,e174dadd,2be41edb,0,0,0,0,
Quetta Gladiators,4,6,0,f8e3c0f8,e174dadd,2be41edb,1,0,1,0,
Quetta Gladiators,5,6,0,2be41edb,e174dadd,f8e3c0f8,0,0,0,0,
Quetta Gladiators,6,10,0,2be41edb,e174dadd,f8e3c0f8,4,0,4,0,
Quetta Gladiators,7,10,0,2be41edb,e174dadd,f8e3c0f8,0,0,0,0,
Quetta Gladiators,8,12,0,f8e3c0f8,907d6e58,2be41edb,2,0,2,0,
Quetta Gladiators,9,13,0,f8e3c0f8,907d6e58,2be41edb,1,0,1,0,
Quetta Gladiators,10,14,0,2be41edb,907d6e58,f8e3c0f8,1,0,1,0,
Quetta Gladiators,11,14,1,f8e3c0f8,907d6e58,2be41edb,0,0,0,1,caught
Quetta Gladiators,12,14,1,3086f7a4,907d6e58,2be41edb,0,0,0,0,
Quetta Gladiators,13,15,1,3086f7a4,907d6e58,2be41edb,1,0,1,0,
Quetta Gladiators,14,15,1,3086f7a4,e174dadd,2be41edb,0,0,0,0,
Quetta Gladiators,15,15,1,3086f7a4,e174dadd,2be41edb,0,0,0,0,
Quetta Gladiators,16,15,1,3086f7a4,e174dadd,2be41edb,0,0,0,0,
Quetta Gladiators,17,16,1,3086f7a4,e174dadd,2be41edb,1,0,1,0,
Quetta Gladiators,18,17,1,2be41edb,e174dadd,3086f7a4,0,1,1,0,
Quetta Gladiators,19,21,1,3086f7a4,e174dadd,2be41edb,4,0,4,0,
Quetta Gladiators,20,21,1,2be41edb,907d6e58,3086f7a4,0,0,0,0,
Quetta Gladiators,21,25,1,2be41edb,907d6e58,3086f7a4,4,0,4,0,
Quetta Gladiators,22,26,1,2be41edb,907d6e58,3086f7a4,1,0,1,0,
Quetta Gladiators,23,26,1,3086f7a4,907d6e58,2be41edb,0,0,0,0,
Quetta Gladiators,24,26,1,3086f7a4,907d6e58,2be41edb,0,0,0,0,
Quetta Gladiators,25,26,1,3086f7a4,907d6e58,2be41edb,0,0,0,0,
Quetta Gladiators,26,27,1,2be41edb,9b8a3c39,3086f7a4,1,0,1,0,
Quetta Gladiators,27,31,1,3086f7a4,9b8a3c39,2be41edb,4,0,4,0,
Quetta Gladiators,28,32,1,3086f7a4,9b8a3c39,2be41edb,1,0,1,0,
Quetta Gladiators,29,33,1,2be41edb,9b8a3c39,3086f7a4,1,0,1,0,
Quetta Gladiators,30,37,1,3086f7a4,9b8a3c39,2be41edb,4,0,4,0,
Quetta Gladiators,31,37,2,3086f7a4,9b8a3c39,2be41edb,0,0,0,1,caught and bowled
Quetta Gladiators,32,37,2,2be41edb,dda5aae5,29e253dd,0,0,0,0,
Quetta Gladiators,33,41,2,2be41edb,dda5aae5,29e253dd,4,0,4,0,
Quetta Gladiators,34,42,2,2be41edb,dda5aae5,29e253dd,1,0,1,0,
Quetta Gladiators,35,42,2,29e253dd,dda5aae5,2be41edb,0,0,0,0,
Quetta Gladiators,36,43,2,29e253dd,dda5aae5,2be41edb,1,0,1,0,
Quetta Gladiators,37,43,2,2be41edb,dda5aae5,29e253dd,0,0,0,0,
Quetta Gladiators,38,43,2,29e253dd,a03bba42,2be41edb,0,0,0,0,
Quetta Gladiators,39,45,2,29e253dd,a03bba42,2be41edb,2,0,2,0,
Quetta Gladiators,40,46,2,29e253dd,a03bba42,2be41edb,1,0,1,0,
Quetta Gladiators,41,47,2,2be41edb,a03bba42,29e253dd,0,1,1,0,
Quetta Gladiators,42,47,2,2be41edb,a03bba42,29e253dd,0,0,0,0,
Quetta Gladiators,43,48,2,2be41edb,a03bba42,29e253dd,0,1,1,0,
Quetta Gladiators,44,48,3,29e253dd,a03bba42,2be41edb,0,0,0,1,lbw
Quetta Gladiators,45,48,3,2be41edb,dda5aae5,1212cbec,0,0,0,0,
Quetta Gladiators,46,49,3,2be41edb,dda5aae5,1212cbec,1,0,1,0,
Quetta Gladiators,47,49,3,1212cbec,dda5aae5,2be41edb,0,0,0,0,
Quetta Gladiators,48,50,3,1212cbec,dda5aae5,2be41edb,1,0,1,0,
Quetta Gladiators,49,50,3,2be41edb,dda5aae5,1212cbec,0,0,0,0,
Quetta Gladiators,50,50,3,2be41edb,dda5aae5,1212cbec,0,0,0,0,
Quetta Gladiators,51,50,4,1212cbec,a03bba42,2be41edb,0,0,0,1,caught
Quetta Gladiators,52,54,4,fd2bf2a0,a03bba42,2be41edb,4,0,4,0,
Quetta Gladiators,53,55,4,fd2bf2a0,a03bba42,2be41edb,1,0,1,0,
Quetta Gladiators,54,56,4,2be41edb,a03bba42,fd2bf2a0,1,0,1,0,
Quetta Gladiators,55,57,4,fd2bf2a0,a03bba42,2be41edb,1,0,1,0,
Quetta Gladiators,56,58,4,2be41edb,a03bba42,fd2bf2a0,1,0,1,0,
Quetta Gladiators,57,59,4,2be41edb,dda5aae5,fd2bf2a0,1,0,1,0,
Quetta Gladiators,58,61,4,fd2bf2a0,dda5aae5,2be41edb,2,0,2,0,
Quetta Gladiators,59,62,4,fd2bf2a0,dda5aae5,2be41edb,1,0,1,0,
Quetta Gladiators,60,63,4,2be41edb,dda5aae5,fd2bf2a0,1,0,1,0,
Quetta Gladiators,61,63,5,fd2bf2a0,dda5aae5,2be41edb,0,0,0,1,caught
Quetta Gladiators,62,64,5,2254ab79,dda5aae5,2be41edb,1,0,1,0,
Quetta Gladiators,63,65,5,2254ab79,a03bba42,2be41edb,1,0,1,0,
Quetta Gladiators,64,65,5,2be41edb,a03bba42,2254ab79,0,0,0,0,
Quetta Gladiators,65,66,5,2be41edb,a03bba42,2254ab79,1,0,1,0,
Quetta Gladiators,66,66,5,2254ab79,a03bba42,2be41edb,0,0,0,0,
Quetta Gladiators,67,67,5,2254ab79,a03bba42,2be41edb,1,0,1,0,
Quetta Gladiators,68,67,5,2be41edb,a03bba42,2254ab79,0,0,0,0,
Quetta Gladiators,69,68,5,2254ab79,9b8a3c39,2be41edb,1,0,1,0,
Quetta Gladiators,70,72,5,2be41edb,9b8a3c39,2254ab79,4,0,4,0,
Quetta Gladiators,71,73,5,2be41edb,9b8a3c39,2254ab79,0,1,1,0,
Quetta Gladiators,72,73,5,2be41edb,9b8a3c39,2254ab79,0,0,0,0,
Quetta Gladiators,73,77,5,2be41edb,9b8a3c39,2254ab79,4,0,4,0,
Quetta Gladiators,74,79,5,2be41edb,9b8a3c39,2254ab79,2,0,2,0,
Quetta Gladiators,75,80,5,2be41edb,9b8a3c39,2254ab79,1,0,1,0,
Quetta Gladiators,76,81,5,2be41edb,9cb8d7a6,2254ab79,1,0,1,0,
Quetta Gladiators,77,82,5,2254ab79,9cb8d7a6,2be41edb,1,0,1,0,
Quetta Gladiators,78,83,5,2be41edb,9cb8d7a6,2254ab79,1,0,1,0,
Quetta Gladiators,79,84,5,2254ab79,9cb8d7a6,2be41edb,1,0,1,0,
Quetta Gladiators,80,85,5,2be41edb,9cb8d7a6,2254ab79,1,0,1,0,
Quetta Gladiators,81,86,5,2254ab79,9cb8d7a6,2be41edb,1,0,1,0,
Quetta Gladiators,82,86,5,2254ab79,9b8a3c39,2be41edb,0,0,0,0,
Quetta Gladiators,83,88,5,2254ab79,9b8a3c39,2be41edb,2,0,2,0,
Quetta Gladiators,84,89,5,2254ab79,9b8a3c39,2be41edb,1,0,1,0,
Quetta Gladiators,85,90,5,2be41edb,9b8a3c39,2254ab79,1,0,1,0,
Quetta Gladiators,86,91,5,2254ab79,9b8a3c39,2be41edb,1,0,1,0,
Quetta Gladiators,87,92,5,2be41edb,9b8a3c39,2254ab79,1,0,1,0,
Quetta Gladiators,88,92,5,2be41edb,a03bba42,2254ab79,0,0,0,0,
Quetta Gladiators,89,93,5,2be41edb,a03bba42,2254ab79,1,0,1,0,
Quetta Gladiators,90,94,5,2254ab79,a03bba42,2be41edb,1,0,1,0,
Quetta Gladiators,91,95,5,2be41edb,a03bba42,2254ab79,1,0,1,0,
Quetta Gladiators,92,97,5,2254ab79,a03bba42,2be41edb,2,0,2,0,
Quetta Gladiators,93,97,5,2254ab79,a03bba42,2be41edb,0,0,0,0,
Quetta Gladiators,94,98,5,2be41edb,e174dadd,2254ab79,1,0,1,0,
Quetta Gladiators,95,98,5,2254ab79,e174dadd,2be41edb,0,0,0,0,
Quetta Gladiators,96,100,5,2254ab79,e174dadd,2be41edb,2,0,2,0,
Quetta Gladiators,97,101,5,2254ab79,e174dadd,2be41edb,1,0,1,0,
Quetta Gladiators,98,107,5,2be41edb,e174dadd,2254ab79,6,0,6,0,
Quetta Gladiators,99,108,5,2be41edb,e174dadd,2254ab79,1,0,1,0,
Quetta Gladiators,100,114,5,2be41edb,dda5aae5,2254ab79,6,0,6,0,
Quetta Gladiators,101,118,5,2be41edb,dda5aae5,2254ab79,4,0,4,0,
Quetta Gladiators,102,118,5,2be41edb,dda5aae5,2254ab79,0,0,0,0,
Quetta Gladiators,103,122,5,2be41edb,dda5aae5,2254ab79,4,0,4,0,
Quetta Gladiators,104,126,5,2be41edb,dda5aae5,2254ab79,4,0,4,0,
Quetta Gladiators,105,132,5,2be41edb,dda5aae5,2254ab79,6,0,6,0,
Quetta Gladiators,106,134,5,2254ab79,9b8a3c39,2be41edb,2,0,2,0,
Quetta Gladiators,107,135,5,2254ab79,9b8a3c39,2be41edb,1,0,1,0,
Quetta Gladiators,108,135,5,2be41edb,9b8a3c39,2254ab79,0,0,0,0,
Quetta Gladiators,109,141,5,2be41edb,9b8a3c39,2254ab79,6,0,6,0,
Quetta Gladiators,110,142,5,2be41edb,9b8a3c39,2254ab79,1,0,1,0,
Quetta Gladiators,111,146,5,2254ab79,9b8a3c39,2be41edb,4,0,4,0,
Quetta Gladiators,112,147,5,2be41edb,e174dadd,2254ab79,1,0,1,0,
Quetta Gladiators,113,148,5,2254ab79,e174dadd,2be41edb,0,1,1,0,
Quetta Gladiators,114,149,5,2254ab79,e174dadd,2be41edb,1,0,1,0,
Quetta Gladiators,115,153,5,2be41edb,e174dadd,2254ab79,4,0,4,0,
Quetta Gladiators,116,154,5,2be41edb,e174dadd,2254ab79,1,0,1,0,
Quetta Gladiators,117,156,5,2254ab79,e174dadd,2be41edb,2,0,2,0,
Quetta Gladiators,118,157,5,2254ab79,e174dadd,2be41edb,1,0,1,0,
Quetta Gladiators,119,158,5,2254ab79,907d6e58,2be41edb,1,0,1,0,
Quetta Gladiators,120,158,6,2be41edb,907d6e58,2254ab79,0,0,0,1,run out
Quetta Gladiators,121,162,6,11614d87,907d6e58,2be41edb,4,0,4,0,
Quetta Gladiators,122,164,6,11614d87,907d6e58,2be41edb,2,0,2,0,
Quetta Gladiators,123,168,6,11614d87,907d6e58,2be41edb,4,0,4,0,
