batting_team,ball_number,total_team_runs,total_team_wickets,striker_ID,bowler_ID,nonstriker_ID,batter_runs,extras_runs,total_delivery_runs,wicket,wicket_type
Sydney Thunder,1,0,0,32100b2d,d32cf49a,ac56b5a7,0,0,0,0,
Sydney Thunder,2,0,0,32100b2d,d32cf49a,ac56b5a7,0,0,0,0,
Sydney Thunder,3,4,0,32100b2d,d32cf49a,ac56b5a7,4,0,4,0,
Sydney Thunder,4,4,0,32100b2d,d32cf49a,ac56b5a7,0,0,0,0,
Sydney Thunder,5,4,0,32100b2d,d32cf49a,ac56b5a7,0,0,0,0,
Sydney Thunder,6,8,0,32100b2d,d32cf49a,ac56b5a7,4,0,4,0,
Sydney Thunder,7,8,0,ac56b5a7,73d09f44,32100b2d,0,0,0,0,
Sydney Thunder,8,8,0,ac56b5a7,73d09f44,32100b2d,0,0,0,0,
Sydney Thunder,9,8,0,ac56b5a7,73d09f44,32100b2d,0,0,0,0,
Sydney Thunder,10,9,0,ac56b5a7,73d09f44,32100b2d,0,1,1,0,
Sydney Thunder,11,9,0,ac56b5a7,73d09f44,32100b2d,0,0,0,0,
Sydney Thunder,12,13,0,ac56b5a7,73d09f44,32100b2d,4,0,4,0,
Sydney Thunder,13,17,0,ac56b5a7,73d09f44,32100b2d,4,0,4,0,
Sydney Thunder,14,21,0,32100b2d,2ec8a400,ac56b5a7,4,0,4,0,
Sydney Thunder,15,25,0,32100b2d,2ec8a400,ac56b5a7,4,0,4,0,
Sydney Thunder,16,25,0,32100b2d,2ec8a400,ac56b5a7,0,0,0,0,
Sydney Thunder,17,25,0,32100b2d,2ec8a400,ac56b5a7,0,0,0,0,
Sydney Thunder,18,29,0,32100b2d,2ec8a400,ac56b5a7,4,0,4,0,
Sydney Thunder,19,29,0,32100b2d,2ec8a400,ac56b5a7,0,0,0,0,
Sydney Thunder,20,29,0,ac56b5a7,d32cf49a,32100b2d,0,0,0,0,
Sydney Thunder,21,33,0,ac56b5a7,d32cf49a,32100b2d,4,0,4,0,
Sydney Thunder,22,33,0,ac56b5a7,d32cf49a,32100b2d,0,0,0,0,
Sydney Thunder,23,34,0,ac56b5a7,d32cf49a,32100b2d,1,0,1,0,
Sydney Thunder,24,35,0,32100b2d,d32cf49a,ac56b5a7,1,0,1,0,
Sydney Thunder,25,35,0,ac56b5a7,d32cf49a,32100b2d,0,0,0,0,
Sydney Thunder,26,39,0,32100b2d,53cd8da6,ac56b5a7,4,0,4,0,
Sydney Thunder,27,40,0,32100b2d,53cd8da6,ac56b5a7,1,0,1,0,
Sydney Thunder,28,42,0,ac56b5a7,53cd8da6,32100b2d,2,0,2,0,
Sydney Thunder,29,42,0,ac56b5a7,53cd8da6,32100b2d,0,0,0,0,
Sydney Thunder,30,42,0,ac56b5a7,53cd8da6,32100b2d,0,0,0,0,
Sydney Thunder,31,43,0,ac56b5a7,53cd8da6,32100b2d,0,1,1,0,
Sydney Thunder,32,44,0,ac56b5a7,53cd8da6,32100b2d,1,0,1,0,
Sydney Thunder,33,44,0,ac56b5a7,f0b4e47d,32100b2d,0,0,0,0,
Sydney Thunder,34,45,0,ac56b5a7,f0b4e47d,32100b2d,1,0,1,0,
Sydney Thunder,35,46,0,32100b2d,f0b4e47d,ac56b5a7,1,0,1,0,
Sydney Thunder,36,47,0,ac56b5a7,f0b4e47d,32100b2d,1,0,1,0,
Sydney Thunder,37,47,0,32100b2d,f0b4e47d,ac56b5a7,0,0,0,0,
Sydney Thunder,38,47,0,32100b2d,f0b4e47d,ac56b5a7,0,0,0,0,
Sydney Thunder,39,47,0,ac56b5a7,a5f488bc,32100b2d,0,0,0,0,
Sydney Thunder,40,47,0,ac56b5a7,a5f488bc,32100b2d,0,0,0,0,
Sydney Thunder,41,51,0,ac56b5a7,a5f488bc,32100b2d,4,0,4,0,
Sydney Thunder,42,55,0,ac56b5a7,a5f488bc,32100b2d,4,0,4,0,
Sydney Thunder,43,55,0,ac56b5a7,a5f488bc,32100b2d,0,0,0,0,
Sydney Thunder,44,55,0,ac56b5a7,a5f488bc,32100b2d,0,0,0,0,
Sydney Thunder,45,56,0,32100b2d,f0b4e47d,ac56b5a7,1,0,1,0,
Sydney Thunder,46,61,0,ac56b5a7,f0b4e47d,32100b2d,0,5,5,0,
Sydney Thunder,47,67,0,ac56b5a7,f0b4e47d,32100b2d,6,0,6,0,
Sydney Thunder,48,67,1,ac56b5a7,f0b4e47d,32100b2d,0,0,0,1,caught
Sydney Thunder,49,71,1,4e6ef14f,f0b4e47d,32100b2d,4,0,4,0,
Sydney Thunder,50,72,1,4e6ef14f,f0b4e47d,32100b2d,1,0,1,0,
Sydney Thunder,51,72,1,32100b2d,f0b4e47d,4e6ef14f,0,0,0,0,
Sydney Thunder,52,73,1,4e6ef14f,73d09f44,32100b2d,1,0,1,0,
Sydney Thunder,53,74,1,32100b2d,73d09f44,4e6ef14f,1,0,1,0,
Sydney Thunder,54,74,1,4e6ef14f,73d09f44,32100b2d,0,0,0,0,
Sydney Thunder,55,74,1,4e6ef14f,73d09f44,32100b2d,0,0,0,0,
Sydney Thunder,56,76,1,4e6ef14f,73d09f44,32100b2d,2,0,2,0,
Sydney Thunder,57,77,1,4e6ef14f,73d09f44,32100b2d,0,1,1,0,
Sydney Thunder,58,79,1,4e6ef14f,73d09f44,32100b2d,2,0,2,0,
Sydney Thunder,59,80,1,32100b2d,53cd8da6,4e6ef14f,1,0,1,0,
Sydney Thunder,60,81,1,4e6ef14f,53cd8da6,32100b2d,1,0,1,0,
Sydney Thunder,61,81,2,32100b2d,53cd8da6,4e6ef14f,0,0,0,1,caught
Sydney Thunder,62,85,2,4ba0289e,53cd8da6,4e6ef14f,4,0,4,0,
Sydney Thunder,63,85,2,4ba0289e,53cd8da6,4e6ef14f,0,0,0,0,
Sydney Thunder,64,86,2,4ba0289e,53cd8da6,4e6ef14f,1,0,1,0,
Sydney Thunder,65,87,2,4ba0289e,c218e4e7,4e6ef14f,1,0,1,0,
Sydney Thunder,66,91,2,4e6ef14f,c218e4e7,4ba0289e,4,0,4,0,
Sydney Thunder,67,93,2,4e6ef14f,c218e4e7,4ba0289e,2,0,2,0,
Sydney Thunder,68,94,2,4e6ef14f,c218e4e7,4ba0289e,1,0,1,0,
Sydney Thunder,69,95,2,4ba0289e,c218e4e7,4e6ef14f,1,0,1,0,
Sydney Thunder,70,95,2,4e6ef14f,c218e4e7,4ba0289e,0,0,0,0,
Sydney Thunder,71,96,2,4ba0289e,f0b4e47d,4e6ef14f,1,0,1,0,
Sydney Thunder,72,97,2,4e6ef14f,f0b4e47d,4ba0289e,1,0,1,0,
Sydney Thunder,73,101,2,4ba0289e,f0b4e47d,4e6ef14f,4,0,4,0,
Sydney Thunder,74,101,2,4ba0289e,f0b4e47d,4e6ef14f,0,0,0,0,
Sydney Thunder,75,102,2,4ba0289e,f0b4e47d,4e6ef14f,1,0,1,0,
Sydney Thunder,76,102,2,4e6ef14f,f0b4e47d,4ba0289e,0,0,0,0,
Sydney Thunder,77,103,2,4ba0289e,a5f488bc,4e6ef14f,1,0,1,0,
Sydney Thunder,78,109,2,4e6ef14f,a5f488bc,4ba0289e,6,0,6,0,
Sydney Thunder,79,109,2,4e6ef14f,a5f488bc,4ba0289e,0,0,0,0,
Sydney Thunder,80,110,2,4e6ef14f,a5f488bc,4ba0289e,1,0,1,0,
Sydney Thunder,81,111,2,4ba0289e,a5f488bc,4e6ef14f,1,0,1,0,
Sydney Thunder,82,112,2,4e6ef14f,a5f488bc,4ba0289e,1,0,1,0,
Sydney Thunder,83,113,2,4e6ef14f,53cd8da6,4ba0289e,0,1,1,0,
Sydney Thunder,84,113,3,4e6ef14f,53cd8da6,4ba0289e,0,0,0,1,caught
Sydney Thunder,85,115,3,63e3b6b3,53cd8da6,4ba0289e,2,0,2,0,
Sydney Thunder,86,116,3,63e3b6b3,53cd8da6,4ba0289e,1,0,1,0,
Sydney Thunder,87,117,3,4ba0289e,53cd8da6,63e3b6b3,1,0,1,0,
Sydney Thunder,88,121,3,63e3b6b3,53cd8da6,4ba0289e,4,0,4,0,
Sydney Thunder,89,121,3,63e3b6b3,53cd8da6,4ba0289e,0,0,0,0,
Sydney Thunder,90,125,3,4ba0289e,c218e4e7,63e3b6b3,4,0,4,0,
Sydney Thunder,91,126,3,4ba0289e,c218e4e7,63e3b6b3,0,1,1,0,
Sydney Thunder,92,127,3,4ba0289e,c218e4e7,63e3b6b3,1,0,1,0,
Sydney Thunder,93,131,3,63e3b6b3,c218e4e7,4ba0289e,4,0,4,0,
Sydney Thunder,94,131,4,63e3b6b3,c218e4e7,4ba0289e,0,0,0,1,caught
Sydney Thunder,95,131,4,1757bedf,c218e4e7,4ba0289e,0,0,0,0,
Sydney Thunder,96,131,4,1757bedf,c218e4e7,4ba0289e,0,0,0,0,
Sydney Thunder,97,132,4,4ba0289e,d32cf49a,1757bedf,1,0,1,0,
Sydney Thunder,98,134,4,1757bedf,d32cf49a,4ba0289e,2,0,2,0,
Sydney Thunder,99,135,4,1757bedf,d32cf49a,4ba0289e,1,0,1,0,
Sydney Thunder,100,136,4,4ba0289e,d32cf49a,1757bedf,1,0,1,0,
Sydney Thunder,101,138,4,1757bedf,d32cf49a,4ba0289e,2,0,2,0,
Sydney Thunder,102,139,4,1757bedf,d32cf49a,4ba0289e,1,0,1,0,
Sydney Thunder,103,143,4,1757bedf,f0b4e47d,4ba0289e,4,0,4,0,
Sydney Thunder,104,144,4,1757bedf,f0b4e47d,4ba0289e,1,0,1,0,
Sydney Thunder,105,150,4,4ba0289e,f0b4e47d,1757bedf,6,0,6,0,
Sydney Thunder,106,150,4,4ba0289e,f0b4e47d,1757bedf,0,0,0,0,
Sydney Thunder,107,152,4,4ba0289e,f0b4e47d,1757bedf,0,2,2,0,
Sydney Thunder,108,153,4,4ba0289e,f0b4e47d,1757bedf,0,1,1,0,
Sydney Thunder,109,154,4,4ba0289e,f0b4e47d,1757bedf,1,0,1,0,
Sydney Thunder,110,158,4,4ba0289e,d32cf49a,1757bedf,4,0,4,0,
Sydney Thunder,111,160,4,4ba0289e,d32cf49a,1757bedf,2,0,2,0,
Sydney Thunder,112,164,4,4ba0289e,d32cf49a,1757bedf,4,0,4,0,
Sydney Thunder,113,164,4,4ba0289e,d32cf49a,1757bedf,0,0,0,0,
Sydney Thunder,114,166,4,4ba0289e,d32cf49a,1757bedf,0,2,2,0,
Sydney Thunder,115,170,4,1757bedf,d32cf49a,4ba0289e,4,0,4,0,
Sydney Thunder,116,170,4,1757bedf,d32cf49a,4ba0289e,0,0,0,0,
Sydney Thunder,117,174,4,4ba0289e,a5f488bc,1757bedf,4,0,4,0,
Sydney Thunder,118,178,4,4ba0289e,a5f488bc,1757bedf,4,0,4,0,
Sydney Thunder,119,179,4,4ba0289e,a5f488bc,1757bedf,1,0,1,0,
Sydney Thunder,120,179,5,1757bedf,a5f488bc,4ba0289e,0,0,0,1,caught
Sydney Thunder,121,180,5,9ac15b90,a5f488bc,4ba0289e,1,0,1,0,
Sydney Thunder,122,181,5,4ba0289e,a5f488bc,9ac15b90,1,0,1,0,
Sydney Thunder,123,181,5,4ba0289e,c218e4e7,9ac15b90,0,0,0,0,
Sydney Thunder,124,182,5,4ba0289e,c218e4e7,9ac15b90,1,0,1,0,
Sydney Thunder,125,183,5,9ac15b90,c218e4e7,4ba0289e,1,0,1,0,
Sydney Thunder,126,184,5,4ba0289e,c218e4e7,9ac15b90,1,0,1,0,
Sydney Thunder,127,188,5,9ac15b90,c218e4e7,4ba0289e,4,0,4,0,
Sydney Thunder,128,190,5,9ac15b90,c218e4e7,4ba0289e,2,0,2,0,
Melbourne Renegades,1,0,0,d32cf49a,63e3b6b3,b2664905,0,0,0,0,
Melbourne Renegades,2,0,0,d32cf49a,63e3b6b3,b2664905,0,0,0,0,
Melbourne Renegades,3,2,0,d32cf49a,63e3b6b3,b2664905,2,0,2,0,
Melbourne Renegades,4,2,0,d32cf49a,63e3b6b3,b2664905,0,0,0,0,
Melbourne Renegades,5,2,0,d32cf49a,63e3b6b3,b2664905,0,0,0,0,
Melbourne Renegades,6,6,0,d32cf49a,63e3b6b3,b2664905,4,0,4,0,
Melbourne Renegades,7,10,0,b2664905,0816fb1e,d32cf49a,4,0,4,0,
Melbourne Renegades,8,11,0,b2664905,0816fb1e,d32cf49a,1,0,1,0,
Melbourne Renegades,9,11,0,d32cf49a,0816fb1e,b2664905,0,0,0,0,
Melbourne Renegades,10,12,0,d32cf49a,0816fb1e,b2664905,1,0,1,0,
Melbourne Renegades,11,12,0,b2664905,0816fb1e,d32cf49a,0,0,0,0,
Melbourne Renegades,12,14,0,b2664905,0816fb1e,d32cf49a,2,0,2,0,
Melbourne Renegades,13,14,0,d32cf49a,63e3b6b3,b2664905,0,0,0,0,
Melbourne Renegades,14,14,0,d32cf49a,63e3b6b3,b2664905,0,0,0,0,
Melbourne Renegades,15,15,0,d32cf49a,63e3b6b3,b2664905,1,0,1,0,
Melbourne Renegades,16,15,0,b2664905,63e3b6b3,d32cf49a,0,0,0,0,
Melbourne Renegades,17,16,0,b2664905,63e3b6b3,d32cf49a,1,0,1,0,
Melbourne Renegades,18,16,1,d32cf49a,63e3b6b3,b2664905,0,0,0,1,caught
Melbourne Renegades,19,17,1,b2664905,ac56b5a7,1f4a8a2a,1,0,1,0,
Melbourne Renegades,20,17,1,1f4a8a2a,ac56b5a7,b2664905,0,0,0,0,
Melbourne Renegades,21,17,1,1f4a8a2a,ac56b5a7,b2664905,0,0,0,0,
Melbourne Renegades,22,21,1,1f4a8a2a,ac56b5a7,b2664905,4,0,4,0,
Melbourne Renegades,23,22,1,1f4a8a2a,ac56b5a7,b2664905,1,0,1,0,
Melbourne Renegades,24,22,1,b2664905,ac56b5a7,1f4a8a2a,0,0,0,0,
Melbourne Renegades,25,23,1,1f4a8a2a,0816fb1e,b2664905,0,1,1,0,
Melbourne Renegades,26,24,1,b2664905,0816fb1e,1f4a8a2a,1,0,1,0,
Melbourne Renegades,27,25,1,1f4a8a2a,0816fb1e,b2664905,1,0,1,0,
Melbourne Renegades,28,25,1,b2664905,0816fb1e,1f4a8a2a,0,0,0,0,
Melbourne Renegades,29,26,1,b2664905,0816fb1e,1f4a8a2a,1,0,1,0,
Melbourne Renegades,30,30,1,1f4a8a2a,0816fb1e,b2664905,4,0,4,0,
Melbourne Renegades,31,34,1,b2664905,4ba0289e,1f4a8a2a,4,0,4,0,
Melbourne Renegades,32,35,1,b2664905,4ba0289e,1f4a8a2a,1,0,1,0,
Melbourne Renegades,33,35,1,1f4a8a2a,4ba0289e,b2664905,0,0,0,0,
Melbourne Renegades,34,37,1,1f4a8a2a,4ba0289e,b2664905,2,0,2,0,
Melbourne Renegades,35,38,1,1f4a8a2a,4ba0289e,b2664905,1,0,1,0,
Melbourne Renegades,36,38,1,b2664905,4ba0289e,1f4a8a2a,0,0,0,0,
Melbourne Renegades,37,38,2,1f4a8a2a,50b558d2,b2664905,0,0,0,1,bowled
Melbourne Renegades,38,38,2,53cd8da6,50b558d2,b2664905,0,0,0,0,
Melbourne Renegades,39,38,2,53cd8da6,50b558d2,b2664905,0,0,0,0,
Melbourne Renegades,40,39,2,53cd8da6,50b558d2,b2664905,1,0,1,0,
Melbourne Renegades,41,39,2,b2664905,50b558d2,53cd8da6,0,0,0,0,
Melbourne Renegades,42,43,2,b2664905,50b558d2,53cd8da6,4,0,4,0,
Melbourne Renegades,43,43,2,53cd8da6,cd2ad878,b2664905,0,0,0,0,
Melbourne Renegades,44,44,2,53cd8da6,cd2ad878,b2664905,1,0,1,0,
Melbourne Renegades,45,46,2,b2664905,cd2ad878,53cd8da6,2,0,2,0,
Melbourne Renegades,46,47,2,b2664905,cd2ad878,53cd8da6,0,1,1,0,
Melbourne Renegades,47,48,2,b2664905,cd2ad878,53cd8da6,1,0,1,0,
Melbourne Renegades,48,49,2,53cd8da6,cd2ad878,b2664905,1,0,1,0,
Melbourne Renegades,49,50,2,b2664905,cd2ad878,53cd8da6,1,0,1,0,
Melbourne Renegades,50,50,2,b2664905,0816fb1e,53cd8da6,0,0,0,0,
Melbourne Renegades,51,51,2,b2664905,0816fb1e,53cd8da6,1,0,1,0,
Melbourne Renegades,52,51,2,53cd8da6,0816fb1e,b2664905,0,0,0,0,
Melbourne Renegades,53,51,2,53cd8da6,0816fb1e,b2664905,0,0,0,0,
Melbourne Renegades,54,51,2,53cd8da6,0816fb1e,b2664905,0,0,0,0,
Melbourne Renegades,55,51,2,53cd8da6,0816fb1e,b2664905,0,0,0,0,
Melbourne Renegades,56,55,2,b2664905,cd2ad878,53cd8da6,4,0,4,0,
Melbourne Renegades,57,56,2,b2664905,cd2ad878,53cd8da6,1,0,1,0,
Melbourne Renegades,58,58,2,53cd8da6,cd2ad878,b2664905,2,0,2,0,
Melbourne Renegades,59,59,2,53cd8da6,cd2ad878,b2664905,1,0,1,0,
Melbourne Renegades,60,60,2,b2664905,cd2ad878,53cd8da6,1,0,1,0,
Melbourne Renegades,61,61,2,53cd8da6,cd2ad878,b2664905,0,1,1,0,
Melbourne Renegades,62,62,2,53cd8da6,cd2ad878,b2664905,0,1,1,0,
Melbourne Renegades,63,64,2,53cd8da6,cd2ad878,b2664905,2,0,2,0,
Melbourne Renegades,64,65,2,b2664905,63e3b6b3,53cd8da6,1,0,1,0,
Melbourne Renegades,65,69,2,53cd8da6,63e3b6b3,b2664905,4,0,4,0,
Melbourne Renegades,66,70,2,53cd8da6,63e3b6b3,b2664905,1,0,1,0,
Melbourne Renegades,67,71,2,b2664905,63e3b6b3,53cd8da6,1,0,1,0,
Melbourne Renegades,68,71,3,53cd8da6,63e3b6b3,b2664905,0,0,0,1,caught
Melbourne Renegades,69,71,3,f0b4e47d,63e3b6b3,b2664905,0,0,0,0,
Melbourne Renegades,70,75,3,b2664905,50b558d2,f0b4e47d,4,0,4,0,
Melbourne Renegades,71,75,4,b2664905,50b558d2,f0b4e47d,0,0,0,1,caught
Melbourne Renegades,72,75,5,c218e4e7,50b558d2,f0b4e47d,0,0,0,1,bowled
Melbourne Renegades,73,75,5,6f7e30d6,50b558d2,f0b4e47d,0,0,0,0,
Melbourne Renegades,74,76,5,6f7e30d6,50b558d2,f0b4e47d,1,0,1,0,
Melbourne Renegades,75,80,5,f0b4e47d,50b558d2,6f7e30d6,4,0,4,0,
Melbourne Renegades,76,81,5,6f7e30d6,ac56b5a7,f0b4e47d,1,0,1,0,
Melbourne Renegades,77,82,5,f0b4e47d,ac56b5a7,6f7e30d6,1,0,1,0,
Melbourne Renegades,78,83,5,6f7e30d6,ac56b5a7,f0b4e47d,1,0,1,0,
Melbourne Renegades,79,87,5,f0b4e47d,ac56b5a7,6f7e30d6,4,0,4,0,
Melbourne Renegades,80,93,5,f0b4e47d,ac56b5a7,6f7e30d6,6,0,6,0,
Melbourne Renegades,81,94,5,f0b4e47d,ac56b5a7,6f7e30d6,1,0,1,0,
Melbourne Renegades,82,95,5,f0b4e47d,4ba0289e,6f7e30d6,1,0,1,0,
Melbourne Renegades,83,97,5,6f7e30d6,4ba0289e,f0b4e47d,2,0,2,0,
Melbourne Renegades,84,98,5,6f7e30d6,4ba0289e,f0b4e47d,1,0,1,0,
Melbourne Renegades,85,99,5,f0b4e47d,4ba0289e,6f7e30d6,1,0,1,0,
Melbourne Renegades,86,100,5,6f7e30d6,4ba0289e,f0b4e47d,1,0,1,0,
Melbourne Renegades,87,101,5,f0b4e47d,4ba0289e,6f7e30d6,1,0,1,0,
Melbourne Renegades,88,107,5,f0b4e47d,50b558d2,6f7e30d6,6,0,6,0,
Melbourne Renegades,89,107,6,f0b4e47d,50b558d2,6f7e30d6,0,0,0,1,caught
Melbourne Renegades,90,108,6,a5f488bc,50b558d2,6f7e30d6,1,0,1,0,
Melbourne Renegades,91,109,6,6f7e30d6,50b558d2,a5f488bc,1,0,1,0,
Melbourne Renegades,92,110,6,a5f488bc,50b558d2,6f7e30d6,1,0,1,0,
Melbourne Renegades,93,111,6,6f7e30d6,50b558d2,a5f488bc,1,0,1,0,
Melbourne Renegades,94,112,6,6f7e30d6,ac56b5a7,a5f488bc,1,0,1,0,
Melbourne Renegades,95,112,6,a5f488bc,ac56b5a7,6f7e30d6,0,0,0,0,
Melbourne Renegades,96,112,6,a5f488bc,ac56b5a7,6f7e30d6,0,0,0,0,
Melbourne Renegades,97,116,6,a5f488bc,ac56b5a7,6f7e30d6,4,0,4,0,
Melbourne Renegades,98,118,6,a5f488bc,ac56b5a7,6f7e30d6,2,0,2,0,
Melbourne Renegades,99,118,6,a5f488bc,ac56b5a7,6f7e30d6,0,0,0,0,
Melbourne Renegades,100,120,6,6f7e30d6,63e3b6b3,a5f488bc,2,0,2,0,
Melbourne Renegades,101,121,6,6f7e30d6,63e3b6b3,a5f488bc,1,0,1,0,
Melbourne Renegades,102,122,6,a5f488bc,63e3b6b3,6f7e30d6,0,1,1,0,
Melbourne Renegades,103,123,6,6f7e30d6,63e3b6b3,a5f488bc,1,0,1,0,
Melbourne Renegades,104,123,6,a5f488bc,63e3b6b3,6f7e30d6,0,0,0,0,
Melbourne Renegades,105,127,6,a5f488bc,63e3b6b3,6f7e30d6,4,0,4,0,
Melbourne Renegades,106,128,6,6f7e30d6,4ba0289e,a5f488bc,1,0,1,0,
Melbourne Renegades,107,129,6,a5f488bc,4ba0289e,6f7e30d6,1,0,1,0,
Melbourne Renegades,108,130,6,6f7e30d6,4ba0289e,a5f488bc,1,0,1,0,
Melbourne Renegades,109,131,6,a5f488bc,4ba0289e,6f7e30d6,1,0,1,0,
Melbourne Renegades,110,132,6,6f7e30d6,4ba0289e,a5f488bc,0,1,1,0,
Melbourne Renegades,111,133,6,6f7e30d6,4ba0289e,a5f488bc,1,0,1,0,
Melbourne Renegades,112,134,6,a5f488bc,4ba0289e,6f7e30d6,0,1,1,0,
Melbourne Renegades,113,135,6,a5f488bc,4ba0289e,6f7e30d6,1,0,1,0,
Melbourne Renegades,114,141,6,a5f488bc,50b558d2,6f7e30d6,6,0,6,0,
Melbourne Renegades,115,141,6,a5f488bc,50b558d2,6f7e30d6,0,0,0,0,
Melbourne Renegades,116,142,6,a5f488bc,50b558d2,6f7e30d6,1,0,1,0,
Melbourne Renegades,117,143,6,6f7e30d6,50b558d2,a5f488bc,1,0,1,0,
Melbourne Renegades,118,144,6,a5f488bc,50b558d2,6f7e30d6,1,0,1,0,
Melbourne Renegades,119,144,6,6f7e30d6,50b558d2,a5f488bc,0,0,0,0,
Melbourne Renegades,120,148,6,a5f488bc,0816fb1e,6f7e30d6,4,0,4,0,
Melbourne Renegades,121,150,6,a5f488bc,0816fb1e,6f7e30d6,2,0,2,0,
Melbourne Renegades,122,151,7,a5f488bc,0816fb1e,6f7e30d6,1,0,1,1,run out
Melbourne Renegades,123,151,7,2ec8a400,0816fb1e,6f7e30d6,0,0,0,0,
Melbourne Renegades,124,152,7,2ec8a400,0816fb1e,6f7e30d6,1,0,1,0,
Melbourne Renegades,125,153,7,6f7e30d6,0816fb1e,2ec8a400,1,0,1,0,
