batting_team,ball_number,total_team_runs,total_team_wickets,striker_ID,bowler_ID,nonstriker_ID,batter_runs,extras_runs,total_delivery_runs,wicket,wicket_type
Northamptonshire,1,0,0,45eda7c8,fc4375ef,efe3fcc5,0,0,0,0,
Northamptonshire,2,0,0,45eda7c8,fc4375ef,efe3fcc5,0,0,0,0,
Northamptonshire,3,0,1,45eda7c8,fc4375ef,efe3fcc5,0,0,0,1,bowled
Northamptonshire,4,1,1,7f048519,fc4375ef,efe3fcc5,0,1,1,0,
Northamptonshire,5,1,1,efe3fcc5,fc4375ef,7f048519,0,0,0,0,
Northamptonshire,6,1,1,efe3fcc5,fc4375ef,7f048519,0,0,0,0,
Northamptonshire,7,1,1,7f048519,ff1e12a0,efe3fcc5,0,0,0,0,
Northamptonshire,8,1,1,7f048519,ff1e12a0,efe3fcc5,0,0,0,0,
Northamptonshire,9,2,1,7f048519,ff1e12a0,efe3fcc5,1,0,1,0,
Northamptonshire,10,2,1,efe3fcc5,ff1e12a0,7f048519,0,0,0,0,
Northamptonshire,11,2,1,efe3fcc5,ff1e12a0,7f048519,0,0,0,0,
Northamptonshire,12,2,1,efe3fcc5,ff1e12a0,7f048519,0,0,0,0,
Northamptonshire,13,2,2,7f048519,fc4375ef,efe3fcc5,0,0,0,1,caught
Northamptonshire,14,2,2,58c481c6,fc4375ef,efe3fcc5,0,0,0,0,
Northamptonshire,15,6,2,58c481c6,fc4375ef,efe3fcc5,4,0,4,0,
Northamptonshire,16,6,2,58c481c6,fc4375ef,efe3fcc5,0,0,0,0,
Northamptonshire,17,10,2,58c481c6,fc4375ef,efe3fcc5,4,0,4,0,
Northamptonshire,18,14,2,58c481c6,fc4375ef,efe3fcc5,4,0,4,0,
Northamptonshire,19,14,2,efe3fcc5,0dbe27b8,58c481c6,0,0,0,0,
Northamptonshire,20,14,2,efe3fcc5,0dbe27b8,58c481c6,0,0,0,0,
Northamptonshire,21,15,2,efe3fcc5,0dbe27b8,58c481c6,0,1,1,0,
Northamptonshire,22,15,2,efe3fcc5,0dbe27b8,58c481c6,0,0,0,0,
Northamptonshire,23,17,2,efe3fcc5,0dbe27b8,58c481c6,2,0,2,0,
Northamptonshire,24,17,2,efe3fcc5,0dbe27b8,58c481c6,0,0,0,0,
Northamptonshire,25,21,2,efe3fcc5,0dbe27b8,58c481c6,4,0,4,0,
Northamptonshire,26,22,2,58c481c6,4c0f3806,efe3fcc5,1,0,1,0,
Northamptonshire,27,24,2,efe3fcc5,4c0f3806,58c481c6,2,0,2,0,
Northamptonshire,28,28,2,efe3fcc5,4c0f3806,58c481c6,4,0,4,0,
Northamptonshire,29,29,2,efe3fcc5,4c0f3806,58c481c6,1,0,1,0,
Northamptonshire,30,33,2,58c481c6,4c0f3806,efe3fcc5,4,0,4,0,
Northamptonshire,31,33,2,58c481c6,4c0f3806,efe3fcc5,0,0,0,0,
Northamptonshire,32,33,2,efe3fcc5,ee0c05c0,58c481c6,0,0,0,0,
Northamptonshire,33,35,2,efe3fcc5,ee0c05c0,58c481c6,2,0,2,0,
Northamptonshire,34,35,2,efe3fcc5,ee0c05c0,58c481c6,0,0,0,0,
Northamptonshire,35,36,2,efe3fcc5,ee0c05c0,58c481c6,1,0,1,0,
Northamptonshire,36,36,2,58c481c6,ee0c05c0,efe3fcc5,0,0,0,0,
Northamptonshire,37,36,3,58c481c6,ee0c05c0,efe3fcc5,0,0,0,1,caught and bowled
Northamptonshire,38,37,3,efe3fcc5,0dbe27b8,ab01e323,1,0,1,0,
Northamptonshire,39,37,3,ab01e323,0dbe27b8,efe3fcc5,0,0,0,0,
Northamptonshire,40,38,3,ab01e323,0dbe27b8,efe3fcc5,1,0,1,0,
Northamptonshire,41,39,3,efe3fcc5,0dbe27b8,ab01e323,1,0,1,0,
Northamptonshire,42,40,3,ab01e323,0dbe27b8,efe3fcc5,0,1,1,0,
Northamptonshire,43,42,3,ab01e323,0dbe27b8,efe3fcc5,2,0,2,0,
Northamptonshire,44,43,3,ab01e323,0dbe27b8,efe3fcc5,1,0,1,0,
Northamptonshire,45,43,3,ab01e323,ff1e12a0,efe3fcc5,0,0,0,0,
Northamptonshire,46,44,3,ab01e323,ff1e12a0,efe3fcc5,1,0,1,0,
Northamptonshire,47,44,3,efe3fcc5,ff1e12a0,ab01e323,0,0,0,0,
Northamptonshire,48,45,3,efe3fcc5,ff1e12a0,ab01e323,1,0,1,0,
Northamptonshire,49,45,3,ab01e323,ff1e12a0,efe3fcc5,0,0,0,0,
Northamptonshire,50,46,3,ab01e323,ff1e12a0,efe3fcc5,1,0,1,0,
Northamptonshire,51,46,3,ab01e323,4c0f3806,efe3fcc5,0,0,0,0,
Northamptonshire,52,46,3,ab01e323,4c0f3806,efe3fcc5,0,0,0,0,
Northamptonshire,53,46,3,ab01e323,4c0f3806,efe3fcc5,0,0,0,0,
Northamptonshire,54,47,3,ab01e323,4c0f3806,efe3fcc5,1,0,1,0,
Northamptonshire,55,51,3,efe3fcc5,4c0f3806,ab01e323,4,0,4,0,
Northamptonshire,56,52,3,efe3fcc5,4c0f3806,ab01e323,1,0,1,0,
Northamptonshire,57,53,3,efe3fcc5,b5781ac3,ab01e323,1,0,1,0,
Northamptonshire,58,57,3,ab01e323,b5781ac3,efe3fcc5,4,0,4,0,
Northamptonshire,59,58,3,ab01e323,b5781ac3,efe3fcc5,1,0,1,0,
Northamptonshire,60,58,3,efe3fcc5,b5781ac3,ab01e323,0,0,0,0,
Northamptonshire,61,58,3,efe3fcc5,b5781ac3,ab01e323,0,0,0,0,
Northamptonshire,62,59,3,efe3fcc5,b5781ac3,ab01e323,1,0,1,0,
Northamptonshire,63,60,3,efe3fcc5,0dbe27b8,ab01e323,1,0,1,0,
Northamptonshire,64,60,3,ab01e323,0dbe27b8,efe3fcc5,0,0,0,0,
Northamptonshire,65,64,3,ab01e323,0dbe27b8,efe3fcc5,4,0,4,0,
Northamptonshire,66,67,3,ab01e323,0dbe27b8,efe3fcc5,1,2,3,0,
Northamptonshire,67,73,3,efe3fcc5,0dbe27b8,ab01e323,6,0,6,0,
Northamptonshire,68,73,3,efe3fcc5,0dbe27b8,ab01e323,0,0,0,0,
Northamptonshire,69,73,3,efe3fcc5,0dbe27b8,ab01e323,0,0,0,0,
Northamptonshire,70,74,3,ab01e323,b5781ac3,efe3fcc5,1,0,1,0,
Northamptonshire,71,80,3,efe3fcc5,b5781ac3,ab01e323,6,0,6,0,
Northamptonshire,72,81,3,efe3fcc5,b5781ac3,ab01e323,1,0,1,0,
Northamptonshire,73,82,3,ab01e323,b5781ac3,efe3fcc5,1,0,1,0,
Northamptonshire,74,86,3,efe3fcc5,b5781ac3,ab01e323,4,0,4,0,
Northamptonshire,75,87,3,efe3fcc5,b5781ac3,ab01e323,1,0,1,0,
Northamptonshire,76,87,3,efe3fcc5,fc4375ef,ab01e323,0,0,0,0,
Northamptonshire,77,91,3,efe3fcc5,fc4375ef,ab01e323,4,0,4,0,
Northamptonshire,78,92,3,efe3fcc5,fc4375ef,ab01e323,1,0,1,0,
Northamptonshire,79,96,3,ab01e323,fc4375ef,efe3fcc5,4,0,4,0,
Northamptonshire,80,96,3,ab01e323,fc4375ef,efe3fcc5,0,0,0,0,
Northamptonshire,81,96,3,ab01e323,fc4375ef,efe3fcc5,0,0,0,0,
Northamptonshire,82,98,3,efe3fcc5,ee0c05c0,ab01e323,2,0,2,0,
Northamptonshire,83,98,4,efe3fcc5,ee0c05c0,ab01e323,0,0,0,1,caught
Northamptonshire,84,99,4,6feb46a4,ee0c05c0,ab01e323,0,1,1,0,
Northamptonshire,85,100,4,ab01e323,ee0c05c0,6feb46a4,1,0,1,0,
Northamptonshire,86,101,4,6feb46a4,ee0c05c0,ab01e323,1,0,1,0,
Northamptonshire,87,102,4,ab01e323,ee0c05c0,6feb46a4,1,0,1,0,
Northamptonshire,88,102,4,ab01e323,4c0f3806,6feb46a4,0,0,0,0,
Northamptonshire,89,104,4,ab01e323,4c0f3806,6feb46a4,2,0,2,0,
Northamptonshire,90,105,4,ab01e323,4c0f3806,6feb46a4,1,0,1,0,
Northamptonshire,91,106,4,6feb46a4,4c0f3806,ab01e323,1,0,1,0,
Northamptonshire,92,106,5,ab01e323,4c0f3806,6feb46a4,0,0,0,1,caught
Northamptonshire,93,107,5,867a45a7,4c0f3806,6feb46a4,1,0,1,0,
Northamptonshire,94,108,5,867a45a7,ee0c05c0,6feb46a4,1,0,1,0,
Northamptonshire,95,109,5,6feb46a4,ee0c05c0,867a45a7,1,0,1,0,
Northamptonshire,96,109,6,867a45a7,ee0c05c0,6feb46a4,0,0,0,1,lbw
Northamptonshire,97,109,6,e22d3b5c,ee0c05c0,6feb46a4,0,0,0,0,
Northamptonshire,98,109,7,e22d3b5c,ee0c05c0,6feb46a4,0,0,0,1,lbw
Northamptonshire,99,109,7,7c7d63a2,ee0c05c0,6feb46a4,0,0,0,0,
Northamptonshire,100,110,7,6feb46a4,fc4375ef,7c7d63a2,1,0,1,0,
Northamptonshire,101,110,7,7c7d63a2,fc4375ef,6feb46a4,0,0,0,0,
Northamptonshire,102,112,7,7c7d63a2,fc4375ef,6feb46a4,2,0,2,0,
Northamptonshire,103,113,7,7c7d63a2,fc4375ef,6feb46a4,1,0,1,0,
Northamptonshire,104,114,7,6feb46a4,fc4375ef,7c7d63a2,1,0,1,0,
Northamptonshire,105,115,7,7c7d63a2,fc4375ef,6feb46a4,1,0,1,0,
Northamptonshire,106,115,8,7c7d63a2,ee0c05c0,6feb46a4,0,0,0,1,caught
Northamptonshire,107,115,8,0f21680d,ee0c05c0,6feb46a4,0,0,0,0,
Northamptonshire,108,115,8,0f21680d,ee0c05c0,6feb46a4,0,0,0,0,
Northamptonshire,109,116,8,0f21680d,ee0c05c0,6feb46a4,1,0,1,0,
Northamptonshire,110,116,8,6feb46a4,ee0c05c0,0f21680d,0,0,0,0,
Northamptonshire,111,120,8,6feb46a4,ee0c05c0,0f21680d,4,0,4,0,
Northamptonshire,112,120,8,0f21680d,4c0f3806,6feb46a4,0,0,0,0,
Northamptonshire,113,121,8,0f21680d,4c0f3806,6feb46a4,0,1,1,0,
Northamptonshire,114,122,8,6feb46a4,4c0f3806,0f21680d,1,0,1,0,
Northamptonshire,115,126,8,0f21680d,4c0f3806,6feb46a4,4,0,4,0,
Northamptonshire,116,130,8,0f21680d,4c0f3806,6feb46a4,4,0,4,0,
Northamptonshire,117,130,8,0f21680d,4c0f3806,6feb46a4,0,0,0,0,
Northamptonshire,118,130,8,6feb46a4,b5781ac3,0f21680d,0,0,0,0,
Northamptonshire,119,130,9,6feb46a4,b5781ac3,0f21680d,0,0,0,1,caught
Northamptonshire,120,134,9,a63dfe8a,b5781ac3,0f21680d,4,0,4,0,
Northamptonshire,121,135,9,a63dfe8a,b5781ac3,0f21680d,1,0,1,0,
Northamptonshire,122,137,9,0f21680d,b5781ac3,a63dfe8a,2,0,2,0,
Northamptonshire,123,137,10,0f21680d,b5781ac3,a63dfe8a,0,0,0,1,caught
Durham,1,0,0,4fd09cfc,7f048519,c9c0fe50,0,0,0,0,
Durham,2,0,0,4fd09cfc,7f048519,c9c0fe50,0,0,0,0,
Durham,3,1,0,4fd09cfc,7f048519,c9c0fe50,1,0,1,0,
Durham,4,1,0,c9c0fe50,7f048519,4fd09cfc,0,0,0,0,
Durham,5,2,0,c9c0fe50,7f048519,4fd09cfc,1,0,1,0,
Durham,6,3,0,4fd09cfc,7f048519,c9c0fe50,1,0,1,0,
Durham,7,5,0,4fd09cfc,58c481c6,c9c0fe50,2,0,2,0,
Durham,8,9,0,4fd09cfc,58c481c6,c9c0fe50,4,0,4,0,
Durham,9,13,0,4fd09cfc,58c481c6,c9c0fe50,4,0,4,0,
Durham,10,15,0,4fd09cfc,58c481c6,c9c0fe50,2,0,2,0,
Durham,11,21,0,4fd09cfc,58c481c6,c9c0fe50,6,0,6,0,
Durham,12,27,0,4fd09cfc,58c481c6,c9c0fe50,6,0,6,0,
Durham,13,28,0,c9c0fe50,7f048519,4fd09cfc,1,0,1,0,
Durham,14,32,0,4fd09cfc,7f048519,c9c0fe50,4,0,4,0,
Durham,15,36,0,4fd09cfc,7f048519,c9c0fe50,4,0,4,0,
Durham,16,38,0,4fd09cfc,7f048519,c9c0fe50,2,0,2,0,
Durham,17,42,0,4fd09cfc,7f048519,c9c0fe50,4,0,4,0,
Durham,18,42,0,4fd09cfc,7f048519,c9c0fe50,0,0,0,0,
Durham,19,42,0,c9c0fe50,867a45a7,4fd09cfc,0,0,0,0,
Durham,20,43,0,c9c0fe50,867a45a7,4fd09cfc,1,0,1,0,
Durham,21,47,0,4fd09cfc,867a45a7,c9c0fe50,4,0,4,0,
Durham,22,47,0,4fd09cfc,867a45a7,c9c0fe50,0,0,0,0,
Durham,23,47,0,4fd09cfc,867a45a7,c9c0fe50,0,0,0,0,
Durham,24,51,0,4fd09cfc,867a45a7,c9c0fe50,4,0,4,0,
Durham,25,52,0,c9c0fe50,7c7d63a2,4fd09cfc,1,0,1,0,
Durham,26,53,0,4fd09cfc,7c7d63a2,c9c0fe50,0,1,1,0,
Durham,27,54,0,4fd09cfc,7c7d63a2,c9c0fe50,1,0,1,0,
Durham,28,58,0,c9c0fe50,7c7d63a2,4fd09cfc,4,0,4,0,
Durham,29,62,0,c9c0fe50,7c7d63a2,4fd09cfc,4,0,4,0,
Durham,30,63,0,c9c0fe50,7c7d63a2,4fd09cfc,1,0,1,0,
Durham,31,65,0,4fd09cfc,7c7d63a2,c9c0fe50,2,0,2,0,
Durham,32,65,0,c9c0fe50,867a45a7,4fd09cfc,0,0,0,0,
Durham,33,69,0,c9c0fe50,867a45a7,4fd09cfc,4,0,4,0,
Durham,34,70,0,c9c0fe50,867a45a7,4fd09cfc,1,0,1,0,
Durham,35,74,0,4fd09cfc,867a45a7,c9c0fe50,4,0,4,0,
Durham,36,75,0,4fd09cfc,867a45a7,c9c0fe50,0,1,1,0,
Durham,37,76,0,4fd09cfc,867a45a7,c9c0fe50,1,0,1,0,
Durham,38,77,0,c9c0fe50,867a45a7,4fd09cfc,1,0,1,0,
Durham,39,79,0,c9c0fe50,0f21680d,4fd09cfc,2,0,2,0,
Durham,40,80,0,c9c0fe50,0f21680d,4fd09cfc,1,0,1,0,
Durham,41,80,0,4fd09cfc,0f21680d,c9c0fe50,0,0,0,0,
Durham,42,80,0,4fd09cfc,0f21680d,c9c0fe50,0,0,0,0,
Durham,43,84,0,4fd09cfc,0f21680d,c9c0fe50,4,0,4,0,
Durham,44,85,0,4fd09cfc,0f21680d,c9c0fe50,1,0,1,0,
Durham,45,85,0,4fd09cfc,a63dfe8a,c9c0fe50,0,0,0,0,
Durham,46,85,0,4fd09cfc,a63dfe8a,c9c0fe50,0,0,0,0,
Durham,47,91,0,4fd09cfc,a63dfe8a,c9c0fe50,6,0,6,0,
Durham,48,95,0,4fd09cfc,a63dfe8a,c9c0fe50,4,0,4,0,
Durham,49,96,0,4fd09cfc,a63dfe8a,c9c0fe50,1,0,1,0,
Durham,50,96,0,c9c0fe50,a63dfe8a,4fd09cfc,0,0,0,0,
Durham,51,97,0,4fd09cfc,ab01e323,c9c0fe50,1,0,1,0,
Durham,52,98,0,c9c0fe50,ab01e323,4fd09cfc,1,0,1,0,
Durham,53,98,0,4fd09cfc,ab01e323,c9c0fe50,0,0,0,0,
Durham,54,99,0,4fd09cfc,ab01e323,c9c0fe50,1,0,1,0,
Durham,55,101,0,c9c0fe50,ab01e323,4fd09cfc,2,0,2,0,
Durham,56,102,0,c9c0fe50,ab01e323,4fd09cfc,1,0,1,0,
Durham,57,103,0,c9c0fe50,7c7d63a2,4fd09cfc,1,0,1,0,
Durham,58,104,0,4fd09cfc,7c7d63a2,c9c0fe50,1,0,1,0,
Durham,59,104,0,c9c0fe50,7c7d63a2,4fd09cfc,0,0,0,0,
Durham,60,105,0,c9c0fe50,7c7d63a2,4fd09cfc,1,0,1,0,
Durham,61,109,0,4fd09cfc,7c7d63a2,c9c0fe50,4,0,4,0,
Durham,62,110,0,4fd09cfc,7c7d63a2,c9c0fe50,1,0,1,0,
Durham,63,110,0,4fd09cfc,58c481c6,c9c0fe50,0,0,0,0,
Durham,64,114,0,4fd09cfc,58c481c6,c9c0fe50,4,0,4,0,
Durham,65,115,0,4fd09cfc,58c481c6,c9c0fe50,1,0,1,0,
Durham,66,117,0,c9c0fe50,58c481c6,4fd09cfc,2,0,2,0,
Durham,67,117,0,c9c0fe50,58c481c6,4fd09cfc,0,0,0,0,
Durham,68,118,0,c9c0fe50,58c481c6,4fd09cfc,1,0,1,0,
Durham,69,118,0,c9c0fe50,ab01e323,4fd09cfc,0,0,0,0,
Durham,70,119,0,c9c0fe50,ab01e323,4fd09cfc,1,0,1,0,
Durham,71,120,0,4fd09cfc,ab01e323,c9c0fe50,1,0,1,0,
Durham,72,121,0,c9c0fe50,ab01e323,4fd09cfc,1,0,1,0,
Durham,73,127,0,4fd09cfc,ab01e323,c9c0fe50,6,0,6,0,
Durham,74,128,0,4fd09cfc,ab01e323,c9c0fe50,1,0,1,0,
Durham,75,129,0,4fd09cfc,a63dfe8a,c9c0fe50,1,0,1,0,
Durham,76,131,0,c9c0fe50,a63dfe8a,4fd09cfc,2,0,2,0,
Durham,77,132,0,c9c0fe50,a63dfe8a,4fd09cfc,1,0,1,0,
Durham,78,133,0,4fd09cfc,a63dfe8a,c9c0fe50,1,0,1,0,
Durham,79,134,0,c9c0fe50,a63dfe8a,4fd09cfc,1,0,1,0,
Durham,80,135,0,4fd09cfc,a63dfe8a,c9c0fe50,1,0,1,0,
Durham,81,137,0,4fd09cfc,ab01e323,c9c0fe50,2,0,2,0,
Durham,82,141,0,4fd09cfc,ab01e323,c9c0fe50,4,0,4,0,
