batting_team,ball_number,total_team_runs,total_team_wickets,striker_ID,bowler_ID,nonstriker_ID,batter_runs,extras_runs,total_delivery_runs,wicket,wicket_type
Gloucestershire,1,2,0,ac688e55,d99cc23a,10435ca2,2,0,2,0,
Gloucestershire,2,3,0,ac688e55,d99cc23a,10435ca2,1,0,1,0,
Gloucestershire,3,4,0,10435ca2,d99cc23a,ac688e55,1,0,1,0,
Gloucestershire,4,4,0,ac688e55,d99cc23a,10435ca2,0,0,0,0,
Gloucestershire,5,8,0,ac688e55,d99cc23a,10435ca2,4,0,4,0,
Gloucestershire,6,8,0,ac688e55,d99cc23a,10435ca2,0,0,0,0,
Gloucestershire,7,12,0,10435ca2,80e44dc5,ac688e55,4,0,4,0,
Gloucestershire,8,14,0,10435ca2,80e44dc5,ac688e55,2,0,2,0,
Gloucestershire,9,18,0,10435ca2,80e44dc5,ac688e55,4,0,4,0,
Gloucestershire,10,18,0,10435ca2,80e44dc5,ac688e55,0,0,0,0,
Gloucestershire,11,18,0,10435ca2,80e44dc5,ac688e55,0,0,0,0,
Gloucestershire,12,18,1,10435ca2,80e44dc5,ac688e55,0,0,0,1,caught
Gloucestershire,13,18,1,ac688e55,d99cc23a,c88bc84a,0,0,0,0,
Gloucestershire,14,18,2,ac688e55,d99cc23a,c88bc84a,0,0,0,1,caught
Gloucestershire,15,18,2,dfc3f02d,d99cc23a,c88bc84a,0,0,0,0,
Gloucestershire,16,18,2,dfc3f02d,d99cc23a,c88bc84a,0,0,0,0,
Gloucestershire,17,18,2,dfc3f02d,d99cc23a,c88bc84a,0,0,0,0,
Gloucestershire,18,18,2,dfc3f02d,d99cc23a,c88bc84a,0,0,0,0,
Gloucestershire,19,18,3,c88bc84a,80e44dc5,dfc3f02d,0,0,0,1,lbw
Gloucestershire,20,18,3,aed5be04,80e44dc5,dfc3f02d,0,0,0,0,
Gloucestershire,21,18,3,aed5be04,80e44dc5,dfc3f02d,0,0,0,0,
Gloucestershire,22,20,3,aed5be04,80e44dc5,dfc3f02d,2,0,2,0,
Gloucestershire,23,20,3,aed5be04,80e44dc5,dfc3f02d,0,0,0,0,
Gloucestershire,24,24,3,aed5be04,80e44dc5,dfc3f02d,4,0,4,0,
Gloucestershire,25,28,3,dfc3f02d,d99cc23a,aed5be04,4,0,4,0,
Gloucestershire,26,32,3,dfc3f02d,d99cc23a,aed5be04,4,0,4,0,
Gloucestershire,27,33,3,dfc3f02d,d99cc23a,aed5be04,1,0,1,0,
Gloucestershire,28,39,3,aed5be04,d99cc23a,dfc3f02d,6,0,6,0,
Gloucestershire,29,39,3,aed5be04,d99cc23a,dfc3f02d,0,0,0,0,
Gloucestershire,30,39,3,aed5be04,d99cc23a,dfc3f02d,0,0,0,0,
Gloucestershire,31,42,3,dfc3f02d,6daf5e8c,aed5be04,3,0,3,0,
Gloucestershire,32,43,3,aed5be04,6daf5e8c,dfc3f02d,1,0,1,0,
Gloucestershire,33,43,3,dfc3f02d,6daf5e8c,aed5be04,0,0,0,0,
Gloucestershire,34,44,3,dfc3f02d,6daf5e8c,aed5be04,1,0,1,0,
Gloucestershire,35,46,3,aed5be04,6daf5e8c,dfc3f02d,2,0,2,0,
Gloucestershire,36,46,3,aed5be04,6daf5e8c,dfc3f02d,0,0,0,0,
Gloucestershire,37,47,3,dfc3f02d,03df7a25,aed5be04,1,0,1,0,
Gloucestershire,38,48,3,aed5be04,03df7a25,dfc3f02d,1,0,1,0,
Gloucestershire,39,48,3,dfc3f02d,03df7a25,aed5be04,0,0,0,0,
Gloucestershire,40,49,3,dfc3f02d,03df7a25,aed5be04,1,0,1,0,
Gloucestershire,41,49,4,aed5be04,03df7a25,dfc3f02d,0,0,0,1,caught
Gloucestershire,42,49,4,ffdba4e2,03df7a25,dfc3f02d,0,0,0,0,
Gloucestershire,43,53,4,dfc3f02d,dd9de7ad,ffdba4e2,4,0,4,0,
Gloucestershire,44,53,4,dfc3f02d,dd9de7ad,ffdba4e2,0,0,0,0,
Gloucestershire,45,53,4,dfc3f02d,dd9de7ad,ffdba4e2,0,0,0,0,
Gloucestershire,46,54,4,dfc3f02d,dd9de7ad,ffdba4e2,1,0,1,0,
Gloucestershire,47,56,4,ffdba4e2,dd9de7ad,dfc3f02d,2,0,2,0,
Gloucestershire,48,57,4,ffdba4e2,dd9de7ad,dfc3f02d,1,0,1,0,
Gloucestershire,49,59,4,ffdba4e2,03df7a25,dfc3f02d,2,0,2,0,
Gloucestershire,50,59,4,ffdba4e2,03df7a25,dfc3f02d,0,0,0,0,
Gloucestershire,51,63,4,ffdba4e2,03df7a25,dfc3f02d,4,0,4,0,
Gloucestershire,52,63,4,ffdba4e2,03df7a25,dfc3f02d,0,0,0,0,
Gloucestershire,53,64,4,ffdba4e2,03df7a25,dfc3f02d,1,0,1,0,
Gloucestershire,54,65,4,dfc3f02d,03df7a25,ffdba4e2,1,0,1,0,
Gloucestershire,55,69,4,dfc3f02d,dd9de7ad,ffdba4e2,4,0,4,0,
Gloucestershire,56,70,4,dfc3f02d,dd9de7ad,ffdba4e2,1,0,1,0,
Gloucestershire,57,71,4,ffdba4e2,dd9de7ad,dfc3f02d,1,0,1,0,
Gloucestershire,58,72,4,dfc3f02d,dd9de7ad,ffdba4e2,1,0,1,0,
Gloucestershire,59,74,4,ffdba4e2,dd9de7ad,dfc3f02d,2,0,2,0,
Gloucestershire,60,75,4,ffdba4e2,dd9de7ad,dfc3f02d,1,0,1,0,
Gloucestershire,61,76,4,ffdba4e2,6daf5e8c,dfc3f02d,1,0,1,0,
Gloucestershire,62,78,4,dfc3f02d,6daf5e8c,ffdba4e2,2,0,2,0,
Gloucestershire,63,78,4,dfc3f02d,6daf5e8c,ffdba4e2,0,0,0,0,
Gloucestershire,64,79,4,dfc3f02d,6daf5e8c,ffdba4e2,1,0,1,0,
Gloucestershire,65,79,4,ffdba4e2,6daf5e8c,dfc3f02d,0,0,0,0,
Gloucestershire,66,79,4,ffdba4e2,6daf5e8c,dfc3f02d,0,0,0,0,
Gloucestershire,67,79,4,dfc3f02d,eafe8a94,ffdba4e2,0,0,0,0,
Gloucestershire,68,80,4,dfc3f02d,eafe8a94,ffdba4e2,1,0,1,0,
Gloucestershire,69,84,4,ffdba4e2,eafe8a94,dfc3f02d,4,0,4,0,
Gloucestershire,70,85,4,ffdba4e2,eafe8a94,dfc3f02d,0,1,1,0,
Gloucestershire,71,86,4,dfc3f02d,eafe8a94,ffdba4e2,1,0,1,0,
Gloucestershire,72,87,4,ffdba4e2,eafe8a94,dfc3f02d,1,0,1,0,
Gloucestershire,73,93,4,ffdba4e2,dd9de7ad,dfc3f02d,6,0,6,0,
Gloucestershire,74,94,4,ffdba4e2,dd9de7ad,dfc3f02d,1,0,1,0,
Gloucestershire,75,98,4,dfc3f02d,dd9de7ad,ffdba4e2,4,0,4,0,
Gloucestershire,76,99,4,dfc3f02d,dd9de7ad,ffdba4e2,1,0,1,0,
Gloucestershire,77,100,4,ffdba4e2,dd9de7ad,dfc3f02d,1,0,1,0,
Gloucestershire,78,100,4,dfc3f02d,dd9de7ad,ffdba4e2,0,0,0,0,
Gloucestershire,79,100,4,ffdba4e2,80e44dc5,dfc3f02d,0,0,0,0,
Gloucestershire,80,101,4,ffdba4e2,80e44dc5,dfc3f02d,1,0,1,0,
Gloucestershire,81,101,5,dfc3f02d,80e44dc5,ffdba4e2,0,0,0,1,caught
Gloucestershire,82,102,5,ba377b40,80e44dc5,ffdba4e2,1,0,1,0,
Gloucestershire,83,102,5,ffdba4e2,80e44dc5,ba377b40,0,0,0,0,
Gloucestershire,84,104,5,ffdba4e2,80e44dc5,ba377b40,2,0,2,0,
Gloucestershire,85,105,5,ba377b40,03df7a25,ffdba4e2,1,0,1,0,
Gloucestershire,86,106,5,ffdba4e2,03df7a25,ba377b40,1,0,1,0,
Gloucestershire,87,106,5,ba377b40,03df7a25,ffdba4e2,0,0,0,0,
Gloucestershire,88,107,5,ba377b40,03df7a25,ffdba4e2,1,0,1,0,
Gloucestershire,89,107,5,ffdba4e2,03df7a25,ba377b40,0,0,0,0,
Gloucestershire,90,111,5,ffdba4e2,03df7a25,ba377b40,4,0,4,0,
Gloucestershire,91,112,5,ba377b40,6daf5e8c,ffdba4e2,1,0,1,0,
Gloucestershire,92,112,5,ffdba4e2,6daf5e8c,ba377b40,0,0,0,0,
Gloucestershire,93,113,5,ffdba4e2,6daf5e8c,ba377b40,1,0,1,0,
Gloucestershire,94,114,5,ba377b40,6daf5e8c,ffdba4e2,1,0,1,0,
Gloucestershire,95,114,5,ffdba4e2,6daf5e8c,ba377b40,0,0,0,0,
Gloucestershire,96,118,5,ffdba4e2,6daf5e8c,ba377b40,4,0,4,0,
Gloucestershire,97,119,5,ba377b40,d99cc23a,ffdba4e2,1,0,1,0,
Gloucestershire,98,123,5,ffdba4e2,d99cc23a,ba377b40,4,0,4,0,
Gloucestershire,99,124,5,ffdba4e2,d99cc23a,ba377b40,1,0,1,0,
Gloucestershire,100,128,5,ba377b40,d99cc23a,ffdba4e2,4,0,4,0,
Gloucestershire,101,134,5,ba377b40,d99cc23a,ffdba4e2,6,0,6,0,
Gloucestershire,102,134,5,ba377b40,d99cc23a,ffdba4e2,0,0,0,0,
Gloucestershire,103,135,5,ffdba4e2,80e44dc5,ba377b40,1,0,1,0,
Gloucestershire,104,136,5,ba377b40,80e44dc5,ffdba4e2,1,0,1,0,
Gloucestershire,105,137,5,ffdba4e2,80e44dc5,ba377b40,1,0,1,0,
Gloucestershire,106,140,5,ba377b40,80e44dc5,ffdba4e2,3,0,3,0,
Gloucestershire,107,140,5,ffdba4e2,80e44dc5,ba377b40,0,0,0,0,
Gloucestershire,108,144,5,ffdba4e2,80e44dc5,ba377b40,4,0,4,0,
Gloucestershire,109,145,5,ba377b40,03df7a25,ffdba4e2,1,0,1,0,
Gloucestershire,110,149,5,ffdba4e2,03df7a25,ba377b40,4,0,4,0,
Gloucestershire,111,149,6,ffdba4e2,03df7a25,ba377b40,0,0,0,1,caught and bowled
Gloucestershire,112,149,6,9fd3a210,03df7a25,ba377b40,0,0,0,0,
Gloucestershire,113,149,7,9fd3a210,03df7a25,ba377b40,0,0,0,1,caught
Gloucestershire,114,149,8,01a95383,03df7a25,ba377b40,0,0,0,1,caught
Gloucestershire,115,150,8,ba377b40,6daf5e8c,6c79c098,0,1,1,0,
Gloucestershire,116,154,8,ba377b40,6daf5e8c,6c79c098,4,0,4,0,
Gloucestershire,117,158,8,ba377b40,6daf5e8c,6c79c098,4,0,4,0,
Gloucestershire,118,160,8,ba377b40,6daf5e8c,6c79c098,2,0,2,0,
Gloucestershire,119,160,8,ba377b40,6daf5e8c,6c79c098,0,0,0,0,
Gloucestershire,120,160,8,ba377b40,6daf5e8c,6c79c098,0,0,0,0,
Gloucestershire,121,161,9,ba377b40,6daf5e8c,6c79c098,1,0,1,1,run out
Glamorgan,1,0,0,9e1b7792,6c79c098,7e4c8ba3,0,0,0,0,
Glamorgan,2,0,0,9e1b7792,6c79c098,7e4c8ba3,0,0,0,0,
Glamorgan,3,6,0,9e1b7792,6c79c098,7e4c8ba3,6,0,6,0,
Glamorgan,4,7,0,9e1b7792,6c79c098,7e4c8ba3,1,0,1,0,
Glamorgan,5,8,0,7e4c8ba3,6c79c098,9e1b7792,1,0,1,0,
Glamorgan,6,12,0,9e1b7792,6c79c098,7e4c8ba3,4,0,4,0,
Glamorgan,7,12,0,7e4c8ba3,01a95383,9e1b7792,0,0,0,0,
Glamorgan,8,13,0,7e4c8ba3,01a95383,9e1b7792,1,0,1,0,
Glamorgan,9,13,1,9e1b7792,01a95383,7e4c8ba3,0,0,0,1,caught
Glamorgan,10,14,1,9e707e02,01a95383,7e4c8ba3,1,0,1,0,
Glamorgan,11,15,1,7e4c8ba3,01a95383,9e707e02,1,0,1,0,
Glamorgan,12,17,1,9e707e02,01a95383,7e4c8ba3,2,0,2,0,
Glamorgan,13,17,1,7e4c8ba3,6c79c098,9e707e02,0,0,0,0,
Glamorgan,14,17,2,7e4c8ba3,6c79c098,9e707e02,0,0,0,1,caught
Glamorgan,15,18,2,c995d726,6c79c098,9e707e02,1,0,1,0,
Glamorgan,16,18,2,9e707e02,6c79c098,c995d726,0,0,0,0,
Glamorgan,17,18,2,9e707e02,6c79c098,c995d726,0,0,0,0,
Glamorgan,18,18,2,9e707e02,6c79c098,c995d726,0,0,0,0,
Glamorgan,19,18,2,c995d726,01a95383,9e707e02,0,0,0,0,
Glamorgan,20,19,2,c995d726,01a95383,9e707e02,1,0,1,0,
Glamorgan,21,20,2,9e707e02,01a95383,c995d726,1,0,1,0,
Glamorgan,22,20,2,c995d726,01a95383,9e707e02,0,0,0,0,
Glamorgan,23,24,2,c995d726,01a95383,9e707e02,4,0,4,0,
Glamorgan,24,25,2,c995d726,01a95383,9e707e02,1,0,1,0,
Glamorgan,25,28,2,c995d726,ffdba4e2,9e707e02,1,2,3,0,
Glamorgan,26,34,2,9e707e02,ffdba4e2,c995d726,6,0,6,0,
Glamorgan,27,35,2,9e707e02,ffdba4e2,c995d726,1,0,1,0,
Glamorgan,28,36,2,c995d726,ffdba4e2,9e707e02,1,0,1,0,
Glamorgan,29,42,2,9e707e02,ffdba4e2,c995d726,6,0,6,0,
Glamorgan,30,43,2,9e707e02,ffdba4e2,c995d726,1,0,1,0,
Glamorgan,31,47,2,c995d726,ffdba4e2,9e707e02,4,0,4,0,
Glamorgan,32,48,2,9e707e02,dfc3f02d,c995d726,1,0,1,0,
Glamorgan,33,52,2,c995d726,dfc3f02d,9e707e02,4,0,4,0,
Glamorgan,34,56,2,c995d726,dfc3f02d,9e707e02,4,0,4,0,
Glamorgan,35,60,2,c995d726,dfc3f02d,9e707e02,4,0,4,0,
Glamorgan,36,60,2,c995d726,dfc3f02d,9e707e02,0,0,0,0,
Glamorgan,37,61,2,c995d726,dfc3f02d,9e707e02,1,0,1,0,
Glamorgan,38,62,2,c995d726,0a12e736,9e707e02,1,0,1,0,
Glamorgan,39,66,2,9e707e02,0a12e736,c995d726,4,0,4,0,
Glamorgan,40,72,2,9e707e02,0a12e736,c995d726,6,0,6,0,
Glamorgan,41,73,2,9e707e02,0a12e736,c995d726,1,0,1,0,
Glamorgan,42,74,2,c995d726,0a12e736,9e707e02,1,0,1,0,
Glamorgan,43,74,2,9e707e02,0a12e736,c995d726,0,0,0,0,
Glamorgan,44,78,2,c995d726,9fd3a210,9e707e02,4,0,4,0,
Glamorgan,45,79,2,c995d726,9fd3a210,9e707e02,1,0,1,0,
Glamorgan,46,79,2,9e707e02,9fd3a210,c995d726,0,0,0,0,
Glamorgan,47,83,2,9e707e02,9fd3a210,c995d726,4,0,4,0,
Glamorgan,48,84,2,9e707e02,9fd3a210,c995d726,1,0,1,0,
Glamorgan,49,86,2,c995d726,9fd3a210,9e707e02,2,0,2,0,
Glamorgan,50,86,2,9e707e02,6c79c098,c995d726,0,0,0,0,
Glamorgan,51,86,3,9e707e02,6c79c098,c995d726,0,0,0,1,caught
Glamorgan,52,86,3,6755cd5c,6c79c098,c995d726,0,0,0,0,
Glamorgan,53,87,3,6755cd5c,6c79c098,c995d726,1,0,1,0,
Glamorgan,54,88,3,c995d726,6c79c098,6755cd5c,1,0,1,0,
Glamorgan,55,88,3,6755cd5c,6c79c098,c995d726,0,0,0,0,
Glamorgan,56,89,3,c995d726,0a12e736,6755cd5c,1,0,1,0,
Glamorgan,57,91,3,6755cd5c,0a12e736,c995d726,2,0,2,0,
Glamorgan,58,92,3,6755cd5c,0a12e736,c995d726,1,0,1,0,
Glamorgan,59,93,3,c995d726,0a12e736,6755cd5c,1,0,1,0,
Glamorgan,60,94,3,6755cd5c,0a12e736,c995d726,1,0,1,0,
Glamorgan,61,96,3,c995d726,0a12e736,6755cd5c,2,0,2,0,
Glamorgan,62,100,3,6755cd5c,9fd3a210,c995d726,4,0,4,0,
Glamorgan,63,101,3,6755cd5c,9fd3a210,c995d726,1,0,1,0,
Glamorgan,64,102,3,c995d726,9fd3a210,6755cd5c,1,0,1,0,
Glamorgan,65,106,3,6755cd5c,9fd3a210,c995d726,4,0,4,0,
Glamorgan,66,107,3,6755cd5c,9fd3a210,c995d726,1,0,1,0,
Glamorgan,67,107,3,c995d726,9fd3a210,6755cd5c,0,0,0,0,
Glamorgan,68,108,3,6755cd5c,ffdba4e2,c995d726,1,0,1,0,
Glamorgan,69,108,3,c995d726,ffdba4e2,6755cd5c,0,0,0,0,
Glamorgan,70,109,3,c995d726,ffdba4e2,6755cd5c,1,0,1,0,
Glamorgan,71,115,3,6755cd5c,ffdba4e2,c995d726,6,0,6,0,
Glamorgan,72,116,3,6755cd5c,ffdba4e2,c995d726,1,0,1,0,
Glamorgan,73,117,3,c995d726,ffdba4e2,6755cd5c,1,0,1,0,
Glamorgan,74,118,3,c995d726,01a95383,6755cd5c,1,0,1,0,
Glamorgan,75,118,3,6755cd5c,01a95383,c995d726,0,0,0,0,
Glamorgan,76,118,3,6755cd5c,01a95383,c995d726,0,0,0,0,
Glamorgan,77,119,3,6755cd5c,01a95383,c995d726,1,0,1,0,
Glamorgan,78,120,3,c995d726,01a95383,6755cd5c,1,0,1,0,
Glamorgan,79,121,3,6755cd5c,01a95383,c995d726,1,0,1,0,
Glamorgan,80,121,3,6755cd5c,dfc3f02d,c995d726,0,0,0,0,
Glamorgan,81,121,4,6755cd5c,dfc3f02d,c995d726,0,0,0,1,caught and bowled
Glamorgan,82,121,4,eafe8a94,dfc3f02d,c995d726,0,0,0,0,
Glamorgan,83,121,4,eafe8a94,dfc3f02d,c995d726,0,0,0,0,
Glamorgan,84,124,4,eafe8a94,dfc3f02d,c995d726,3,0,3,0,
Glamorgan,85,125,4,c995d726,dfc3f02d,eafe8a94,1,0,1,0,
Glamorgan,86,126,4,c995d726,6c79c098,eafe8a94,1,0,1,0,
Glamorgan,87,126,4,eafe8a94,6c79c098,c995d726,0,0,0,0,
Glamorgan,88,126,4,eafe8a94,6c79c098,c995d726,0,0,0,0,
Glamorgan,89,126,5,eafe8a94,6c79c098,c995d726,0,0,0,1,bowled
Glamorgan,90,126,5,03df7a25,6c79c098,c995d726,0,0,0,0,
Glamorgan,91,127,5,03df7a25,6c79c098,c995d726,1,0,1,0,
Glamorgan,92,127,5,03df7a25,dfc3f02d,c995d726,0,0,0,0,
Glamorgan,93,128,5,03df7a25,dfc3f02d,c995d726,1,0,1,0,
Glamorgan,94,129,5,c995d726,dfc3f02d,03df7a25,0,1,1,0,
Glamorgan,95,129,6,c995d726,dfc3f02d,03df7a25,0,0,0,1,caught
Glamorgan,96,130,6,d99cc23a,dfc3f02d,03df7a25,1,0,1,0,
Glamorgan,97,131,6,03df7a25,dfc3f02d,d99cc23a,1,0,1,0,
Glamorgan,98,132,6,d99cc23a,dfc3f02d,03df7a25,1,0,1,0,
Glamorgan,99,134,6,d99cc23a,01a95383,03df7a25,2,0,2,0,
Glamorgan,100,134,6,d99cc23a,01a95383,03df7a25,0,0,0,0,
Glamorgan,101,135,6,d99cc23a,01a95383,03df7a25,1,0,1,0,
Glamorgan,102,136,6,03df7a25,01a95383,d99cc23a,1,0,1,0,
Glamorgan,103,137,6,d99cc23a,01a95383,03df7a25,1,0,1,0,
Glamorgan,104,137,7,03df7a25,01a95383,d99cc23a,0,0,0,1,caught
Glamorgan,105,138,7,d99cc23a,0a12e736,dd9de7ad,1,0,1,0,
Glamorgan,106,139,7,dd9de7ad,0a12e736,d99cc23a,1,0,1,0,
Glamorgan,107,145,7,d99cc23a,0a12e736,dd9de7ad,6,0,6,0,
Glamorgan,108,146,7,d99cc23a,0a12e736,dd9de7ad,1,0,1,0,
Glamorgan,109,147,7,dd9de7ad,0a12e736,d99cc23a,1,0,1,0,
Glamorgan,110,147,7,d99cc23a,0a12e736,dd9de7ad,0,0,0,0,
Glamorgan,111,148,7,dd9de7ad,9fd3a210,d99cc23a,0,1,1,0,
Glamorgan,112,149,7,d99cc23a,9fd3a210,dd9de7ad,1,0,1,0,
Glamorgan,113,149,7,dd9de7ad,9fd3a210,d99cc23a,0,0,0,0,
Glamorgan,114,149,8,dd9de7ad,9fd3a210,d99cc23a,0,0,0,1,bowled
Glamorgan,115,149,8,6daf5e8c,9fd3a210,d99cc23a,0,0,0,0,
Glamorgan,116,150,8,6daf5e8c,9fd3a210,d99cc23a,0,1,1,0,
Glamorgan,117,156,8,6daf5e8c,9fd3a210,d99cc23a,6,0,6,0,
Glamorgan,118,162,8,d99cc23a,0a12e736,6daf5e8c,6,0,6,0,
