batting_team,ball_number,total_team_runs,total_team_wickets,striker_ID,bowler_ID,nonstriker_ID,batter_runs,extras_runs,total_delivery_runs,wicket,wicket_type
Oman,1,0,0,c4e73ff1,f092b4c7,c2f12310,0,0,0,0,
Oman,2,2,0,c4e73ff1,f092b4c7,c2f12310,0,2,2,0,
Oman,3,2,0,c4e73ff1,f092b4c7,c2f12310,0,0,0,0,
Oman,4,2,0,c4e73ff1,f092b4c7,c2f12310,0,0,0,0,
Oman,5,2,0,c4e73ff1,f092b4c7,c2f12310,0,0,0,0,
Oman,6,6,0,c4e73ff1,f092b4c7,c2f12310,4,0,4,0,
Oman,7,6,0,c2f12310,5892ac75,c4e73ff1,0,0,0,0,
Oman,8,6,0,c2f12310,5892ac75,c4e73ff1,0,0,0,0,
Oman,9,10,0,c2f12310,5892ac75,c4e73ff1,4,0,4,0,
Oman,10,10,0,c2f12310,5892ac75,c4e73ff1,0,0,0,0,
Oman,11,11,0,c2f12310,5892ac75,c4e73ff1,1,0,1,0,
Oman,12,12,0,c4e73ff1,5892ac75,c2f12310,1,0,1,0,
Oman,13,12,0,c4e73ff1,f092b4c7,c2f12310,0,0,0,0,
Oman,14,12,0,c4e73ff1,f092b4c7,c2f12310,0,0,0,0,
Oman,15,12,0,c4e73ff1,f092b4c7,c2f12310,0,0,0,0,
Oman,16,13,0,c4e73ff1,f092b4c7,c2f12310,1,0,1,0,
Oman,17,13,0,c2f12310,f092b4c7,c4e73ff1,0,0,0,0,
Oman,18,17,0,c2f12310,f092b4c7,c4e73ff1,4,0,4,0,
Oman,19,21,0,c4e73ff1,5892ac75,c2f12310,4,0,4,0,
Oman,20,21,0,c4e73ff1,5892ac75,c2f12310,0,0,0,0,
Oman,21,21,0,c4e73ff1,5892ac75,c2f12310,0,0,0,0,
Oman,22,21,0,c4e73ff1,5892ac75,c2f12310,0,0,0,0,
Oman,23,22,0,c4e73ff1,5892ac75,c2f12310,1,0,1,0,
Oman,24,22,0,c2f12310,5892ac75,c4e73ff1,0,0,0,0,
Oman,25,23,0,c4e73ff1,b56f5b6f,c2f12310,1,0,1,0,
Oman,26,23,0,c2f12310,b56f5b6f,c4e73ff1,0,0,0,0,
Oman,27,27,0,c2f12310,b56f5b6f,c4e73ff1,4,0,4,0,
Oman,28,28,0,c2f12310,b56f5b6f,c4e73ff1,1,0,1,0,
Oman,29,28,0,c4e73ff1,b56f5b6f,c2f12310,0,0,0,0,
Oman,30,28,1,c4e73ff1,b56f5b6f,c2f12310,0,0,0,1,caught
Oman,31,32,1,c2f12310,465fd722,b3b39bed,4,0,4,0,
Oman,32,36,1,c2f12310,465fd722,b3b39bed,4,0,4,0,
Oman,33,40,1,c2f12310,465fd722,b3b39bed,4,0,4,0,
Oman,34,40,1,c2f12310,465fd722,b3b39bed,0,0,0,0,
Oman,35,40,1,c2f12310,465fd722,b3b39bed,0,0,0,0,
Oman,36,41,1,c2f12310,465fd722,b3b39bed,1,0,1,0,
Oman,37,42,1,c2f12310,b56f5b6f,b3b39bed,1,0,1,0,
Oman,38,42,1,b3b39bed,b56f5b6f,c2f12310,0,0,0,0,
Oman,39,43,1,b3b39bed,b56f5b6f,c2f12310,1,0,1,0,
Oman,40,44,1,c2f12310,b56f5b6f,b3b39bed,1,0,1,0,
Oman,41,45,1,b3b39bed,b56f5b6f,c2f12310,1,0,1,0,
Oman,42,46,1,c2f12310,b56f5b6f,b3b39bed,1,0,1,0,
Oman,43,47,1,c2f12310,13598ebc,b3b39bed,1,0,1,0,
Oman,44,53,1,b3b39bed,13598ebc,c2f12310,6,0,6,0,
Oman,45,54,1,b3b39bed,13598ebc,c2f12310,1,0,1,0,
Oman,46,55,1,c2f12310,13598ebc,b3b39bed,1,0,1,0,
Oman,47,55,1,b3b39bed,13598ebc,c2f12310,0,0,0,0,
Oman,48,61,1,b3b39bed,13598ebc,c2f12310,6,0,6,0,
Oman,49,65,1,c2f12310,1f490b28,b3b39bed,4,0,4,0,
Oman,50,65,1,c2f12310,1f490b28,b3b39bed,0,0,0,0,
Oman,51,66,1,c2f12310,1f490b28,b3b39bed,1,0,1,0,
Oman,52,67,1,b3b39bed,1f490b28,c2f12310,1,0,1,0,
Oman,53,67,1,c2f12310,1f490b28,b3b39bed,0,0,0,0,
Oman,54,68,1,c2f12310,1f490b28,b3b39bed,1,0,1,0,
Oman,55,69,1,c2f12310,44482748,b3b39bed,1,0,1,0,
Oman,56,70,1,b3b39bed,44482748,c2f12310,0,1,1,0,
Oman,57,71,1,b3b39bed,44482748,c2f12310,1,0,1,0,
Oman,58,72,1,c2f12310,44482748,b3b39bed,1,0,1,0,
Oman,59,73,1,b3b39bed,44482748,c2f12310,1,0,1,0,
Oman,60,74,1,c2f12310,44482748,b3b39bed,1,0,1,0,
Oman,61,75,1,b3b39bed,44482748,c2f12310,1,0,1,0,
Oman,62,75,1,b3b39bed,b56f5b6f,c2f12310,0,0,0,0,
Oman,63,76,1,b3b39bed,b56f5b6f,c2f12310,1,0,1,0,
Oman,64,77,1,c2f12310,b56f5b6f,b3b39bed,1,0,1,0,
Oman,65,78,1,b3b39bed,b56f5b6f,c2f12310,1,0,1,0,
Oman,66,78,2,c2f12310,b56f5b6f,b3b39bed,0,0,0,1,caught
Oman,67,79,2,34464143,b56f5b6f,b3b39bed,1,0,1,0,
Oman,68,83,2,34464143,44482748,b3b39bed,4,0,4,0,
Oman,69,84,2,34464143,44482748,b3b39bed,1,0,1,0,
Oman,70,85,2,b3b39bed,44482748,34464143,0,1,1,0,
Oman,71,86,2,b3b39bed,44482748,34464143,1,0,1,0,
Oman,72,90,2,34464143,44482748,b3b39bed,4,0,4,0,
Oman,73,90,2,34464143,44482748,b3b39bed,0,0,0,0,
Oman,74,94,2,34464143,44482748,b3b39bed,4,0,4,0,
Oman,75,95,2,b3b39bed,1f490b28,34464143,1,0,1,0,
Oman,76,101,2,34464143,1f490b28,b3b39bed,6,0,6,0,
Oman,77,102,2,34464143,1f490b28,b3b39bed,1,0,1,0,
Oman,78,103,2,b3b39bed,1f490b28,34464143,1,0,1,0,
Oman,79,104,2,34464143,1f490b28,b3b39bed,1,0,1,0,
Oman,80,105,2,b3b39bed,1f490b28,34464143,1,0,1,0,
Oman,81,109,2,b3b39bed,b56f5b6f,34464143,4,0,4,0,
Oman,82,115,2,b3b39bed,b56f5b6f,34464143,6,0,6,0,
Oman,83,121,2,b3b39bed,b56f5b6f,34464143,6,0,6,0,
Oman,84,125,2,b3b39bed,b56f5b6f,34464143,4,0,4,0,
Oman,85,130,2,b3b39bed,b56f5b6f,34464143,0,5,5,0,
Oman,86,134,2,b3b39bed,b56f5b6f,34464143,4,0,4,0,
Oman,87,135,2,b3b39bed,b56f5b6f,34464143,1,0,1,0,
Oman,88,136,2,b3b39bed,44482748,34464143,1,0,1,0,
Oman,89,136,2,34464143,44482748,b3b39bed,0,0,0,0,
Oman,90,136,2,34464143,44482748,b3b39bed,0,0,0,0,
Oman,91,137,2,34464143,44482748,b3b39bed,1,0,1,0,
Oman,92,138,2,b3b39bed,44482748,34464143,1,0,1,0,
Oman,93,139,2,34464143,44482748,b3b39bed,1,0,1,0,
Oman,94,139,2,34464143,465fd722,b3b39bed,0,0,0,0,
Oman,95,140,2,34464143,465fd722,b3b39bed,1,0,1,0,
Oman,96,144,2,b3b39bed,465fd722,34464143,4,0,4,0,
Oman,97,145,2,b3b39bed,465fd722,34464143,1,0,1,0,
Oman,98,146,2,34464143,465fd722,b3b39bed,1,0,1,0,
Oman,99,146,2,b3b39bed,465fd722,34464143,0,0,0,0,
Oman,100,147,2,34464143,f092b4c7,b3b39bed,0,1,1,0,
Oman,101,147,3,34464143,f092b4c7,b3b39bed,0,0,0,1,caught and bowled
Oman,102,148,3,44d6a8b8,f092b4c7,b3b39bed,1,0,1,0,
Oman,103,148,3,b3b39bed,f092b4c7,44d6a8b8,0,0,0,0,
Oman,104,150,3,b3b39bed,f092b4c7,44d6a8b8,2,0,2,0,
Oman,105,151,3,b3b39bed,f092b4c7,44d6a8b8,1,0,1,0,
Oman,106,152,3,44d6a8b8,f092b4c7,b3b39bed,1,0,1,0,
Oman,107,153,3,44d6a8b8,5892ac75,b3b39bed,1,0,1,0,
Oman,108,154,3,b3b39bed,5892ac75,44d6a8b8,1,0,1,0,
Oman,109,158,3,44d6a8b8,5892ac75,b3b39bed,4,0,4,0,
Oman,110,160,3,44d6a8b8,5892ac75,b3b39bed,2,0,2,0,
Oman,111,160,4,44d6a8b8,5892ac75,b3b39bed,0,0,0,1,caught
Oman,112,161,4,d7bfcc0b,5892ac75,b3b39bed,1,0,1,0,
Oman,113,162,4,d7bfcc0b,f092b4c7,b3b39bed,0,1,1,0,
Oman,114,164,4,b3b39bed,f092b4c7,d7bfcc0b,2,0,2,0,
Oman,115,164,5,b3b39bed,f092b4c7,d7bfcc0b,0,0,0,1,caught
Oman,116,164,5,c5d7b244,f092b4c7,d7bfcc0b,0,0,0,0,
Oman,117,165,5,c5d7b244,f092b4c7,d7bfcc0b,1,0,1,0,
Oman,118,169,5,d7bfcc0b,f092b4c7,c5d7b244,4,0,4,0,
Oman,119,169,5,c5d7b244,5892ac75,d7bfcc0b,0,0,0,0,
Oman,120,170,5,c5d7b244,5892ac75,d7bfcc0b,1,0,1,0,
Oman,121,171,5,d7bfcc0b,5892ac75,c5d7b244,1,0,1,0,
Oman,122,171,6,c5d7b244,5892ac75,d7bfcc0b,0,0,0,1,bowled
Oman,123,172,6,21afb939,5892ac75,d7bfcc0b,1,0,1,0,
Oman,124,174,6,d7bfcc0b,5892ac75,21afb939,2,0,2,0,
Singapore,1,1,0,f3a5c378,dcdb87f2,baf0fc26,1,0,1,0,
Singapore,2,2,0,baf0fc26,dcdb87f2,f3a5c378,1,0,1,0,
Singapore,3,3,0,f3a5c378,dcdb87f2,baf0fc26,0,1,1,0,
Singapore,4,4,0,f3a5c378,dcdb87f2,baf0fc26,1,0,1,0,
Singapore,5,4,0,baf0fc26,dcdb87f2,f3a5c378,0,0,0,0,
Singapore,6,4,0,baf0fc26,dcdb87f2,f3a5c378,0,0,0,0,
Singapore,7,4,0,baf0fc26,dcdb87f2,f3a5c378,0,0,0,0,
Singapore,8,5,0,f3a5c378,bd9fbd51,baf0fc26,1,0,1,0,
Singapore,9,7,0,baf0fc26,bd9fbd51,f3a5c378,2,0,2,0,
Singapore,10,7,0,baf0fc26,bd9fbd51,f3a5c378,0,0,0,0,
Singapore,11,7,0,baf0fc26,bd9fbd51,f3a5c378,0,0,0,0,
Singapore,12,8,0,baf0fc26,bd9fbd51,f3a5c378,1,0,1,0,
Singapore,13,8,0,f3a5c378,bd9fbd51,baf0fc26,0,0,0,0,
Singapore,14,8,0,baf0fc26,dcdb87f2,f3a5c378,0,0,0,0,
Singapore,15,8,0,baf0fc26,dcdb87f2,f3a5c378,0,0,0,0,
Singapore,16,9,0,baf0fc26,dcdb87f2,f3a5c378,1,0,1,0,
Singapore,17,13,0,f3a5c378,dcdb87f2,baf0fc26,4,0,4,0,
Singapore,18,13,0,f3a5c378,dcdb87f2,baf0fc26,0,0,0,0,
Singapore,19,19,0,f3a5c378,dcdb87f2,baf0fc26,6,0,6,0,
Singapore,20,20,0,baf0fc26,e29e9c12,f3a5c378,1,0,1,0,
Singapore,21,24,0,f3a5c378,e29e9c12,baf0fc26,0,4,4,0,
Singapore,22,24,1,f3a5c378,e29e9c12,baf0fc26,0,0,0,1,bowled
Singapore,23,24,1,b56f5b6f,e29e9c12,baf0fc26,0,0,0,0,
Singapore,24,24,1,b56f5b6f,e29e9c12,baf0fc26,0,0,0,0,
Singapore,25,24,1,b56f5b6f,e29e9c12,baf0fc26,0,0,0,0,
Singapore,26,25,1,baf0fc26,bd9fbd51,b56f5b6f,1,0,1,0,
Singapore,27,25,1,b56f5b6f,bd9fbd51,baf0fc26,0,0,0,0,
Singapore,28,26,1,b56f5b6f,bd9fbd51,baf0fc26,1,0,1,0,
Singapore,29,30,1,baf0fc26,bd9fbd51,b56f5b6f,4,0,4,0,
Singapore,30,31,1,baf0fc26,bd9fbd51,b56f5b6f,1,0,1,0,
Singapore,31,32,1,b56f5b6f,bd9fbd51,baf0fc26,1,0,1,0,
Singapore,32,32,1,b56f5b6f,e29e9c12,baf0fc26,0,0,0,0,
Singapore,33,36,1,b56f5b6f,e29e9c12,baf0fc26,4,0,4,0,
Singapore,34,40,1,b56f5b6f,e29e9c12,baf0fc26,4,0,4,0,
Singapore,35,41,1,b56f5b6f,e29e9c12,baf0fc26,1,0,1,0,
Singapore,36,41,1,baf0fc26,e29e9c12,b56f5b6f,0,0,0,0,
Singapore,37,41,1,baf0fc26,e29e9c12,b56f5b6f,0,0,0,0,
Singapore,38,42,1,b56f5b6f,34464143,baf0fc26,1,0,1,0,
Singapore,39,42,2,baf0fc26,34464143,b56f5b6f,0,0,0,1,stumped
Singapore,40,42,2,2a6ccc1c,34464143,b56f5b6f,0,0,0,0,
Singapore,41,42,2,2a6ccc1c,34464143,b56f5b6f,0,0,0,0,
Singapore,42,42,2,2a6ccc1c,34464143,b56f5b6f,0,0,0,0,
Singapore,43,43,2,2a6ccc1c,34464143,b56f5b6f,1,0,1,0,
Singapore,44,43,2,2a6ccc1c,e29e9c12,b56f5b6f,0,0,0,0,
Singapore,45,43,2,2a6ccc1c,e29e9c12,b56f5b6f,0,0,0,0,
Singapore,46,43,2,2a6ccc1c,e29e9c12,b56f5b6f,0,0,0,0,
Singapore,47,43,2,2a6ccc1c,e29e9c12,b56f5b6f,0,0,0,0,
Singapore,48,45,2,2a6ccc1c,e29e9c12,b56f5b6f,0,2,2,0,
Singapore,49,46,2,2a6ccc1c,e29e9c12,b56f5b6f,1,0,1,0,
Singapore,50,52,2,2a6ccc1c,34464143,b56f5b6f,6,0,6,0,
Singapore,51,53,2,2a6ccc1c,34464143,b56f5b6f,1,0,1,0,
Singapore,52,54,2,b56f5b6f,34464143,2a6ccc1c,1,0,1,0,
Singapore,53,58,2,2a6ccc1c,34464143,b56f5b6f,4,0,4,0,
Singapore,54,58,2,2a6ccc1c,34464143,b56f5b6f,0,0,0,0,
Singapore,55,62,2,2a6ccc1c,34464143,b56f5b6f,4,0,4,0,
Singapore,56,64,2,b56f5b6f,e29e9c12,2a6ccc1c,2,0,2,0,
Singapore,57,68,2,b56f5b6f,e29e9c12,2a6ccc1c,4,0,4,0,
Singapore,58,69,2,b56f5b6f,e29e9c12,2a6ccc1c,1,0,1,0,
Singapore,59,70,2,2a6ccc1c,e29e9c12,b56f5b6f,1,0,1,0,
Singapore,60,71,2,b56f5b6f,e29e9c12,2a6ccc1c,1,0,1,0,
Singapore,61,72,2,2a6ccc1c,e29e9c12,b56f5b6f,0,1,1,0,
Singapore,62,72,2,2a6ccc1c,e29e9c12,b56f5b6f,0,0,0,0,
Singapore,63,72,2,b56f5b6f,b3b39bed,2a6ccc1c,0,0,0,0,
Singapore,64,72,2,b56f5b6f,b3b39bed,2a6ccc1c,0,0,0,0,
Singapore,65,72,2,b56f5b6f,b3b39bed,2a6ccc1c,0,0,0,0,
Singapore,66,72,2,b56f5b6f,b3b39bed,2a6ccc1c,0,0,0,0,
Singapore,67,73,2,b56f5b6f,b3b39bed,2a6ccc1c,1,0,1,0,
Singapore,68,73,2,2a6ccc1c,b3b39bed,b56f5b6f,0,0,0,0,
Singapore,69,77,2,b56f5b6f,c5d7b244,2a6ccc1c,4,0,4,0,
Singapore,70,77,3,b56f5b6f,c5d7b244,2a6ccc1c,0,0,0,1,caught
Singapore,71,77,3,e9d6a2ce,c5d7b244,2a6ccc1c,0,0,0,0,
Singapore,72,78,3,e9d6a2ce,c5d7b244,2a6ccc1c,1,0,1,0,
Singapore,73,78,3,2a6ccc1c,c5d7b244,e9d6a2ce,0,0,0,0,
Singapore,74,82,3,2a6ccc1c,c5d7b244,e9d6a2ce,4,0,4,0,
Singapore,75,83,3,e9d6a2ce,b3b39bed,2a6ccc1c,1,0,1,0,
Singapore,76,85,3,2a6ccc1c,b3b39bed,e9d6a2ce,2,0,2,0,
Singapore,77,85,3,2a6ccc1c,b3b39bed,e9d6a2ce,0,0,0,0,
Singapore,78,85,3,2a6ccc1c,b3b39bed,e9d6a2ce,0,0,0,0,
Singapore,79,86,3,2a6ccc1c,b3b39bed,e9d6a2ce,1,0,1,0,
Singapore,80,87,3,e9d6a2ce,b3b39bed,2a6ccc1c,1,0,1,0,
Singapore,81,88,3,e9d6a2ce,c5d7b244,2a6ccc1c,1,0,1,0,
Singapore,82,94,3,2a6ccc1c,c5d7b244,e9d6a2ce,6,0,6,0,
Singapore,83,98,3,2a6ccc1c,c5d7b244,e9d6a2ce,4,0,4,0,
Singapore,84,98,3,2a6ccc1c,c5d7b244,e9d6a2ce,0,0,0,0,
Singapore,85,99,3,2a6ccc1c,c5d7b244,e9d6a2ce,0,1,1,0,
Singapore,86,99,3,2a6ccc1c,c5d7b244,e9d6a2ce,0,0,0,0,
Singapore,87,99,3,2a6ccc1c,c5d7b244,e9d6a2ce,0,0,0,0,
Singapore,88,100,3,e9d6a2ce,b3b39bed,2a6ccc1c,1,0,1,0,
Singapore,89,106,3,2a6ccc1c,b3b39bed,e9d6a2ce,6,0,6,0,
Singapore,90,106,4,2a6ccc1c,b3b39bed,e9d6a2ce,0,0,0,1,hit wicket
Singapore,91,106,4,f092b4c7,b3b39bed,e9d6a2ce,0,0,0,0,
Singapore,92,107,4,f092b4c7,b3b39bed,e9d6a2ce,1,0,1,0,
Singapore,93,109,4,e9d6a2ce,b3b39bed,f092b4c7,2,0,2,0,
Singapore,94,109,5,f092b4c7,bd9fbd51,e9d6a2ce,0,0,0,1,caught
Singapore,95,109,5,44482748,bd9fbd51,e9d6a2ce,0,0,0,0,
Singapore,96,109,5,44482748,bd9fbd51,e9d6a2ce,0,0,0,0,
Singapore,97,109,6,44482748,bd9fbd51,e9d6a2ce,0,0,0,1,bowled
Singapore,98,109,6,465fd722,bd9fbd51,e9d6a2ce,0,0,0,0,
Singapore,99,110,6,465fd722,bd9fbd51,e9d6a2ce,1,0,1,0,
Singapore,100,110,6,465fd722,b3b39bed,e9d6a2ce,0,0,0,0,
Singapore,101,111,6,465fd722,b3b39bed,e9d6a2ce,1,0,1,0,
Singapore,102,117,6,e9d6a2ce,b3b39bed,465fd722,6,0,6,0,
Singapore,103,119,6,e9d6a2ce,b3b39bed,465fd722,2,0,2,0,
Singapore,104,125,6,e9d6a2ce,b3b39bed,465fd722,6,0,6,0,
Singapore,105,126,6,e9d6a2ce,b3b39bed,465fd722,1,0,1,0,
Singapore,106,127,6,e9d6a2ce,dcdb87f2,465fd722,1,0,1,0,
Singapore,107,132,6,465fd722,dcdb87f2,e9d6a2ce,0,5,5,0,
Singapore,108,133,6,465fd722,dcdb87f2,e9d6a2ce,0,1,1,0,
Singapore,109,135,6,e9d6a2ce,dcdb87f2,465fd722,2,0,2,0,
Singapore,110,136,6,e9d6a2ce,dcdb87f2,465fd722,1,0,1,0,
Singapore,111,136,6,465fd722,dcdb87f2,e9d6a2ce,0,0,0,0,
Singapore,112,137,6,465fd722,dcdb87f2,e9d6a2ce,0,1,1,0,
Singapore,113,138,6,465fd722,bd9fbd51,e9d6a2ce,0,1,1,0,
Singapore,114,139,6,e9d6a2ce,bd9fbd51,465fd722,0,1,1,0,
Singapore,115,140,6,e9d6a2ce,bd9fbd51,465fd722,0,1,1,0,
Singapore,116,140,6,e9d6a2ce,bd9fbd51,465fd722,0,0,0,0,
Singapore,117,141,6,e9d6a2ce,bd9fbd51,465fd722,0,1,1,0,
Singapore,118,143,6,e9d6a2ce,bd9fbd51,465fd722,2,0,2,0,
Singapore,119,145,6,e9d6a2ce,bd9fbd51,465fd722,2,0,2,0,
Singapore,120,145,6,e9d6a2ce,bd9fbd51,465fd722,0,0,0,0,
Singapore,121,146,6,e9d6a2ce,bd9fbd51,465fd722,1,0,1,0,
Singapore,122,146,7,e9d6a2ce,dcdb87f2,465fd722,0,0,0,1,bowled
Singapore,123,147,7,13598ebc,dcdb87f2,465fd722,1,0,1,0,
Singapore,124,147,7,465fd722,dcdb87f2,13598ebc,0,0,0,0,
Singapore,125,147,8,465fd722,dcdb87f2,13598ebc,0,0,0,1,bowled
Singapore,126,148,8,5892ac75,dcdb87f2,13598ebc,1,0,1,0,
Singapore,127,152,8,13598ebc,dcdb87f2,5892ac75,4,0,4,0,
