batting_team,ball_number,total_team_runs,total_team_wickets,striker_ID,bowler_ID,nonstriker_ID,batter_runs,extras_runs,total_delivery_runs,wicket,wicket_type
Thailand,1,0,0,3eb26dc4,1eb5affb,35ae9e8a,0,0,0,0,
Thailand,2,0,0,3eb26dc4,1eb5affb,35ae9e8a,0,0,0,0,
Thailand,3,0,1,3eb26dc4,1eb5affb,35ae9e8a,0,0,0,1,bowled
Thailand,4,1,1,a5501504,1eb5affb,35ae9e8a,0,1,1,0,
Thailand,5,1,1,a5501504,1eb5affb,35ae9e8a,0,0,0,0,
Thailand,6,1,1,a5501504,1eb5affb,35ae9e8a,0,0,0,0,
Thailand,7,1,1,a5501504,1eb5affb,35ae9e8a,0,0,0,0,
Thailand,8,1,1,35ae9e8a,2e092d2c,a5501504,0,0,0,0,
Thailand,9,1,1,35ae9e8a,2e092d2c,a5501504,0,0,0,0,
Thailand,10,1,1,35ae9e8a,2e092d2c,a5501504,0,0,0,0,
Thailand,11,2,1,35ae9e8a,2e092d2c,a5501504,0,1,1,0,
Thailand,12,3,1,a5501504,2e092d2c,35ae9e8a,1,0,1,0,
Thailand,13,3,1,35ae9e8a,2e092d2c,a5501504,0,0,0,0,
Thailand,14,5,1,a5501504,1eb5affb,35ae9e8a,2,0,2,0,
Thailand,15,6,1,a5501504,1eb5affb,35ae9e8a,0,1,1,0,
Thailand,16,7,1,35ae9e8a,1eb5affb,a5501504,0,1,1,0,
Thailand,17,9,1,35ae9e8a,1eb5affb,a5501504,2,0,2,0,
Thailand,18,9,1,35ae9e8a,1eb5affb,a5501504,0,0,0,0,
Thailand,19,10,1,35ae9e8a,1eb5affb,a5501504,1,0,1,0,
Thailand,20,10,1,a5501504,1eb5affb,35ae9e8a,0,0,0,0,
Thailand,21,10,1,35ae9e8a,2e092d2c,a5501504,0,0,0,0,
Thailand,22,10,2,35ae9e8a,2e092d2c,a5501504,0,0,0,1,caught
Thailand,23,11,2,9e3575ce,2e092d2c,a5501504,1,0,1,0,
Thailand,24,12,2,a5501504,2e092d2c,9e3575ce,1,0,1,0,
Thailand,25,12,2,9e3575ce,2e092d2c,a5501504,0,0,0,0,
Thailand,26,12,2,9e3575ce,2e092d2c,a5501504,0,0,0,0,
Thailand,27,15,2,a5501504,1eb5affb,9e3575ce,3,0,3,0,
Thailand,28,15,2,9e3575ce,1eb5affb,a5501504,0,0,0,0,
Thailand,29,16,2,9e3575ce,1eb5affb,a5501504,1,0,1,0,
Thailand,30,16,2,a5501504,1eb5affb,9e3575ce,0,0,0,0,
Thailand,31,16,2,a5501504,1eb5affb,9e3575ce,0,0,0,0,
Thailand,32,16,2,a5501504,1eb5affb,9e3575ce,0,0,0,0,
Thailand,33,17,2,9e3575ce,2e092d2c,a5501504,1,0,1,0,
Thailand,34,18,2,a5501504,2e092d2c,9e3575ce,1,0,1,0,
Thailand,35,19,2,9e3575ce,2e092d2c,a5501504,1,0,1,0,
Thailand,36,19,2,a5501504,2e092d2c,9e3575ce,0,0,0,0,
Thailand,37,23,2,a5501504,2e092d2c,9e3575ce,4,0,4,0,
Thailand,38,24,2,a5501504,2e092d2c,9e3575ce,1,0,1,0,
Thailand,39,24,2,a5501504,c343a8c6,9e3575ce,0,0,0,0,
Thailand,40,26,2,a5501504,c343a8c6,9e3575ce,2,0,2,0,
Thailand,41,27,2,a5501504,c343a8c6,9e3575ce,1,0,1,0,
Thailand,42,28,2,9e3575ce,c343a8c6,a5501504,1,0,1,0,
Thailand,43,29,2,a5501504,c343a8c6,9e3575ce,1,0,1,0,
Thailand,44,30,2,9e3575ce,c343a8c6,a5501504,1,0,1,0,
Thailand,45,31,2,9e3575ce,ad2efd29,a5501504,1,0,1,0,
Thailand,46,33,2,a5501504,ad2efd29,9e3575ce,0,2,2,0,
Thailand,47,33,2,9e3575ce,ad2efd29,a5501504,0,0,0,0,
Thailand,48,35,2,9e3575ce,ad2efd29,a5501504,2,0,2,0,
Thailand,49,36,2,9e3575ce,ad2efd29,a5501504,1,0,1,0,
Thailand,50,36,3,a5501504,ad2efd29,9e3575ce,0,0,0,1,caught
Thailand,51,37,3,3ad06915,ad2efd29,9e3575ce,1,0,1,0,
Thailand,52,39,3,3ad06915,c343a8c6,9e3575ce,2,0,2,0,
Thailand,53,39,3,3ad06915,c343a8c6,9e3575ce,0,0,0,0,
Thailand,54,39,3,3ad06915,c343a8c6,9e3575ce,0,0,0,0,
Thailand,55,39,3,3ad06915,c343a8c6,9e3575ce,0,0,0,0,
Thailand,56,39,3,3ad06915,c343a8c6,9e3575ce,0,0,0,0,
Thailand,57,40,3,3ad06915,c343a8c6,9e3575ce,1,0,1,0,
Thailand,58,41,3,3ad06915,ad2efd29,9e3575ce,0,1,1,0,
Thailand,59,42,3,3ad06915,ad2efd29,9e3575ce,1,0,1,0,
Thailand,60,44,3,9e3575ce,ad2efd29,3ad06915,1,1,2,0,
Thailand,61,45,3,3ad06915,ad2efd29,9e3575ce,1,0,1,0,
Thailand,62,46,3,9e3575ce,ad2efd29,3ad06915,1,0,1,0,
Thailand,63,48,3,3ad06915,ad2efd29,9e3575ce,2,0,2,0,
Thailand,64,50,3,3ad06915,ad2efd29,9e3575ce,2,0,2,0,
Thailand,65,51,3,3ad06915,ad2efd29,9e3575ce,1,0,1,0,
Thailand,66,51,3,3ad06915,c343a8c6,9e3575ce,0,0,0,0,
Thailand,67,53,3,3ad06915,c343a8c6,9e3575ce,2,0,2,0,
Thailand,68,55,3,3ad06915,c343a8c6,9e3575ce,2,0,2,0,
Thailand,69,55,3,3ad06915,c343a8c6,9e3575ce,0,0,0,0,
Thailand,70,55,3,3ad06915,c343a8c6,9e3575ce,0,0,0,0,
Thailand,71,56,3,3ad06915,c343a8c6,9e3575ce,1,0,1,0,
Thailand,72,56,3,3ad06915,09e86895,9e3575ce,0,0,0,0,
Thailand,73,57,3,3ad06915,09e86895,9e3575ce,1,0,1,0,
Thailand,74,60,3,9e3575ce,09e86895,3ad06915,0,3,3,0,
Thailand,75,60,3,9e3575ce,09e86895,3ad06915,0,0,0,0,
Thailand,76,60,3,9e3575ce,09e86895,3ad06915,0,0,0,0,
Thailand,77,62,3,9e3575ce,09e86895,3ad06915,2,0,2,0,
Thailand,78,62,4,9e3575ce,09e86895,3ad06915,0,0,0,1,stumped
Thailand,79,63,4,3ad06915,c343a8c6,8e38d470,1,0,1,0,
Thailand,80,67,4,8e38d470,c343a8c6,3ad06915,4,0,4,0,
Thailand,81,67,4,8e38d470,c343a8c6,3ad06915,0,0,0,0,
Thailand,82,68,4,8e38d470,c343a8c6,3ad06915,1,0,1,0,
Thailand,83,69,4,3ad06915,c343a8c6,8e38d470,1,0,1,0,
Thailand,84,70,4,8e38d470,c343a8c6,3ad06915,1,0,1,0,
Thailand,85,70,4,8e38d470,09e86895,3ad06915,0,0,0,0,
Thailand,86,71,4,8e38d470,09e86895,3ad06915,1,0,1,0,
Thailand,87,75,4,3ad06915,09e86895,8e38d470,4,0,4,0,
Thailand,88,77,4,3ad06915,09e86895,8e38d470,2,0,2,0,
Thailand,89,81,4,3ad06915,09e86895,8e38d470,4,0,4,0,
Thailand,90,83,4,3ad06915,09e86895,8e38d470,1,1,2,0,
Thailand,91,84,4,8e38d470,09e86895,3ad06915,1,0,1,0,
Thailand,92,84,4,8e38d470,1eb5affb,3ad06915,0,0,0,0,
Thailand,93,84,4,8e38d470,1eb5affb,3ad06915,0,0,0,0,
Thailand,94,86,4,8e38d470,1eb5affb,3ad06915,2,0,2,0,
Thailand,95,90,4,8e38d470,1eb5affb,3ad06915,4,0,4,0,
Thailand,96,90,4,8e38d470,1eb5affb,3ad06915,0,0,0,0,
Thailand,97,91,4,8e38d470,1eb5affb,3ad06915,1,0,1,0,
Thailand,98,92,4,8e38d470,2e092d2c,3ad06915,1,0,1,0,
Thailand,99,96,4,3ad06915,2e092d2c,8e38d470,4,0,4,0,
Thailand,100,102,4,3ad06915,2e092d2c,8e38d470,6,0,6,0,
Thailand,101,102,5,3ad06915,2e092d2c,8e38d470,0,0,0,1,bowled
Thailand,102,103,5,85c56be8,2e092d2c,8e38d470,1,0,1,0,
Thailand,103,103,5,8e38d470,2e092d2c,85c56be8,0,0,0,0,
Thailand,104,104,5,85c56be8,45b5ce8d,8e38d470,1,0,1,0,
Thailand,105,106,5,8e38d470,45b5ce8d,85c56be8,2,0,2,0,
Thailand,106,106,5,8e38d470,45b5ce8d,85c56be8,0,0,0,0,
Thailand,107,110,5,8e38d470,45b5ce8d,85c56be8,4,0,4,0,
Thailand,108,110,5,8e38d470,45b5ce8d,85c56be8,0,0,0,0,
Thailand,109,110,5,8e38d470,45b5ce8d,85c56be8,0,0,0,0,
Thailand,110,111,5,85c56be8,ad2efd29,8e38d470,1,0,1,0,
Thailand,111,111,5,8e38d470,ad2efd29,85c56be8,0,0,0,0,
Thailand,112,115,5,8e38d470,ad2efd29,85c56be8,4,0,4,0,
Thailand,113,116,5,8e38d470,ad2efd29,85c56be8,1,0,1,0,
Thailand,114,117,5,85c56be8,ad2efd29,8e38d470,1,0,1,0,
Thailand,115,121,5,8e38d470,ad2efd29,85c56be8,4,0,4,0,
Thailand,116,122,5,85c56be8,45b5ce8d,8e38d470,1,0,1,0,
Thailand,117,123,5,8e38d470,45b5ce8d,85c56be8,1,0,1,0,
Thailand,118,124,5,85c56be8,45b5ce8d,8e38d470,1,0,1,0,
Thailand,119,128,5,8e38d470,45b5ce8d,85c56be8,4,0,4,0,
Thailand,120,132,5,8e38d470,45b5ce8d,85c56be8,4,0,4,0,
Thailand,121,133,5,8e38d470,45b5ce8d,85c56be8,1,0,1,0,
Thailand,122,134,5,8e38d470,ad2efd29,85c56be8,1,0,1,0,
Thailand,123,136,5,85c56be8,ad2efd29,8e38d470,2,0,2,0,
Thailand,124,138,5,85c56be8,ad2efd29,8e38d470,2,0,2,0,
Thailand,125,139,5,85c56be8,ad2efd29,8e38d470,1,0,1,0,
Thailand,126,139,6,8e38d470,ad2efd29,85c56be8,0,0,0,1,bowled
Thailand,127,140,6,e6948355,ad2efd29,85c56be8,1,0,1,0,
Myanmar,1,0,1,6cf75582,3ad06915,ad2efd29,0,0,0,1,bowled
Myanmar,2,0,1,9ee21ee4,3ad06915,ad2efd29,0,0,0,0,
Myanmar,3,0,1,9ee21ee4,3ad06915,ad2efd29,0,0,0,0,
Myanmar,4,0,1,9ee21ee4,3ad06915,ad2efd29,0,0,0,0,
Myanmar,5,1,1,9ee21ee4,3ad06915,ad2efd29,0,1,1,0,
Myanmar,6,1,1,ad2efd29,3ad06915,9ee21ee4,0,0,0,0,
Myanmar,7,1,1,9ee21ee4,85c56be8,ad2efd29,0,0,0,0,
Myanmar,8,1,1,9ee21ee4,85c56be8,ad2efd29,0,0,0,0,
Myanmar,9,3,1,9ee21ee4,85c56be8,ad2efd29,2,0,2,0,
Myanmar,10,3,1,9ee21ee4,85c56be8,ad2efd29,0,0,0,0,
Myanmar,11,3,1,9ee21ee4,85c56be8,ad2efd29,0,0,0,0,
Myanmar,12,3,1,9ee21ee4,85c56be8,ad2efd29,0,0,0,0,
Myanmar,13,3,2,ad2efd29,3ad06915,9ee21ee4,0,0,0,1,bowled
Myanmar,14,3,2,c343a8c6,3ad06915,9ee21ee4,0,0,0,0,
Myanmar,15,3,2,c343a8c6,3ad06915,9ee21ee4,0,0,0,0,
Myanmar,16,3,2,c343a8c6,3ad06915,9ee21ee4,0,0,0,0,
Myanmar,17,3,2,c343a8c6,3ad06915,9ee21ee4,0,0,0,0,
Myanmar,18,7,2,c343a8c6,3ad06915,9ee21ee4,0,4,4,0,
Myanmar,19,8,2,9ee21ee4,85c56be8,c343a8c6,1,0,1,0,
Myanmar,20,8,2,c343a8c6,85c56be8,9ee21ee4,0,0,0,0,
Myanmar,21,8,2,c343a8c6,85c56be8,9ee21ee4,0,0,0,0,
Myanmar,22,8,2,c343a8c6,85c56be8,9ee21ee4,0,0,0,0,
Myanmar,23,8,3,c343a8c6,85c56be8,9ee21ee4,0,0,0,1,caught
Myanmar,24,9,3,09e86895,85c56be8,9ee21ee4,0,1,1,0,
Myanmar,25,9,3,09e86895,85c56be8,9ee21ee4,0,0,0,0,
Myanmar,26,9,3,9ee21ee4,44e00a4c,09e86895,0,0,0,0,
Myanmar,27,9,3,9ee21ee4,44e00a4c,09e86895,0,0,0,0,
Myanmar,28,10,3,9ee21ee4,44e00a4c,09e86895,1,0,1,0,
Myanmar,29,10,3,09e86895,44e00a4c,9ee21ee4,0,0,0,0,
Myanmar,30,10,3,09e86895,44e00a4c,9ee21ee4,0,0,0,0,
Myanmar,31,10,3,09e86895,44e00a4c,9ee21ee4,0,0,0,0,
Myanmar,32,10,3,9ee21ee4,85c56be8,09e86895,0,0,0,0,
Myanmar,33,11,3,9ee21ee4,85c56be8,09e86895,0,1,1,0,
Myanmar,34,11,3,9ee21ee4,85c56be8,09e86895,0,0,0,0,
Myanmar,35,11,3,9ee21ee4,85c56be8,09e86895,0,0,0,0,
Myanmar,36,12,3,9ee21ee4,85c56be8,09e86895,1,0,1,0,
Myanmar,37,12,3,09e86895,85c56be8,9ee21ee4,0,0,0,0,
Myanmar,38,13,3,09e86895,85c56be8,9ee21ee4,1,0,1,0,
Myanmar,39,13,3,09e86895,44e00a4c,9ee21ee4,0,0,0,0,
Myanmar,40,19,3,09e86895,44e00a4c,9ee21ee4,6,0,6,0,
Myanmar,41,19,3,09e86895,44e00a4c,9ee21ee4,0,0,0,0,
Myanmar,42,19,3,09e86895,44e00a4c,9ee21ee4,0,0,0,0,
Myanmar,43,21,3,09e86895,44e00a4c,9ee21ee4,0,2,2,0,
Myanmar,44,21,4,09e86895,44e00a4c,9ee21ee4,0,0,0,1,run out
Myanmar,45,21,4,09e86895,8e38d470,97b109d2,0,0,0,0,
Myanmar,46,21,4,09e86895,8e38d470,97b109d2,0,0,0,0,
Myanmar,47,22,4,09e86895,8e38d470,97b109d2,0,1,1,0,
Myanmar,48,22,4,09e86895,8e38d470,97b109d2,0,0,0,0,
Myanmar,49,23,4,09e86895,8e38d470,97b109d2,1,0,1,0,
Myanmar,50,23,4,97b109d2,8e38d470,09e86895,0,0,0,0,
Myanmar,51,24,4,97b109d2,8e38d470,09e86895,1,0,1,0,
Myanmar,52,25,4,97b109d2,9e3575ce,09e86895,1,0,1,0,
Myanmar,53,25,4,09e86895,9e3575ce,97b109d2,0,0,0,0,
Myanmar,54,25,5,09e86895,9e3575ce,97b109d2,0,0,0,1,caught
Myanmar,55,25,5,2e005bfd,9e3575ce,97b109d2,0,0,0,0,
Myanmar,56,25,5,2e005bfd,9e3575ce,97b109d2,0,0,0,0,
Myanmar,57,25,5,2e005bfd,9e3575ce,97b109d2,0,0,0,0,
Myanmar,58,25,5,97b109d2,f4ccbe6f,2e005bfd,0,0,0,0,
Myanmar,59,25,5,97b109d2,f4ccbe6f,2e005bfd,0,0,0,0,
Myanmar,60,25,5,97b109d2,f4ccbe6f,2e005bfd,0,0,0,0,
Myanmar,61,26,5,97b109d2,f4ccbe6f,2e005bfd,1,0,1,0,
Myanmar,62,26,5,2e005bfd,f4ccbe6f,97b109d2,0,0,0,0,
Myanmar,63,26,5,2e005bfd,f4ccbe6f,97b109d2,0,0,0,0,
Myanmar,64,26,5,97b109d2,9e3575ce,2e005bfd,0,0,0,0,
Myanmar,65,26,5,97b109d2,9e3575ce,2e005bfd,0,0,0,0,
Myanmar,66,26,5,97b109d2,9e3575ce,2e005bfd,0,0,0,0,
Myanmar,67,26,6,97b109d2,9e3575ce,2e005bfd,0,0,0,1,caught
Myanmar,68,26,6,2e092d2c,9e3575ce,2e005bfd,0,0,0,0,
Myanmar,69,27,6,2e092d2c,9e3575ce,2e005bfd,1,0,1,0,
Myanmar,70,27,6,2e092d2c,f4ccbe6f,2e005bfd,0,0,0,0,
Myanmar,71,28,6,2e092d2c,f4ccbe6f,2e005bfd,1,0,1,0,
Myanmar,72,28,6,2e005bfd,f4ccbe6f,2e092d2c,0,0,0,0,
Myanmar,73,28,6,2e005bfd,f4ccbe6f,2e092d2c,0,0,0,0,
Myanmar,74,28,6,2e005bfd,f4ccbe6f,2e092d2c,0,0,0,0,
Myanmar,75,29,6,2e005bfd,f4ccbe6f,2e092d2c,1,0,1,0,
Myanmar,76,29,6,2e005bfd,36a0a88c,2e092d2c,0,0,0,0,
Myanmar,77,30,6,2e005bfd,36a0a88c,2e092d2c,1,0,1,0,
Myanmar,78,31,6,2e092d2c,36a0a88c,2e005bfd,1,0,1,0,
Myanmar,79,31,6,2e005bfd,36a0a88c,2e092d2c,0,0,0,0,
Myanmar,80,31,6,2e005bfd,36a0a88c,2e092d2c,0,0,0,0,
Myanmar,81,31,6,2e005bfd,36a0a88c,2e092d2c,0,0,0,0,
Myanmar,82,31,7,2e092d2c,f4ccbe6f,2e005bfd,0,0,0,1,bowled
Myanmar,83,33,7,1eb5affb,f4ccbe6f,2e005bfd,2,0,2,0,
Myanmar,84,33,7,1eb5affb,f4ccbe6f,2e005bfd,0,0,0,0,
Myanmar,85,33,7,1eb5affb,f4ccbe6f,2e005bfd,0,0,0,0,
Myanmar,86,33,7,1eb5affb,f4ccbe6f,2e005bfd,0,0,0,0,
Myanmar,87,34,7,1eb5affb,f4ccbe6f,2e005bfd,1,0,1,0,
Myanmar,88,35,7,1eb5affb,36a0a88c,2e005bfd,1,0,1,0,
Myanmar,89,35,7,2e005bfd,36a0a88c,1eb5affb,0,0,0,0,
Myanmar,90,36,7,2e005bfd,36a0a88c,1eb5affb,1,0,1,0,
Myanmar,91,37,7,1eb5affb,36a0a88c,2e005bfd,1,0,1,0,
Myanmar,92,38,7,2e005bfd,36a0a88c,1eb5affb,1,0,1,0,
Myanmar,93,38,7,1eb5affb,36a0a88c,2e005bfd,0,0,0,0,
Myanmar,94,39,7,2e005bfd,f4ccbe6f,1eb5affb,1,0,1,0,
Myanmar,95,39,7,1eb5affb,f4ccbe6f,2e005bfd,0,0,0,0,
Myanmar,96,39,8,1eb5affb,f4ccbe6f,2e005bfd,0,0,0,1,stumped
Myanmar,97,39,9,45b5ce8d,f4ccbe6f,2e005bfd,0,0,0,1,bowled
Myanmar,98,39,9,648d060e,f4ccbe6f,2e005bfd,0,0,0,0,
Myanmar,99,39,10,648d060e,f4ccbe6f,2e005bfd,0,0,0,1,caught
