batting_team,ball_number,total_team_runs,total_team_wickets,striker_ID,bowler_ID,nonstriker_ID,batter_runs,extras_runs,total_delivery_runs,wicket,wicket_type
Worcestershire,1,2,0,9679838c,ad286dcc,fe4ebca0,2,0,2,0,
Worcestershire,2,2,0,9679838c,ad286dcc,fe4ebca0,0,0,0,0,
Worcestershire,3,3,0,9679838c,ad286dcc,fe4ebca0,1,0,1,0,
Worcestershire,4,3,0,fe4ebca0,ad286dcc,9679838c,0,0,0,0,
Worcestershire,5,4,0,fe4ebca0,ad286dcc,9679838c,1,0,1,0,
Worcestershire,6,10,0,9679838c,ad286dcc,fe4ebca0,6,0,6,0,
Worcestershire,7,10,0,fe4ebca0,fe5b4367,9679838c,0,0,0,0,
Worcestershire,8,10,0,fe4ebca0,fe5b4367,9679838c,0,0,0,0,
Worcestershire,9,16,0,fe4ebca0,fe5b4367,9679838c,6,0,6,0,
Worcestershire,10,20,0,fe4ebca0,fe5b4367,9679838c,4,0,4,0,
Worcestershire,11,21,0,fe4ebca0,fe5b4367,9679838c,1,0,1,0,
Worcestershire,12,25,0,9679838c,fe5b4367,fe4ebca0,4,0,4,0,
Worcestershire,13,26,0,fe4ebca0,95a06106,9679838c,1,0,1,0,
Worcestershire,14,28,0,9679838c,95a06106,fe4ebca0,0,2,2,0,
Worcestershire,15,29,0,9679838c,95a06106,fe4ebca0,1,0,1,0,
Worcestershire,16,33,0,fe4ebca0,95a06106,9679838c,4,0,4,0,
Worcestershire,17,34,0,fe4ebca0,95a06106,9679838c,1,0,1,0,
Worcestershire,18,35,0,9679838c,95a06106,fe4ebca0,1,0,1,0,
Worcestershire,19,36,0,fe4ebca0,95a06106,9679838c,1,0,1,0,
Worcestershire,20,37,0,fe4ebca0,fe5b4367,9679838c,1,0,1,0,
Worcestershire,21,41,0,9679838c,fe5b4367,fe4ebca0,4,0,4,0,
Worcestershire,22,45,0,9679838c,fe5b4367,fe4ebca0,4,0,4,0,
Worcestershire,23,45,1,9679838c,fe5b4367,fe4ebca0,0,0,0,1,caught
Worcestershire,24,45,1,e4a0deae,fe5b4367,fe4ebca0,0,0,0,0,
Worcestershire,25,46,1,e4a0deae,fe5b4367,fe4ebca0,1,0,1,0,
Worcestershire,26,46,1,e4a0deae,28392e11,fe4ebca0,0,0,0,0,
Worcestershire,27,46,1,e4a0deae,28392e11,fe4ebca0,0,0,0,0,
Worcestershire,28,47,1,e4a0deae,28392e11,fe4ebca0,1,0,1,0,
Worcestershire,29,48,1,fe4ebca0,28392e11,e4a0deae,1,0,1,0,
Worcestershire,30,52,1,e4a0deae,28392e11,fe4ebca0,0,4,4,0,
Worcestershire,31,53,1,e4a0deae,28392e11,fe4ebca0,1,0,1,0,
Worcestershire,32,54,1,e4a0deae,95a06106,fe4ebca0,0,1,1,0,
Worcestershire,33,55,1,e4a0deae,95a06106,fe4ebca0,1,0,1,0,
Worcestershire,34,55,1,fe4ebca0,95a06106,e4a0deae,0,0,0,0,
Worcestershire,35,57,1,fe4ebca0,95a06106,e4a0deae,0,2,2,0,
Worcestershire,36,61,1,fe4ebca0,95a06106,e4a0deae,4,0,4,0,
Worcestershire,37,62,1,fe4ebca0,95a06106,e4a0deae,1,0,1,0,
Worcestershire,38,66,1,e4a0deae,95a06106,fe4ebca0,0,4,4,0,
Worcestershire,39,70,1,e4a0deae,95a06106,fe4ebca0,4,0,4,0,
Worcestershire,40,71,1,fe4ebca0,9f701298,e4a0deae,1,0,1,0,
Worcestershire,41,71,1,e4a0deae,9f701298,fe4ebca0,0,0,0,0,
Worcestershire,42,71,1,e4a0deae,9f701298,fe4ebca0,0,0,0,0,
Worcestershire,43,71,1,e4a0deae,9f701298,fe4ebca0,0,0,0,0,
Worcestershire,44,75,1,e4a0deae,9f701298,fe4ebca0,4,0,4,0,
Worcestershire,45,75,1,e4a0deae,9f701298,fe4ebca0,0,0,0,0,
Worcestershire,46,76,1,fe4ebca0,ad286dcc,e4a0deae,1,0,1,0,
Worcestershire,47,76,1,e4a0deae,ad286dcc,fe4ebca0,0,0,0,0,
Worcestershire,48,77,1,e4a0deae,ad286dcc,fe4ebca0,1,0,1,0,
Worcestershire,49,81,1,fe4ebca0,ad286dcc,e4a0deae,4,0,4,0,
Worcestershire,50,82,1,fe4ebca0,ad286dcc,e4a0deae,1,0,1,0,
Worcestershire,51,83,1,e4a0deae,ad286dcc,fe4ebca0,1,0,1,0,
Worcestershire,52,84,1,e4a0deae,9f701298,fe4ebca0,1,0,1,0,
Worcestershire,53,84,1,fe4ebca0,9f701298,e4a0deae,0,0,0,0,
Worcestershire,54,85,1,fe4ebca0,9f701298,e4a0deae,1,0,1,0,
Worcestershire,55,86,1,e4a0deae,9f701298,fe4ebca0,1,0,1,0,
Worcestershire,56,87,1,fe4ebca0,9f701298,e4a0deae,1,0,1,0,
Worcestershire,57,88,1,e4a0deae,9f701298,fe4ebca0,1,0,1,0,
Worcestershire,58,88,1,e4a0deae,884f72a1,fe4ebca0,0,0,0,0,
Worcestershire,59,88,1,e4a0deae,884f72a1,fe4ebca0,0,0,0,0,
Worcestershire,60,88,1,e4a0deae,884f72a1,fe4ebca0,0,0,0,0,
Worcestershire,61,89,1,e4a0deae,884f72a1,fe4ebca0,1,0,1,0,
Worcestershire,62,93,1,fe4ebca0,884f72a1,e4a0deae,4,0,4,0,
Worcestershire,63,94,1,fe4ebca0,884f72a1,e4a0deae,1,0,1,0,
Worcestershire,64,95,1,fe4ebca0,ad286dcc,e4a0deae,1,0,1,0,
Worcestershire,65,95,1,e4a0deae,ad286dcc,fe4ebca0,0,0,0,0,
Worcestershire,66,99,1,e4a0deae,ad286dcc,fe4ebca0,4,0,4,0,
Worcestershire,67,100,1,e4a0deae,ad286dcc,fe4ebca0,1,0,1,0,
Worcestershire,68,100,1,fe4ebca0,ad286dcc,e4a0deae,0,0,0,0,
Worcestershire,69,101,1,fe4ebca0,ad286dcc,e4a0deae,1,0,1,0,
Worcestershire,70,102,1,fe4ebca0,95a06106,e4a0deae,1,0,1,0,
Worcestershire,71,108,1,e4a0deae,95a06106,fe4ebca0,6,0,6,0,
Worcestershire,72,109,1,e4a0deae,95a06106,fe4ebca0,1,0,1,0,
Worcestershire,73,110,1,fe4ebca0,95a06106,e4a0deae,1,0,1,0,
Worcestershire,74,114,1,e4a0deae,95a06106,fe4ebca0,4,0,4,0,
Worcestershire,75,115,1,e4a0deae,95a06106,fe4ebca0,1,0,1,0,
Worcestershire,76,115,1,e4a0deae,28392e11,fe4ebca0,0,0,0,0,
Worcestershire,77,115,1,e4a0deae,28392e11,fe4ebca0,0,0,0,0,
Worcestershire,78,116,1,e4a0deae,28392e11,fe4ebca0,0,1,1,0,
Worcestershire,79,117,1,e4a0deae,28392e11,fe4ebca0,1,0,1,0,
Worcestershire,80,117,2,fe4ebca0,28392e11,e4a0deae,0,0,0,1,bowled
Worcestershire,81,118,2,104e88a4,28392e11,e4a0deae,1,0,1,0,
Worcestershire,82,119,2,e4a0deae,28392e11,104e88a4,1,0,1,0,
Worcestershire,83,119,2,e4a0deae,884f72a1,104e88a4,0,0,0,0,
Worcestershire,84,120,2,e4a0deae,884f72a1,104e88a4,1,0,1,0,
Worcestershire,85,122,2,104e88a4,884f72a1,e4a0deae,2,0,2,0,
Worcestershire,86,126,2,104e88a4,884f72a1,e4a0deae,4,0,4,0,
Worcestershire,87,128,2,104e88a4,884f72a1,e4a0deae,2,0,2,0,
Worcestershire,88,128,2,104e88a4,884f72a1,e4a0deae,0,0,0,0,
Worcestershire,89,134,2,e4a0deae,9f701298,104e88a4,6,0,6,0,
Worcestershire,90,140,2,e4a0deae,9f701298,104e88a4,6,0,6,0,
Worcestershire,91,146,2,e4a0deae,9f701298,104e88a4,6,0,6,0,
Worcestershire,92,152,2,e4a0deae,9f701298,104e88a4,6,0,6,0,
Worcestershire,93,155,2,e4a0deae,9f701298,104e88a4,0,3,3,0,
Worcestershire,94,156,2,104e88a4,9f701298,e4a0deae,1,0,1,0,
Worcestershire,95,157,2,e4a0deae,9f701298,104e88a4,1,0,1,0,
Worcestershire,96,158,2,e4a0deae,fe5b4367,104e88a4,1,0,1,0,
Worcestershire,97,159,2,104e88a4,fe5b4367,e4a0deae,1,0,1,0,
Worcestershire,98,159,3,e4a0deae,fe5b4367,104e88a4,0,0,0,1,bowled
Worcestershire,99,159,3,f3b26fe4,fe5b4367,104e88a4,0,0,0,0,
Worcestershire,100,160,3,f3b26fe4,fe5b4367,104e88a4,1,0,1,0,
Worcestershire,101,161,3,104e88a4,fe5b4367,f3b26fe4,1,0,1,0,
Worcestershire,102,161,3,104e88a4,28392e11,f3b26fe4,0,0,0,0,
Worcestershire,103,161,3,104e88a4,28392e11,f3b26fe4,0,0,0,0,
Worcestershire,104,162,3,104e88a4,28392e11,f3b26fe4,1,0,1,0,
Worcestershire,105,163,3,f3b26fe4,28392e11,104e88a4,1,0,1,0,
Worcestershire,106,164,3,104e88a4,28392e11,f3b26fe4,0,1,1,0,
Worcestershire,107,168,3,104e88a4,28392e11,f3b26fe4,0,4,4,0,
Worcestershire,108,172,3,104e88a4,28392e11,f3b26fe4,4,0,4,0,
Worcestershire,109,172,4,f3b26fe4,95a06106,104e88a4,0,0,0,1,caught
Worcestershire,110,173,4,324a6ee1,95a06106,104e88a4,0,1,1,0,
Worcestershire,111,174,4,104e88a4,95a06106,324a6ee1,1,0,1,0,
Worcestershire,112,174,4,324a6ee1,95a06106,104e88a4,0,0,0,0,
Worcestershire,113,178,4,324a6ee1,95a06106,104e88a4,4,0,4,0,
Worcestershire,114,179,4,324a6ee1,95a06106,104e88a4,1,0,1,0,
Worcestershire,115,179,5,324a6ee1,28392e11,104e88a4,0,0,0,1,lbw
Worcestershire,116,180,5,d6663a9a,28392e11,104e88a4,0,1,1,0,
Worcestershire,117,183,5,104e88a4,28392e11,d6663a9a,1,2,3,0,
Worcestershire,118,189,5,d6663a9a,28392e11,104e88a4,6,0,6,0,
Worcestershire,119,195,5,d6663a9a,28392e11,104e88a4,6,0,6,0,
Worcestershire,120,195,5,d6663a9a,28392e11,104e88a4,0,0,0,0,
Worcestershire,121,195,5,d6663a9a,28392e11,104e88a4,0,0,0,0,
Worcestershire,122,196,5,104e88a4,fe5b4367,d6663a9a,0,1,1,0,
Worcestershire,123,202,5,104e88a4,fe5b4367,d6663a9a,6,0,6,0,
Worcestershire,124,208,5,104e88a4,fe5b4367,d6663a9a,6,0,6,0,
Worcestershire,125,209,5,104e88a4,fe5b4367,d6663a9a,1,0,1,0,
Worcestershire,126,212,5,d6663a9a,fe5b4367,104e88a4,1,2,3,0,
Worcestershire,127,218,5,104e88a4,fe5b4367,d6663a9a,6,0,6,0,
Worcestershire,128,220,5,104e88a4,fe5b4367,d6663a9a,2,0,2,0,
Worcestershire,129,222,5,104e88a4,fe5b4367,d6663a9a,2,0,2,0,
Derbyshire,1,1,0,0a7c6649,219cc59e,884f72a1,1,0,1,0,
Derbyshire,2,1,0,884f72a1,219cc59e,0a7c6649,0,0,0,0,
Derbyshire,3,1,0,884f72a1,219cc59e,0a7c6649,0,0,0,0,
Derbyshire,4,5,0,884f72a1,219cc59e,0a7c6649,4,0,4,0,
Derbyshire,5,5,0,884f72a1,219cc59e,0a7c6649,0,0,0,0,
Derbyshire,6,6,0,884f72a1,219cc59e,0a7c6649,1,0,1,0,
Derbyshire,7,7,0,884f72a1,fc63d916,0a7c6649,1,0,1,0,
Derbyshire,8,11,0,0a7c6649,fc63d916,884f72a1,4,0,4,0,
Derbyshire,9,11,0,0a7c6649,fc63d916,884f72a1,0,0,0,0,
Derbyshire,10,15,0,0a7c6649,fc63d916,884f72a1,4,0,4,0,
Derbyshire,11,16,0,0a7c6649,fc63d916,884f72a1,1,0,1,0,
Derbyshire,12,17,0,884f72a1,fc63d916,0a7c6649,1,0,1,0,
Derbyshire,13,17,1,884f72a1,219cc59e,0a7c6649,0,0,0,1,caught
Derbyshire,14,18,1,c13e34f4,219cc59e,0a7c6649,1,0,1,0,
Derbyshire,15,19,1,0a7c6649,219cc59e,c13e34f4,1,0,1,0,
Derbyshire,16,22,1,c13e34f4,219cc59e,0a7c6649,3,0,3,0,
Derbyshire,17,22,1,0a7c6649,219cc59e,c13e34f4,0,0,0,0,
Derbyshire,18,22,1,0a7c6649,219cc59e,c13e34f4,0,0,0,0,
Derbyshire,19,23,1,c13e34f4,1efd12d1,0a7c6649,1,0,1,0,
Derbyshire,20,25,1,0a7c6649,1efd12d1,c13e34f4,2,0,2,0,
Derbyshire,21,25,1,0a7c6649,1efd12d1,c13e34f4,0,0,0,0,
Derbyshire,22,26,1,0a7c6649,1efd12d1,c13e34f4,1,0,1,0,
Derbyshire,23,26,2,c13e34f4,1efd12d1,0a7c6649,0,0,0,1,caught
Derbyshire,24,30,2,86e0f3f0,1efd12d1,0a7c6649,4,0,4,0,
Derbyshire,25,31,2,0a7c6649,219cc59e,86e0f3f0,1,0,1,0,
Derbyshire,26,33,2,86e0f3f0,219cc59e,0a7c6649,2,0,2,0,
Derbyshire,27,34,2,86e0f3f0,219cc59e,0a7c6649,1,0,1,0,
Derbyshire,28,40,2,0a7c6649,219cc59e,86e0f3f0,6,0,6,0,
Derbyshire,29,44,2,0a7c6649,219cc59e,86e0f3f0,4,0,4,0,
Derbyshire,30,45,2,0a7c6649,219cc59e,86e0f3f0,1,0,1,0,
Derbyshire,31,47,2,0a7c6649,1efd12d1,86e0f3f0,2,0,2,0,
Derbyshire,32,51,2,0a7c6649,1efd12d1,86e0f3f0,4,0,4,0,
Derbyshire,33,55,2,0a7c6649,1efd12d1,86e0f3f0,4,0,4,0,
Derbyshire,34,55,2,0a7c6649,1efd12d1,86e0f3f0,0,0,0,0,
Derbyshire,35,56,2,0a7c6649,1efd12d1,86e0f3f0,1,0,1,0,
Derbyshire,36,57,2,86e0f3f0,1efd12d1,0a7c6649,1,0,1,0,
Derbyshire,37,61,2,86e0f3f0,9679838c,0a7c6649,4,0,4,0,
Derbyshire,38,62,2,86e0f3f0,9679838c,0a7c6649,1,0,1,0,
Derbyshire,39,63,2,0a7c6649,9679838c,86e0f3f0,1,0,1,0,
Derbyshire,40,63,2,86e0f3f0,9679838c,0a7c6649,0,0,0,0,
Derbyshire,41,67,2,86e0f3f0,9679838c,0a7c6649,4,0,4,0,
Derbyshire,42,67,2,86e0f3f0,9679838c,0a7c6649,0,0,0,0,
Derbyshire,43,68,2,0a7c6649,6dd8b88c,86e0f3f0,1,0,1,0,
Derbyshire,44,72,2,86e0f3f0,6dd8b88c,0a7c6649,4,0,4,0,
Derbyshire,45,74,2,86e0f3f0,6dd8b88c,0a7c6649,2,0,2,0,
Derbyshire,46,75,2,86e0f3f0,6dd8b88c,0a7c6649,1,0,1,0,
Derbyshire,47,77,2,0a7c6649,6dd8b88c,86e0f3f0,0,2,2,0,
Derbyshire,48,77,2,86e0f3f0,6dd8b88c,0a7c6649,0,0,0,0,
Derbyshire,49,78,2,86e0f3f0,6dd8b88c,0a7c6649,1,0,1,0,
Derbyshire,50,79,2,86e0f3f0,9679838c,0a7c6649,1,0,1,0,
Derbyshire,51,80,2,0a7c6649,9679838c,86e0f3f0,0,1,1,0,
Derbyshire,52,86,2,86e0f3f0,9679838c,0a7c6649,6,0,6,0,
Derbyshire,53,87,2,86e0f3f0,9679838c,0a7c6649,1,0,1,0,
Derbyshire,54,88,2,0a7c6649,9679838c,86e0f3f0,1,0,1,0,
Derbyshire,55,92,2,86e0f3f0,9679838c,0a7c6649,4,0,4,0,
Derbyshire,56,92,2,0a7c6649,e4a0deae,86e0f3f0,0,0,0,0,
Derbyshire,57,93,2,0a7c6649,e4a0deae,86e0f3f0,1,0,1,0,
Derbyshire,58,94,2,86e0f3f0,e4a0deae,0a7c6649,1,0,1,0,
Derbyshire,59,94,2,0a7c6649,e4a0deae,86e0f3f0,0,0,0,0,
Derbyshire,60,96,2,0a7c6649,e4a0deae,86e0f3f0,2,0,2,0,
Derbyshire,61,96,2,0a7c6649,e4a0deae,86e0f3f0,0,0,0,0,
Derbyshire,62,97,2,86e0f3f0,6dd8b88c,0a7c6649,1,0,1,0,
Derbyshire,63,98,3,0a7c6649,6dd8b88c,86e0f3f0,0,1,1,1,stumped
Derbyshire,64,98,3,6e6fb538,6dd8b88c,86e0f3f0,0,0,0,0,
Derbyshire,65,99,3,6e6fb538,6dd8b88c,86e0f3f0,1,0,1,0,
Derbyshire,66,105,3,86e0f3f0,6dd8b88c,6e6fb538,6,0,6,0,
Derbyshire,67,106,3,86e0f3f0,6dd8b88c,6e6fb538,1,0,1,0,
Derbyshire,68,106,3,6e6fb538,6dd8b88c,86e0f3f0,0,0,0,0,
Derbyshire,69,107,3,86e0f3f0,e4a0deae,6e6fb538,1,0,1,0,
Derbyshire,70,109,3,6e6fb538,e4a0deae,86e0f3f0,2,0,2,0,
Derbyshire,71,113,3,6e6fb538,e4a0deae,86e0f3f0,4,0,4,0,
Derbyshire,72,114,3,6e6fb538,e4a0deae,86e0f3f0,0,1,1,0,
Derbyshire,73,115,3,86e0f3f0,e4a0deae,6e6fb538,1,0,1,0,
Derbyshire,74,116,3,6e6fb538,e4a0deae,86e0f3f0,1,0,1,0,
Derbyshire,75,117,3,6e6fb538,6dd8b88c,86e0f3f0,0,1,1,0,
Derbyshire,76,117,4,6e6fb538,6dd8b88c,86e0f3f0,0,0,0,1,caught
Derbyshire,77,117,4,8159d5fc,6dd8b88c,86e0f3f0,0,0,0,0,
Derbyshire,78,118,4,8159d5fc,6dd8b88c,86e0f3f0,1,0,1,0,
Derbyshire,79,119,4,86e0f3f0,6dd8b88c,8159d5fc,1,0,1,0,
Derbyshire,80,120,4,8159d5fc,6dd8b88c,86e0f3f0,1,0,1,0,
Derbyshire,81,121,4,86e0f3f0,6dd8b88c,8159d5fc,1,0,1,0,
Derbyshire,82,122,4,86e0f3f0,e4a0deae,8159d5fc,1,0,1,0,
Derbyshire,83,122,4,8159d5fc,e4a0deae,86e0f3f0,0,0,0,0,
Derbyshire,84,123,4,8159d5fc,e4a0deae,86e0f3f0,1,0,1,0,
Derbyshire,85,127,4,86e0f3f0,e4a0deae,8159d5fc,4,0,4,0,
Derbyshire,86,128,4,86e0f3f0,e4a0deae,8159d5fc,1,0,1,0,
Derbyshire,87,130,4,8159d5fc,e4a0deae,86e0f3f0,2,0,2,0,
Derbyshire,88,136,4,86e0f3f0,fc63d916,8159d5fc,6,0,6,0,
Derbyshire,89,137,4,86e0f3f0,fc63d916,8159d5fc,1,0,1,0,
Derbyshire,90,143,4,8159d5fc,fc63d916,86e0f3f0,4,2,6,0,
Derbyshire,91,144,4,8159d5fc,fc63d916,86e0f3f0,0,1,1,0,
Derbyshire,92,150,4,8159d5fc,fc63d916,86e0f3f0,6,0,6,0,
Derbyshire,93,152,4,8159d5fc,fc63d916,86e0f3f0,2,0,2,0,
Derbyshire,94,153,4,8159d5fc,fc63d916,86e0f3f0,1,0,1,0,
Derbyshire,95,153,5,86e0f3f0,fc63d916,8159d5fc,0,0,0,1,caught
Derbyshire,96,155,5,8159d5fc,e4a0deae,9f701298,2,0,2,0,
Derbyshire,97,155,6,8159d5fc,e4a0deae,9f701298,0,0,0,1,caught
Derbyshire,98,156,6,ad286dcc,e4a0deae,9f701298,0,1,1,0,
Derbyshire,99,158,6,9f701298,e4a0deae,ad286dcc,2,0,2,0,
Derbyshire,100,159,6,9f701298,e4a0deae,ad286dcc,1,0,1,0,
Derbyshire,101,160,6,ad286dcc,e4a0deae,9f701298,1,0,1,0,
Derbyshire,102,162,6,ad286dcc,6dd8b88c,9f701298,2,0,2,0,
Derbyshire,103,164,6,ad286dcc,6dd8b88c,9f701298,2,0,2,0,
Derbyshire,104,170,6,ad286dcc,6dd8b88c,9f701298,6,0,6,0,
Derbyshire,105,170,7,ad286dcc,6dd8b88c,9f701298,0,0,0,1,bowled
Derbyshire,106,171,7,fe5b4367,6dd8b88c,9f701298,1,0,1,0,
Derbyshire,107,172,7,9f701298,6dd8b88c,fe5b4367,1,0,1,0,
Derbyshire,108,173,7,9f701298,1efd12d1,fe5b4367,1,0,1,0,
Derbyshire,109,173,7,fe5b4367,1efd12d1,9f701298,0,0,0,0,
Derbyshire,110,174,7,fe5b4367,1efd12d1,9f701298,1,0,1,0,
Derbyshire,111,180,7,9f701298,1efd12d1,fe5b4367,6,0,6,0,
Derbyshire,112,181,7,9f701298,1efd12d1,fe5b4367,1,0,1,0,
Derbyshire,113,183,7,fe5b4367,1efd12d1,9f701298,2,0,2,0,
Derbyshire,114,184,7,9f701298,fc63d916,fe5b4367,1,0,1,0,
Derbyshire,115,185,7,fe5b4367,fc63d916,9f701298,1,0,1,0,
Derbyshire,116,189,7,9f701298,fc63d916,fe5b4367,4,0,4,0,
Derbyshire,117,189,7,9f701298,fc63d916,fe5b4367,0,0,0,0,
Derbyshire,118,190,7,9f701298,fc63d916,fe5b4367,1,0,1,0,
Derbyshire,119,190,8,fe5b4367,fc63d916,9f701298,0,0,0,1,bowled
Derbyshire,120,194,8,9f701298,1efd12d1,95a06106,4,0,4,0,
Derbyshire,121,194,8,9f701298,1efd12d1,95a06106,0,0,0,0,
Derbyshire,122,194,9,9f701298,1efd12d1,95a06106,0,0,0,1,bowled
Derbyshire,123,194,10,28392e11,1efd12d1,95a06106,0,0,0,1,caught
