batting_team,ball_number,total_team_runs,total_team_wickets,striker_ID,bowler_ID,nonstriker_ID,batter_runs,extras_runs,total_delivery_runs,wicket,wicket_type
Gujarat Titans,1,1,0,fe11caa6,a818c1be,b4b99816,0,1,1,0,
Gujarat Titans,2,1,0,fe11caa6,a818c1be,b4b99816,0,0,0,0,
Gujarat Titans,3,5,0,fe11caa6,a818c1be,b4b99816,4,0,4,0,
Gujarat Titans,4,5,1,fe11caa6,a818c1be,b4b99816,0,0,0,1,caught and bowled
Gujarat Titans,5,6,1,d5130a30,a818c1be,b4b99816,1,0,1,0,
Gujarat Titans,6,6,1,b4b99816,a818c1be,d5130a30,0,0,0,0,
Gujarat Titans,7,6,1,b4b99816,a818c1be,d5130a30,0,0,0,0,
Gujarat Titans,8,6,1,d5130a30,ce820073,b4b99816,0,0,0,0,
Gujarat Titans,9,6,1,d5130a30,ce820073,b4b99816,0,0,0,0,
Gujarat Titans,10,10,1,d5130a30,ce820073,b4b99816,4,0,4,0,
Gujarat Titans,11,11,1,d5130a30,ce820073,b4b99816,1,0,1,0,
Gujarat Titans,12,11,1,b4b99816,ce820073,d5130a30,0,0,0,0,
Gujarat Titans,13,11,1,b4b99816,ce820073,d5130a30,0,0,0,0,
Gujarat Titans,14,12,1,d5130a30,a818c1be,b4b99816,0,1,1,0,
Gujarat Titans,15,16,1,d5130a30,a818c1be,b4b99816,4,0,4,0,
Gujarat Titans,16,17,1,d5130a30,a818c1be,b4b99816,1,0,1,0,
Gujarat Titans,17,17,1,d5130a30,a818c1be,b4b99816,0,0,0,0,
Gujarat Titans,18,17,1,d5130a30,a818c1be,b4b99816,0,0,0,0,
Gujarat Titans,19,20,1,d5130a30,a818c1be,b4b99816,3,0,3,0,
Gujarat Titans,20,24,1,b4b99816,a818c1be,d5130a30,4,0,4,0,
Gujarat Titans,21,24,1,d5130a30,ce820073,b4b99816,0,0,0,0,
Gujarat Titans,22,24,1,d5130a30,ce820073,b4b99816,0,0,0,0,
Gujarat Titans,23,24,1,d5130a30,ce820073,b4b99816,0,0,0,0,
Gujarat Titans,24,25,1,d5130a30,ce820073,b4b99816,1,0,1,0,
Gujarat Titans,25,26,1,b4b99816,ce820073,d5130a30,1,0,1,0,
Gujarat Titans,26,27,1,d5130a30,ce820073,b4b99816,1,0,1,0,
Gujarat Titans,27,29,1,d5130a30,14f96089,b4b99816,2,0,2,0,
Gujarat Titans,28,30,1,d5130a30,14f96089,b4b99816,1,0,1,0,
Gujarat Titans,29,31,1,b4b99816,14f96089,d5130a30,1,0,1,0,
Gujarat Titans,30,31,1,d5130a30,14f96089,b4b99816,0,0,0,0,
Gujarat Titans,31,32,1,d5130a30,14f96089,b4b99816,1,0,1,0,
Gujarat Titans,32,32,2,b4b99816,14f96089,d5130a30,0,0,0,1,run out
Gujarat Titans,33,36,2,b4b99816,495d42a5,dbe50b21,4,0,4,0,
Gujarat Titans,34,37,2,b4b99816,495d42a5,dbe50b21,1,0,1,0,
Gujarat Titans,35,37,2,dbe50b21,495d42a5,b4b99816,0,0,0,0,
Gujarat Titans,36,38,2,dbe50b21,495d42a5,b4b99816,1,0,1,0,
Gujarat Titans,37,38,2,b4b99816,495d42a5,dbe50b21,0,0,0,0,
Gujarat Titans,38,42,2,b4b99816,495d42a5,dbe50b21,4,0,4,0,
Gujarat Titans,39,42,2,dbe50b21,14f96089,b4b99816,0,0,0,0,
Gujarat Titans,40,48,2,dbe50b21,14f96089,b4b99816,6,0,6,0,
Gujarat Titans,41,52,2,dbe50b21,14f96089,b4b99816,4,0,4,0,
Gujarat Titans,42,53,2,dbe50b21,14f96089,b4b99816,1,0,1,0,
Gujarat Titans,43,54,2,b4b99816,14f96089,dbe50b21,1,0,1,0,
Gujarat Titans,44,55,2,dbe50b21,14f96089,b4b99816,1,0,1,0,
Gujarat Titans,45,56,2,dbe50b21,495d42a5,b4b99816,1,0,1,0,
Gujarat Titans,46,60,2,b4b99816,495d42a5,dbe50b21,4,0,4,0,
Gujarat Titans,47,61,2,b4b99816,495d42a5,dbe50b21,1,0,1,0,
Gujarat Titans,48,65,2,dbe50b21,495d42a5,b4b99816,4,0,4,0,
Gujarat Titans,49,66,2,dbe50b21,495d42a5,b4b99816,1,0,1,0,
Gujarat Titans,50,72,2,b4b99816,495d42a5,dbe50b21,6,0,6,0,
Gujarat Titans,51,72,2,dbe50b21,57ee1fde,b4b99816,0,0,0,0,
Gujarat Titans,52,73,2,dbe50b21,57ee1fde,b4b99816,1,0,1,0,
Gujarat Titans,53,76,2,b4b99816,57ee1fde,dbe50b21,3,0,3,0,
Gujarat Titans,54,76,2,dbe50b21,57ee1fde,b4b99816,0,0,0,0,
Gujarat Titans,55,77,2,dbe50b21,57ee1fde,b4b99816,1,0,1,0,
Gujarat Titans,56,78,2,b4b99816,57ee1fde,dbe50b21,1,0,1,0,
Gujarat Titans,57,79,2,b4b99816,a818c1be,dbe50b21,1,0,1,0,
Gujarat Titans,58,80,2,dbe50b21,a818c1be,b4b99816,1,0,1,0,
Gujarat Titans,59,81,2,b4b99816,a818c1be,dbe50b21,1,0,1,0,
Gujarat Titans,60,85,2,dbe50b21,a818c1be,b4b99816,4,0,4,0,
Gujarat Titans,61,86,2,dbe50b21,a818c1be,b4b99816,1,0,1,0,
Gujarat Titans,62,88,2,b4b99816,a818c1be,dbe50b21,2,0,2,0,
Gujarat Titans,63,89,2,dbe50b21,57ee1fde,b4b99816,1,0,1,0,
Gujarat Titans,64,90,2,b4b99816,57ee1fde,dbe50b21,1,0,1,0,
Gujarat Titans,65,91,2,dbe50b21,57ee1fde,b4b99816,0,1,1,0,
Gujarat Titans,66,91,3,dbe50b21,57ee1fde,b4b99816,0,0,0,1,caught
Gujarat Titans,67,92,3,d67d5f00,57ee1fde,b4b99816,1,0,1,0,
Gujarat Titans,68,93,3,b4b99816,57ee1fde,d67d5f00,1,0,1,0,
Gujarat Titans,69,94,3,d67d5f00,57ee1fde,b4b99816,1,0,1,0,
Gujarat Titans,70,95,3,d67d5f00,495d42a5,b4b99816,1,0,1,0,
Gujarat Titans,71,96,3,b4b99816,495d42a5,d67d5f00,1,0,1,0,
Gujarat Titans,72,96,3,d67d5f00,495d42a5,b4b99816,0,0,0,0,
Gujarat Titans,73,97,3,d67d5f00,495d42a5,b4b99816,1,0,1,0,
Gujarat Titans,74,98,3,b4b99816,495d42a5,d67d5f00,1,0,1,0,
Gujarat Titans,75,100,3,d67d5f00,495d42a5,b4b99816,2,0,2,0,
Gujarat Titans,76,101,3,b4b99816,14f96089,d67d5f00,1,0,1,0,
Gujarat Titans,77,101,3,d67d5f00,14f96089,b4b99816,0,0,0,0,
Gujarat Titans,78,101,3,d67d5f00,14f96089,b4b99816,0,0,0,0,
Gujarat Titans,79,102,3,d67d5f00,14f96089,b4b99816,1,0,1,0,
Gujarat Titans,80,102,3,b4b99816,14f96089,d67d5f00,0,0,0,0,
Gujarat Titans,81,102,3,b4b99816,14f96089,d67d5f00,0,0,0,0,
Gujarat Titans,82,102,3,d67d5f00,495d42a5,b4b99816,0,0,0,0,
Gujarat Titans,83,103,3,d67d5f00,495d42a5,b4b99816,1,0,1,0,
Gujarat Titans,84,104,3,b4b99816,495d42a5,d67d5f00,0,1,1,0,
Gujarat Titans,85,105,3,d67d5f00,495d42a5,b4b99816,1,0,1,0,
Gujarat Titans,86,106,3,b4b99816,495d42a5,d67d5f00,1,0,1,0,
Gujarat Titans,87,107,3,d67d5f00,495d42a5,b4b99816,1,0,1,0,
Gujarat Titans,88,108,3,d67d5f00,57ee1fde,b4b99816,1,0,1,0,
Gujarat Titans,89,109,3,b4b99816,57ee1fde,d67d5f00,1,0,1,0,
Gujarat Titans,90,115,3,d67d5f00,57ee1fde,b4b99816,6,0,6,0,
Gujarat Titans,91,117,3,d67d5f00,57ee1fde,b4b99816,2,0,2,0,
Gujarat Titans,92,118,3,d67d5f00,57ee1fde,b4b99816,1,0,1,0,
Gujarat Titans,93,119,3,b4b99816,57ee1fde,d67d5f00,1,0,1,0,
Gujarat Titans,94,121,3,b4b99816,ce820073,d67d5f00,2,0,2,0,
Gujarat Titans,95,121,4,b4b99816,ce820073,d67d5f00,0,0,0,1,caught
Gujarat Titans,96,122,4,0890552f,ce820073,d67d5f00,1,0,1,0,
Gujarat Titans,97,123,4,d67d5f00,ce820073,0890552f,1,0,1,0,
Gujarat Titans,98,124,4,0890552f,ce820073,d67d5f00,1,0,1,0,
Gujarat Titans,99,125,4,d67d5f00,ce820073,0890552f,1,0,1,0,
Gujarat Titans,100,126,4,d67d5f00,57ee1fde,0890552f,1,0,1,0,
Gujarat Titans,101,127,4,0890552f,57ee1fde,d67d5f00,1,0,1,0,
Gujarat Titans,102,128,4,d67d5f00,57ee1fde,0890552f,1,0,1,0,
Gujarat Titans,103,129,4,0890552f,57ee1fde,d67d5f00,1,0,1,0,
Gujarat Titans,104,131,4,d67d5f00,57ee1fde,0890552f,2,0,2,0,
Gujarat Titans,105,137,4,d67d5f00,57ee1fde,0890552f,6,0,6,0,
Gujarat Titans,106,138,4,0890552f,a818c1be,d67d5f00,1,0,1,0,
Gujarat Titans,107,139,4,d67d5f00,a818c1be,0890552f,1,0,1,0,
Gujarat Titans,108,145,4,0890552f,a818c1be,d67d5f00,6,0,6,0,
Gujarat Titans,109,151,4,0890552f,a818c1be,d67d5f00,6,0,6,0,
Gujarat Titans,110,153,4,0890552f,a818c1be,d67d5f00,2,0,2,0,
Gujarat Titans,111,154,4,0890552f,a818c1be,d67d5f00,1,0,1,0,
Gujarat Titans,112,154,4,0890552f,14f96089,d67d5f00,0,0,0,0,
Gujarat Titans,113,155,4,0890552f,14f96089,d67d5f00,1,0,1,0,
Gujarat Titans,114,159,4,d67d5f00,14f96089,0890552f,4,0,4,0,
Gujarat Titans,115,160,4,d67d5f00,14f96089,0890552f,1,0,1,0,
Gujarat Titans,116,166,4,0890552f,14f96089,d67d5f00,6,0,6,0,
Gujarat Titans,117,166,5,0890552f,14f96089,d67d5f00,0,0,0,1,caught
Gujarat Titans,118,167,5,d67d5f00,ce820073,39a2dfa8,0,1,1,0,
Gujarat Titans,119,167,5,d67d5f00,ce820073,39a2dfa8,0,0,0,0,
Gujarat Titans,120,171,5,d67d5f00,ce820073,39a2dfa8,4,0,4,0,
Gujarat Titans,121,175,5,d67d5f00,ce820073,39a2dfa8,4,0,4,0,
Gujarat Titans,122,175,6,d67d5f00,ce820073,39a2dfa8,0,0,0,1,caught
Gujarat Titans,123,176,7,5f547c8b,ce820073,39a2dfa8,1,0,1,1,run out
Gujarat Titans,124,177,7,39a2dfa8,ce820073,b0946605,1,0,1,0,
Rajasthan Royals,1,1,0,6c19c6e5,8cf9814c,99b75528,0,1,1,0,
Rajasthan Royals,2,1,0,6c19c6e5,8cf9814c,99b75528,0,0,0,0,
Rajasthan Royals,3,1,0,6c19c6e5,8cf9814c,99b75528,0,0,0,0,
Rajasthan Royals,4,1,0,6c19c6e5,8cf9814c,99b75528,0,0,0,0,
Rajasthan Royals,5,2,0,6c19c6e5,8cf9814c,99b75528,1,0,1,0,
Rajasthan Royals,6,2,0,99b75528,8cf9814c,6c19c6e5,0,0,0,0,
Rajasthan Royals,7,2,0,99b75528,8cf9814c,6c19c6e5,0,0,0,0,
Rajasthan Royals,8,2,0,6c19c6e5,dbe50b21,99b75528,0,0,0,0,
Rajasthan Royals,9,2,0,6c19c6e5,dbe50b21,99b75528,0,0,0,0,
Rajasthan Royals,10,2,1,6c19c6e5,dbe50b21,99b75528,0,0,0,1,caught
Rajasthan Royals,11,2,1,2c25d4f5,dbe50b21,99b75528,0,0,0,0,
Rajasthan Royals,12,2,1,2c25d4f5,dbe50b21,99b75528,0,0,0,0,
Rajasthan Royals,13,3,1,2c25d4f5,dbe50b21,99b75528,1,0,1,0,
Rajasthan Royals,14,3,1,2c25d4f5,8cf9814c,99b75528,0,0,0,0,
Rajasthan Royals,15,4,1,2c25d4f5,8cf9814c,99b75528,0,1,1,0,
Rajasthan Royals,16,4,1,99b75528,8cf9814c,2c25d4f5,0,0,0,0,
Rajasthan Royals,17,4,1,99b75528,8cf9814c,2c25d4f5,0,0,0,0,
Rajasthan Royals,18,4,2,99b75528,8cf9814c,2c25d4f5,0,0,0,1,bowled
Rajasthan Royals,19,4,2,a4cc73aa,8cf9814c,2c25d4f5,0,0,0,0,
Rajasthan Royals,20,8,2,2c25d4f5,dbe50b21,a4cc73aa,4,0,4,0,
Rajasthan Royals,21,9,2,2c25d4f5,dbe50b21,a4cc73aa,1,0,1,0,
Rajasthan Royals,22,9,2,a4cc73aa,dbe50b21,2c25d4f5,0,0,0,0,
Rajasthan Royals,23,9,2,a4cc73aa,dbe50b21,2c25d4f5,0,0,0,0,
Rajasthan Royals,24,9,2,a4cc73aa,dbe50b21,2c25d4f5,0,0,0,0,
Rajasthan Royals,25,13,2,a4cc73aa,dbe50b21,2c25d4f5,4,0,4,0,
Rajasthan Royals,26,13,2,2c25d4f5,8cf9814c,a4cc73aa,0,0,0,0,
Rajasthan Royals,27,13,2,2c25d4f5,8cf9814c,a4cc73aa,0,0,0,0,
Rajasthan Royals,28,13,2,2c25d4f5,8cf9814c,a4cc73aa,0,0,0,0,
Rajasthan Royals,29,13,2,2c25d4f5,8cf9814c,a4cc73aa,0,0,0,0,
Rajasthan Royals,30,19,2,2c25d4f5,8cf9814c,a4cc73aa,6,0,6,0,
Rajasthan Royals,31,20,2,2c25d4f5,8cf9814c,a4cc73aa,1,0,1,0,
Rajasthan Royals,32,20,2,2c25d4f5,dbe50b21,a4cc73aa,0,0,0,0,
Rajasthan Royals,33,20,2,2c25d4f5,dbe50b21,a4cc73aa,0,0,0,0,
Rajasthan Royals,34,20,2,2c25d4f5,dbe50b21,a4cc73aa,0,0,0,0,
Rajasthan Royals,35,26,2,2c25d4f5,dbe50b21,a4cc73aa,6,0,6,0,
Rajasthan Royals,36,26,2,2c25d4f5,dbe50b21,a4cc73aa,0,0,0,0,
Rajasthan Royals,37,26,2,2c25d4f5,dbe50b21,a4cc73aa,0,0,0,0,
Rajasthan Royals,38,26,2,a4cc73aa,b0946605,2c25d4f5,0,0,0,0,
Rajasthan Royals,39,32,2,a4cc73aa,b0946605,2c25d4f5,6,0,6,0,
Rajasthan Royals,40,32,2,a4cc73aa,b0946605,2c25d4f5,0,0,0,0,
Rajasthan Royals,41,33,2,a4cc73aa,b0946605,2c25d4f5,1,0,1,0,
Rajasthan Royals,42,37,2,2c25d4f5,b0946605,a4cc73aa,4,0,4,0,
Rajasthan Royals,43,38,2,2c25d4f5,b0946605,a4cc73aa,1,0,1,0,
Rajasthan Royals,44,39,2,2c25d4f5,dbe50b21,a4cc73aa,1,0,1,0,
Rajasthan Royals,45,40,2,a4cc73aa,dbe50b21,2c25d4f5,1,0,1,0,
Rajasthan Royals,46,41,2,2c25d4f5,dbe50b21,a4cc73aa,1,0,1,0,
Rajasthan Royals,47,41,2,a4cc73aa,dbe50b21,2c25d4f5,0,0,0,0,
Rajasthan Royals,48,45,2,a4cc73aa,dbe50b21,2c25d4f5,4,0,4,0,
Rajasthan Royals,49,46,2,a4cc73aa,dbe50b21,2c25d4f5,1,0,1,0,
Rajasthan Royals,50,47,2,a4cc73aa,5f547c8b,2c25d4f5,1,0,1,0,
Rajasthan Royals,51,47,2,2c25d4f5,5f547c8b,a4cc73aa,0,0,0,0,
Rajasthan Royals,52,47,3,2c25d4f5,5f547c8b,a4cc73aa,0,0,0,1,caught
Rajasthan Royals,53,48,3,04a418e8,5f547c8b,a4cc73aa,1,0,1,0,
Rajasthan Royals,54,49,3,a4cc73aa,5f547c8b,04a418e8,1,0,1,0,
Rajasthan Royals,55,50,3,04a418e8,5f547c8b,a4cc73aa,1,0,1,0,
Rajasthan Royals,56,50,3,04a418e8,759ac88f,a4cc73aa,0,0,0,0,
Rajasthan Royals,57,51,3,04a418e8,759ac88f,a4cc73aa,1,0,1,0,
Rajasthan Royals,58,51,3,a4cc73aa,759ac88f,04a418e8,0,0,0,0,
Rajasthan Royals,59,51,3,a4cc73aa,759ac88f,04a418e8,0,0,0,0,
Rajasthan Royals,60,52,3,a4cc73aa,759ac88f,04a418e8,1,0,1,0,
Rajasthan Royals,61,53,3,04a418e8,759ac88f,a4cc73aa,1,0,1,0,
Rajasthan Royals,62,54,3,04a418e8,5f547c8b,a4cc73aa,1,0,1,0,
Rajasthan Royals,63,55,3,a4cc73aa,5f547c8b,04a418e8,1,0,1,0,
Rajasthan Royals,64,55,4,04a418e8,5f547c8b,a4cc73aa,0,0,0,1,caught
Rajasthan Royals,65,55,4,48a1d7b7,5f547c8b,a4cc73aa,0,0,0,0,
Rajasthan Royals,66,56,4,48a1d7b7,5f547c8b,a4cc73aa,1,0,1,0,
Rajasthan Royals,67,62,4,a4cc73aa,5f547c8b,48a1d7b7,6,0,6,0,
Rajasthan Royals,68,62,4,48a1d7b7,759ac88f,a4cc73aa,0,0,0,0,
Rajasthan Royals,69,62,4,48a1d7b7,759ac88f,a4cc73aa,0,0,0,0,
Rajasthan Royals,70,63,4,48a1d7b7,759ac88f,a4cc73aa,1,0,1,0,
Rajasthan Royals,71,64,4,a4cc73aa,759ac88f,48a1d7b7,1,0,1,0,
Rajasthan Royals,72,65,4,48a1d7b7,759ac88f,a4cc73aa,1,0,1,0,
Rajasthan Royals,73,66,4,a4cc73aa,759ac88f,48a1d7b7,1,0,1,0,
Rajasthan Royals,74,66,4,a4cc73aa,5f547c8b,48a1d7b7,0,0,0,0,
Rajasthan Royals,75,72,4,a4cc73aa,5f547c8b,48a1d7b7,6,0,6,0,
Rajasthan Royals,76,78,4,a4cc73aa,5f547c8b,48a1d7b7,6,0,6,0,
Rajasthan Royals,77,84,4,a4cc73aa,5f547c8b,48a1d7b7,6,0,6,0,
Rajasthan Royals,78,85,4,a4cc73aa,5f547c8b,48a1d7b7,1,0,1,0,
Rajasthan Royals,79,86,4,48a1d7b7,5f547c8b,a4cc73aa,1,0,1,0,
Rajasthan Royals,80,92,4,48a1d7b7,b0946605,a4cc73aa,6,0,6,0,
Rajasthan Royals,81,93,4,48a1d7b7,b0946605,a4cc73aa,1,0,1,0,
Rajasthan Royals,82,94,4,a4cc73aa,b0946605,48a1d7b7,1,0,1,0,
Rajasthan Royals,83,98,4,48a1d7b7,b0946605,a4cc73aa,4,0,4,0,
Rajasthan Royals,84,100,4,48a1d7b7,b0946605,a4cc73aa,2,0,2,0,
Rajasthan Royals,85,101,4,48a1d7b7,b0946605,a4cc73aa,1,0,1,0,
Rajasthan Royals,86,102,4,48a1d7b7,efc04be7,a4cc73aa,1,0,1,0,
Rajasthan Royals,87,103,4,a4cc73aa,efc04be7,48a1d7b7,1,0,1,0,
Rajasthan Royals,88,104,4,48a1d7b7,efc04be7,a4cc73aa,1,0,1,0,
Rajasthan Royals,89,110,4,a4cc73aa,efc04be7,48a1d7b7,6,0,6,0,
Rajasthan Royals,90,114,4,a4cc73aa,efc04be7,48a1d7b7,4,0,4,0,
Rajasthan Royals,91,114,5,a4cc73aa,efc04be7,48a1d7b7,0,0,0,1,caught
Rajasthan Royals,92,116,5,48a1d7b7,b0946605,bcf325d2,2,0,2,0,
Rajasthan Royals,93,122,5,48a1d7b7,b0946605,bcf325d2,6,0,6,0,
Rajasthan Royals,94,123,5,48a1d7b7,b0946605,bcf325d2,1,0,1,0,
Rajasthan Royals,95,127,5,bcf325d2,b0946605,48a1d7b7,4,0,4,0,
Rajasthan Royals,96,128,5,bcf325d2,b0946605,48a1d7b7,1,0,1,0,
Rajasthan Royals,97,134,5,48a1d7b7,b0946605,bcf325d2,6,0,6,0,
Rajasthan Royals,98,138,5,bcf325d2,efc04be7,48a1d7b7,4,0,4,0,
Rajasthan Royals,99,138,5,bcf325d2,efc04be7,48a1d7b7,0,0,0,0,
Rajasthan Royals,100,138,5,bcf325d2,efc04be7,48a1d7b7,0,0,0,0,
Rajasthan Royals,101,139,5,bcf325d2,efc04be7,48a1d7b7,1,0,1,0,
Rajasthan Royals,102,140,5,48a1d7b7,efc04be7,bcf325d2,0,1,1,0,
Rajasthan Royals,103,141,5,48a1d7b7,efc04be7,bcf325d2,1,0,1,0,
Rajasthan Royals,104,142,5,bcf325d2,efc04be7,48a1d7b7,1,0,1,0,
Rajasthan Royals,105,143,5,bcf325d2,5f547c8b,48a1d7b7,1,0,1,0,
Rajasthan Royals,106,143,5,48a1d7b7,5f547c8b,bcf325d2,0,0,0,0,
Rajasthan Royals,107,147,5,48a1d7b7,5f547c8b,bcf325d2,4,0,4,0,
Rajasthan Royals,108,147,5,48a1d7b7,5f547c8b,bcf325d2,0,0,0,0,
Rajasthan Royals,109,153,5,48a1d7b7,5f547c8b,bcf325d2,6,0,6,0,
Rajasthan Royals,110,155,5,48a1d7b7,5f547c8b,bcf325d2,2,0,2,0,
Rajasthan Royals,111,161,5,bcf325d2,8cf9814c,48a1d7b7,6,0,6,0,
Rajasthan Royals,112,161,6,bcf325d2,8cf9814c,48a1d7b7,0,0,0,1,caught
Rajasthan Royals,113,165,6,495d42a5,8cf9814c,48a1d7b7,4,0,4,0,
Rajasthan Royals,114,171,6,495d42a5,8cf9814c,48a1d7b7,6,0,6,0,
Rajasthan Royals,115,171,7,495d42a5,8cf9814c,48a1d7b7,0,0,0,1,caught
Rajasthan Royals,116,171,7,a818c1be,8cf9814c,48a1d7b7,0,0,0,0,
Rajasthan Royals,117,173,7,48a1d7b7,efc04be7,a818c1be,2,0,2,0,
Rajasthan Royals,118,179,7,48a1d7b7,efc04be7,a818c1be,6,0,6,0,
