batting_team,ball_number,total_team_runs,total_team_wickets,striker_ID,bowler_ID,nonstriker_ID,batter_runs,extras_runs,total_delivery_runs,wicket,wicket_type
Spirit,1,0,0,2ca65aee,108c4c09,b5626ff7,0,0,0,0,
Spirit,2,0,0,2ca65aee,108c4c09,b5626ff7,0,0,0,0,
Spirit,3,0,0,2ca65aee,108c4c09,b5626ff7,0,0,0,0,
Spirit,4,0,0,2ca65aee,108c4c09,b5626ff7,0,0,0,0,
Spirit,5,0,0,2ca65aee,108c4c09,b5626ff7,0,0,0,0,
Spirit,6,0,0,2ca65aee,108c4c09,b5626ff7,0,0,0,0,
Spirit,7,0,0,b5626ff7,f606177e,2ca65aee,0,0,0,0,
Spirit,8,0,0,b5626ff7,f606177e,2ca65aee,0,0,0,0,
Spirit,9,0,1,b5626ff7,f606177e,2ca65aee,0,0,0,1,caught
Spirit,10,0,1,3b770527,f606177e,2ca65aee,0,0,0,0,
Spirit,11,0,1,3b770527,f606177e,2ca65aee,0,0,0,0,
Spirit,12,1,1,3b770527,f606177e,2ca65aee,1,0,1,0,
Spirit,13,1,1,3b770527,108c4c09,2ca65aee,0,0,0,0,
Spirit,14,1,1,3b770527,108c4c09,2ca65aee,0,0,0,0,
Spirit,15,2,1,3b770527,108c4c09,2ca65aee,1,0,1,0,
Spirit,16,3,1,2ca65aee,108c4c09,3b770527,1,0,1,0,
Spirit,17,3,1,3b770527,108c4c09,2ca65aee,0,0,0,0,
Spirit,18,3,1,3b770527,108c4c09,2ca65aee,0,0,0,0,
Spirit,19,9,1,2ca65aee,f606177e,3b770527,6,0,6,0,
Spirit,20,10,1,2ca65aee,f606177e,3b770527,1,0,1,0,
Spirit,21,14,1,3b770527,f606177e,2ca65aee,4,0,4,0,
Spirit,22,14,1,3b770527,f606177e,2ca65aee,0,0,0,0,
Spirit,23,14,1,3b770527,f606177e,2ca65aee,0,0,0,0,
Spirit,24,14,2,3b770527,f606177e,2ca65aee,0,0,0,1,caught
Spirit,25,14,2,2ca65aee,6a434bd3,dff806f4,0,0,0,0,
Spirit,26,14,2,2ca65aee,6a434bd3,dff806f4,0,0,0,0,
Spirit,27,14,2,2ca65aee,6a434bd3,dff806f4,0,0,0,0,
Spirit,28,15,2,2ca65aee,6a434bd3,dff806f4,1,0,1,0,
Spirit,29,16,2,dff806f4,6a434bd3,2ca65aee,0,1,1,0,
Spirit,30,16,2,2ca65aee,6a434bd3,dff806f4,0,0,0,0,
Spirit,31,17,2,dff806f4,15f609ed,2ca65aee,1,0,1,0,
Spirit,32,18,2,2ca65aee,15f609ed,dff806f4,1,0,1,0,
Spirit,33,19,2,dff806f4,15f609ed,2ca65aee,1,0,1,0,
Spirit,34,20,2,2ca65aee,15f609ed,dff806f4,1,0,1,0,
Spirit,35,20,2,dff806f4,15f609ed,2ca65aee,0,0,0,0,
Spirit,36,21,2,dff806f4,15f609ed,2ca65aee,1,0,1,0,
Spirit,37,25,2,dff806f4,6a434bd3,2ca65aee,4,0,4,0,
Spirit,38,26,2,dff806f4,6a434bd3,2ca65aee,1,0,1,0,
Spirit,39,27,2,2ca65aee,6a434bd3,dff806f4,1,0,1,0,
Spirit,40,28,2,dff806f4,6a434bd3,2ca65aee,1,0,1,0,
Spirit,41,28,3,2ca65aee,6a434bd3,dff806f4,0,0,0,1,caught
Spirit,42,28,3,0825e4b3,6a434bd3,dff806f4,0,0,0,0,
Spirit,43,28,3,dff806f4,15f609ed,0825e4b3,0,0,0,0,
Spirit,44,32,3,dff806f4,15f609ed,0825e4b3,4,0,4,0,
Spirit,45,33,3,dff806f4,15f609ed,0825e4b3,1,0,1,0,
Spirit,46,33,3,0825e4b3,15f609ed,dff806f4,0,0,0,0,
Spirit,47,33,3,0825e4b3,15f609ed,dff806f4,0,0,0,0,
Spirit,48,33,3,0825e4b3,15f609ed,dff806f4,0,0,0,0,
Spirit,49,37,3,dff806f4,6a434bd3,0825e4b3,4,0,4,0,
Spirit,50,37,3,dff806f4,6a434bd3,0825e4b3,0,0,0,0,
Spirit,51,37,3,dff806f4,6a434bd3,0825e4b3,0,0,0,0,
Spirit,52,37,3,dff806f4,6a434bd3,0825e4b3,0,0,0,0,
Spirit,53,37,3,dff806f4,6a434bd3,0825e4b3,0,0,0,0,
Spirit,54,37,3,dff806f4,6a434bd3,0825e4b3,0,0,0,0,
Spirit,55,38,3,0825e4b3,2e0b6638,dff806f4,0,1,1,0,
Spirit,56,42,3,0825e4b3,2e0b6638,dff806f4,4,0,4,0,
Spirit,57,42,4,0825e4b3,2e0b6638,dff806f4,0,0,0,1,bowled
Spirit,58,42,4,d945db3e,2e0b6638,dff806f4,0,0,0,0,
Spirit,59,42,4,d945db3e,2e0b6638,dff806f4,0,0,0,0,
Spirit,60,46,4,d945db3e,2e0b6638,dff806f4,4,0,4,0,
Spirit,61,46,4,d945db3e,2e0b6638,dff806f4,0,0,0,0,
Spirit,62,50,4,dff806f4,f606177e,d945db3e,4,0,4,0,
Spirit,63,54,4,dff806f4,f606177e,d945db3e,4,0,4,0,
Spirit,64,55,4,dff806f4,f606177e,d945db3e,1,0,1,0,
Spirit,65,56,4,d945db3e,f606177e,dff806f4,1,0,1,0,
Spirit,66,57,4,dff806f4,f606177e,d945db3e,1,0,1,0,
Spirit,67,57,4,d945db3e,f606177e,dff806f4,0,0,0,0,
Spirit,68,58,4,dff806f4,2e0b6638,d945db3e,1,0,1,0,
Spirit,69,58,4,d945db3e,2e0b6638,dff806f4,0,0,0,0,
Spirit,70,59,4,d945db3e,2e0b6638,dff806f4,1,0,1,0,
Spirit,71,59,4,dff806f4,2e0b6638,d945db3e,0,0,0,0,
Spirit,72,60,4,dff806f4,2e0b6638,d945db3e,1,0,1,0,
Spirit,73,60,4,d945db3e,2e0b6638,dff806f4,0,0,0,0,
Spirit,74,61,4,dff806f4,108c4c09,d945db3e,1,0,1,0,
Spirit,75,63,4,d945db3e,108c4c09,dff806f4,2,0,2,0,
Spirit,76,63,4,d945db3e,108c4c09,dff806f4,0,0,0,0,
Spirit,77,63,5,d945db3e,108c4c09,dff806f4,0,0,0,1,bowled
Spirit,78,63,5,df9cdebf,108c4c09,dff806f4,0,0,0,0,
Spirit,79,63,5,df9cdebf,108c4c09,dff806f4,0,0,0,0,
Spirit,80,64,5,dff806f4,b287e7b1,df9cdebf,1,0,1,0,
Spirit,81,65,5,df9cdebf,b287e7b1,dff806f4,1,0,1,0,
Spirit,82,66,5,dff806f4,b287e7b1,df9cdebf,1,0,1,0,
Spirit,83,69,5,df9cdebf,b287e7b1,dff806f4,3,0,3,0,
Spirit,84,69,5,dff806f4,b287e7b1,df9cdebf,0,0,0,0,
Spirit,85,75,5,dff806f4,b287e7b1,df9cdebf,6,0,6,0,
Spirit,86,76,5,df9cdebf,15f609ed,dff806f4,1,0,1,0,
Spirit,87,76,5,dff806f4,15f609ed,df9cdebf,0,0,0,0,
Spirit,88,82,5,dff806f4,15f609ed,df9cdebf,6,0,6,0,
Spirit,89,83,5,dff806f4,15f609ed,df9cdebf,1,0,1,0,
Spirit,90,84,5,df9cdebf,15f609ed,dff806f4,1,0,1,0,
Spirit,91,90,5,dff806f4,15f609ed,df9cdebf,6,0,6,0,
Spirit,92,90,5,df9cdebf,b287e7b1,dff806f4,0,0,0,0,
Spirit,93,90,5,df9cdebf,b287e7b1,dff806f4,0,0,0,0,
Spirit,94,96,5,df9cdebf,b287e7b1,dff806f4,6,0,6,0,
Spirit,95,97,5,df9cdebf,b287e7b1,dff806f4,1,0,1,0,
Spirit,96,97,6,dff806f4,b287e7b1,df9cdebf,0,0,0,1,caught
Spirit,97,99,6,a1965ce2,b287e7b1,df9cdebf,2,0,2,0,
Spirit,98,103,6,df9cdebf,6a434bd3,a1965ce2,4,0,4,0,
Spirit,99,103,6,df9cdebf,6a434bd3,a1965ce2,0,0,0,0,
Spirit,100,104,6,df9cdebf,6a434bd3,a1965ce2,0,1,1,0,
Spirit,101,105,6,df9cdebf,6a434bd3,a1965ce2,1,0,1,0,
Spirit,102,106,6,a1965ce2,6a434bd3,df9cdebf,1,0,1,0,
Spirit,103,106,7,df9cdebf,6a434bd3,a1965ce2,0,0,0,1,caught
Spirit,104,107,7,2038a273,6a434bd3,a1965ce2,0,1,1,0,
Spirit,105,107,7,2038a273,6a434bd3,a1965ce2,0,0,0,0,
Spirit,106,108,7,a1965ce2,b287e7b1,2038a273,1,0,1,0,
Spirit,107,109,7,2038a273,b287e7b1,a1965ce2,1,0,1,0,
Spirit,108,109,7,a1965ce2,b287e7b1,2038a273,0,0,0,0,
Spirit,109,110,7,a1965ce2,b287e7b1,2038a273,1,0,1,0,
Spirit,110,110,8,2038a273,b287e7b1,a1965ce2,0,0,0,1,bowled
Spirit,111,111,8,0d518f89,b287e7b1,a1965ce2,1,0,1,0,
Spirit,112,111,8,0d518f89,108c4c09,a1965ce2,0,0,0,0,
Spirit,113,112,8,0d518f89,108c4c09,a1965ce2,1,0,1,0,
Spirit,114,112,8,a1965ce2,108c4c09,0d518f89,0,0,0,0,
Spirit,115,116,8,a1965ce2,108c4c09,0d518f89,4,0,4,0,
Spirit,116,116,8,a1965ce2,108c4c09,0d518f89,0,0,0,0,
Spirit,117,117,8,a1965ce2,108c4c09,0d518f89,1,0,1,0,
Spirit,118,118,8,a1965ce2,2e0b6638,0d518f89,1,0,1,0,
Spirit,119,119,8,0d518f89,2e0b6638,a1965ce2,1,0,1,0,
Spirit,120,120,8,a1965ce2,2e0b6638,0d518f89,1,0,1,0,
Spirit,121,121,8,0d518f89,2e0b6638,a1965ce2,1,0,1,0,
Spirit,122,121,8,a1965ce2,2e0b6638,0d518f89,0,0,0,0,
Spirit,123,121,8,a1965ce2,2e0b6638,0d518f89,0,0,0,0,
Sapphires,1,0,0,ef13bd20,df9cdebf,1b9d1579,0,0,0,0,
Sapphires,2,1,0,ef13bd20,df9cdebf,1b9d1579,1,0,1,0,
Sapphires,3,2,0,1b9d1579,df9cdebf,ef13bd20,1,0,1,0,
Sapphires,4,4,0,ef13bd20,df9cdebf,1b9d1579,2,0,2,0,
Sapphires,5,4,0,ef13bd20,df9cdebf,1b9d1579,0,0,0,0,
Sapphires,6,4,0,ef13bd20,df9cdebf,1b9d1579,0,0,0,0,
Sapphires,7,4,0,1b9d1579,0d518f89,ef13bd20,0,0,0,0,
Sapphires,8,4,0,1b9d1579,0d518f89,ef13bd20,0,0,0,0,
Sapphires,9,4,0,1b9d1579,0d518f89,ef13bd20,0,0,0,0,
Sapphires,10,4,1,1b9d1579,0d518f89,ef13bd20,0,0,0,1,caught
Sapphires,11,4,1,b3020075,0d518f89,ef13bd20,0,0,0,0,
Sapphires,12,4,1,b3020075,0d518f89,ef13bd20,0,0,0,0,
Sapphires,13,5,1,ef13bd20,df9cdebf,b3020075,0,1,1,0,
Sapphires,14,6,1,ef13bd20,df9cdebf,b3020075,0,1,1,0,
Sapphires,15,6,1,ef13bd20,df9cdebf,b3020075,0,0,0,0,
Sapphires,16,6,1,ef13bd20,df9cdebf,b3020075,0,0,0,0,
Sapphires,17,6,1,ef13bd20,df9cdebf,b3020075,0,0,0,0,
Sapphires,18,8,1,ef13bd20,df9cdebf,b3020075,0,2,2,0,
Sapphires,19,8,1,ef13bd20,df9cdebf,b3020075,0,0,0,0,
Sapphires,20,9,1,ef13bd20,df9cdebf,b3020075,1,0,1,0,
Sapphires,21,10,1,ef13bd20,0d518f89,b3020075,1,0,1,0,
Sapphires,22,10,1,b3020075,0d518f89,ef13bd20,0,0,0,0,
Sapphires,23,10,2,b3020075,0d518f89,ef13bd20,0,0,0,1,caught
Sapphires,24,10,2,2e0b6638,0d518f89,ef13bd20,0,0,0,0,
Sapphires,25,10,2,2e0b6638,0d518f89,ef13bd20,0,0,0,0,
Sapphires,26,11,2,2e0b6638,0d518f89,ef13bd20,0,1,1,0,
Sapphires,27,11,2,2e0b6638,df9cdebf,ef13bd20,0,0,0,0,
Sapphires,28,11,2,2e0b6638,df9cdebf,ef13bd20,0,0,0,0,
Sapphires,29,11,2,2e0b6638,df9cdebf,ef13bd20,0,0,0,0,
Sapphires,30,12,2,2e0b6638,df9cdebf,ef13bd20,1,0,1,0,
Sapphires,31,12,2,ef13bd20,df9cdebf,2e0b6638,0,0,0,0,
Sapphires,32,12,2,ef13bd20,df9cdebf,2e0b6638,0,0,0,0,
Sapphires,33,12,2,2e0b6638,d945db3e,ef13bd20,0,0,0,0,
Sapphires,34,16,2,2e0b6638,d945db3e,ef13bd20,4,0,4,0,
Sapphires,35,16,3,2e0b6638,d945db3e,ef13bd20,0,0,0,1,caught
Sapphires,36,16,3,2daa8e40,d945db3e,ef13bd20,0,0,0,0,
Sapphires,37,16,3,2daa8e40,d945db3e,ef13bd20,0,0,0,0,
Sapphires,38,16,3,2daa8e40,d945db3e,ef13bd20,0,0,0,0,
Sapphires,39,17,3,ef13bd20,3aca2ed5,2daa8e40,1,0,1,0,
Sapphires,40,18,3,2daa8e40,3aca2ed5,ef13bd20,1,0,1,0,
Sapphires,41,19,3,ef13bd20,3aca2ed5,2daa8e40,1,0,1,0,
Sapphires,42,20,3,2daa8e40,3aca2ed5,ef13bd20,1,0,1,0,
Sapphires,43,21,3,ef13bd20,3aca2ed5,2daa8e40,1,0,1,0,
Sapphires,44,28,3,2daa8e40,3aca2ed5,ef13bd20,6,1,7,0,
Sapphires,45,29,3,2daa8e40,3aca2ed5,ef13bd20,0,1,1,0,
Sapphires,46,31,3,2daa8e40,d945db3e,ef13bd20,2,0,2,0,
Sapphires,47,31,3,2daa8e40,d945db3e,ef13bd20,0,0,0,0,
Sapphires,48,32,3,2daa8e40,d945db3e,ef13bd20,1,0,1,0,
Sapphires,49,33,3,ef13bd20,d945db3e,2daa8e40,1,0,1,0,
Sapphires,50,34,3,2daa8e40,d945db3e,ef13bd20,1,0,1,0,
Sapphires,51,34,3,ef13bd20,d945db3e,2daa8e40,0,0,0,0,
Sapphires,52,34,3,2daa8e40,dff806f4,ef13bd20,0,0,0,0,
Sapphires,53,35,3,2daa8e40,dff806f4,ef13bd20,1,0,1,0,
Sapphires,54,35,3,ef13bd20,dff806f4,2daa8e40,0,0,0,0,
Sapphires,55,35,3,ef13bd20,dff806f4,2daa8e40,0,0,0,0,
Sapphires,56,35,3,ef13bd20,dff806f4,2daa8e40,0,0,0,0,
Sapphires,57,35,3,ef13bd20,dff806f4,2daa8e40,0,0,0,0,
Sapphires,58,35,4,2daa8e40,a1965ce2,ef13bd20,0,0,0,1,caught and bowled
Sapphires,59,41,4,6a434bd3,a1965ce2,ef13bd20,6,0,6,0,
Sapphires,60,41,4,6a434bd3,a1965ce2,ef13bd20,0,0,0,0,
Sapphires,61,42,4,6a434bd3,a1965ce2,ef13bd20,0,1,1,0,
Sapphires,62,42,4,6a434bd3,a1965ce2,ef13bd20,0,0,0,0,
Sapphires,63,46,4,6a434bd3,a1965ce2,ef13bd20,4,0,4,0,
Sapphires,64,46,5,6a434bd3,a1965ce2,ef13bd20,0,0,0,1,run out
Sapphires,65,52,5,6a434bd3,dff806f4,9414a81c,6,0,6,0,
Sapphires,66,52,5,6a434bd3,dff806f4,9414a81c,0,0,0,0,
Sapphires,67,56,5,6a434bd3,dff806f4,9414a81c,4,0,4,0,
Sapphires,68,56,5,6a434bd3,dff806f4,9414a81c,0,0,0,0,
Sapphires,69,57,5,6a434bd3,dff806f4,9414a81c,1,0,1,0,
Sapphires,70,58,5,9414a81c,dff806f4,6a434bd3,1,0,1,0,
Sapphires,71,59,5,9414a81c,a1965ce2,6a434bd3,1,0,1,0,
Sapphires,72,59,5,6a434bd3,a1965ce2,9414a81c,0,0,0,0,
Sapphires,73,60,5,6a434bd3,a1965ce2,9414a81c,1,0,1,0,
Sapphires,74,60,5,9414a81c,a1965ce2,6a434bd3,0,0,0,0,
Sapphires,75,60,5,9414a81c,a1965ce2,6a434bd3,0,0,0,0,
Sapphires,76,61,5,9414a81c,a1965ce2,6a434bd3,1,0,1,0,
Sapphires,77,62,5,9414a81c,df9cdebf,6a434bd3,1,0,1,0,
Sapphires,78,62,5,6a434bd3,df9cdebf,9414a81c,0,0,0,0,
Sapphires,79,63,5,6a434bd3,df9cdebf,9414a81c,1,0,1,0,
Sapphires,80,63,5,9414a81c,df9cdebf,6a434bd3,0,0,0,0,
Sapphires,81,63,5,9414a81c,df9cdebf,6a434bd3,0,0,0,0,
Sapphires,82,64,5,9414a81c,df9cdebf,6a434bd3,1,0,1,0,
Sapphires,83,65,5,9414a81c,d945db3e,6a434bd3,1,0,1,0,
Sapphires,84,71,5,6a434bd3,d945db3e,9414a81c,6,0,6,0,
Sapphires,85,72,5,6a434bd3,d945db3e,9414a81c,1,0,1,0,
Sapphires,86,73,5,9414a81c,d945db3e,6a434bd3,1,0,1,0,
Sapphires,87,73,5,6a434bd3,d945db3e,9414a81c,0,0,0,0,
Sapphires,88,74,5,6a434bd3,d945db3e,9414a81c,1,0,1,0,
Sapphires,89,75,5,6a434bd3,0d518f89,9414a81c,1,0,1,0,
Sapphires,90,75,5,9414a81c,0d518f89,6a434bd3,0,0,0,0,
Sapphires,91,75,5,9414a81c,0d518f89,6a434bd3,0,0,0,0,
Sapphires,92,79,5,9414a81c,0d518f89,6a434bd3,4,0,4,0,
Sapphires,93,80,5,9414a81c,0d518f89,6a434bd3,1,0,1,0,
Sapphires,94,84,5,6a434bd3,0d518f89,9414a81c,4,0,4,0,
Sapphires,95,84,5,9414a81c,3aca2ed5,6a434bd3,0,0,0,0,
Sapphires,96,84,5,9414a81c,3aca2ed5,6a434bd3,0,0,0,0,
Sapphires,97,84,5,9414a81c,3aca2ed5,6a434bd3,0,0,0,0,
Sapphires,98,84,5,9414a81c,3aca2ed5,6a434bd3,0,0,0,0,
Sapphires,99,85,5,9414a81c,3aca2ed5,6a434bd3,1,0,1,0,
Sapphires,100,85,5,6a434bd3,3aca2ed5,9414a81c,0,0,0,0,
Sapphires,101,85,5,9414a81c,dff806f4,6a434bd3,0,0,0,0,
Sapphires,102,89,5,9414a81c,dff806f4,6a434bd3,4,0,4,0,
Sapphires,103,90,5,9414a81c,dff806f4,6a434bd3,1,0,1,0,
Sapphires,104,91,5,6a434bd3,dff806f4,9414a81c,1,0,1,0,
Sapphires,105,92,5,9414a81c,dff806f4,6a434bd3,1,0,1,0,
Sapphires,106,94,5,6a434bd3,dff806f4,9414a81c,2,0,2,0,
Sapphires,107,94,5,9414a81c,3aca2ed5,6a434bd3,0,0,0,0,
Sapphires,108,95,5,9414a81c,3aca2ed5,6a434bd3,1,0,1,0,
Sapphires,109,101,5,6a434bd3,3aca2ed5,9414a81c,6,0,6,0,
Sapphires,110,101,5,6a434bd3,3aca2ed5,9414a81c,0,0,0,0,
Sapphires,111,102,5,6a434bd3,3aca2ed5,9414a81c,1,0,1,0,
Sapphires,112,102,6,9414a81c,3aca2ed5,6a434bd3,0,0,0,1,stumped
Sapphires,113,103,6,6a434bd3,0d518f89,15f609ed,1,0,1,0,
Sapphires,114,103,7,15f609ed,0d518f89,6a434bd3,0,0,0,1,bowled
Sapphires,115,104,7,108c4c09,0d518f89,6a434bd3,1,0,1,0,
Sapphires,116,104,7,6a434bd3,0d518f89,108c4c09,0,0,0,0,
Sapphires,117,104,8,6a434bd3,0d518f89,108c4c09,0,0,0,1,bowled
Sapphires,118,104,8,b287e7b1,0d518f89,108c4c09,0,0,0,0,
Sapphires,119,105,8,108c4c09,dff806f4,b287e7b1,1,0,1,0,
Sapphires,120,105,8,b287e7b1,dff806f4,108c4c09,0,0,0,0,
Sapphires,121,106,8,b287e7b1,dff806f4,108c4c09,1,0,1,0,
Sapphires,122,106,9,108c4c09,dff806f4,b287e7b1,0,0,0,1,caught
Sapphires,123,108,9,f606177e,dff806f4,b287e7b1,2,0,2,0,
Sapphires,124,109,9,f606177e,dff806f4,b287e7b1,1,0,1,0,
