batting_team,ball_number,total_team_runs,total_team_wickets,striker_ID,bowler_ID,nonstriker_ID,batter_runs,extras_runs,total_delivery_runs,wicket,wicket_type
Saudi Arabia,1,0,0,a7553f15,8c7b9bfc,2513b4fe,0,0,0,0,
Saudi Arabia,2,4,0,a7553f15,8c7b9bfc,2513b4fe,4,0,4,0,
Saudi Arabia,3,8,0,a7553f15,8c7b9bfc,2513b4fe,4,0,4,0,
Saudi Arabia,4,8,0,a7553f15,8c7b9bfc,2513b4fe,0,0,0,0,
Saudi Arabia,5,8,0,a7553f15,8c7b9bfc,2513b4fe,0,0,0,0,
Saudi Arabia,6,12,0,a7553f15,8c7b9bfc,2513b4fe,4,0,4,0,
Saudi Arabia,7,12,0,2513b4fe,5d77a96a,a7553f15,0,0,0,0,
Saudi Arabia,8,16,0,2513b4fe,5d77a96a,a7553f15,4,0,4,0,
Saudi Arabia,9,18,0,2513b4fe,5d77a96a,a7553f15,2,0,2,0,
Saudi Arabia,10,22,0,2513b4fe,5d77a96a,a7553f15,4,0,4,0,
Saudi Arabia,11,24,0,2513b4fe,5d77a96a,a7553f15,0,2,2,0,
Saudi Arabia,12,25,0,a7553f15,5d77a96a,2513b4fe,0,1,1,0,
Saudi Arabia,13,29,0,a7553f15,5d77a96a,2513b4fe,4,0,4,0,
Saudi Arabia,14,29,0,a7553f15,5d77a96a,2513b4fe,0,0,0,0,
Saudi Arabia,15,30,0,2513b4fe,4add4c98,a7553f15,1,0,1,0,
Saudi Arabia,16,32,0,a7553f15,4add4c98,2513b4fe,2,0,2,0,
Saudi Arabia,17,32,0,a7553f15,4add4c98,2513b4fe,0,0,0,0,
Saudi Arabia,18,33,0,a7553f15,4add4c98,2513b4fe,1,0,1,0,
Saudi Arabia,19,34,0,2513b4fe,4add4c98,a7553f15,1,0,1,0,
Saudi Arabia,20,36,0,a7553f15,4add4c98,2513b4fe,2,0,2,0,
Saudi Arabia,21,40,0,2513b4fe,5d77a96a,a7553f15,4,0,4,0,
Saudi Arabia,22,41,0,2513b4fe,5d77a96a,a7553f15,1,0,1,0,
Saudi Arabia,23,45,0,a7553f15,5d77a96a,2513b4fe,4,0,4,0,
Saudi Arabia,24,45,0,a7553f15,5d77a96a,2513b4fe,0,0,0,0,
Saudi Arabia,25,49,0,a7553f15,5d77a96a,2513b4fe,4,0,4,0,
Saudi Arabia,26,49,0,a7553f15,5d77a96a,2513b4fe,0,0,0,0,
Saudi Arabia,27,50,0,2513b4fe,4add4c98,a7553f15,0,1,1,0,
Saudi Arabia,28,51,0,2513b4fe,4add4c98,a7553f15,0,1,1,0,
Saudi Arabia,29,55,0,a7553f15,4add4c98,2513b4fe,4,0,4,0,
Saudi Arabia,30,56,0,a7553f15,4add4c98,2513b4fe,0,1,1,0,
Saudi Arabia,31,57,0,a7553f15,4add4c98,2513b4fe,1,0,1,0,
Saudi Arabia,32,57,0,2513b4fe,4add4c98,a7553f15,0,0,0,0,
Saudi Arabia,33,58,0,2513b4fe,4add4c98,a7553f15,1,0,1,0,
Saudi Arabia,34,58,0,a7553f15,4add4c98,2513b4fe,0,0,0,0,
Saudi Arabia,35,59,0,2513b4fe,c8e5012c,a7553f15,1,0,1,0,
Saudi Arabia,36,61,0,a7553f15,c8e5012c,2513b4fe,2,0,2,0,
Saudi Arabia,37,62,0,a7553f15,c8e5012c,2513b4fe,1,0,1,0,
Saudi Arabia,38,66,0,2513b4fe,c8e5012c,a7553f15,4,0,4,0,
Saudi Arabia,39,67,1,2513b4fe,c8e5012c,a7553f15,1,0,1,1,run out
Saudi Arabia,40,71,1,2513b4fe,c8e5012c,314f0889,4,0,4,0,
Saudi Arabia,41,71,1,314f0889,7267e3cd,2513b4fe,0,0,0,0,
Saudi Arabia,42,72,1,314f0889,7267e3cd,2513b4fe,1,0,1,0,
Saudi Arabia,43,73,1,2513b4fe,7267e3cd,314f0889,1,0,1,0,
Saudi Arabia,44,74,1,314f0889,7267e3cd,2513b4fe,1,0,1,0,
Saudi Arabia,45,74,1,2513b4fe,7267e3cd,314f0889,0,0,0,0,
Saudi Arabia,46,74,1,2513b4fe,7267e3cd,314f0889,0,0,0,0,
Saudi Arabia,47,75,1,314f0889,c8e5012c,2513b4fe,1,0,1,0,
Saudi Arabia,48,77,1,2513b4fe,c8e5012c,314f0889,2,0,2,0,
Saudi Arabia,49,78,1,2513b4fe,c8e5012c,314f0889,1,0,1,0,
Saudi Arabia,50,78,1,314f0889,c8e5012c,2513b4fe,0,0,0,0,
Saudi Arabia,51,79,1,314f0889,c8e5012c,2513b4fe,1,0,1,0,
Saudi Arabia,52,83,1,2513b4fe,c8e5012c,314f0889,4,0,4,0,
Saudi Arabia,53,83,1,314f0889,7267e3cd,2513b4fe,0,0,0,0,
Saudi Arabia,54,87,1,314f0889,7267e3cd,2513b4fe,4,0,4,0,
Saudi Arabia,55,88,1,314f0889,7267e3cd,2513b4fe,1,0,1,0,
Saudi Arabia,56,89,1,2513b4fe,7267e3cd,314f0889,1,0,1,0,
Saudi Arabia,57,90,1,314f0889,7267e3cd,2513b4fe,1,0,1,0,
Saudi Arabia,58,91,1,2513b4fe,7267e3cd,314f0889,0,1,1,0,
Saudi Arabia,59,91,1,2513b4fe,8c7b9bfc,314f0889,0,0,0,0,
Saudi Arabia,60,92,1,2513b4fe,8c7b9bfc,314f0889,0,1,1,0,
Saudi Arabia,61,92,2,314f0889,8c7b9bfc,2513b4fe,0,0,0,1,caught and bowled
Saudi Arabia,62,92,2,6892f9c3,8c7b9bfc,2513b4fe,0,0,0,0,
Saudi Arabia,63,93,2,6892f9c3,8c7b9bfc,2513b4fe,1,0,1,0,
Saudi Arabia,64,94,2,2513b4fe,8c7b9bfc,6892f9c3,1,0,1,0,
Saudi Arabia,65,94,2,2513b4fe,7267e3cd,6892f9c3,0,0,0,0,
Saudi Arabia,66,96,2,2513b4fe,7267e3cd,6892f9c3,0,2,2,0,
Saudi Arabia,67,97,2,2513b4fe,7267e3cd,6892f9c3,1,0,1,0,
Saudi Arabia,68,98,2,6892f9c3,7267e3cd,2513b4fe,1,0,1,0,
Saudi Arabia,69,99,2,2513b4fe,7267e3cd,6892f9c3,1,0,1,0,
Saudi Arabia,70,99,2,6892f9c3,7267e3cd,2513b4fe,0,0,0,0,
Saudi Arabia,71,103,2,2513b4fe,8c7b9bfc,6892f9c3,4,0,4,0,
Saudi Arabia,72,103,2,2513b4fe,8c7b9bfc,6892f9c3,0,0,0,0,
Saudi Arabia,73,105,2,2513b4fe,8c7b9bfc,6892f9c3,2,0,2,0,
Saudi Arabia,74,109,2,2513b4fe,8c7b9bfc,6892f9c3,4,0,4,0,
Saudi Arabia,75,110,2,2513b4fe,8c7b9bfc,6892f9c3,1,0,1,0,
Saudi Arabia,76,110,2,6892f9c3,8c7b9bfc,2513b4fe,0,0,0,0,
Saudi Arabia,77,110,3,2513b4fe,7267e3cd,6892f9c3,0,0,0,1,caught
Saudi Arabia,78,110,3,b704da31,7267e3cd,6892f9c3,0,0,0,0,
Saudi Arabia,79,112,3,b704da31,7267e3cd,6892f9c3,2,0,2,0,
Saudi Arabia,80,113,3,b704da31,7267e3cd,6892f9c3,1,0,1,0,
Saudi Arabia,81,117,3,6892f9c3,7267e3cd,b704da31,4,0,4,0,
Saudi Arabia,82,118,3,6892f9c3,7267e3cd,b704da31,1,0,1,0,
Saudi Arabia,83,119,3,6892f9c3,5d77a96a,b704da31,1,0,1,0,
Saudi Arabia,84,119,3,b704da31,5d77a96a,6892f9c3,0,0,0,0,
Saudi Arabia,85,119,3,b704da31,5d77a96a,6892f9c3,0,0,0,0,
Saudi Arabia,86,119,4,b704da31,5d77a96a,6892f9c3,0,0,0,1,bowled
Saudi Arabia,87,119,4,d0b643e1,5d77a96a,6892f9c3,0,0,0,0,
Saudi Arabia,88,120,4,d0b643e1,5d77a96a,6892f9c3,1,0,1,0,
Saudi Arabia,89,122,4,d0b643e1,c8e5012c,6892f9c3,0,2,2,0,
Saudi Arabia,90,123,4,6892f9c3,c8e5012c,d0b643e1,1,0,1,0,
Saudi Arabia,91,124,4,d0b643e1,c8e5012c,6892f9c3,1,0,1,0,
Saudi Arabia,92,124,5,6892f9c3,c8e5012c,d0b643e1,0,0,0,1,run out
Saudi Arabia,93,125,5,c4441675,c8e5012c,d0b643e1,1,0,1,0,
Saudi Arabia,94,125,5,d0b643e1,c8e5012c,c4441675,0,0,0,0,
Saudi Arabia,95,125,5,d0b643e1,c8e5012c,c4441675,0,0,0,0,
Saudi Arabia,96,126,5,c4441675,8c7b9bfc,d0b643e1,1,0,1,0,
Saudi Arabia,97,126,5,d0b643e1,8c7b9bfc,c4441675,0,0,0,0,
Saudi Arabia,98,126,5,d0b643e1,8c7b9bfc,c4441675,0,0,0,0,
Saudi Arabia,99,127,5,d0b643e1,8c7b9bfc,c4441675,1,0,1,0,
Saudi Arabia,100,131,5,c4441675,8c7b9bfc,d0b643e1,4,0,4,0,
Saudi Arabia,101,133,5,c4441675,8c7b9bfc,d0b643e1,0,2,2,0,
Saudi Arabia,102,135,5,d0b643e1,8c7b9bfc,c4441675,2,0,2,0,
Saudi Arabia,103,136,5,c4441675,4add4c98,d0b643e1,1,0,1,0,
Saudi Arabia,104,143,5,d0b643e1,4add4c98,c4441675,6,1,7,0,
Saudi Arabia,105,147,5,d0b643e1,4add4c98,c4441675,4,0,4,0,
Saudi Arabia,106,148,5,d0b643e1,4add4c98,c4441675,1,0,1,0,
Saudi Arabia,107,149,5,c4441675,4add4c98,d0b643e1,1,0,1,0,
Saudi Arabia,108,150,5,d0b643e1,4add4c98,c4441675,1,0,1,0,
Saudi Arabia,109,151,5,c4441675,4add4c98,d0b643e1,1,0,1,0,
Saudi Arabia,110,151,6,c4441675,5d77a96a,d0b643e1,0,0,0,1,caught
Saudi Arabia,111,152,6,b93b87ae,5d77a96a,d0b643e1,1,0,1,0,
Saudi Arabia,112,153,6,d0b643e1,5d77a96a,b93b87ae,1,0,1,0,
Saudi Arabia,113,153,6,b93b87ae,5d77a96a,d0b643e1,0,0,0,0,
Saudi Arabia,114,153,6,b93b87ae,5d77a96a,d0b643e1,0,0,0,0,
Saudi Arabia,115,154,6,b93b87ae,5d77a96a,d0b643e1,1,0,1,0,
Saudi Arabia,116,155,6,b93b87ae,4add4c98,d0b643e1,1,0,1,0,
Saudi Arabia,117,159,6,d0b643e1,4add4c98,b93b87ae,4,0,4,0,
Saudi Arabia,118,159,6,d0b643e1,4add4c98,b93b87ae,0,0,0,0,
Saudi Arabia,119,163,6,d0b643e1,4add4c98,b93b87ae,4,0,4,0,
Saudi Arabia,120,164,6,d0b643e1,4add4c98,b93b87ae,1,0,1,0,
Saudi Arabia,121,164,6,b93b87ae,4add4c98,d0b643e1,0,0,0,0,
Saudi Arabia,122,170,6,d0b643e1,c8e5012c,b93b87ae,6,0,6,0,
Saudi Arabia,123,176,6,d0b643e1,c8e5012c,b93b87ae,6,0,6,0,
Saudi Arabia,124,178,6,d0b643e1,c8e5012c,b93b87ae,2,0,2,0,
Saudi Arabia,125,179,6,d0b643e1,c8e5012c,b93b87ae,0,1,1,0,
Saudi Arabia,126,183,6,d0b643e1,c8e5012c,b93b87ae,4,0,4,0,
Saudi Arabia,127,184,6,d0b643e1,c8e5012c,b93b87ae,0,1,1,0,
Saudi Arabia,128,185,6,d0b643e1,c8e5012c,b93b87ae,1,0,1,0,
Saudi Arabia,129,186,6,d0b643e1,c8e5012c,b93b87ae,1,0,1,0,
Maldives,1,0,0,3e06e7ac,befef38f,5d77a96a,0,0,0,0,
Maldives,2,0,0,3e06e7ac,befef38f,5d77a96a,0,0,0,0,
Maldives,3,0,0,3e06e7ac,befef38f,5d77a96a,0,0,0,0,
Maldives,4,0,0,3e06e7ac,befef38f,5d77a96a,0,0,0,0,
Maldives,5,1,0,3e06e7ac,befef38f,5d77a96a,1,0,1,0,
Maldives,6,1,0,5d77a96a,befef38f,3e06e7ac,0,0,0,0,
Maldives,7,2,0,3e06e7ac,615688b6,5d77a96a,0,1,1,0,
Maldives,8,2,1,5d77a96a,615688b6,3e06e7ac,0,0,0,1,caught
Maldives,9,2,1,5117fa55,615688b6,3e06e7ac,0,0,0,0,
Maldives,10,2,2,5117fa55,615688b6,3e06e7ac,0,0,0,1,caught
Maldives,11,2,2,a482add2,615688b6,3e06e7ac,0,0,0,0,
Maldives,12,3,2,a482add2,615688b6,3e06e7ac,0,1,1,0,
Maldives,13,4,2,a482add2,615688b6,3e06e7ac,0,1,1,0,
Maldives,14,5,2,a482add2,615688b6,3e06e7ac,1,0,1,0,
Maldives,15,6,2,a482add2,befef38f,3e06e7ac,0,1,1,0,
Maldives,16,6,2,3e06e7ac,befef38f,a482add2,0,0,0,0,
Maldives,17,7,2,3e06e7ac,befef38f,a482add2,1,0,1,0,
Maldives,18,7,3,a482add2,befef38f,3e06e7ac,0,0,0,1,run out
Maldives,19,7,3,1ca51098,befef38f,3e06e7ac,0,0,0,0,
Maldives,20,7,3,1ca51098,befef38f,3e06e7ac,0,0,0,0,
Maldives,21,7,3,3e06e7ac,615688b6,1ca51098,0,0,0,0,
Maldives,22,8,3,3e06e7ac,615688b6,1ca51098,0,1,1,0,
Maldives,23,12,3,3e06e7ac,615688b6,1ca51098,4,0,4,0,
Maldives,24,13,3,3e06e7ac,615688b6,1ca51098,1,0,1,0,
Maldives,25,14,3,1ca51098,615688b6,3e06e7ac,0,1,1,0,
Maldives,26,14,3,1ca51098,615688b6,3e06e7ac,0,0,0,0,
Maldives,27,15,3,1ca51098,615688b6,3e06e7ac,1,0,1,0,
Maldives,28,19,3,3e06e7ac,615688b6,1ca51098,4,0,4,0,
Maldives,29,19,3,1ca51098,befef38f,3e06e7ac,0,0,0,0,
Maldives,30,20,3,1ca51098,befef38f,3e06e7ac,1,0,1,0,
Maldives,31,20,3,3e06e7ac,befef38f,1ca51098,0,0,0,0,
Maldives,32,21,3,3e06e7ac,befef38f,1ca51098,0,1,1,0,
Maldives,33,25,3,3e06e7ac,befef38f,1ca51098,4,0,4,0,
Maldives,34,26,3,3e06e7ac,befef38f,1ca51098,1,0,1,0,
Maldives,35,26,3,1ca51098,befef38f,3e06e7ac,0,0,0,0,
Maldives,36,26,3,3e06e7ac,b93b87ae,1ca51098,0,0,0,0,
Maldives,37,27,3,3e06e7ac,b93b87ae,1ca51098,1,0,1,0,
Maldives,38,31,3,1ca51098,b93b87ae,3e06e7ac,4,0,4,0,
Maldives,39,32,3,1ca51098,b93b87ae,3e06e7ac,1,0,1,0,
Maldives,40,32,3,3e06e7ac,b93b87ae,1ca51098,0,0,0,0,
Maldives,41,32,3,3e06e7ac,b93b87ae,1ca51098,0,0,0,0,
Maldives,42,32,4,1ca51098,5e67d4e0,3e06e7ac,0,0,0,1,caught
Maldives,43,32,4,e43c9818,5e67d4e0,3e06e7ac,0,0,0,0,
Maldives,44,32,4,e43c9818,5e67d4e0,3e06e7ac,0,0,0,0,
Maldives,45,32,5,e43c9818,5e67d4e0,3e06e7ac,0,0,0,1,lbw
Maldives,46,32,5,4add4c98,5e67d4e0,3e06e7ac,0,0,0,0,
Maldives,47,32,5,4add4c98,5e67d4e0,3e06e7ac,0,0,0,0,
Maldives,48,33,5,3e06e7ac,b93b87ae,4add4c98,1,0,1,0,
Maldives,49,34,5,4add4c98,b93b87ae,3e06e7ac,1,0,1,0,
Maldives,50,34,5,3e06e7ac,b93b87ae,4add4c98,0,0,0,0,
Maldives,51,35,5,3e06e7ac,b93b87ae,4add4c98,1,0,1,0,
Maldives,52,35,5,4add4c98,b93b87ae,3e06e7ac,0,0,0,0,
Maldives,53,35,5,4add4c98,b93b87ae,3e06e7ac,0,0,0,0,
Maldives,54,36,5,3e06e7ac,5e67d4e0,4add4c98,1,0,1,0,
Maldives,55,36,5,4add4c98,5e67d4e0,3e06e7ac,0,0,0,0,
Maldives,56,36,5,4add4c98,5e67d4e0,3e06e7ac,0,0,0,0,
Maldives,57,36,5,4add4c98,5e67d4e0,3e06e7ac,0,0,0,0,
Maldives,58,36,5,4add4c98,5e67d4e0,3e06e7ac,0,0,0,0,
Maldives,59,40,5,4add4c98,5e67d4e0,3e06e7ac,4,0,4,0,
Maldives,60,41,5,3e06e7ac,314f0889,4add4c98,1,0,1,0,
Maldives,61,41,5,4add4c98,314f0889,3e06e7ac,0,0,0,0,
Maldives,62,42,5,4add4c98,314f0889,3e06e7ac,1,0,1,0,
Maldives,63,42,5,3e06e7ac,314f0889,4add4c98,0,0,0,0,
Maldives,64,43,5,3e06e7ac,314f0889,4add4c98,1,0,1,0,
Maldives,65,44,5,4add4c98,314f0889,3e06e7ac,1,0,1,0,
Maldives,66,45,5,4add4c98,5e67d4e0,3e06e7ac,1,0,1,0,
Maldives,67,45,5,3e06e7ac,5e67d4e0,4add4c98,0,0,0,0,
Maldives,68,46,5,3e06e7ac,5e67d4e0,4add4c98,1,0,1,0,
Maldives,69,47,5,4add4c98,5e67d4e0,3e06e7ac,1,0,1,0,
Maldives,70,47,5,3e06e7ac,5e67d4e0,4add4c98,0,0,0,0,
Maldives,71,48,5,3e06e7ac,5e67d4e0,4add4c98,1,0,1,0,
Maldives,72,52,5,3e06e7ac,b704da31,4add4c98,4,0,4,0,
Maldives,73,52,5,3e06e7ac,b704da31,4add4c98,0,0,0,0,
Maldives,74,53,5,3e06e7ac,b704da31,4add4c98,1,0,1,0,
Maldives,75,54,5,4add4c98,b704da31,3e06e7ac,1,0,1,0,
Maldives,76,56,5,3e06e7ac,b704da31,4add4c98,2,0,2,0,
Maldives,77,58,5,3e06e7ac,b704da31,4add4c98,2,0,2,0,
Maldives,78,58,5,4add4c98,5e67d4e0,3e06e7ac,0,0,0,0,
Maldives,79,58,5,4add4c98,5e67d4e0,3e06e7ac,0,0,0,0,
Maldives,80,59,5,4add4c98,5e67d4e0,3e06e7ac,1,0,1,0,
Maldives,81,60,5,3e06e7ac,5e67d4e0,4add4c98,1,0,1,0,
Maldives,82,60,5,4add4c98,5e67d4e0,3e06e7ac,0,0,0,0,
Maldives,83,60,5,4add4c98,5e67d4e0,3e06e7ac,0,0,0,0,
Maldives,84,60,5,3e06e7ac,6892f9c3,4add4c98,0,0,0,0,
Maldives,85,60,5,3e06e7ac,6892f9c3,4add4c98,0,0,0,0,
Maldives,86,61,5,3e06e7ac,6892f9c3,4add4c98,1,0,1,0,
Maldives,87,61,5,4add4c98,6892f9c3,3e06e7ac,0,0,0,0,
Maldives,88,63,5,4add4c98,6892f9c3,3e06e7ac,2,0,2,0,
Maldives,89,63,5,4add4c98,6892f9c3,3e06e7ac,0,0,0,0,
Maldives,90,67,5,3e06e7ac,c4441675,4add4c98,4,0,4,0,
Maldives,91,68,5,3e06e7ac,c4441675,4add4c98,1,0,1,0,
Maldives,92,72,5,4add4c98,c4441675,3e06e7ac,4,0,4,0,
Maldives,93,72,5,4add4c98,c4441675,3e06e7ac,0,0,0,0,
Maldives,94,72,5,4add4c98,c4441675,3e06e7ac,0,0,0,0,
Maldives,95,72,5,4add4c98,c4441675,3e06e7ac,0,0,0,0,
Maldives,96,72,5,3e06e7ac,6892f9c3,4add4c98,0,0,0,0,
Maldives,97,73,5,3e06e7ac,6892f9c3,4add4c98,1,0,1,0,
Maldives,98,73,5,4add4c98,6892f9c3,3e06e7ac,0,0,0,0,
Maldives,99,74,5,4add4c98,6892f9c3,3e06e7ac,0,1,1,0,
Maldives,100,75,5,3e06e7ac,6892f9c3,4add4c98,1,0,1,0,
Maldives,101,75,5,4add4c98,6892f9c3,3e06e7ac,0,0,0,0,
Maldives,102,76,5,3e06e7ac,c4441675,4add4c98,1,0,1,0,
Maldives,103,76,5,4add4c98,c4441675,3e06e7ac,0,0,0,0,
Maldives,104,76,5,4add4c98,c4441675,3e06e7ac,0,0,0,0,
Maldives,105,76,5,4add4c98,c4441675,3e06e7ac,0,0,0,0,
Maldives,106,76,5,4add4c98,c4441675,3e06e7ac,0,0,0,0,
Maldives,107,76,6,4add4c98,c4441675,3e06e7ac,0,0,0,1,caught
Maldives,108,76,6,3e06e7ac,b93b87ae,7267e3cd,0,0,0,0,
Maldives,109,77,6,3e06e7ac,b93b87ae,7267e3cd,1,0,1,0,
Maldives,110,77,6,7267e3cd,b93b87ae,3e06e7ac,0,0,0,0,
Maldives,111,77,6,7267e3cd,b93b87ae,3e06e7ac,0,0,0,0,
Maldives,112,77,6,7267e3cd,b93b87ae,3e06e7ac,0,0,0,0,
Maldives,113,78,6,7267e3cd,b93b87ae,3e06e7ac,0,1,1,0,
Maldives,114,79,6,7267e3cd,c4441675,3e06e7ac,1,0,1,0,
Maldives,115,79,6,3e06e7ac,c4441675,7267e3cd,0,0,0,0,
Maldives,116,79,7,3e06e7ac,c4441675,7267e3cd,0,0,0,1,caught and bowled
Maldives,117,79,7,c8e5012c,c4441675,7267e3cd,0,0,0,0,
Maldives,118,79,7,c8e5012c,c4441675,7267e3cd,0,0,0,0,
Maldives,119,79,7,c8e5012c,c4441675,7267e3cd,0,0,0,0,
Maldives,120,80,7,7267e3cd,a7553f15,c8e5012c,1,0,1,0,
Maldives,121,81,7,c8e5012c,a7553f15,7267e3cd,1,0,1,0,
Maldives,122,87,7,7267e3cd,a7553f15,c8e5012c,6,0,6,0,
Maldives,123,87,7,7267e3cd,a7553f15,c8e5012c,0,0,0,0,
Maldives,124,87,7,7267e3cd,a7553f15,c8e5012c,0,0,0,0,
Maldives,125,88,8,7267e3cd,a7553f15,c8e5012c,1,0,1,1,run out
