batting_team,ball_number,total_team_runs,total_team_wickets,striker_ID,bowler_ID,nonstriker_ID,batter_runs,extras_runs,total_delivery_runs,wicket,wicket_type
New Zealand,1,0,0,5d664346,ee1b6c27,ba5e1069,0,0,0,0,
New Zealand,2,0,0,5d664346,ee1b6c27,ba5e1069,0,0,0,0,
New Zealand,3,0,0,5d664346,ee1b6c27,ba5e1069,0,0,0,0,
New Zealand,4,0,0,5d664346,ee1b6c27,ba5e1069,0,0,0,0,
New Zealand,5,6,0,5d664346,ee1b6c27,ba5e1069,6,0,6,0,
New Zealand,6,7,0,5d664346,ee1b6c27,ba5e1069,1,0,1,0,
New Zealand,7,7,0,5d664346,dabbd0ae,ba5e1069,0,0,0,0,
New Zealand,8,8,0,5d664346,dabbd0ae,ba5e1069,0,1,1,0,
New Zealand,9,8,0,ba5e1069,dabbd0ae,5d664346,0,0,0,0,
New Zealand,10,9,0,ba5e1069,dabbd0ae,5d664346,1,0,1,0,
New Zealand,11,9,0,5d664346,dabbd0ae,ba5e1069,0,0,0,0,
New Zealand,12,11,0,5d664346,dabbd0ae,ba5e1069,2,0,2,0,
New Zealand,13,12,0,ba5e1069,ee1b6c27,5d664346,0,1,1,0,
New Zealand,14,13,0,5d664346,ee1b6c27,ba5e1069,1,0,1,0,
New Zealand,15,13,1,ba5e1069,ee1b6c27,5d664346,0,0,0,1,caught
New Zealand,16,14,1,7fa12533,ee1b6c27,5d664346,1,0,1,0,
New Zealand,17,14,1,5d664346,ee1b6c27,7fa12533,0,0,0,0,
New Zealand,18,15,1,5d664346,ee1b6c27,7fa12533,1,0,1,0,
New Zealand,19,16,1,5d664346,dabbd0ae,7fa12533,0,1,1,0,
New Zealand,20,17,1,7fa12533,dabbd0ae,5d664346,1,0,1,0,
New Zealand,21,18,1,5d664346,dabbd0ae,7fa12533,1,0,1,0,
New Zealand,22,19,1,7fa12533,dabbd0ae,5d664346,1,0,1,0,
New Zealand,23,23,1,5d664346,dabbd0ae,7fa12533,4,0,4,0,
New Zealand,24,25,1,5d664346,dabbd0ae,7fa12533,2,0,2,0,
New Zealand,25,29,1,7fa12533,f24c6701,5d664346,4,0,4,0,
New Zealand,26,30,1,7fa12533,f24c6701,5d664346,1,0,1,0,
New Zealand,27,30,1,5d664346,f24c6701,7fa12533,0,0,0,0,
New Zealand,28,34,1,5d664346,f24c6701,7fa12533,4,0,4,0,
New Zealand,29,35,1,5d664346,f24c6701,7fa12533,1,0,1,0,
New Zealand,30,36,1,7fa12533,f24c6701,5d664346,1,0,1,0,
New Zealand,31,37,1,7fa12533,64839cb3,5d664346,0,1,1,0,
New Zealand,32,38,1,7fa12533,64839cb3,5d664346,1,0,1,0,
New Zealand,33,39,1,5d664346,64839cb3,7fa12533,1,0,1,0,
New Zealand,34,41,1,7fa12533,64839cb3,5d664346,2,0,2,0,
New Zealand,35,42,1,7fa12533,64839cb3,5d664346,0,1,1,0,
New Zealand,36,46,1,7fa12533,64839cb3,5d664346,4,0,4,0,
New Zealand,37,47,1,7fa12533,64839cb3,5d664346,0,1,1,0,
New Zealand,38,48,1,5d664346,64839cb3,7fa12533,1,0,1,0,
New Zealand,39,50,1,5d664346,f24c6701,7fa12533,2,0,2,0,
New Zealand,40,51,1,5d664346,f24c6701,7fa12533,1,0,1,0,
New Zealand,41,52,1,7fa12533,f24c6701,5d664346,1,0,1,0,
New Zealand,42,53,1,5d664346,f24c6701,7fa12533,1,0,1,0,
New Zealand,43,54,1,7fa12533,f24c6701,5d664346,0,1,1,0,
New Zealand,44,55,1,7fa12533,f24c6701,5d664346,0,1,1,0,
New Zealand,45,56,1,7fa12533,f24c6701,5d664346,1,0,1,0,
New Zealand,46,57,1,5d664346,f24c6701,7fa12533,1,0,1,0,
New Zealand,47,57,1,5d664346,a97c8ec2,7fa12533,0,0,0,0,
New Zealand,48,58,1,5d664346,a97c8ec2,7fa12533,0,1,1,0,
New Zealand,49,59,1,7fa12533,a97c8ec2,5d664346,1,0,1,0,
New Zealand,50,59,1,5d664346,a97c8ec2,7fa12533,0,0,0,0,
New Zealand,51,63,1,5d664346,a97c8ec2,7fa12533,4,0,4,0,
New Zealand,52,63,1,5d664346,a97c8ec2,7fa12533,0,0,0,0,
New Zealand,53,64,1,7fa12533,64839cb3,5d664346,1,0,1,0,
New Zealand,54,65,1,5d664346,64839cb3,7fa12533,1,0,1,0,
New Zealand,55,67,1,7fa12533,64839cb3,5d664346,2,0,2,0,
New Zealand,56,68,1,7fa12533,64839cb3,5d664346,0,1,1,0,
New Zealand,57,68,1,7fa12533,64839cb3,5d664346,0,0,0,0,
New Zealand,58,70,1,7fa12533,64839cb3,5d664346,2,0,2,0,
New Zealand,59,76,1,7fa12533,64839cb3,5d664346,6,0,6,0,
New Zealand,60,82,1,5d664346,a97c8ec2,7fa12533,6,0,6,0,
New Zealand,61,82,2,5d664346,a97c8ec2,7fa12533,0,0,0,1,bowled
New Zealand,62,83,2,9a46c4e5,a97c8ec2,7fa12533,1,0,1,0,
New Zealand,63,83,2,7fa12533,a97c8ec2,9a46c4e5,0,0,0,0,
New Zealand,64,85,2,7fa12533,a97c8ec2,9a46c4e5,2,0,2,0,
New Zealand,65,86,2,7fa12533,a97c8ec2,9a46c4e5,1,0,1,0,
New Zealand,66,86,2,7fa12533,ee1b6c27,9a46c4e5,0,0,0,0,
New Zealand,67,87,2,7fa12533,ee1b6c27,9a46c4e5,0,1,1,0,
New Zealand,68,88,2,7fa12533,ee1b6c27,9a46c4e5,1,0,1,0,
New Zealand,69,89,2,9a46c4e5,ee1b6c27,7fa12533,1,0,1,0,
New Zealand,70,89,2,7fa12533,ee1b6c27,9a46c4e5,0,0,0,0,
New Zealand,71,90,2,7fa12533,ee1b6c27,9a46c4e5,1,0,1,0,
New Zealand,72,91,2,9a46c4e5,ee1b6c27,7fa12533,1,0,1,0,
New Zealand,73,91,2,9a46c4e5,64839cb3,7fa12533,0,0,0,0,
New Zealand,74,91,2,9a46c4e5,64839cb3,7fa12533,0,0,0,0,
New Zealand,75,95,2,9a46c4e5,64839cb3,7fa12533,4,0,4,0,
New Zealand,76,99,2,9a46c4e5,64839cb3,7fa12533,4,0,4,0,
New Zealand,77,99,2,9a46c4e5,64839cb3,7fa12533,0,0,0,0,
New Zealand,78,100,2,9a46c4e5,64839cb3,7fa12533,1,0,1,0,
New Zealand,79,101,2,9a46c4e5,f24c6701,7fa12533,1,0,1,0,
New Zealand,80,102,2,7fa12533,f24c6701,9a46c4e5,1,0,1,0,
New Zealand,81,108,2,9a46c4e5,f24c6701,7fa12533,6,0,6,0,
New Zealand,82,109,2,9a46c4e5,f24c6701,7fa12533,1,0,1,0,
New Zealand,83,115,2,7fa12533,f24c6701,9a46c4e5,6,0,6,0,
New Zealand,84,115,2,7fa12533,f24c6701,9a46c4e5,0,0,0,0,
New Zealand,85,116,2,9a46c4e5,a97c8ec2,7fa12533,1,0,1,0,
New Zealand,86,116,3,7fa12533,a97c8ec2,9a46c4e5,0,0,0,1,stumped
New Zealand,87,117,3,eade4650,a97c8ec2,9a46c4e5,0,1,1,0,
New Zealand,88,118,3,9a46c4e5,a97c8ec2,eade4650,1,0,1,0,
New Zealand,89,118,3,eade4650,a97c8ec2,9a46c4e5,0,0,0,0,
New Zealand,90,120,3,eade4650,a97c8ec2,9a46c4e5,2,0,2,0,
New Zealand,91,121,3,9a46c4e5,64839cb3,eade4650,1,0,1,0,
New Zealand,92,122,3,eade4650,64839cb3,9a46c4e5,1,0,1,0,
New Zealand,93,122,4,9a46c4e5,64839cb3,eade4650,0,0,0,1,caught
New Zealand,94,123,4,732f711b,64839cb3,eade4650,1,0,1,0,
New Zealand,95,124,4,eade4650,64839cb3,732f711b,1,0,1,0,
New Zealand,96,124,4,732f711b,64839cb3,eade4650,0,0,0,0,
New Zealand,97,128,4,eade4650,a97c8ec2,732f711b,4,0,4,0,
New Zealand,98,130,4,eade4650,a97c8ec2,732f711b,2,0,2,0,
New Zealand,99,130,4,eade4650,a97c8ec2,732f711b,0,0,0,0,
New Zealand,100,131,4,eade4650,a97c8ec2,732f711b,1,0,1,0,
New Zealand,101,131,4,732f711b,a97c8ec2,eade4650,0,0,0,0,
New Zealand,102,133,4,732f711b,a97c8ec2,eade4650,2,0,2,0,
New Zealand,103,134,4,eade4650,ee1b6c27,732f711b,1,0,1,0,
New Zealand,104,136,4,732f711b,ee1b6c27,eade4650,2,0,2,0,
New Zealand,105,137,4,732f711b,ee1b6c27,eade4650,1,0,1,0,
New Zealand,106,141,4,eade4650,ee1b6c27,732f711b,4,0,4,0,
New Zealand,107,142,4,eade4650,ee1b6c27,732f711b,0,1,1,0,
New Zealand,108,142,4,eade4650,ee1b6c27,732f711b,0,0,0,0,
New Zealand,109,143,4,eade4650,ee1b6c27,732f711b,1,0,1,0,
New Zealand,110,144,4,eade4650,dabbd0ae,732f711b,1,0,1,0,
New Zealand,111,145,4,732f711b,dabbd0ae,eade4650,1,0,1,0,
New Zealand,112,145,5,eade4650,dabbd0ae,732f711b,0,0,0,1,run out
New Zealand,113,149,5,732f711b,dabbd0ae,e38bce7a,4,0,4,0,
New Zealand,114,150,5,732f711b,dabbd0ae,e38bce7a,1,0,1,0,
New Zealand,115,152,5,e38bce7a,dabbd0ae,732f711b,2,0,2,0,
New Zealand,116,156,5,732f711b,f24c6701,e38bce7a,4,0,4,0,
New Zealand,117,157,5,732f711b,f24c6701,e38bce7a,1,0,1,0,
New Zealand,118,158,5,e38bce7a,f24c6701,732f711b,0,1,1,0,
New Zealand,119,164,5,732f711b,f24c6701,e38bce7a,6,0,6,0,
New Zealand,120,164,5,732f711b,f24c6701,e38bce7a,0,0,0,0,
New Zealand,121,170,5,732f711b,f24c6701,e38bce7a,6,0,6,0,
New Zealand,122,173,5,e38bce7a,dabbd0ae,732f711b,3,0,3,0,
New Zealand,123,177,5,732f711b,dabbd0ae,e38bce7a,4,0,4,0,
New Zealand,124,177,5,732f711b,dabbd0ae,e38bce7a,0,0,0,0,
New Zealand,125,178,5,732f711b,dabbd0ae,e38bce7a,0,1,1,0,
New Zealand,126,180,5,732f711b,dabbd0ae,e38bce7a,2,0,2,0,
New Zealand,127,184,5,732f711b,dabbd0ae,e38bce7a,4,0,4,0,
New Zealand,128,186,5,732f711b,dabbd0ae,e38bce7a,2,0,2,0,
Sri Lanka,1,1,0,8ee36b18,e84ac20c,5d1e7582,1,0,1,0,
Sri Lanka,2,2,0,5d1e7582,e84ac20c,8ee36b18,1,0,1,0,
Sri Lanka,3,2,0,8ee36b18,e84ac20c,5d1e7582,0,0,0,0,
Sri Lanka,4,2,0,8ee36b18,e84ac20c,5d1e7582,0,0,0,0,
Sri Lanka,5,2,0,8ee36b18,e84ac20c,5d1e7582,0,0,0,0,
Sri Lanka,6,2,0,8ee36b18,e84ac20c,5d1e7582,0,0,0,0,
Sri Lanka,7,4,0,5d1e7582,dadbdb68,8ee36b18,2,0,2,0,
Sri Lanka,8,4,0,5d1e7582,dadbdb68,8ee36b18,0,0,0,0,
Sri Lanka,9,4,0,5d1e7582,dadbdb68,8ee36b18,0,0,0,0,
Sri Lanka,10,5,0,5d1e7582,dadbdb68,8ee36b18,0,1,1,0,
Sri Lanka,11,6,0,5d1e7582,dadbdb68,8ee36b18,0,1,1,0,
Sri Lanka,12,7,0,5d1e7582,dadbdb68,8ee36b18,1,0,1,0,
Sri Lanka,13,8,0,8ee36b18,dadbdb68,5d1e7582,1,0,1,0,
Sri Lanka,14,8,0,5d1e7582,dadbdb68,8ee36b18,0,0,0,0,
Sri Lanka,15,14,0,8ee36b18,e84ac20c,5d1e7582,6,0,6,0,
Sri Lanka,16,18,0,8ee36b18,e84ac20c,5d1e7582,4,0,4,0,
Sri Lanka,17,18,0,8ee36b18,e84ac20c,5d1e7582,0,0,0,0,
Sri Lanka,18,20,0,8ee36b18,e84ac20c,5d1e7582,2,0,2,0,
Sri Lanka,19,20,0,8ee36b18,e84ac20c,5d1e7582,0,0,0,0,
Sri Lanka,20,24,0,8ee36b18,e84ac20c,5d1e7582,4,0,4,0,
Sri Lanka,21,28,0,5d1e7582,30f92334,8ee36b18,4,0,4,0,
Sri Lanka,22,29,0,5d1e7582,30f92334,8ee36b18,1,0,1,0,
Sri Lanka,23,30,0,8ee36b18,30f92334,5d1e7582,1,0,1,0,
Sri Lanka,24,30,0,5d1e7582,30f92334,8ee36b18,0,0,0,0,
Sri Lanka,25,31,0,5d1e7582,30f92334,8ee36b18,0,1,1,0,
Sri Lanka,26,31,0,5d1e7582,30f92334,8ee36b18,0,0,0,0,
Sri Lanka,27,32,0,5d1e7582,30f92334,8ee36b18,1,0,1,0,
Sri Lanka,28,32,1,5d1e7582,e4a0deae,8ee36b18,0,0,0,1,caught
Sri Lanka,29,33,1,f21043a5,e4a0deae,8ee36b18,1,0,1,0,
Sri Lanka,30,34,1,8ee36b18,e4a0deae,f21043a5,1,0,1,0,
Sri Lanka,31,34,1,f21043a5,e4a0deae,8ee36b18,0,0,0,0,
Sri Lanka,32,34,1,f21043a5,e4a0deae,8ee36b18,0,0,0,0,
Sri Lanka,33,34,1,f21043a5,e4a0deae,8ee36b18,0,0,0,0,
Sri Lanka,34,34,1,8ee36b18,30f92334,f21043a5,0,0,0,0,
Sri Lanka,35,35,1,8ee36b18,30f92334,f21043a5,0,1,1,0,
Sri Lanka,36,36,1,8ee36b18,30f92334,f21043a5,1,0,1,0,
Sri Lanka,37,40,1,f21043a5,30f92334,8ee36b18,4,0,4,0,
Sri Lanka,38,40,1,f21043a5,30f92334,8ee36b18,0,0,0,0,
Sri Lanka,39,42,1,f21043a5,30f92334,8ee36b18,1,1,2,0,
Sri Lanka,40,43,1,8ee36b18,30f92334,f21043a5,1,0,1,0,
Sri Lanka,41,44,1,f21043a5,30f92334,8ee36b18,1,0,1,0,
Sri Lanka,42,45,1,f21043a5,e4a0deae,8ee36b18,1,0,1,0,
Sri Lanka,43,46,1,8ee36b18,e4a0deae,f21043a5,1,0,1,0,
Sri Lanka,44,46,1,f21043a5,e4a0deae,8ee36b18,0,0,0,0,
Sri Lanka,45,47,1,f21043a5,e4a0deae,8ee36b18,1,0,1,0,
Sri Lanka,46,47,1,8ee36b18,e4a0deae,f21043a5,0,0,0,0,
Sri Lanka,47,53,1,8ee36b18,e4a0deae,f21043a5,6,0,6,0,
Sri Lanka,48,57,1,f21043a5,e38bce7a,8ee36b18,4,0,4,0,
Sri Lanka,49,58,1,f21043a5,e38bce7a,8ee36b18,1,0,1,0,
Sri Lanka,50,58,1,8ee36b18,e38bce7a,f21043a5,0,0,0,0,
Sri Lanka,51,62,1,8ee36b18,e38bce7a,f21043a5,4,0,4,0,
Sri Lanka,52,63,1,8ee36b18,e38bce7a,f21043a5,1,0,1,0,
Sri Lanka,53,64,1,f21043a5,e38bce7a,8ee36b18,1,0,1,0,
Sri Lanka,54,65,1,f21043a5,e4a0deae,8ee36b18,1,0,1,0,
Sri Lanka,55,66,1,8ee36b18,e4a0deae,f21043a5,0,1,1,0,
Sri Lanka,56,67,1,8ee36b18,e4a0deae,f21043a5,1,0,1,0,
Sri Lanka,57,68,1,f21043a5,e4a0deae,8ee36b18,1,0,1,0,
Sri Lanka,58,69,1,8ee36b18,e4a0deae,f21043a5,1,0,1,0,
Sri Lanka,59,70,1,f21043a5,e4a0deae,8ee36b18,1,0,1,0,
Sri Lanka,60,71,1,8ee36b18,e4a0deae,f21043a5,1,0,1,0,
Sri Lanka,61,71,2,8ee36b18,dadbdb68,f21043a5,0,0,0,1,caught
Sri Lanka,62,71,2,08548b13,dadbdb68,f21043a5,0,0,0,0,
Sri Lanka,63,71,2,08548b13,dadbdb68,f21043a5,0,0,0,0,
Sri Lanka,64,72,2,08548b13,dadbdb68,f21043a5,1,0,1,0,
Sri Lanka,65,72,2,f21043a5,dadbdb68,08548b13,0,0,0,0,
Sri Lanka,66,72,2,f21043a5,dadbdb68,08548b13,0,0,0,0,
Sri Lanka,67,73,2,08548b13,9a46c4e5,f21043a5,1,0,1,0,
Sri Lanka,68,79,2,f21043a5,9a46c4e5,08548b13,6,0,6,0,
Sri Lanka,69,80,2,f21043a5,9a46c4e5,08548b13,1,0,1,0,
Sri Lanka,70,84,2,08548b13,9a46c4e5,f21043a5,4,0,4,0,
Sri Lanka,71,85,2,08548b13,9a46c4e5,f21043a5,1,0,1,0,
Sri Lanka,72,86,2,f21043a5,9a46c4e5,08548b13,1,0,1,0,
Sri Lanka,73,92,2,f21043a5,e38bce7a,08548b13,6,0,6,0,
Sri Lanka,74,96,2,f21043a5,e38bce7a,08548b13,4,0,4,0,
Sri Lanka,75,97,2,f21043a5,e38bce7a,08548b13,1,0,1,0,
Sri Lanka,76,97,3,08548b13,e38bce7a,f21043a5,0,0,0,1,caught
Sri Lanka,77,98,3,732c038e,e38bce7a,f21043a5,1,0,1,0,
Sri Lanka,78,98,3,f21043a5,e38bce7a,732c038e,0,0,0,0,
Sri Lanka,79,99,3,732c038e,e84ac20c,f21043a5,1,0,1,0,
Sri Lanka,80,99,3,f21043a5,e84ac20c,732c038e,0,0,0,0,
Sri Lanka,81,101,3,f21043a5,e84ac20c,732c038e,2,0,2,0,
Sri Lanka,82,102,3,f21043a5,e84ac20c,732c038e,1,0,1,0,
Sri Lanka,83,106,3,732c038e,e84ac20c,f21043a5,4,0,4,0,
Sri Lanka,84,110,3,732c038e,e84ac20c,f21043a5,4,0,4,0,
Sri Lanka,85,112,3,f21043a5,e38bce7a,732c038e,2,0,2,0,
Sri Lanka,86,116,3,f21043a5,e38bce7a,732c038e,4,0,4,0,
Sri Lanka,87,117,3,f21043a5,e38bce7a,732c038e,0,1,1,0,
Sri Lanka,88,117,3,732c038e,e38bce7a,f21043a5,0,0,0,0,
Sri Lanka,89,117,3,732c038e,e38bce7a,f21043a5,0,0,0,0,
Sri Lanka,90,118,3,732c038e,e38bce7a,f21043a5,1,0,1,0,
Sri Lanka,91,118,3,732c038e,30f92334,f21043a5,0,0,0,0,
Sri Lanka,92,122,3,732c038e,30f92334,f21043a5,4,0,4,0,
Sri Lanka,93,123,3,732c038e,30f92334,f21043a5,1,0,1,0,
Sri Lanka,94,124,3,f21043a5,30f92334,732c038e,1,0,1,0,
Sri Lanka,95,125,3,732c038e,30f92334,f21043a5,1,0,1,0,
Sri Lanka,96,126,3,f21043a5,30f92334,732c038e,0,1,1,0,
Sri Lanka,97,127,3,f21043a5,30f92334,732c038e,1,0,1,0,
Sri Lanka,98,127,4,f21043a5,dadbdb68,732c038e,0,0,0,1,bowled
Sri Lanka,99,128,4,9550470d,dadbdb68,732c038e,1,0,1,0,
Sri Lanka,100,130,4,732c038e,dadbdb68,9550470d,2,0,2,0,
Sri Lanka,101,130,4,732c038e,dadbdb68,9550470d,0,0,0,0,
Sri Lanka,102,131,4,732c038e,dadbdb68,9550470d,0,1,1,0,
Sri Lanka,103,132,4,9550470d,dadbdb68,732c038e,1,0,1,0,
Sri Lanka,104,133,4,9550470d,e4a0deae,732c038e,1,0,1,0,
Sri Lanka,105,134,4,732c038e,e4a0deae,9550470d,1,0,1,0,
Sri Lanka,106,135,4,9550470d,e4a0deae,732c038e,1,0,1,0,
Sri Lanka,107,135,5,732c038e,e4a0deae,9550470d,0,0,0,1,caught
Sri Lanka,108,136,5,a97c8ec2,e4a0deae,9550470d,1,0,1,0,
Sri Lanka,109,136,5,9550470d,e4a0deae,a97c8ec2,0,0,0,0,
Sri Lanka,110,136,6,a97c8ec2,dadbdb68,9550470d,0,0,0,1,bowled
Sri Lanka,111,136,6,f24c6701,dadbdb68,9550470d,0,0,0,0,
Sri Lanka,112,136,7,f24c6701,dadbdb68,9550470d,0,0,0,1,caught
Sri Lanka,113,137,7,dabbd0ae,dadbdb68,9550470d,0,1,1,0,
Sri Lanka,114,138,7,dabbd0ae,dadbdb68,9550470d,1,0,1,0,
Sri Lanka,115,139,7,9550470d,dadbdb68,dabbd0ae,1,0,1,0,
Sri Lanka,116,140,7,dabbd0ae,dadbdb68,9550470d,1,0,1,0,
Sri Lanka,117,140,7,dabbd0ae,e84ac20c,9550470d,0,0,0,0,
Sri Lanka,118,141,7,dabbd0ae,e84ac20c,9550470d,1,0,1,0,
Sri Lanka,119,141,8,9550470d,e84ac20c,dabbd0ae,0,0,0,1,caught
Sri Lanka,120,141,9,64839cb3,e84ac20c,dabbd0ae,0,0,0,1,caught
Sri Lanka,121,141,9,ee1b6c27,e84ac20c,dabbd0ae,0,0,0,0,
Sri Lanka,122,141,9,ee1b6c27,e84ac20c,dabbd0ae,0,0,0,0,
Sri Lanka,123,141,10,dabbd0ae,30f92334,ee1b6c27,0,0,0,1,caught
