batting_team,ball_number,total_team_runs,total_team_wickets,striker_ID,bowler_ID,nonstriker_ID,batter_runs,extras_runs,total_delivery_runs,wicket,wicket_type
Panama,1,0,0,da09ca26,ac1ddea1,3317dc7a,0,0,0,0,
Panama,2,2,0,da09ca26,ac1ddea1,3317dc7a,2,0,2,0,
Panama,3,2,0,da09ca26,ac1ddea1,3317dc7a,0,0,0,0,
Panama,4,4,0,da09ca26,ac1ddea1,3317dc7a,0,2,2,0,
Panama,5,4,0,3317dc7a,ac1ddea1,da09ca26,0,0,0,0,
Panama,6,4,0,3317dc7a,ac1ddea1,da09ca26,0,0,0,0,
Panama,7,4,0,3317dc7a,ac1ddea1,da09ca26,0,0,0,0,
Panama,8,4,1,da09ca26,fd94c29f,3317dc7a,0,0,0,1,caught and bowled
Panama,9,4,1,244009ae,fd94c29f,3317dc7a,0,0,0,0,
Panama,10,5,1,244009ae,fd94c29f,3317dc7a,0,1,1,0,
Panama,11,5,2,244009ae,fd94c29f,3317dc7a,0,0,0,1,caught and bowled
Panama,12,5,2,9c91218d,fd94c29f,3317dc7a,0,0,0,0,
Panama,13,5,2,9c91218d,fd94c29f,3317dc7a,0,0,0,0,
Panama,14,5,2,9c91218d,fd94c29f,3317dc7a,0,0,0,0,
Panama,15,7,2,3317dc7a,ac1ddea1,9c91218d,2,0,2,0,
Panama,16,7,2,3317dc7a,ac1ddea1,9c91218d,0,0,0,0,
Panama,17,8,2,3317dc7a,ac1ddea1,9c91218d,1,0,1,0,
Panama,18,9,2,9c91218d,ac1ddea1,3317dc7a,0,1,1,0,
Panama,19,10,2,3317dc7a,ac1ddea1,9c91218d,0,1,1,0,
Panama,20,14,2,9c91218d,ac1ddea1,3317dc7a,4,0,4,0,
Panama,21,14,2,3317dc7a,fd94c29f,9c91218d,0,0,0,0,
Panama,22,16,2,3317dc7a,fd94c29f,9c91218d,2,0,2,0,
Panama,23,16,2,3317dc7a,fd94c29f,9c91218d,0,0,0,0,
Panama,24,16,2,3317dc7a,fd94c29f,9c91218d,0,0,0,0,
Panama,25,20,2,3317dc7a,fd94c29f,9c91218d,4,0,4,0,
Panama,26,20,2,3317dc7a,fd94c29f,9c91218d,0,0,0,0,
Panama,27,20,2,9c91218d,ac1ddea1,3317dc7a,0,0,0,0,
Panama,28,21,2,9c91218d,ac1ddea1,3317dc7a,1,0,1,0,
Panama,29,22,2,3317dc7a,ac1ddea1,9c91218d,1,0,1,0,
Panama,30,22,2,9c91218d,ac1ddea1,3317dc7a,0,0,0,0,
Panama,31,22,2,9c91218d,ac1ddea1,3317dc7a,0,0,0,0,
Panama,32,23,2,9c91218d,ac1ddea1,3317dc7a,1,0,1,0,
Panama,33,23,2,9c91218d,f68bac56,3317dc7a,0,0,0,0,
Panama,34,23,2,9c91218d,f68bac56,3317dc7a,0,0,0,0,
Panama,35,26,2,9c91218d,f68bac56,3317dc7a,3,0,3,0,
Panama,36,26,2,3317dc7a,f68bac56,9c91218d,0,0,0,0,
Panama,37,26,2,3317dc7a,f68bac56,9c91218d,0,0,0,0,
Panama,38,27,2,3317dc7a,f68bac56,9c91218d,1,0,1,0,
Panama,39,27,2,3317dc7a,db571b24,9c91218d,0,0,0,0,
Panama,40,27,2,3317dc7a,db571b24,9c91218d,0,0,0,0,
Panama,41,31,2,3317dc7a,db571b24,9c91218d,4,0,4,0,
Panama,42,35,2,3317dc7a,db571b24,9c91218d,4,0,4,0,
Panama,43,35,2,3317dc7a,db571b24,9c91218d,0,0,0,0,
Panama,44,35,2,3317dc7a,db571b24,9c91218d,0,0,0,0,
Panama,45,36,2,9c91218d,f68bac56,3317dc7a,1,0,1,0,
Panama,46,36,3,3317dc7a,f68bac56,9c91218d,0,0,0,1,caught
Panama,47,36,3,2d5c6e88,f68bac56,9c91218d,0,0,0,0,
Panama,48,37,3,2d5c6e88,f68bac56,9c91218d,1,0,1,0,
Panama,49,38,3,9c91218d,f68bac56,2d5c6e88,1,0,1,0,
Panama,50,39,3,2d5c6e88,f68bac56,9c91218d,1,0,1,0,
Panama,51,40,3,2d5c6e88,db571b24,9c91218d,1,0,1,0,
Panama,52,43,3,9c91218d,db571b24,2d5c6e88,3,0,3,0,
Panama,53,44,3,2d5c6e88,db571b24,9c91218d,0,1,1,0,
Panama,54,44,3,9c91218d,db571b24,2d5c6e88,0,0,0,0,
Panama,55,44,3,9c91218d,db571b24,2d5c6e88,0,0,0,0,
Panama,56,45,3,9c91218d,db571b24,2d5c6e88,1,0,1,0,
Panama,57,45,3,9c91218d,f68bac56,2d5c6e88,0,0,0,0,
Panama,58,46,3,9c91218d,f68bac56,2d5c6e88,1,0,1,0,
Panama,59,47,3,2d5c6e88,f68bac56,9c91218d,1,0,1,0,
Panama,60,49,3,9c91218d,f68bac56,2d5c6e88,2,0,2,0,
Panama,61,49,3,9c91218d,f68bac56,2d5c6e88,0,0,0,0,
Panama,62,53,3,9c91218d,f68bac56,2d5c6e88,4,0,4,0,
Panama,63,53,3,2d5c6e88,db571b24,9c91218d,0,0,0,0,
Panama,64,55,3,2d5c6e88,db571b24,9c91218d,2,0,2,0,
Panama,65,58,3,2d5c6e88,db571b24,9c91218d,3,0,3,0,
Panama,66,59,3,9c91218d,db571b24,2d5c6e88,0,1,1,0,
Panama,67,61,3,2d5c6e88,db571b24,9c91218d,2,0,2,0,
Panama,68,62,3,2d5c6e88,db571b24,9c91218d,1,0,1,0,
Panama,69,63,3,2d5c6e88,9853b404,9c91218d,1,0,1,0,
Panama,70,63,3,9c91218d,9853b404,2d5c6e88,0,0,0,0,
Panama,71,67,3,9c91218d,9853b404,2d5c6e88,4,0,4,0,
Panama,72,67,4,9c91218d,9853b404,2d5c6e88,0,0,0,1,caught
Panama,73,67,4,61650adb,9853b404,2d5c6e88,0,0,0,0,
Panama,74,67,4,61650adb,9853b404,2d5c6e88,0,0,0,0,
Panama,75,67,4,2d5c6e88,15fe1668,61650adb,0,0,0,0,
Panama,76,69,4,2d5c6e88,15fe1668,61650adb,2,0,2,0,
Panama,77,70,4,2d5c6e88,15fe1668,61650adb,1,0,1,0,
Panama,78,70,4,61650adb,15fe1668,2d5c6e88,0,0,0,0,
Panama,79,71,4,61650adb,15fe1668,2d5c6e88,1,0,1,0,
Panama,80,72,4,2d5c6e88,15fe1668,61650adb,1,0,1,0,
Panama,81,73,4,2d5c6e88,9853b404,61650adb,1,0,1,0,
Panama,82,73,5,61650adb,9853b404,2d5c6e88,0,0,0,1,lbw
Panama,83,73,5,2f6f44bb,9853b404,2d5c6e88,0,0,0,0,
Panama,84,73,6,2f6f44bb,9853b404,2d5c6e88,0,0,0,1,caught and bowled
Panama,85,75,6,3ec178e7,9853b404,2d5c6e88,2,0,2,0,
Panama,86,75,7,3ec178e7,9853b404,2d5c6e88,0,0,0,1,caught
Panama,87,77,7,2d5c6e88,15fe1668,a09323d8,2,0,2,0,
Panama,88,78,7,2d5c6e88,15fe1668,a09323d8,1,0,1,0,
Panama,89,82,7,a09323d8,15fe1668,2d5c6e88,4,0,4,0,
Panama,90,82,7,a09323d8,15fe1668,2d5c6e88,0,0,0,0,
Panama,91,83,7,a09323d8,15fe1668,2d5c6e88,1,0,1,0,
Panama,92,85,7,2d5c6e88,15fe1668,a09323d8,2,0,2,0,
Panama,93,85,7,a09323d8,9853b404,2d5c6e88,0,0,0,0,
Panama,94,85,7,a09323d8,9853b404,2d5c6e88,0,0,0,0,
Panama,95,86,7,a09323d8,9853b404,2d5c6e88,1,0,1,0,
Panama,96,86,8,2d5c6e88,9853b404,a09323d8,0,0,0,1,bowled
Panama,97,86,8,ce9ee68f,9853b404,a09323d8,0,0,0,0,
Panama,98,87,8,ce9ee68f,9853b404,a09323d8,0,1,1,0,
Panama,99,88,8,ce9ee68f,fd94c29f,a09323d8,1,0,1,0,
Panama,100,89,8,a09323d8,fd94c29f,ce9ee68f,1,0,1,0,
Panama,101,89,8,ce9ee68f,fd94c29f,a09323d8,0,0,0,0,
Panama,102,89,8,ce9ee68f,fd94c29f,a09323d8,0,0,0,0,
Panama,103,89,8,ce9ee68f,fd94c29f,a09323d8,0,0,0,0,
Panama,104,90,8,ce9ee68f,fd94c29f,a09323d8,1,0,1,0,
Panama,105,95,8,ce9ee68f,9853b404,a09323d8,0,5,5,0,
Panama,106,96,8,ce9ee68f,9853b404,a09323d8,1,0,1,0,
Panama,107,96,8,a09323d8,9853b404,ce9ee68f,0,0,0,0,
Panama,108,96,9,a09323d8,9853b404,ce9ee68f,0,0,0,1,caught and bowled
Panama,109,96,9,d11e0c76,9853b404,ce9ee68f,0,0,0,0,
Panama,110,96,9,d11e0c76,9853b404,ce9ee68f,0,0,0,0,
Panama,111,97,9,d11e0c76,9853b404,ce9ee68f,1,0,1,0,
Panama,112,97,9,d11e0c76,fd94c29f,ce9ee68f,0,0,0,0,
Panama,113,98,9,d11e0c76,fd94c29f,ce9ee68f,1,0,1,0,
Panama,114,99,9,ce9ee68f,fd94c29f,d11e0c76,1,0,1,0,
Panama,115,99,9,d11e0c76,fd94c29f,ce9ee68f,0,0,0,0,
Panama,116,100,9,d11e0c76,fd94c29f,ce9ee68f,1,0,1,0,
Panama,117,102,9,ce9ee68f,fd94c29f,d11e0c76,2,0,2,0,
Panama,118,102,9,d11e0c76,ac1ddea1,ce9ee68f,0,0,0,0,
Panama,119,103,9,d11e0c76,ac1ddea1,ce9ee68f,1,0,1,0,
Panama,120,103,10,ce9ee68f,ac1ddea1,d11e0c76,0,0,0,1,bowled
Belize,1,0,0,15fe1668,a09323d8,fd94c29f,0,0,0,0,
Belize,2,2,0,15fe1668,a09323d8,fd94c29f,0,2,2,0,
Belize,3,3,0,fd94c29f,a09323d8,15fe1668,0,1,1,0,
Belize,4,3,0,fd94c29f,a09323d8,15fe1668,0,0,0,0,
Belize,5,3,0,fd94c29f,a09323d8,15fe1668,0,0,0,0,
Belize,6,3,0,fd94c29f,a09323d8,15fe1668,0,0,0,0,
Belize,7,4,0,fd94c29f,a09323d8,15fe1668,1,0,1,0,
Belize,8,4,0,15fe1668,a09323d8,fd94c29f,0,0,0,0,
Belize,9,4,0,fd94c29f,d11e0c76,15fe1668,0,0,0,0,
Belize,10,5,0,fd94c29f,d11e0c76,15fe1668,0,1,1,0,
Belize,11,5,0,fd94c29f,d11e0c76,15fe1668,0,0,0,0,
Belize,12,5,0,fd94c29f,d11e0c76,15fe1668,0,0,0,0,
Belize,13,6,0,fd94c29f,d11e0c76,15fe1668,1,0,1,0,
Belize,14,7,0,15fe1668,d11e0c76,fd94c29f,0,1,1,0,
Belize,15,7,0,15fe1668,d11e0c76,fd94c29f,0,0,0,0,
Belize,16,8,0,15fe1668,d11e0c76,fd94c29f,1,0,1,0,
Belize,17,8,0,15fe1668,a09323d8,fd94c29f,0,0,0,0,
Belize,18,8,0,15fe1668,a09323d8,fd94c29f,0,0,0,0,
Belize,19,8,0,15fe1668,a09323d8,fd94c29f,0,0,0,0,
Belize,20,12,0,15fe1668,a09323d8,fd94c29f,4,0,4,0,
Belize,21,13,0,15fe1668,a09323d8,fd94c29f,0,1,1,0,
Belize,22,14,0,15fe1668,a09323d8,fd94c29f,1,0,1,0,
Belize,23,18,0,fd94c29f,a09323d8,15fe1668,4,0,4,0,
Belize,24,18,0,15fe1668,d11e0c76,fd94c29f,0,0,0,0,
Belize,25,18,0,15fe1668,d11e0c76,fd94c29f,0,0,0,0,
Belize,26,18,0,15fe1668,d11e0c76,fd94c29f,0,0,0,0,
Belize,27,19,0,15fe1668,d11e0c76,fd94c29f,1,0,1,0,
Belize,28,20,0,fd94c29f,d11e0c76,15fe1668,1,0,1,0,
Belize,29,23,0,15fe1668,d11e0c76,fd94c29f,3,0,3,0,
Belize,30,23,0,15fe1668,2f6f44bb,fd94c29f,0,0,0,0,
Belize,31,23,0,15fe1668,2f6f44bb,fd94c29f,0,0,0,0,
Belize,32,23,0,15fe1668,2f6f44bb,fd94c29f,0,0,0,0,
Belize,33,24,0,15fe1668,2f6f44bb,fd94c29f,1,0,1,0,
Belize,34,25,0,fd94c29f,2f6f44bb,15fe1668,1,0,1,0,
Belize,35,25,0,15fe1668,2f6f44bb,fd94c29f,0,0,0,0,
Belize,36,29,0,fd94c29f,2d5c6e88,15fe1668,4,0,4,0,
Belize,37,33,0,fd94c29f,2d5c6e88,15fe1668,4,0,4,0,
Belize,38,34,0,fd94c29f,2d5c6e88,15fe1668,0,1,1,0,
Belize,39,34,0,fd94c29f,2d5c6e88,15fe1668,0,0,0,0,
Belize,40,35,0,fd94c29f,2d5c6e88,15fe1668,1,0,1,0,
Belize,41,36,0,15fe1668,2d5c6e88,fd94c29f,1,0,1,0,
Belize,42,37,0,fd94c29f,2d5c6e88,15fe1668,1,0,1,0,
Belize,43,38,0,fd94c29f,2f6f44bb,15fe1668,1,0,1,0,
Belize,44,39,0,15fe1668,2f6f44bb,fd94c29f,1,0,1,0,
Belize,45,45,0,fd94c29f,2f6f44bb,15fe1668,6,0,6,0,
Belize,46,46,0,fd94c29f,2f6f44bb,15fe1668,1,0,1,0,
Belize,47,46,1,15fe1668,2f6f44bb,fd94c29f,0,0,0,1,caught
Belize,48,46,1,9853b404,2f6f44bb,fd94c29f,0,0,0,0,
Belize,49,48,1,fd94c29f,ce9ee68f,9853b404,2,0,2,0,
Belize,50,50,1,fd94c29f,ce9ee68f,9853b404,2,0,2,0,
Belize,51,52,1,fd94c29f,ce9ee68f,9853b404,2,0,2,0,
Belize,52,52,1,fd94c29f,ce9ee68f,9853b404,0,0,0,0,
Belize,53,58,1,fd94c29f,ce9ee68f,9853b404,6,0,6,0,
Belize,54,58,1,fd94c29f,ce9ee68f,9853b404,0,0,0,0,
Belize,55,59,1,9853b404,9c91218d,fd94c29f,1,0,1,0,
Belize,56,63,1,fd94c29f,9c91218d,9853b404,4,0,4,0,
Belize,57,66,1,fd94c29f,9c91218d,9853b404,3,0,3,0,
Belize,58,66,1,9853b404,9c91218d,fd94c29f,0,0,0,0,
Belize,59,66,1,9853b404,9c91218d,fd94c29f,0,0,0,0,
Belize,60,66,2,9853b404,9c91218d,fd94c29f,0,0,0,1,bowled
Belize,61,68,2,fd94c29f,244009ae,4e31ea36,2,0,2,0,
Belize,62,71,2,fd94c29f,244009ae,4e31ea36,3,0,3,0,
Belize,63,72,2,4e31ea36,244009ae,fd94c29f,1,0,1,0,
Belize,64,73,2,fd94c29f,244009ae,4e31ea36,0,1,1,0,
Belize,65,77,2,fd94c29f,244009ae,4e31ea36,4,0,4,0,
Belize,66,79,2,fd94c29f,244009ae,4e31ea36,1,1,2,0,
Belize,67,80,2,4e31ea36,244009ae,fd94c29f,0,1,1,0,
Belize,68,80,2,fd94c29f,244009ae,4e31ea36,0,0,0,0,
Belize,69,81,2,4e31ea36,9c91218d,fd94c29f,1,0,1,0,
Belize,70,83,2,fd94c29f,9c91218d,4e31ea36,2,0,2,0,
Belize,71,84,2,fd94c29f,9c91218d,4e31ea36,1,0,1,0,
Belize,72,86,2,4e31ea36,9c91218d,fd94c29f,2,0,2,0,
Belize,73,86,2,4e31ea36,9c91218d,fd94c29f,0,0,0,0,
Belize,74,86,2,4e31ea36,9c91218d,fd94c29f,0,0,0,0,
Belize,75,90,2,fd94c29f,2f6f44bb,4e31ea36,4,0,4,0,
Belize,76,93,2,fd94c29f,2f6f44bb,4e31ea36,3,0,3,0,
Belize,77,93,2,4e31ea36,2f6f44bb,fd94c29f,0,0,0,0,
Belize,78,93,2,4e31ea36,2f6f44bb,fd94c29f,0,0,0,0,
Belize,79,93,2,4e31ea36,2f6f44bb,fd94c29f,0,0,0,0,
Belize,80,93,3,4e31ea36,2f6f44bb,fd94c29f,0,0,0,1,caught
Belize,81,93,3,fd94c29f,9c91218d,db571b24,0,0,0,0,
Belize,82,93,3,fd94c29f,9c91218d,db571b24,0,0,0,0,
Belize,83,94,3,fd94c29f,9c91218d,db571b24,1,0,1,0,
Belize,84,94,3,db571b24,9c91218d,fd94c29f,0,0,0,0,
Belize,85,95,3,db571b24,9c91218d,fd94c29f,0,1,1,0,
Belize,86,97,3,fd94c29f,9c91218d,db571b24,2,0,2,0,
Belize,87,97,3,db571b24,244009ae,fd94c29f,0,0,0,0,
Belize,88,101,3,db571b24,244009ae,fd94c29f,4,0,4,0,
Belize,89,102,3,db571b24,244009ae,fd94c29f,1,0,1,0,
Belize,90,102,3,fd94c29f,244009ae,db571b24,0,0,0,0,
Belize,91,104,3,fd94c29f,244009ae,db571b24,2,0,2,0,
