batting_team,ball_number,total_team_runs,total_team_wickets,striker_ID,bowler_ID,nonstriker_ID,batter_runs,extras_runs,total_delivery_runs,wicket,wicket_type
Gujarat Giants,1,2,0,e60f81c9,de69af96,52d1dbc8,2,0,2,0,
Gujarat Giants,2,2,0,e60f81c9,de69af96,52d1dbc8,0,0,0,0,
Gujarat Giants,3,6,0,e60f81c9,de69af96,52d1dbc8,4,0,4,0,
Gujarat Giants,4,7,0,e60f81c9,de69af96,52d1dbc8,0,1,1,0,
Gujarat Giants,5,8,0,e60f81c9,de69af96,52d1dbc8,1,0,1,0,
Gujarat Giants,6,9,0,52d1dbc8,de69af96,e60f81c9,1,0,1,0,
Gujarat Giants,7,13,0,e60f81c9,de69af96,52d1dbc8,4,0,4,0,
Gujarat Giants,8,13,0,52d1dbc8,7298db76,e60f81c9,0,0,0,0,
Gujarat Giants,9,17,0,52d1dbc8,7298db76,e60f81c9,4,0,4,0,
Gujarat Giants,10,18,0,52d1dbc8,7298db76,e60f81c9,1,0,1,0,
Gujarat Giants,11,19,0,e60f81c9,7298db76,52d1dbc8,0,1,1,0,
Gujarat Giants,12,20,0,e60f81c9,7298db76,52d1dbc8,1,0,1,0,
Gujarat Giants,13,25,0,52d1dbc8,7298db76,e60f81c9,0,5,5,0,
Gujarat Giants,14,25,0,52d1dbc8,7298db76,e60f81c9,0,0,0,0,
Gujarat Giants,15,25,0,52d1dbc8,7298db76,e60f81c9,0,0,0,0,
Gujarat Giants,16,26,0,e60f81c9,99e23670,52d1dbc8,1,0,1,0,
Gujarat Giants,17,27,0,52d1dbc8,99e23670,e60f81c9,1,0,1,0,
Gujarat Giants,18,31,0,e60f81c9,99e23670,52d1dbc8,4,0,4,0,
Gujarat Giants,19,33,0,e60f81c9,99e23670,52d1dbc8,2,0,2,0,
Gujarat Giants,20,34,0,e60f81c9,99e23670,52d1dbc8,1,0,1,0,
Gujarat Giants,21,38,0,52d1dbc8,99e23670,e60f81c9,4,0,4,0,
Gujarat Giants,22,38,0,e60f81c9,7298db76,52d1dbc8,0,0,0,0,
Gujarat Giants,23,39,0,e60f81c9,7298db76,52d1dbc8,0,1,1,0,
Gujarat Giants,24,39,0,e60f81c9,7298db76,52d1dbc8,0,0,0,0,
Gujarat Giants,25,39,0,e60f81c9,7298db76,52d1dbc8,0,0,0,0,
Gujarat Giants,26,40,0,e60f81c9,7298db76,52d1dbc8,1,0,1,0,
Gujarat Giants,27,44,0,52d1dbc8,7298db76,e60f81c9,4,0,4,0,
Gujarat Giants,28,44,0,52d1dbc8,7298db76,e60f81c9,0,0,0,0,
Gujarat Giants,29,48,0,e60f81c9,99e23670,52d1dbc8,4,0,4,0,
Gujarat Giants,30,49,0,e60f81c9,99e23670,52d1dbc8,1,0,1,0,
Gujarat Giants,31,50,0,52d1dbc8,99e23670,e60f81c9,1,0,1,0,
Gujarat Giants,32,50,0,e60f81c9,99e23670,52d1dbc8,0,0,0,0,
Gujarat Giants,33,50,0,e60f81c9,99e23670,52d1dbc8,0,0,0,0,
Gujarat Giants,34,54,0,e60f81c9,99e23670,52d1dbc8,4,0,4,0,
Gujarat Giants,35,55,0,52d1dbc8,7298db76,e60f81c9,1,0,1,0,
Gujarat Giants,36,55,0,e60f81c9,7298db76,52d1dbc8,0,0,0,0,
Gujarat Giants,37,56,0,e60f81c9,7298db76,52d1dbc8,1,0,1,0,
Gujarat Giants,38,57,0,52d1dbc8,7298db76,e60f81c9,1,0,1,0,
Gujarat Giants,39,58,0,e60f81c9,7298db76,52d1dbc8,1,0,1,0,
Gujarat Giants,40,59,0,52d1dbc8,7298db76,e60f81c9,1,0,1,0,
Gujarat Giants,41,60,0,52d1dbc8,f0b4e47d,e60f81c9,1,0,1,0,
Gujarat Giants,42,64,0,e60f81c9,f0b4e47d,52d1dbc8,4,0,4,0,
Gujarat Giants,43,65,0,e60f81c9,f0b4e47d,52d1dbc8,1,0,1,0,
Gujarat Giants,44,67,0,52d1dbc8,f0b4e47d,e60f81c9,2,0,2,0,
Gujarat Giants,45,67,0,52d1dbc8,f0b4e47d,e60f81c9,0,0,0,0,
Gujarat Giants,46,68,0,52d1dbc8,f0b4e47d,e60f81c9,1,0,1,0,
Gujarat Giants,47,72,0,52d1dbc8,705489eb,e60f81c9,4,0,4,0,
Gujarat Giants,48,76,0,52d1dbc8,705489eb,e60f81c9,4,0,4,0,
Gujarat Giants,49,77,0,52d1dbc8,705489eb,e60f81c9,1,0,1,0,
Gujarat Giants,50,77,0,e60f81c9,705489eb,52d1dbc8,0,0,0,0,
Gujarat Giants,51,77,0,e60f81c9,705489eb,52d1dbc8,0,0,0,0,
Gujarat Giants,52,78,0,e60f81c9,705489eb,52d1dbc8,0,1,1,0,
Gujarat Giants,53,82,0,e60f81c9,77143581,52d1dbc8,4,0,4,0,
Gujarat Giants,54,83,0,e60f81c9,77143581,52d1dbc8,1,0,1,0,
Gujarat Giants,55,87,0,52d1dbc8,77143581,e60f81c9,4,0,4,0,
Gujarat Giants,56,87,0,52d1dbc8,77143581,e60f81c9,0,0,0,0,
Gujarat Giants,57,88,0,52d1dbc8,77143581,e60f81c9,1,0,1,0,
Gujarat Giants,58,89,0,e60f81c9,77143581,52d1dbc8,1,0,1,0,
Gujarat Giants,59,93,0,e60f81c9,be150fc8,52d1dbc8,4,0,4,0,
Gujarat Giants,60,97,0,e60f81c9,be150fc8,52d1dbc8,4,0,4,0,
Gujarat Giants,61,101,0,e60f81c9,be150fc8,52d1dbc8,4,0,4,0,
Gujarat Giants,62,102,0,e60f81c9,be150fc8,52d1dbc8,1,0,1,0,
Gujarat Giants,63,103,0,52d1dbc8,be150fc8,e60f81c9,1,0,1,0,
Gujarat Giants,64,104,0,e60f81c9,be150fc8,52d1dbc8,1,0,1,0,
Gujarat Giants,65,105,0,e60f81c9,f0b4e47d,52d1dbc8,1,0,1,0,
Gujarat Giants,66,106,0,52d1dbc8,f0b4e47d,e60f81c9,0,1,1,0,
Gujarat Giants,67,108,0,e60f81c9,f0b4e47d,52d1dbc8,2,0,2,0,
Gujarat Giants,68,112,0,e60f81c9,f0b4e47d,52d1dbc8,4,0,4,0,
Gujarat Giants,69,113,0,e60f81c9,f0b4e47d,52d1dbc8,1,0,1,0,
Gujarat Giants,70,114,0,52d1dbc8,f0b4e47d,e60f81c9,0,1,1,0,
Gujarat Giants,71,118,0,52d1dbc8,f0b4e47d,e60f81c9,4,0,4,0,
Gujarat Giants,72,122,0,e60f81c9,705489eb,52d1dbc8,4,0,4,0,
Gujarat Giants,73,122,0,e60f81c9,705489eb,52d1dbc8,0,0,0,0,
Gujarat Giants,74,123,0,e60f81c9,705489eb,52d1dbc8,0,1,1,0,
Gujarat Giants,75,127,0,e60f81c9,705489eb,52d1dbc8,4,0,4,0,
Gujarat Giants,76,128,0,e60f81c9,705489eb,52d1dbc8,0,1,1,0,
Gujarat Giants,77,129,0,e60f81c9,705489eb,52d1dbc8,1,0,1,0,
Gujarat Giants,78,133,0,52d1dbc8,705489eb,e60f81c9,4,0,4,0,
Gujarat Giants,79,134,0,52d1dbc8,705489eb,e60f81c9,1,0,1,0,
Gujarat Giants,80,135,0,52d1dbc8,99e23670,e60f81c9,0,1,1,0,
Gujarat Giants,81,136,0,e60f81c9,99e23670,52d1dbc8,1,0,1,0,
Gujarat Giants,82,136,0,52d1dbc8,99e23670,e60f81c9,0,0,0,0,
Gujarat Giants,83,139,0,52d1dbc8,99e23670,e60f81c9,3,0,3,0,
Gujarat Giants,84,140,0,e60f81c9,99e23670,52d1dbc8,1,0,1,0,
Gujarat Giants,85,140,1,52d1dbc8,99e23670,e60f81c9,0,0,0,1,run out
Gujarat Giants,86,141,1,52d1dbc8,de69af96,4e6ef14f,1,0,1,0,
Gujarat Giants,87,142,1,4e6ef14f,de69af96,52d1dbc8,0,1,1,0,
Gujarat Giants,88,143,1,4e6ef14f,de69af96,52d1dbc8,1,0,1,0,
Gujarat Giants,89,144,1,52d1dbc8,de69af96,4e6ef14f,1,0,1,0,
Gujarat Giants,90,144,1,4e6ef14f,de69af96,52d1dbc8,0,0,0,0,
Gujarat Giants,91,145,1,4e6ef14f,de69af96,52d1dbc8,1,0,1,0,
Gujarat Giants,92,149,1,52d1dbc8,de69af96,4e6ef14f,4,0,4,0,
Gujarat Giants,93,149,1,4e6ef14f,f0b4e47d,52d1dbc8,0,0,0,0,
Gujarat Giants,94,150,1,4e6ef14f,f0b4e47d,52d1dbc8,1,0,1,0,
Gujarat Giants,95,151,1,52d1dbc8,f0b4e47d,4e6ef14f,1,0,1,0,
Gujarat Giants,96,151,1,4e6ef14f,f0b4e47d,52d1dbc8,0,0,0,0,
Gujarat Giants,97,153,1,4e6ef14f,f0b4e47d,52d1dbc8,2,0,2,0,
Gujarat Giants,98,155,1,4e6ef14f,f0b4e47d,52d1dbc8,2,0,2,0,
Gujarat Giants,99,161,1,52d1dbc8,de69af96,4e6ef14f,6,0,6,0,
Gujarat Giants,100,163,1,52d1dbc8,de69af96,4e6ef14f,2,0,2,0,
Gujarat Giants,101,164,1,52d1dbc8,de69af96,4e6ef14f,1,0,1,0,
Gujarat Giants,102,165,1,4e6ef14f,de69af96,52d1dbc8,1,0,1,0,
Gujarat Giants,103,169,1,52d1dbc8,de69af96,4e6ef14f,4,0,4,0,
Gujarat Giants,104,170,1,52d1dbc8,de69af96,4e6ef14f,1,0,1,0,
Gujarat Giants,105,174,1,52d1dbc8,705489eb,4e6ef14f,4,0,4,0,
Gujarat Giants,106,174,1,52d1dbc8,705489eb,4e6ef14f,0,0,0,0,
Gujarat Giants,107,175,1,52d1dbc8,705489eb,4e6ef14f,1,0,1,0,
Gujarat Giants,108,175,1,4e6ef14f,705489eb,52d1dbc8,0,0,0,0,
Gujarat Giants,109,175,1,4e6ef14f,705489eb,52d1dbc8,0,0,0,0,
Gujarat Giants,110,176,1,4e6ef14f,705489eb,52d1dbc8,1,0,1,0,
Gujarat Giants,111,178,1,4e6ef14f,7298db76,52d1dbc8,2,0,2,0,
Gujarat Giants,112,182,1,4e6ef14f,7298db76,52d1dbc8,4,0,4,0,
Gujarat Giants,113,183,1,4e6ef14f,7298db76,52d1dbc8,1,0,1,0,
Gujarat Giants,114,185,1,52d1dbc8,7298db76,4e6ef14f,2,0,2,0,
Gujarat Giants,115,186,1,52d1dbc8,7298db76,4e6ef14f,1,0,1,0,
Gujarat Giants,116,187,1,4e6ef14f,7298db76,52d1dbc8,1,0,1,0,
Gujarat Giants,117,188,1,4e6ef14f,f0b4e47d,52d1dbc8,1,0,1,0,
Gujarat Giants,118,192,1,52d1dbc8,f0b4e47d,4e6ef14f,4,0,4,0,
Gujarat Giants,119,192,2,52d1dbc8,f0b4e47d,4e6ef14f,0,0,0,1,run out
Gujarat Giants,120,192,3,bc969efb,f0b4e47d,52d1dbc8,0,0,0,1,caught
Gujarat Giants,121,193,3,1d6ff329,f0b4e47d,52d1dbc8,0,1,1,0,
Gujarat Giants,122,193,3,1d6ff329,f0b4e47d,52d1dbc8,0,0,0,0,
Gujarat Giants,123,194,3,1d6ff329,f0b4e47d,52d1dbc8,0,1,1,0,
Gujarat Giants,124,195,3,1d6ff329,f0b4e47d,52d1dbc8,1,0,1,0,
Gujarat Giants,125,195,4,1d6ff329,99e23670,52d1dbc8,0,0,0,1,stumped
Gujarat Giants,126,195,4,c3f21798,99e23670,52d1dbc8,0,0,0,0,
Gujarat Giants,127,196,4,c3f21798,99e23670,52d1dbc8,1,0,1,0,
Gujarat Giants,128,198,4,52d1dbc8,99e23670,c3f21798,2,0,2,0,
Gujarat Giants,129,198,5,52d1dbc8,99e23670,c3f21798,0,0,0,1,run out
Gujarat Giants,130,199,5,f13d3eba,99e23670,52d1dbc8,1,0,1,0,
Royal Challengers Bangalore,1,0,0,302fb7ae,bc969efb,5d2eda89,0,0,0,0,
Royal Challengers Bangalore,2,1,0,302fb7ae,bc969efb,5d2eda89,1,0,1,0,
Royal Challengers Bangalore,3,1,0,5d2eda89,bc969efb,302fb7ae,0,0,0,0,
Royal Challengers Bangalore,4,1,0,5d2eda89,bc969efb,302fb7ae,0,0,0,0,
Royal Challengers Bangalore,5,1,0,5d2eda89,bc969efb,302fb7ae,0,0,0,0,
Royal Challengers Bangalore,6,2,0,5d2eda89,bc969efb,302fb7ae,0,1,1,0,
Royal Challengers Bangalore,7,2,0,5d2eda89,f13d3eba,302fb7ae,0,0,0,0,
Royal Challengers Bangalore,8,3,0,5d2eda89,f13d3eba,302fb7ae,1,0,1,0,
Royal Challengers Bangalore,9,7,0,302fb7ae,f13d3eba,5d2eda89,0,4,4,0,
Royal Challengers Bangalore,10,7,0,302fb7ae,f13d3eba,5d2eda89,0,0,0,0,
Royal Challengers Bangalore,11,7,0,302fb7ae,f13d3eba,5d2eda89,0,0,0,0,
Royal Challengers Bangalore,12,7,0,302fb7ae,f13d3eba,5d2eda89,0,0,0,0,
Royal Challengers Bangalore,13,7,0,5d2eda89,443c122f,302fb7ae,0,0,0,0,
Royal Challengers Bangalore,14,13,0,5d2eda89,443c122f,302fb7ae,6,0,6,0,
Royal Challengers Bangalore,15,19,0,5d2eda89,443c122f,302fb7ae,6,0,6,0,
Royal Challengers Bangalore,16,23,0,5d2eda89,443c122f,302fb7ae,4,0,4,0,
Royal Challengers Bangalore,17,24,0,5d2eda89,443c122f,302fb7ae,1,0,1,0,
Royal Challengers Bangalore,18,24,0,302fb7ae,443c122f,5d2eda89,0,0,0,0,
Royal Challengers Bangalore,19,28,0,5d2eda89,f13d3eba,302fb7ae,4,0,4,0,
Royal Challengers Bangalore,20,29,0,5d2eda89,f13d3eba,302fb7ae,1,0,1,0,
Royal Challengers Bangalore,21,29,0,302fb7ae,f13d3eba,5d2eda89,0,0,0,0,
Royal Challengers Bangalore,22,30,0,302fb7ae,f13d3eba,5d2eda89,1,0,1,0,
Royal Challengers Bangalore,23,30,0,5d2eda89,f13d3eba,302fb7ae,0,0,0,0,
Royal Challengers Bangalore,24,31,0,5d2eda89,f13d3eba,302fb7ae,1,0,1,0,
Royal Challengers Bangalore,25,31,1,5d2eda89,bc969efb,302fb7ae,0,0,0,1,lbw
Royal Challengers Bangalore,26,31,1,be150fc8,bc969efb,302fb7ae,0,0,0,0,
Royal Challengers Bangalore,27,31,1,be150fc8,bc969efb,302fb7ae,0,0,0,0,
Royal Challengers Bangalore,28,31,1,be150fc8,bc969efb,302fb7ae,0,0,0,0,
Royal Challengers Bangalore,29,32,1,be150fc8,bc969efb,302fb7ae,1,0,1,0,
Royal Challengers Bangalore,30,32,1,302fb7ae,bc969efb,be150fc8,0,0,0,0,
Royal Challengers Bangalore,31,32,1,be150fc8,443c122f,302fb7ae,0,0,0,0,
Royal Challengers Bangalore,32,33,1,be150fc8,443c122f,302fb7ae,1,0,1,0,
Royal Challengers Bangalore,33,34,1,302fb7ae,443c122f,be150fc8,1,0,1,0,
Royal Challengers Bangalore,34,38,1,be150fc8,443c122f,302fb7ae,4,0,4,0,
Royal Challengers Bangalore,35,39,1,be150fc8,443c122f,302fb7ae,1,0,1,0,
Royal Challengers Bangalore,36,39,1,302fb7ae,443c122f,be150fc8,0,0,0,0,
Royal Challengers Bangalore,37,40,1,be150fc8,f176e421,302fb7ae,0,1,1,0,
Royal Challengers Bangalore,38,41,1,be150fc8,f176e421,302fb7ae,1,0,1,0,
Royal Challengers Bangalore,39,42,2,302fb7ae,f176e421,be150fc8,1,0,1,1,run out
Royal Challengers Bangalore,40,42,2,de69af96,f176e421,be150fc8,0,0,0,0,
Royal Challengers Bangalore,41,42,2,de69af96,f176e421,be150fc8,0,0,0,0,
Royal Challengers Bangalore,42,42,2,de69af96,f176e421,be150fc8,0,0,0,0,
Royal Challengers Bangalore,43,43,2,de69af96,f176e421,be150fc8,1,0,1,0,
Royal Challengers Bangalore,44,43,2,de69af96,9ab635dd,be150fc8,0,0,0,0,
Royal Challengers Bangalore,45,44,2,de69af96,9ab635dd,be150fc8,1,0,1,0,
Royal Challengers Bangalore,46,45,2,be150fc8,9ab635dd,de69af96,1,0,1,0,
Royal Challengers Bangalore,47,46,2,de69af96,9ab635dd,be150fc8,1,0,1,0,
Royal Challengers Bangalore,48,47,2,be150fc8,9ab635dd,de69af96,1,0,1,0,
Royal Challengers Bangalore,49,53,2,de69af96,9ab635dd,be150fc8,6,0,6,0,
Royal Challengers Bangalore,50,54,2,be150fc8,f176e421,de69af96,1,0,1,0,
Royal Challengers Bangalore,51,60,2,de69af96,f176e421,be150fc8,6,0,6,0,
Royal Challengers Bangalore,52,61,2,de69af96,f176e421,be150fc8,1,0,1,0,
Royal Challengers Bangalore,53,62,2,be150fc8,f176e421,de69af96,1,0,1,0,
Royal Challengers Bangalore,54,63,2,de69af96,f176e421,be150fc8,1,0,1,0,
Royal Challengers Bangalore,55,67,2,be150fc8,f176e421,de69af96,4,0,4,0,
Royal Challengers Bangalore,56,71,2,de69af96,2803bd53,be150fc8,4,0,4,0,
Royal Challengers Bangalore,57,72,2,de69af96,2803bd53,be150fc8,1,0,1,0,
Royal Challengers Bangalore,58,72,2,be150fc8,2803bd53,de69af96,0,0,0,0,
Royal Challengers Bangalore,59,73,2,be150fc8,2803bd53,de69af96,1,0,1,0,
Royal Challengers Bangalore,60,75,2,de69af96,2803bd53,be150fc8,0,2,2,0,
Royal Challengers Bangalore,61,76,2,de69af96,2803bd53,be150fc8,1,0,1,0,
Royal Challengers Bangalore,62,76,3,de69af96,443c122f,be150fc8,0,0,0,1,bowled
Royal Challengers Bangalore,63,77,3,721e0199,443c122f,be150fc8,1,0,1,0,
Royal Challengers Bangalore,64,77,3,be150fc8,443c122f,721e0199,0,0,0,0,
Royal Challengers Bangalore,65,78,3,be150fc8,443c122f,721e0199,1,0,1,0,
Royal Challengers Bangalore,66,78,3,721e0199,443c122f,be150fc8,0,0,0,0,
Royal Challengers Bangalore,67,82,3,721e0199,443c122f,be150fc8,4,0,4,0,
Royal Challengers Bangalore,68,82,3,be150fc8,2803bd53,721e0199,0,0,0,0,
Royal Challengers Bangalore,69,86,3,be150fc8,2803bd53,721e0199,4,0,4,0,
Royal Challengers Bangalore,70,87,3,be150fc8,2803bd53,721e0199,1,0,1,0,
Royal Challengers Bangalore,71,87,3,721e0199,2803bd53,be150fc8,0,0,0,0,
Royal Challengers Bangalore,72,87,3,721e0199,2803bd53,be150fc8,0,0,0,0,
Royal Challengers Bangalore,73,88,3,721e0199,2803bd53,be150fc8,1,0,1,0,
Royal Challengers Bangalore,74,94,3,721e0199,f176e421,be150fc8,6,0,6,0,
Royal Challengers Bangalore,75,94,3,721e0199,f176e421,be150fc8,0,0,0,0,
Royal Challengers Bangalore,76,95,3,721e0199,f176e421,be150fc8,1,0,1,0,
Royal Challengers Bangalore,77,96,3,be150fc8,f176e421,721e0199,1,0,1,0,
Royal Challengers Bangalore,78,96,3,721e0199,f176e421,be150fc8,0,0,0,0,
Royal Challengers Bangalore,79,96,3,721e0199,f176e421,be150fc8,0,0,0,0,
Royal Challengers Bangalore,80,96,4,be150fc8,f13d3eba,721e0199,0,0,0,1,caught
Royal Challengers Bangalore,81,100,4,f0b4e47d,f13d3eba,721e0199,4,0,4,0,
Royal Challengers Bangalore,82,101,4,f0b4e47d,f13d3eba,721e0199,1,0,1,0,
Royal Challengers Bangalore,83,101,4,721e0199,f13d3eba,f0b4e47d,0,0,0,0,
Royal Challengers Bangalore,84,101,4,721e0199,f13d3eba,f0b4e47d,0,0,0,0,
Royal Challengers Bangalore,85,105,4,721e0199,f13d3eba,f0b4e47d,4,0,4,0,
Royal Challengers Bangalore,86,105,4,f0b4e47d,2803bd53,721e0199,0,0,0,0,
Royal Challengers Bangalore,87,106,4,f0b4e47d,2803bd53,721e0199,1,0,1,0,
Royal Challengers Bangalore,88,110,4,721e0199,2803bd53,f0b4e47d,4,0,4,0,
Royal Challengers Bangalore,89,114,4,721e0199,2803bd53,f0b4e47d,4,0,4,0,
Royal Challengers Bangalore,90,115,4,721e0199,2803bd53,f0b4e47d,1,0,1,0,
Royal Challengers Bangalore,91,119,4,f0b4e47d,2803bd53,721e0199,4,0,4,0,
Royal Challengers Bangalore,92,123,4,721e0199,bc969efb,f0b4e47d,4,0,4,0,
Royal Challengers Bangalore,93,124,4,721e0199,bc969efb,f0b4e47d,0,1,1,0,
Royal Challengers Bangalore,94,128,4,f0b4e47d,bc969efb,721e0199,4,0,4,0,
Royal Challengers Bangalore,95,129,4,f0b4e47d,bc969efb,721e0199,1,0,1,0,
Royal Challengers Bangalore,96,129,4,721e0199,bc969efb,f0b4e47d,0,0,0,0,
Royal Challengers Bangalore,97,129,5,721e0199,bc969efb,f0b4e47d,0,0,0,1,caught
Royal Challengers Bangalore,98,129,5,f0b4e47d,443c122f,99e23670,0,0,0,0,
Royal Challengers Bangalore,99,135,5,f0b4e47d,443c122f,99e23670,6,0,6,0,
Royal Challengers Bangalore,100,139,5,f0b4e47d,443c122f,99e23670,4,0,4,0,
Royal Challengers Bangalore,101,140,5,f0b4e47d,443c122f,99e23670,1,0,1,0,
Royal Challengers Bangalore,102,141,5,99e23670,443c122f,f0b4e47d,1,0,1,0,
Royal Challengers Bangalore,103,142,5,f0b4e47d,443c122f,99e23670,1,0,1,0,
Royal Challengers Bangalore,104,143,5,f0b4e47d,f13d3eba,99e23670,1,0,1,0,
Royal Challengers Bangalore,105,144,5,99e23670,f13d3eba,f0b4e47d,1,0,1,0,
Royal Challengers Bangalore,106,148,5,f0b4e47d,f13d3eba,99e23670,4,0,4,0,
Royal Challengers Bangalore,107,149,5,f0b4e47d,f13d3eba,99e23670,1,0,1,0,
Royal Challengers Bangalore,108,150,5,99e23670,f13d3eba,f0b4e47d,1,0,1,0,
Royal Challengers Bangalore,109,151,5,f0b4e47d,f13d3eba,99e23670,1,0,1,0,
Royal Challengers Bangalore,110,157,5,f0b4e47d,f176e421,99e23670,6,0,6,0,
Royal Challengers Bangalore,111,162,5,f0b4e47d,f176e421,99e23670,4,1,5,0,
Royal Challengers Bangalore,112,162,5,f0b4e47d,f176e421,99e23670,0,0,0,0,
Royal Challengers Bangalore,113,163,6,f0b4e47d,f176e421,99e23670,1,0,1,1,run out
Royal Challengers Bangalore,114,165,6,f0b4e47d,f176e421,e96b8df7,2,0,2,0,
Royal Challengers Bangalore,115,166,6,f0b4e47d,f176e421,e96b8df7,1,0,1,0,
Royal Challengers Bangalore,116,167,7,e96b8df7,f176e421,f0b4e47d,1,0,1,1,run out
Royal Challengers Bangalore,117,168,7,705489eb,bc969efb,e96b8df7,1,0,1,0,
Royal Challengers Bangalore,118,169,7,e96b8df7,bc969efb,705489eb,0,1,1,0,
Royal Challengers Bangalore,119,171,7,705489eb,bc969efb,e96b8df7,2,0,2,0,
Royal Challengers Bangalore,120,177,7,705489eb,bc969efb,e96b8df7,6,0,6,0,
Royal Challengers Bangalore,121,179,7,705489eb,bc969efb,e96b8df7,2,0,2,0,
Royal Challengers Bangalore,122,180,8,705489eb,bc969efb,e96b8df7,1,0,1,1,run out
