batting_team,ball_number,total_team_runs,total_team_wickets,striker_ID,bowler_ID,nonstriker_ID,batter_runs,extras_runs,total_delivery_runs,wicket,wicket_type
Netherlands,1,0,0,6a71ba3a,f53b3e1d,b699df47,0,0,0,0,
Netherlands,2,4,0,6a71ba3a,f53b3e1d,b699df47,4,0,4,0,
Netherlands,3,4,0,6a71ba3a,f53b3e1d,b699df47,0,0,0,0,
Netherlands,4,4,1,6a71ba3a,f53b3e1d,b699df47,0,0,0,1,caught
Netherlands,5,4,1,81a0e294,f53b3e1d,b699df47,0,0,0,0,
Netherlands,6,4,2,81a0e294,f53b3e1d,b699df47,0,0,0,1,caught
Netherlands,7,4,2,b699df47,1adb8ee8,b59db04f,0,0,0,0,
Netherlands,8,5,2,b699df47,1adb8ee8,b59db04f,1,0,1,0,
Netherlands,9,5,2,b59db04f,1adb8ee8,b699df47,0,0,0,0,
Netherlands,10,5,2,b59db04f,1adb8ee8,b699df47,0,0,0,0,
Netherlands,11,6,2,b59db04f,1adb8ee8,b699df47,1,0,1,0,
Netherlands,12,10,2,b699df47,1adb8ee8,b59db04f,4,0,4,0,
Netherlands,13,10,2,b59db04f,f53b3e1d,b699df47,0,0,0,0,
Netherlands,14,11,2,b59db04f,f53b3e1d,b699df47,1,0,1,0,
Netherlands,15,12,2,b699df47,f53b3e1d,b59db04f,1,0,1,0,
Netherlands,16,12,2,b59db04f,f53b3e1d,b699df47,0,0,0,0,
Netherlands,17,13,2,b59db04f,f53b3e1d,b699df47,1,0,1,0,
Netherlands,18,13,2,b699df47,f53b3e1d,b59db04f,0,0,0,0,
Netherlands,19,13,2,b59db04f,1adb8ee8,b699df47,0,0,0,0,
Netherlands,20,13,2,b59db04f,1adb8ee8,b699df47,0,0,0,0,
Netherlands,21,19,2,b59db04f,1adb8ee8,b699df47,6,0,6,0,
Netherlands,22,19,2,b59db04f,1adb8ee8,b699df47,0,0,0,0,
Netherlands,23,20,2,b59db04f,1adb8ee8,b699df47,1,0,1,0,
Netherlands,24,20,2,b699df47,1adb8ee8,b59db04f,0,0,0,0,
Netherlands,25,21,2,b59db04f,f53b3e1d,b699df47,1,0,1,0,
Netherlands,26,22,2,b699df47,f53b3e1d,b59db04f,1,0,1,0,
Netherlands,27,23,2,b59db04f,f53b3e1d,b699df47,1,0,1,0,
Netherlands,28,23,2,b699df47,f53b3e1d,b59db04f,0,0,0,0,
Netherlands,29,24,2,b699df47,f53b3e1d,b59db04f,0,1,1,0,
Netherlands,30,30,2,b699df47,f53b3e1d,b59db04f,6,0,6,0,
Netherlands,31,31,2,b699df47,f53b3e1d,b59db04f,1,0,1,0,
Netherlands,32,35,2,b699df47,1adb8ee8,b59db04f,4,0,4,0,
Netherlands,33,35,2,b699df47,1adb8ee8,b59db04f,0,0,0,0,
Netherlands,34,36,2,b699df47,1adb8ee8,b59db04f,1,0,1,0,
Netherlands,35,37,2,b59db04f,1adb8ee8,b699df47,1,0,1,0,
Netherlands,36,41,2,b699df47,1adb8ee8,b59db04f,4,0,4,0,
Netherlands,37,42,2,b699df47,1adb8ee8,b59db04f,0,1,1,0,
Netherlands,38,43,2,b699df47,1adb8ee8,b59db04f,1,0,1,0,
Netherlands,39,43,2,b699df47,c1077ba3,b59db04f,0,0,0,0,
Netherlands,40,43,2,b699df47,c1077ba3,b59db04f,0,0,0,0,
Netherlands,41,44,2,b699df47,c1077ba3,b59db04f,1,0,1,0,
Netherlands,42,45,2,b59db04f,c1077ba3,b699df47,1,0,1,0,
Netherlands,43,45,2,b699df47,c1077ba3,b59db04f,0,0,0,0,
Netherlands,44,45,2,b699df47,c1077ba3,b59db04f,0,0,0,0,
Netherlands,45,45,2,b59db04f,7e9f1cde,b699df47,0,0,0,0,
Netherlands,46,46,2,b59db04f,7e9f1cde,b699df47,1,0,1,0,
Netherlands,47,47,2,b699df47,7e9f1cde,b59db04f,1,0,1,0,
Netherlands,48,49,2,b59db04f,7e9f1cde,b699df47,2,0,2,0,
Netherlands,49,50,2,b59db04f,7e9f1cde,b699df47,1,0,1,0,
Netherlands,50,54,2,b699df47,7e9f1cde,b59db04f,4,0,4,0,
Netherlands,51,54,3,b59db04f,c1077ba3,b699df47,0,0,0,1,bowled
Netherlands,52,55,3,a319edf8,c1077ba3,b699df47,1,0,1,0,
Netherlands,53,56,3,b699df47,c1077ba3,a319edf8,1,0,1,0,
Netherlands,54,57,3,a319edf8,c1077ba3,b699df47,1,0,1,0,
Netherlands,55,57,4,b699df47,c1077ba3,a319edf8,0,0,0,1,bowled
Netherlands,56,58,4,f427e63e,c1077ba3,a319edf8,1,0,1,0,
Netherlands,57,58,4,f427e63e,7e9f1cde,a319edf8,0,0,0,0,
Netherlands,58,60,4,f427e63e,7e9f1cde,a319edf8,2,0,2,0,
Netherlands,59,60,4,f427e63e,7e9f1cde,a319edf8,0,0,0,0,
Netherlands,60,60,4,f427e63e,7e9f1cde,a319edf8,0,0,0,0,
Netherlands,61,60,5,f427e63e,7e9f1cde,a319edf8,0,0,0,1,caught
Netherlands,62,60,6,803dbf1d,7e9f1cde,a319edf8,0,0,0,1,bowled
Netherlands,63,60,6,a319edf8,c1077ba3,d99cc23a,0,0,0,0,
Netherlands,64,60,6,a319edf8,c1077ba3,d99cc23a,0,0,0,0,
Netherlands,65,61,6,a319edf8,c1077ba3,d99cc23a,0,1,1,0,
Netherlands,66,62,6,d99cc23a,c1077ba3,a319edf8,0,1,1,0,
Netherlands,67,62,6,a319edf8,c1077ba3,d99cc23a,0,0,0,0,
Netherlands,68,63,6,a319edf8,c1077ba3,d99cc23a,0,1,1,0,
Netherlands,69,63,6,a319edf8,7e9f1cde,d99cc23a,0,0,0,0,
Netherlands,70,63,6,a319edf8,7e9f1cde,d99cc23a,0,0,0,0,
Netherlands,71,64,6,a319edf8,7e9f1cde,d99cc23a,1,0,1,0,
Netherlands,72,65,6,d99cc23a,7e9f1cde,a319edf8,1,0,1,0,
Netherlands,73,66,6,a319edf8,7e9f1cde,d99cc23a,1,0,1,0,
Netherlands,74,67,6,d99cc23a,7e9f1cde,a319edf8,1,0,1,0,
Netherlands,75,67,6,d99cc23a,64fb6b15,a319edf8,0,0,0,0,
Netherlands,76,69,6,d99cc23a,64fb6b15,a319edf8,2,0,2,0,
Netherlands,77,73,6,d99cc23a,64fb6b15,a319edf8,4,0,4,0,
Netherlands,78,77,6,d99cc23a,64fb6b15,a319edf8,4,0,4,0,
Netherlands,79,78,6,d99cc23a,64fb6b15,a319edf8,0,1,1,0,
Netherlands,80,78,6,d99cc23a,64fb6b15,a319edf8,0,0,0,0,
Netherlands,81,79,6,d99cc23a,64fb6b15,a319edf8,1,0,1,0,
Netherlands,82,79,6,d99cc23a,7e9f1cde,a319edf8,0,0,0,0,
Netherlands,83,80,6,d99cc23a,7e9f1cde,a319edf8,1,0,1,0,
Netherlands,84,81,6,a319edf8,7e9f1cde,d99cc23a,1,0,1,0,
Netherlands,85,81,6,d99cc23a,7e9f1cde,a319edf8,0,0,0,0,
Netherlands,86,81,6,d99cc23a,7e9f1cde,a319edf8,0,0,0,0,
Netherlands,87,82,6,d99cc23a,7e9f1cde,a319edf8,1,0,1,0,
Netherlands,88,83,6,d99cc23a,c1077ba3,a319edf8,1,0,1,0,
Netherlands,89,83,6,a319edf8,c1077ba3,d99cc23a,0,0,0,0,
Netherlands,90,83,7,a319edf8,c1077ba3,d99cc23a,0,0,0,1,bowled
Netherlands,91,84,7,05c2ca46,c1077ba3,d99cc23a,1,0,1,0,
Netherlands,92,85,7,d99cc23a,c1077ba3,05c2ca46,1,0,1,0,
Netherlands,93,89,7,05c2ca46,c1077ba3,d99cc23a,4,0,4,0,
Netherlands,94,89,7,d99cc23a,1747ea18,05c2ca46,0,0,0,0,
Netherlands,95,90,7,d99cc23a,1747ea18,05c2ca46,1,0,1,0,
Netherlands,96,91,7,05c2ca46,1747ea18,d99cc23a,1,0,1,0,
Netherlands,97,93,7,d99cc23a,1747ea18,05c2ca46,2,0,2,0,
Netherlands,98,93,7,d99cc23a,1747ea18,05c2ca46,0,0,0,0,
Netherlands,99,93,7,d99cc23a,1747ea18,05c2ca46,0,0,0,0,
Netherlands,100,94,7,05c2ca46,64fb6b15,d99cc23a,1,0,1,0,
Netherlands,101,95,7,d99cc23a,64fb6b15,05c2ca46,1,0,1,0,
Netherlands,102,96,7,05c2ca46,64fb6b15,d99cc23a,1,0,1,0,
Netherlands,103,98,7,d99cc23a,64fb6b15,05c2ca46,1,1,2,0,
Netherlands,104,99,7,05c2ca46,64fb6b15,d99cc23a,1,0,1,0,
Netherlands,105,100,7,d99cc23a,64fb6b15,05c2ca46,1,0,1,0,
Netherlands,106,102,7,05c2ca46,64fb6b15,d99cc23a,2,0,2,0,
Netherlands,107,103,7,d99cc23a,1747ea18,05c2ca46,1,0,1,0,
Netherlands,108,109,7,05c2ca46,1747ea18,d99cc23a,6,0,6,0,
Netherlands,109,110,7,05c2ca46,1747ea18,d99cc23a,1,0,1,0,
Netherlands,110,110,8,d99cc23a,1747ea18,05c2ca46,0,0,0,1,caught
Netherlands,111,110,9,374bb5e7,1747ea18,05c2ca46,0,0,0,1,run out
Netherlands,112,111,9,05c2ca46,1747ea18,3a7ea906,0,1,1,0,
Netherlands,113,111,9,05c2ca46,1747ea18,3a7ea906,0,0,0,0,
Netherlands,114,112,9,3a7ea906,64fb6b15,05c2ca46,1,0,1,0,
Netherlands,115,113,9,05c2ca46,64fb6b15,3a7ea906,1,0,1,0,
Netherlands,116,114,9,3a7ea906,64fb6b15,05c2ca46,1,0,1,0,
Netherlands,117,115,9,05c2ca46,64fb6b15,3a7ea906,1,0,1,0,
Netherlands,118,116,9,3a7ea906,64fb6b15,05c2ca46,1,0,1,0,
Netherlands,119,118,9,05c2ca46,64fb6b15,3a7ea906,2,0,2,0,
Netherlands,120,118,9,3a7ea906,1747ea18,05c2ca46,0,0,0,0,
Netherlands,121,119,9,3a7ea906,1747ea18,05c2ca46,1,0,1,0,
Netherlands,122,120,10,05c2ca46,1747ea18,3a7ea906,1,0,1,1,run out
Nepal,1,0,0,e3386c8a,3a7ea906,dcbea954,0,0,0,0,
Nepal,2,0,0,e3386c8a,3a7ea906,dcbea954,0,0,0,0,
Nepal,3,1,0,e3386c8a,3a7ea906,dcbea954,1,0,1,0,
Nepal,4,1,0,dcbea954,3a7ea906,e3386c8a,0,0,0,0,
Nepal,5,5,0,dcbea954,3a7ea906,e3386c8a,4,0,4,0,
Nepal,6,5,0,dcbea954,3a7ea906,e3386c8a,0,0,0,0,
Nepal,7,9,0,e3386c8a,d99cc23a,dcbea954,4,0,4,0,
Nepal,8,15,0,e3386c8a,d99cc23a,dcbea954,6,0,6,0,
Nepal,9,16,0,e3386c8a,d99cc23a,dcbea954,0,1,1,0,
Nepal,10,16,0,e3386c8a,d99cc23a,dcbea954,0,0,0,0,
Nepal,11,17,0,e3386c8a,d99cc23a,dcbea954,1,0,1,0,
Nepal,12,17,0,dcbea954,d99cc23a,e3386c8a,0,0,0,0,
Nepal,13,18,0,dcbea954,d99cc23a,e3386c8a,1,0,1,0,
Nepal,14,22,0,dcbea954,3a7ea906,e3386c8a,0,4,4,0,
Nepal,15,25,0,dcbea954,3a7ea906,e3386c8a,3,0,3,0,
Nepal,16,26,0,e3386c8a,3a7ea906,dcbea954,0,1,1,0,
Nepal,17,26,1,e3386c8a,3a7ea906,dcbea954,0,0,0,1,caught
Nepal,18,27,1,1a3cc554,3a7ea906,dcbea954,1,0,1,0,
Nepal,19,27,2,dcbea954,3a7ea906,1a3cc554,0,0,0,1,bowled
Nepal,20,28,2,9811e35e,3a7ea906,1a3cc554,1,0,1,0,
Nepal,21,29,2,9811e35e,803dbf1d,1a3cc554,1,0,1,0,
Nepal,22,29,2,1a3cc554,803dbf1d,9811e35e,0,0,0,0,
Nepal,23,30,2,1a3cc554,803dbf1d,9811e35e,1,0,1,0,
Nepal,24,30,2,9811e35e,803dbf1d,1a3cc554,0,0,0,0,
Nepal,25,31,2,9811e35e,803dbf1d,1a3cc554,1,0,1,0,
Nepal,26,33,2,1a3cc554,803dbf1d,9811e35e,2,0,2,0,
Nepal,27,33,2,9811e35e,3a7ea906,1a3cc554,0,0,0,0,
Nepal,28,33,2,9811e35e,3a7ea906,1a3cc554,0,0,0,0,
Nepal,29,33,2,9811e35e,3a7ea906,1a3cc554,0,0,0,0,
Nepal,30,34,2,9811e35e,3a7ea906,1a3cc554,1,0,1,0,
Nepal,31,35,2,1a3cc554,3a7ea906,9811e35e,1,0,1,0,
Nepal,32,35,2,9811e35e,3a7ea906,1a3cc554,0,0,0,0,
Nepal,33,35,2,1a3cc554,803dbf1d,9811e35e,0,0,0,0,
Nepal,34,36,2,1a3cc554,803dbf1d,9811e35e,1,0,1,0,
Nepal,35,36,2,9811e35e,803dbf1d,1a3cc554,0,0,0,0,
Nepal,36,37,2,9811e35e,803dbf1d,1a3cc554,1,0,1,0,
Nepal,37,38,2,1a3cc554,803dbf1d,9811e35e,1,0,1,0,
Nepal,38,38,2,9811e35e,803dbf1d,1a3cc554,0,0,0,0,
Nepal,39,40,2,1a3cc554,d99cc23a,9811e35e,2,0,2,0,
Nepal,40,41,2,1a3cc554,d99cc23a,9811e35e,1,0,1,0,
Nepal,41,43,2,9811e35e,d99cc23a,1a3cc554,2,0,2,0,
Nepal,42,43,2,9811e35e,d99cc23a,1a3cc554,0,0,0,0,
Nepal,43,45,2,9811e35e,d99cc23a,1a3cc554,2,0,2,0,
Nepal,44,47,2,9811e35e,d99cc23a,1a3cc554,2,0,2,0,
Nepal,45,51,2,1a3cc554,81a0e294,9811e35e,4,0,4,0,
Nepal,46,52,2,1a3cc554,81a0e294,9811e35e,0,1,1,0,
Nepal,47,54,2,1a3cc554,81a0e294,9811e35e,2,0,2,0,
Nepal,48,55,2,1a3cc554,81a0e294,9811e35e,1,0,1,0,
Nepal,49,56,2,9811e35e,81a0e294,1a3cc554,1,0,1,0,
Nepal,50,62,2,1a3cc554,81a0e294,9811e35e,6,0,6,0,
Nepal,51,63,2,1a3cc554,81a0e294,9811e35e,1,0,1,0,
Nepal,52,64,2,1a3cc554,05c2ca46,9811e35e,1,0,1,0,
Nepal,53,65,2,9811e35e,05c2ca46,1a3cc554,0,1,1,0,
Nepal,54,65,2,9811e35e,05c2ca46,1a3cc554,0,0,0,0,
Nepal,55,71,2,9811e35e,05c2ca46,1a3cc554,6,0,6,0,
Nepal,56,72,2,9811e35e,05c2ca46,1a3cc554,1,0,1,0,
Nepal,57,72,2,1a3cc554,05c2ca46,9811e35e,0,0,0,0,
Nepal,58,73,2,1a3cc554,05c2ca46,9811e35e,1,0,1,0,
Nepal,59,74,2,1a3cc554,374bb5e7,9811e35e,1,0,1,0,
Nepal,60,74,2,9811e35e,374bb5e7,1a3cc554,0,0,0,0,
Nepal,61,75,2,9811e35e,374bb5e7,1a3cc554,1,0,1,0,
Nepal,62,76,2,1a3cc554,374bb5e7,9811e35e,1,0,1,0,
Nepal,63,78,2,9811e35e,374bb5e7,1a3cc554,2,0,2,0,
Nepal,64,79,2,9811e35e,374bb5e7,1a3cc554,0,1,1,0,
Nepal,65,83,2,9811e35e,05c2ca46,1a3cc554,4,0,4,0,
Nepal,66,84,2,9811e35e,05c2ca46,1a3cc554,1,0,1,0,
Nepal,67,84,2,1a3cc554,05c2ca46,9811e35e,0,0,0,0,
Nepal,68,84,2,1a3cc554,05c2ca46,9811e35e,0,0,0,0,
Nepal,69,85,2,1a3cc554,05c2ca46,9811e35e,1,0,1,0,
Nepal,70,85,2,9811e35e,05c2ca46,1a3cc554,0,0,0,0,
Nepal,71,87,2,1a3cc554,803dbf1d,9811e35e,2,0,2,0,
Nepal,72,88,2,1a3cc554,803dbf1d,9811e35e,0,1,1,0,
Nepal,73,89,2,9811e35e,803dbf1d,1a3cc554,1,0,1,0,
Nepal,74,93,2,1a3cc554,803dbf1d,9811e35e,4,0,4,0,
Nepal,75,94,2,1a3cc554,803dbf1d,9811e35e,1,0,1,0,
Nepal,76,95,2,9811e35e,803dbf1d,1a3cc554,1,0,1,0,
Nepal,77,99,2,9811e35e,d99cc23a,1a3cc554,4,0,4,0,
Nepal,78,101,2,9811e35e,d99cc23a,1a3cc554,1,1,2,0,
Nepal,79,102,2,1a3cc554,d99cc23a,9811e35e,1,0,1,0,
Nepal,80,104,2,9811e35e,d99cc23a,1a3cc554,2,0,2,0,
Nepal,81,104,2,9811e35e,d99cc23a,1a3cc554,0,0,0,0,
Nepal,82,105,2,9811e35e,d99cc23a,1a3cc554,1,0,1,0,
Nepal,83,107,2,1a3cc554,d99cc23a,9811e35e,2,0,2,0,
Nepal,84,108,2,9811e35e,803dbf1d,1a3cc554,1,0,1,0,
Nepal,85,112,2,1a3cc554,803dbf1d,9811e35e,4,0,4,0,
Nepal,86,113,2,1a3cc554,803dbf1d,9811e35e,1,0,1,0,
Nepal,87,113,3,9811e35e,803dbf1d,1a3cc554,0,0,0,1,bowled
Nepal,88,114,3,1747ea18,803dbf1d,1a3cc554,1,0,1,0,
Nepal,89,115,3,1a3cc554,803dbf1d,1747ea18,1,0,1,0,
Nepal,90,116,3,1a3cc554,3a7ea906,1747ea18,1,0,1,0,
Nepal,91,117,3,1747ea18,3a7ea906,1a3cc554,1,0,1,0,
Nepal,92,117,4,1a3cc554,3a7ea906,1747ea18,0,0,0,1,caught
Nepal,93,118,4,7e9f1cde,3a7ea906,1747ea18,1,0,1,0,
Nepal,94,118,4,1747ea18,3a7ea906,7e9f1cde,0,0,0,0,
Nepal,95,119,4,1747ea18,3a7ea906,7e9f1cde,1,0,1,0,
Nepal,96,120,4,1747ea18,d99cc23a,7e9f1cde,1,0,1,0,
Nepal,97,121,4,7e9f1cde,d99cc23a,1747ea18,1,0,1,0,
