batting_team,ball_number,total_team_runs,total_team_wickets,striker_ID,bowler_ID,nonstriker_ID,batter_runs,extras_runs,total_delivery_runs,wicket,wicket_type
Ghana,1,1,0,26c9b5be,16ddd36b,bc3fc527,1,0,1,0,
Ghana,2,2,0,bc3fc527,16ddd36b,26c9b5be,1,0,1,0,
Ghana,3,3,0,26c9b5be,16ddd36b,bc3fc527,1,0,1,0,
Ghana,4,3,0,bc3fc527,16ddd36b,26c9b5be,0,0,0,0,
Ghana,5,3,0,bc3fc527,16ddd36b,26c9b5be,0,0,0,0,
Ghana,6,3,0,bc3fc527,16ddd36b,26c9b5be,0,0,0,0,
Ghana,7,3,0,26c9b5be,06b387f1,bc3fc527,0,0,0,0,
Ghana,8,3,0,26c9b5be,06b387f1,bc3fc527,0,0,0,0,
Ghana,9,3,0,26c9b5be,06b387f1,bc3fc527,0,0,0,0,
Ghana,10,3,0,26c9b5be,06b387f1,bc3fc527,0,0,0,0,
Ghana,11,4,0,26c9b5be,06b387f1,bc3fc527,1,0,1,0,
Ghana,12,8,0,bc3fc527,06b387f1,26c9b5be,4,0,4,0,
Ghana,13,8,0,26c9b5be,16ddd36b,bc3fc527,0,0,0,0,
Ghana,14,8,0,26c9b5be,16ddd36b,bc3fc527,0,0,0,0,
Ghana,15,9,0,26c9b5be,16ddd36b,bc3fc527,1,0,1,0,
Ghana,16,13,0,bc3fc527,16ddd36b,26c9b5be,4,0,4,0,
Ghana,17,13,0,bc3fc527,16ddd36b,26c9b5be,0,0,0,0,
Ghana,18,14,0,bc3fc527,16ddd36b,26c9b5be,1,0,1,0,
Ghana,19,14,0,bc3fc527,06b387f1,26c9b5be,0,0,0,0,
Ghana,20,14,1,bc3fc527,06b387f1,26c9b5be,0,0,0,1,caught and bowled
Ghana,21,15,1,b38a9f73,06b387f1,26c9b5be,1,0,1,0,
Ghana,22,15,1,26c9b5be,06b387f1,b38a9f73,0,0,0,0,
Ghana,23,15,1,26c9b5be,06b387f1,b38a9f73,0,0,0,0,
Ghana,24,16,1,26c9b5be,06b387f1,b38a9f73,1,0,1,0,
Ghana,25,17,1,26c9b5be,dad64776,b38a9f73,1,0,1,0,
Ghana,26,17,1,b38a9f73,dad64776,26c9b5be,0,0,0,0,
Ghana,27,18,1,b38a9f73,dad64776,26c9b5be,1,0,1,0,
Ghana,28,18,1,26c9b5be,dad64776,b38a9f73,0,0,0,0,
Ghana,29,22,1,26c9b5be,dad64776,b38a9f73,4,0,4,0,
Ghana,30,23,1,26c9b5be,dad64776,b38a9f73,0,1,1,0,
Ghana,31,23,1,26c9b5be,dad64776,b38a9f73,0,0,0,0,
Ghana,32,23,1,b38a9f73,07e5bda2,26c9b5be,0,0,0,0,
Ghana,33,26,1,b38a9f73,07e5bda2,26c9b5be,0,3,3,0,
Ghana,34,27,1,26c9b5be,07e5bda2,b38a9f73,0,1,1,0,
Ghana,35,28,1,26c9b5be,07e5bda2,b38a9f73,1,0,1,0,
Ghana,36,28,1,b38a9f73,07e5bda2,26c9b5be,0,0,0,0,
Ghana,37,29,1,b38a9f73,07e5bda2,26c9b5be,1,0,1,0,
Ghana,38,30,1,26c9b5be,07e5bda2,b38a9f73,0,1,1,0,
Ghana,39,30,1,26c9b5be,07e5bda2,b38a9f73,0,0,0,0,
Ghana,40,31,1,b38a9f73,88a5adcf,26c9b5be,0,1,1,0,
Ghana,41,31,1,b38a9f73,88a5adcf,26c9b5be,0,0,0,0,
Ghana,42,32,1,b38a9f73,88a5adcf,26c9b5be,0,1,1,0,
Ghana,43,33,1,26c9b5be,88a5adcf,b38a9f73,0,1,1,0,
Ghana,44,34,1,26c9b5be,88a5adcf,b38a9f73,0,1,1,0,
Ghana,45,35,1,26c9b5be,88a5adcf,b38a9f73,1,0,1,0,
Ghana,46,36,1,b38a9f73,88a5adcf,26c9b5be,0,1,1,0,
Ghana,47,36,1,b38a9f73,88a5adcf,26c9b5be,0,0,0,0,
Ghana,48,36,1,b38a9f73,88a5adcf,26c9b5be,0,0,0,0,
Ghana,49,40,1,b38a9f73,88a5adcf,26c9b5be,4,0,4,0,
Ghana,50,41,1,26c9b5be,07e5bda2,b38a9f73,1,0,1,0,
Ghana,51,42,1,b38a9f73,07e5bda2,26c9b5be,0,1,1,0,
Ghana,52,42,1,b38a9f73,07e5bda2,26c9b5be,0,0,0,0,
Ghana,53,42,1,b38a9f73,07e5bda2,26c9b5be,0,0,0,0,
Ghana,54,43,1,b38a9f73,07e5bda2,26c9b5be,1,0,1,0,
Ghana,55,45,1,26c9b5be,07e5bda2,b38a9f73,2,0,2,0,
Ghana,56,46,1,26c9b5be,07e5bda2,b38a9f73,0,1,1,0,
Ghana,57,47,1,26c9b5be,07e5bda2,b38a9f73,1,0,1,0,
Ghana,58,47,1,26c9b5be,456884dd,b38a9f73,0,0,0,0,
Ghana,59,47,1,26c9b5be,456884dd,b38a9f73,0,0,0,0,
Ghana,60,48,1,26c9b5be,456884dd,b38a9f73,1,0,1,0,
Ghana,61,48,1,b38a9f73,456884dd,26c9b5be,0,0,0,0,
Ghana,62,48,1,b38a9f73,456884dd,26c9b5be,0,0,0,0,
Ghana,63,50,1,b38a9f73,456884dd,26c9b5be,2,0,2,0,
Ghana,64,52,1,26c9b5be,6bd0d89e,b38a9f73,2,0,2,0,
Ghana,65,53,1,26c9b5be,6bd0d89e,b38a9f73,1,0,1,0,
Ghana,66,53,1,b38a9f73,6bd0d89e,26c9b5be,0,0,0,0,
Ghana,67,54,1,b38a9f73,6bd0d89e,26c9b5be,1,0,1,0,
Ghana,68,54,1,26c9b5be,6bd0d89e,b38a9f73,0,0,0,0,
Ghana,69,56,1,26c9b5be,6bd0d89e,b38a9f73,2,0,2,0,
Ghana,70,57,1,b38a9f73,456884dd,26c9b5be,1,0,1,0,
Ghana,71,59,1,26c9b5be,456884dd,b38a9f73,2,0,2,0,
Ghana,72,60,1,26c9b5be,456884dd,b38a9f73,1,0,1,0,
Ghana,73,60,1,b38a9f73,456884dd,26c9b5be,0,0,0,0,
Ghana,74,60,1,b38a9f73,456884dd,26c9b5be,0,0,0,0,
Ghana,75,61,1,b38a9f73,456884dd,26c9b5be,1,0,1,0,
Ghana,76,61,2,b38a9f73,6bd0d89e,26c9b5be,0,0,0,1,bowled
Ghana,77,61,2,375322d1,6bd0d89e,26c9b5be,0,0,0,0,
Ghana,78,63,2,375322d1,6bd0d89e,26c9b5be,2,0,2,0,
Ghana,79,63,2,375322d1,6bd0d89e,26c9b5be,0,0,0,0,
Ghana,80,65,2,375322d1,6bd0d89e,26c9b5be,2,0,2,0,
Ghana,81,66,2,375322d1,6bd0d89e,26c9b5be,1,0,1,0,
Ghana,82,66,2,375322d1,456884dd,26c9b5be,0,0,0,0,
Ghana,83,67,2,375322d1,456884dd,26c9b5be,1,0,1,0,
Ghana,84,69,2,26c9b5be,456884dd,375322d1,2,0,2,0,
Ghana,85,70,2,26c9b5be,456884dd,375322d1,1,0,1,0,
Ghana,86,70,3,375322d1,456884dd,26c9b5be,0,0,0,1,caught
Ghana,87,70,3,bc69a6d3,456884dd,26c9b5be,0,0,0,0,
Ghana,88,71,3,26c9b5be,6bd0d89e,bc69a6d3,1,0,1,0,
Ghana,89,77,3,bc69a6d3,6bd0d89e,26c9b5be,6,0,6,0,
Ghana,90,81,3,bc69a6d3,6bd0d89e,26c9b5be,4,0,4,0,
Ghana,91,81,3,bc69a6d3,6bd0d89e,26c9b5be,0,0,0,0,
Ghana,92,82,3,bc69a6d3,6bd0d89e,26c9b5be,1,0,1,0,
Ghana,93,84,3,26c9b5be,6bd0d89e,bc69a6d3,2,0,2,0,
Ghana,94,86,3,bc69a6d3,456884dd,26c9b5be,2,0,2,0,
Ghana,95,87,3,bc69a6d3,456884dd,26c9b5be,1,0,1,0,
Ghana,96,87,3,26c9b5be,456884dd,bc69a6d3,0,0,0,0,
Ghana,97,88,3,26c9b5be,456884dd,bc69a6d3,1,0,1,0,
Ghana,98,88,3,bc69a6d3,456884dd,26c9b5be,0,0,0,0,
Ghana,99,88,3,bc69a6d3,456884dd,26c9b5be,0,0,0,0,
Ghana,100,88,3,26c9b5be,6bd0d89e,bc69a6d3,0,0,0,0,
Ghana,101,88,3,26c9b5be,6bd0d89e,bc69a6d3,0,0,0,0,
Ghana,102,89,3,26c9b5be,6bd0d89e,bc69a6d3,1,0,1,0,
Ghana,103,90,3,bc69a6d3,6bd0d89e,26c9b5be,0,1,1,0,
Ghana,104,92,3,26c9b5be,6bd0d89e,bc69a6d3,2,0,2,0,
Ghana,105,94,3,26c9b5be,6bd0d89e,bc69a6d3,2,0,2,0,
Ghana,106,95,3,bc69a6d3,06b387f1,26c9b5be,1,0,1,0,
Ghana,107,95,3,26c9b5be,06b387f1,bc69a6d3,0,0,0,0,
Ghana,108,96,3,26c9b5be,06b387f1,bc69a6d3,1,0,1,0,
Ghana,109,97,3,bc69a6d3,06b387f1,26c9b5be,1,0,1,0,
Ghana,110,99,3,26c9b5be,06b387f1,bc69a6d3,2,0,2,0,
Ghana,111,100,3,26c9b5be,06b387f1,bc69a6d3,1,0,1,0,
Ghana,112,101,3,26c9b5be,16ddd36b,bc69a6d3,1,0,1,0,
Ghana,113,102,3,bc69a6d3,16ddd36b,26c9b5be,1,0,1,0,
Ghana,114,103,3,26c9b5be,16ddd36b,bc69a6d3,1,0,1,0,
Ghana,115,104,3,bc69a6d3,16ddd36b,26c9b5be,0,1,1,0,
Ghana,116,105,4,bc69a6d3,16ddd36b,26c9b5be,1,0,1,1,retired hurt
Ghana,117,107,4,26c9b5be,16ddd36b,6efdad14,2,0,2,0,
Ghana,118,112,4,26c9b5be,16ddd36b,6efdad14,0,5,5,0,
Ghana,119,112,4,26c9b5be,16ddd36b,6efdad14,0,0,0,0,
Ghana,120,114,4,6efdad14,06b387f1,26c9b5be,2,0,2,0,
Ghana,121,116,4,6efdad14,06b387f1,26c9b5be,2,0,2,0,
Ghana,122,118,4,6efdad14,06b387f1,26c9b5be,2,0,2,0,
Ghana,123,120,4,6efdad14,06b387f1,26c9b5be,2,0,2,0,
Ghana,124,121,4,6efdad14,06b387f1,26c9b5be,1,0,1,0,
Ghana,125,121,4,26c9b5be,06b387f1,6efdad14,0,0,0,0,
Ghana,126,124,4,6efdad14,16ddd36b,26c9b5be,3,0,3,0,
Ghana,127,126,4,26c9b5be,16ddd36b,6efdad14,2,0,2,0,
Ghana,128,127,4,26c9b5be,16ddd36b,6efdad14,1,0,1,0,
Ghana,129,128,4,6efdad14,16ddd36b,26c9b5be,1,0,1,0,
Ghana,130,131,4,26c9b5be,16ddd36b,6efdad14,3,0,3,0,
Ghana,131,132,4,6efdad14,16ddd36b,26c9b5be,0,1,1,0,
Ghana,132,133,4,6efdad14,16ddd36b,26c9b5be,1,0,1,0,
Lesotho,1,1,0,88a5adcf,5fe3709e,3b107df5,0,1,1,0,
Lesotho,2,1,0,88a5adcf,5fe3709e,3b107df5,0,0,0,0,
Lesotho,3,2,0,88a5adcf,5fe3709e,3b107df5,0,1,1,0,
Lesotho,4,6,0,88a5adcf,5fe3709e,3b107df5,4,0,4,0,
Lesotho,5,7,0,88a5adcf,5fe3709e,3b107df5,0,1,1,0,
Lesotho,6,7,1,88a5adcf,5fe3709e,3b107df5,0,0,0,1,lbw
Lesotho,7,7,1,456884dd,5fe3709e,3b107df5,0,0,0,0,
Lesotho,8,7,1,456884dd,5fe3709e,3b107df5,0,0,0,0,
Lesotho,9,8,1,456884dd,5fe3709e,3b107df5,0,1,1,0,
Lesotho,10,8,1,456884dd,5fe3709e,3b107df5,0,0,0,0,
Lesotho,11,8,1,3b107df5,1ce4f664,456884dd,0,0,0,0,
Lesotho,12,8,1,3b107df5,1ce4f664,456884dd,0,0,0,0,
Lesotho,13,9,1,3b107df5,1ce4f664,456884dd,0,1,1,0,
Lesotho,14,10,1,3b107df5,1ce4f664,456884dd,1,0,1,0,
Lesotho,15,10,1,456884dd,1ce4f664,3b107df5,0,0,0,0,
Lesotho,16,10,1,456884dd,1ce4f664,3b107df5,0,0,0,0,
Lesotho,17,11,1,456884dd,1ce4f664,3b107df5,1,0,1,0,
Lesotho,18,11,2,456884dd,5fe3709e,3b107df5,0,0,0,1,bowled
Lesotho,19,11,3,6f14ddcb,5fe3709e,3b107df5,0,0,0,1,caught
Lesotho,20,11,3,f8279d15,5fe3709e,3b107df5,0,0,0,0,
Lesotho,21,11,3,f8279d15,5fe3709e,3b107df5,0,0,0,0,
Lesotho,22,11,3,f8279d15,5fe3709e,3b107df5,0,0,0,0,
Lesotho,23,11,3,f8279d15,5fe3709e,3b107df5,0,0,0,0,
Lesotho,24,11,3,3b107df5,1ce4f664,f8279d15,0,0,0,0,
Lesotho,25,11,4,3b107df5,1ce4f664,f8279d15,0,0,0,1,caught
Lesotho,26,11,4,70841eab,1ce4f664,f8279d15,0,0,0,0,
Lesotho,27,11,4,70841eab,1ce4f664,f8279d15,0,0,0,0,
Lesotho,28,11,4,70841eab,1ce4f664,f8279d15,0,0,0,0,
Lesotho,29,11,4,70841eab,1ce4f664,f8279d15,0,0,0,0,
Lesotho,30,11,4,f8279d15,5fe3709e,70841eab,0,0,0,0,
Lesotho,31,12,4,f8279d15,5fe3709e,70841eab,0,1,1,0,
Lesotho,32,12,4,f8279d15,5fe3709e,70841eab,0,0,0,0,
Lesotho,33,14,4,f8279d15,5fe3709e,70841eab,2,0,2,0,
Lesotho,34,14,4,f8279d15,5fe3709e,70841eab,0,0,0,0,
Lesotho,35,18,4,f8279d15,5fe3709e,70841eab,4,0,4,0,
Lesotho,36,22,4,f8279d15,5fe3709e,70841eab,4,0,4,0,
Lesotho,37,22,4,70841eab,1ce4f664,f8279d15,0,0,0,0,
Lesotho,38,22,4,70841eab,1ce4f664,f8279d15,0,0,0,0,
Lesotho,39,22,4,70841eab,1ce4f664,f8279d15,0,0,0,0,
Lesotho,40,23,4,70841eab,1ce4f664,f8279d15,1,0,1,0,
Lesotho,41,23,4,f8279d15,1ce4f664,70841eab,0,0,0,0,
Lesotho,42,24,4,f8279d15,1ce4f664,70841eab,1,0,1,0,
Lesotho,43,24,4,f8279d15,c391d077,70841eab,0,0,0,0,
Lesotho,44,24,4,f8279d15,c391d077,70841eab,0,0,0,0,
Lesotho,45,24,4,f8279d15,c391d077,70841eab,0,0,0,0,
Lesotho,46,24,4,f8279d15,c391d077,70841eab,0,0,0,0,
Lesotho,47,24,4,f8279d15,c391d077,70841eab,0,0,0,0,
Lesotho,48,24,4,f8279d15,c391d077,70841eab,0,0,0,0,
Lesotho,49,25,4,70841eab,26c9b5be,f8279d15,1,0,1,0,
Lesotho,50,25,4,f8279d15,26c9b5be,70841eab,0,0,0,0,
Lesotho,51,27,4,f8279d15,26c9b5be,70841eab,2,0,2,0,
Lesotho,52,29,4,f8279d15,26c9b5be,70841eab,2,0,2,0,
Lesotho,53,30,4,f8279d15,26c9b5be,70841eab,1,0,1,0,
Lesotho,54,30,4,70841eab,26c9b5be,f8279d15,0,0,0,0,
Lesotho,55,32,4,f8279d15,c391d077,70841eab,2,0,2,0,
Lesotho,56,36,4,f8279d15,c391d077,70841eab,4,0,4,0,
Lesotho,57,37,4,f8279d15,c391d077,70841eab,1,0,1,0,
Lesotho,58,37,4,70841eab,c391d077,f8279d15,0,0,0,0,
Lesotho,59,38,4,70841eab,c391d077,f8279d15,1,0,1,0,
Lesotho,60,42,4,f8279d15,c391d077,70841eab,4,0,4,0,
Lesotho,61,43,4,70841eab,b38a9f73,f8279d15,0,1,1,0,
Lesotho,62,43,4,70841eab,b38a9f73,f8279d15,0,0,0,0,
Lesotho,63,43,4,70841eab,b38a9f73,f8279d15,0,0,0,0,
Lesotho,64,43,4,70841eab,b38a9f73,f8279d15,0,0,0,0,
Lesotho,65,43,4,70841eab,b38a9f73,f8279d15,0,0,0,0,
Lesotho,66,43,4,70841eab,b38a9f73,f8279d15,0,0,0,0,
Lesotho,67,43,5,70841eab,b38a9f73,f8279d15,0,0,0,1,bowled
Lesotho,68,44,5,f8279d15,26c9b5be,06b387f1,0,1,1,0,
Lesotho,69,44,5,f8279d15,26c9b5be,06b387f1,0,0,0,0,
Lesotho,70,46,5,f8279d15,26c9b5be,06b387f1,2,0,2,0,
Lesotho,71,46,5,f8279d15,26c9b5be,06b387f1,0,0,0,0,
Lesotho,72,46,5,f8279d15,26c9b5be,06b387f1,0,0,0,0,
Lesotho,73,46,5,f8279d15,26c9b5be,06b387f1,0,0,0,0,
Lesotho,74,47,5,f8279d15,26c9b5be,06b387f1,1,0,1,0,
Lesotho,75,47,5,f8279d15,b38a9f73,06b387f1,0,0,0,0,
Lesotho,76,47,5,f8279d15,b38a9f73,06b387f1,0,0,0,0,
Lesotho,77,51,5,f8279d15,b38a9f73,06b387f1,4,0,4,0,
Lesotho,78,52,5,f8279d15,b38a9f73,06b387f1,1,0,1,0,
Lesotho,79,53,5,06b387f1,b38a9f73,f8279d15,1,0,1,0,
Lesotho,80,53,5,f8279d15,b38a9f73,06b387f1,0,0,0,0,
Lesotho,81,53,6,06b387f1,3c13fc3b,f8279d15,0,0,0,1,caught
Lesotho,82,53,6,07e5bda2,3c13fc3b,f8279d15,0,0,0,0,
Lesotho,83,53,6,07e5bda2,3c13fc3b,f8279d15,0,0,0,0,
Lesotho,84,53,6,07e5bda2,3c13fc3b,f8279d15,0,0,0,0,
Lesotho,85,53,6,07e5bda2,3c13fc3b,f8279d15,0,0,0,0,
Lesotho,86,53,6,07e5bda2,3c13fc3b,f8279d15,0,0,0,0,
Lesotho,87,57,6,f8279d15,26c9b5be,07e5bda2,4,0,4,0,
Lesotho,88,58,6,f8279d15,26c9b5be,07e5bda2,1,0,1,0,
Lesotho,89,58,6,07e5bda2,26c9b5be,f8279d15,0,0,0,0,
Lesotho,90,59,6,07e5bda2,26c9b5be,f8279d15,1,0,1,0,
Lesotho,91,60,6,f8279d15,26c9b5be,07e5bda2,1,0,1,0,
Lesotho,92,60,6,07e5bda2,26c9b5be,f8279d15,0,0,0,0,
Lesotho,93,60,6,f8279d15,3c13fc3b,07e5bda2,0,0,0,0,
Lesotho,94,61,6,f8279d15,3c13fc3b,07e5bda2,1,0,1,0,
Lesotho,95,62,6,07e5bda2,3c13fc3b,f8279d15,1,0,1,0,
Lesotho,96,64,6,f8279d15,3c13fc3b,07e5bda2,0,2,2,0,
Lesotho,97,64,7,f8279d15,3c13fc3b,07e5bda2,0,0,0,1,lbw
Lesotho,98,64,7,16ddd36b,3c13fc3b,07e5bda2,0,0,0,0,
Lesotho,99,65,7,07e5bda2,b38a9f73,16ddd36b,1,0,1,0,
Lesotho,100,66,7,16ddd36b,b38a9f73,07e5bda2,1,0,1,0,
Lesotho,101,67,7,07e5bda2,b38a9f73,16ddd36b,1,0,1,0,
Lesotho,102,67,7,16ddd36b,b38a9f73,07e5bda2,0,0,0,0,
Lesotho,103,68,7,16ddd36b,b38a9f73,07e5bda2,1,0,1,0,
Lesotho,104,70,7,07e5bda2,b38a9f73,16ddd36b,2,0,2,0,
Lesotho,105,70,7,16ddd36b,5fe3709e,07e5bda2,0,0,0,0,
Lesotho,106,71,7,16ddd36b,5fe3709e,07e5bda2,1,0,1,0,
Lesotho,107,71,7,07e5bda2,5fe3709e,16ddd36b,0,0,0,0,
Lesotho,108,71,7,07e5bda2,5fe3709e,16ddd36b,0,0,0,0,
Lesotho,109,71,7,07e5bda2,5fe3709e,16ddd36b,0,0,0,0,
Lesotho,110,72,7,07e5bda2,5fe3709e,16ddd36b,1,0,1,0,
Lesotho,111,72,8,07e5bda2,1ce4f664,16ddd36b,0,0,0,1,bowled
Lesotho,112,72,8,dad64776,1ce4f664,16ddd36b,0,0,0,0,
Lesotho,113,73,8,dad64776,1ce4f664,16ddd36b,0,1,1,0,
Lesotho,114,77,8,16ddd36b,1ce4f664,dad64776,4,0,4,0,
Lesotho,115,77,8,16ddd36b,1ce4f664,dad64776,0,0,0,0,
Lesotho,116,78,8,16ddd36b,1ce4f664,dad64776,1,0,1,0,
Lesotho,117,78,8,16ddd36b,3c13fc3b,dad64776,0,0,0,0,
Lesotho,118,80,8,16ddd36b,3c13fc3b,dad64776,2,0,2,0,
Lesotho,119,80,9,16ddd36b,3c13fc3b,dad64776,0,0,0,1,bowled
Lesotho,120,80,9,6bd0d89e,3c13fc3b,dad64776,0,0,0,0,
Lesotho,121,80,9,6bd0d89e,3c13fc3b,dad64776,0,0,0,0,
Lesotho,122,80,9,6bd0d89e,3c13fc3b,dad64776,0,0,0,0,
Lesotho,123,80,9,dad64776,b38a9f73,6bd0d89e,0,0,0,0,
Lesotho,124,81,9,dad64776,b38a9f73,6bd0d89e,1,0,1,0,
Lesotho,125,81,9,6bd0d89e,b38a9f73,dad64776,0,0,0,0,
Lesotho,126,83,9,6bd0d89e,b38a9f73,dad64776,2,0,2,0,
Lesotho,127,83,9,6bd0d89e,b38a9f73,dad64776,0,0,0,0,
Lesotho,128,83,10,6bd0d89e,b38a9f73,dad64776,0,0,0,1,caught
