batting_team,ball_number,total_team_runs,total_team_wickets,striker_ID,bowler_ID,nonstriker_ID,batter_runs,extras_runs,total_delivery_runs,wicket,wicket_type
Mumbai Indians,1,4,0,9c3d4e8a,72166006,d32cf49a,4,0,4,0,
Mumbai Indians,2,4,0,9c3d4e8a,72166006,d32cf49a,0,0,0,0,
Mumbai Indians,3,4,0,9c3d4e8a,72166006,d32cf49a,0,0,0,0,
Mumbai Indians,4,4,0,9c3d4e8a,72166006,d32cf49a,0,0,0,0,
Mumbai Indians,5,4,0,9c3d4e8a,72166006,d32cf49a,0,0,0,0,
Mumbai Indians,6,4,0,9c3d4e8a,72166006,d32cf49a,0,0,0,0,
Mumbai Indians,7,8,0,d32cf49a,ac56b5a7,9c3d4e8a,4,0,4,0,
Mumbai Indians,8,8,0,d32cf49a,ac56b5a7,9c3d4e8a,0,0,0,0,
Mumbai Indians,9,8,1,d32cf49a,ac56b5a7,9c3d4e8a,0,0,0,1,caught
Mumbai Indians,10,8,1,f3a18a0c,ac56b5a7,9c3d4e8a,0,0,0,0,
Mumbai Indians,11,8,1,f3a18a0c,ac56b5a7,9c3d4e8a,0,0,0,0,
Mumbai Indians,12,8,1,f3a18a0c,ac56b5a7,9c3d4e8a,0,0,0,0,
Mumbai Indians,13,8,1,9c3d4e8a,72166006,f3a18a0c,0,0,0,0,
Mumbai Indians,14,8,1,9c3d4e8a,72166006,f3a18a0c,0,0,0,0,
Mumbai Indians,15,9,1,9c3d4e8a,72166006,f3a18a0c,1,0,1,0,
Mumbai Indians,16,13,1,f3a18a0c,72166006,9c3d4e8a,4,0,4,0,
Mumbai Indians,17,13,1,f3a18a0c,72166006,9c3d4e8a,0,0,0,0,
Mumbai Indians,18,13,1,f3a18a0c,72166006,9c3d4e8a,0,0,0,0,
Mumbai Indians,19,13,1,9c3d4e8a,ac56b5a7,f3a18a0c,0,0,0,0,
Mumbai Indians,20,13,1,9c3d4e8a,ac56b5a7,f3a18a0c,0,0,0,0,
Mumbai Indians,21,17,1,9c3d4e8a,ac56b5a7,f3a18a0c,4,0,4,0,
Mumbai Indians,22,17,2,9c3d4e8a,ac56b5a7,f3a18a0c,0,0,0,1,caught
Mumbai Indians,23,17,2,53cd8da6,ac56b5a7,f3a18a0c,0,0,0,0,
Mumbai Indians,24,17,2,53cd8da6,ac56b5a7,f3a18a0c,0,0,0,0,
Mumbai Indians,25,21,2,f3a18a0c,72166006,53cd8da6,4,0,4,0,
Mumbai Indians,26,22,2,f3a18a0c,72166006,53cd8da6,1,0,1,0,
Mumbai Indians,27,23,2,53cd8da6,72166006,f3a18a0c,1,0,1,0,
Mumbai Indians,28,24,2,f3a18a0c,72166006,53cd8da6,1,0,1,0,
Mumbai Indians,29,25,2,53cd8da6,72166006,f3a18a0c,1,0,1,0,
Mumbai Indians,30,26,2,f3a18a0c,72166006,53cd8da6,1,0,1,0,
Mumbai Indians,31,30,2,f3a18a0c,237ec05b,53cd8da6,4,0,4,0,
Mumbai Indians,32,34,2,f3a18a0c,237ec05b,53cd8da6,4,0,4,0,
Mumbai Indians,33,35,2,f3a18a0c,237ec05b,53cd8da6,1,0,1,0,
Mumbai Indians,34,35,2,53cd8da6,237ec05b,f3a18a0c,0,0,0,0,
Mumbai Indians,35,36,2,53cd8da6,237ec05b,f3a18a0c,1,0,1,0,
Mumbai Indians,36,37,2,f3a18a0c,237ec05b,53cd8da6,1,0,1,0,
Mumbai Indians,37,41,2,f3a18a0c,cdb82f1c,53cd8da6,4,0,4,0,
Mumbai Indians,38,41,2,f3a18a0c,cdb82f1c,53cd8da6,0,0,0,0,
Mumbai Indians,39,42,2,f3a18a0c,cdb82f1c,53cd8da6,1,0,1,0,
Mumbai Indians,40,42,2,53cd8da6,cdb82f1c,f3a18a0c,0,0,0,0,
Mumbai Indians,41,42,2,53cd8da6,cdb82f1c,f3a18a0c,0,0,0,0,
Mumbai Indians,42,42,2,53cd8da6,cdb82f1c,f3a18a0c,0,0,0,0,
Mumbai Indians,43,43,2,f3a18a0c,201fef33,53cd8da6,1,0,1,0,
Mumbai Indians,44,44,2,53cd8da6,201fef33,f3a18a0c,1,0,1,0,
Mumbai Indians,45,45,2,f3a18a0c,201fef33,53cd8da6,1,0,1,0,
Mumbai Indians,46,45,2,53cd8da6,201fef33,f3a18a0c,0,0,0,0,
Mumbai Indians,47,46,2,53cd8da6,201fef33,f3a18a0c,1,0,1,0,
Mumbai Indians,48,47,2,f3a18a0c,201fef33,53cd8da6,1,0,1,0,
Mumbai Indians,49,48,2,f3a18a0c,7d794fa6,53cd8da6,1,0,1,0,
Mumbai Indians,50,52,2,53cd8da6,7d794fa6,f3a18a0c,4,0,4,0,
Mumbai Indians,51,52,2,53cd8da6,7d794fa6,f3a18a0c,0,0,0,0,
Mumbai Indians,52,53,2,53cd8da6,7d794fa6,f3a18a0c,1,0,1,0,
Mumbai Indians,53,57,2,f3a18a0c,7d794fa6,53cd8da6,4,0,4,0,
Mumbai Indians,54,57,2,f3a18a0c,7d794fa6,53cd8da6,0,0,0,0,
Mumbai Indians,55,61,2,53cd8da6,cdb82f1c,f3a18a0c,4,0,4,0,
Mumbai Indians,56,62,2,53cd8da6,cdb82f1c,f3a18a0c,1,0,1,0,
Mumbai Indians,57,63,2,f3a18a0c,cdb82f1c,53cd8da6,1,0,1,0,
Mumbai Indians,58,63,2,53cd8da6,cdb82f1c,f3a18a0c,0,0,0,0,
Mumbai Indians,59,64,2,53cd8da6,cdb82f1c,f3a18a0c,1,0,1,0,
Mumbai Indians,60,64,2,f3a18a0c,cdb82f1c,53cd8da6,0,0,0,0,
Mumbai Indians,61,65,2,53cd8da6,201fef33,f3a18a0c,0,1,1,0,
Mumbai Indians,62,65,2,f3a18a0c,201fef33,53cd8da6,0,0,0,0,
Mumbai Indians,63,69,2,f3a18a0c,201fef33,53cd8da6,4,0,4,0,
Mumbai Indians,64,70,2,f3a18a0c,201fef33,53cd8da6,1,0,1,0,
Mumbai Indians,65,71,2,53cd8da6,201fef33,f3a18a0c,1,0,1,0,
Mumbai Indians,66,72,2,f3a18a0c,201fef33,53cd8da6,1,0,1,0,
Mumbai Indians,67,76,2,f3a18a0c,237ec05b,53cd8da6,4,0,4,0,
Mumbai Indians,68,76,3,f3a18a0c,237ec05b,53cd8da6,0,0,0,1,bowled
Mumbai Indians,69,76,3,7673c908,237ec05b,53cd8da6,0,0,0,0,
Mumbai Indians,70,80,3,7673c908,237ec05b,53cd8da6,4,0,4,0,
Mumbai Indians,71,81,3,7673c908,237ec05b,53cd8da6,1,0,1,0,
Mumbai Indians,72,82,3,53cd8da6,237ec05b,7673c908,1,0,1,0,
Mumbai Indians,73,83,3,53cd8da6,ac56b5a7,7673c908,1,0,1,0,
Mumbai Indians,74,84,3,7673c908,ac56b5a7,53cd8da6,1,0,1,0,
Mumbai Indians,75,85,3,53cd8da6,ac56b5a7,7673c908,1,0,1,0,
Mumbai Indians,76,86,3,7673c908,ac56b5a7,53cd8da6,1,0,1,0,
Mumbai Indians,77,87,3,53cd8da6,ac56b5a7,7673c908,1,0,1,0,
Mumbai Indians,78,91,3,7673c908,ac56b5a7,53cd8da6,4,0,4,0,
Mumbai Indians,79,95,3,53cd8da6,237ec05b,7673c908,4,0,4,0,
Mumbai Indians,80,96,3,53cd8da6,237ec05b,7673c908,1,0,1,0,
Mumbai Indians,81,96,3,7673c908,237ec05b,53cd8da6,0,0,0,0,
Mumbai Indians,82,97,3,7673c908,237ec05b,53cd8da6,1,0,1,0,
Mumbai Indians,83,103,3,53cd8da6,237ec05b,7673c908,6,0,6,0,
Mumbai Indians,84,104,3,53cd8da6,237ec05b,7673c908,1,0,1,0,
Mumbai Indians,85,104,4,53cd8da6,7d794fa6,7673c908,0,0,0,1,bowled
Mumbai Indians,86,106,4,9565fda6,7d794fa6,7673c908,2,0,2,0,
Mumbai Indians,87,107,4,9565fda6,7d794fa6,7673c908,1,0,1,0,
Mumbai Indians,88,108,4,7673c908,7d794fa6,9565fda6,1,0,1,0,
Mumbai Indians,89,109,4,9565fda6,7d794fa6,7673c908,1,0,1,0,
Mumbai Indians,90,113,4,7673c908,7d794fa6,9565fda6,4,0,4,0,
Mumbai Indians,91,116,4,9565fda6,201fef33,7673c908,3,0,3,0,
Mumbai Indians,92,117,4,7673c908,201fef33,9565fda6,1,0,1,0,
Mumbai Indians,93,117,4,9565fda6,201fef33,7673c908,0,0,0,0,
Mumbai Indians,94,117,5,9565fda6,201fef33,7673c908,0,0,0,1,caught
Mumbai Indians,95,118,5,a4dcac97,201fef33,7673c908,1,0,1,0,
Mumbai Indians,96,122,5,7673c908,201fef33,a4dcac97,4,0,4,0,
Mumbai Indians,97,126,5,a4dcac97,ac56b5a7,7673c908,4,0,4,0,
Mumbai Indians,98,126,5,a4dcac97,ac56b5a7,7673c908,0,0,0,0,
Mumbai Indians,99,127,5,a4dcac97,ac56b5a7,7673c908,1,0,1,0,
Mumbai Indians,100,127,5,7673c908,ac56b5a7,a4dcac97,0,0,0,0,
Mumbai Indians,101,131,5,7673c908,ac56b5a7,a4dcac97,4,0,4,0,
Mumbai Indians,102,132,5,7673c908,ac56b5a7,a4dcac97,1,0,1,0,
Mumbai Indians,103,136,5,7673c908,cdb82f1c,a4dcac97,4,0,4,0,
Mumbai Indians,104,136,5,7673c908,cdb82f1c,a4dcac97,0,0,0,0,
Mumbai Indians,105,138,5,7673c908,cdb82f1c,a4dcac97,2,0,2,0,
Mumbai Indians,106,139,5,7673c908,cdb82f1c,a4dcac97,1,0,1,0,
Mumbai Indians,107,139,5,a4dcac97,cdb82f1c,7673c908,0,0,0,0,
Mumbai Indians,108,139,5,a4dcac97,cdb82f1c,7673c908,0,0,0,0,
Mumbai Indians,109,141,5,7673c908,201fef33,a4dcac97,2,0,2,0,
Mumbai Indians,110,142,5,7673c908,201fef33,a4dcac97,1,0,1,0,
Mumbai Indians,111,143,5,a4dcac97,201fef33,7673c908,1,0,1,0,
Mumbai Indians,112,144,5,7673c908,201fef33,a4dcac97,1,0,1,0,
Mumbai Indians,113,148,5,a4dcac97,201fef33,7673c908,4,0,4,0,
Mumbai Indians,114,149,5,a4dcac97,201fef33,7673c908,1,0,1,0,
Mumbai Indians,115,150,5,a4dcac97,cdb82f1c,7673c908,1,0,1,0,
Mumbai Indians,116,151,5,7673c908,cdb82f1c,a4dcac97,1,0,1,0,
Mumbai Indians,117,151,5,a4dcac97,cdb82f1c,7673c908,0,0,0,0,
Mumbai Indians,118,155,5,a4dcac97,cdb82f1c,7673c908,4,0,4,0,
Mumbai Indians,119,159,5,a4dcac97,cdb82f1c,7673c908,4,0,4,0,
Mumbai Indians,120,160,6,a4dcac97,cdb82f1c,7673c908,1,0,1,1,run out
UP Warriorz,1,0,0,321644de,108c4c09,617a0b79,0,0,0,0,
UP Warriorz,2,1,0,321644de,108c4c09,617a0b79,1,0,1,0,
UP Warriorz,3,1,0,617a0b79,108c4c09,321644de,0,0,0,0,
UP Warriorz,4,1,0,617a0b79,108c4c09,321644de,0,0,0,0,
UP Warriorz,5,2,0,617a0b79,108c4c09,321644de,0,1,1,0,
UP Warriorz,6,2,0,617a0b79,108c4c09,321644de,0,0,0,0,
UP Warriorz,7,3,0,617a0b79,108c4c09,321644de,0,1,1,0,
UP Warriorz,8,3,0,617a0b79,f2c1f0e5,321644de,0,0,0,0,
UP Warriorz,9,9,0,617a0b79,f2c1f0e5,321644de,6,0,6,0,
UP Warriorz,10,10,0,617a0b79,f2c1f0e5,321644de,1,0,1,0,
UP Warriorz,11,11,0,321644de,f2c1f0e5,617a0b79,1,0,1,0,
UP Warriorz,12,11,1,617a0b79,f2c1f0e5,321644de,0,0,0,1,bowled
UP Warriorz,13,11,1,ac56b5a7,f2c1f0e5,321644de,0,0,0,0,
UP Warriorz,14,11,1,321644de,108c4c09,ac56b5a7,0,0,0,0,
UP Warriorz,15,11,1,321644de,108c4c09,ac56b5a7,0,0,0,0,
UP Warriorz,16,12,1,321644de,108c4c09,ac56b5a7,1,0,1,0,
UP Warriorz,17,13,1,ac56b5a7,108c4c09,321644de,1,0,1,0,
UP Warriorz,18,13,1,321644de,108c4c09,ac56b5a7,0,0,0,0,
UP Warriorz,19,13,1,321644de,108c4c09,ac56b5a7,0,0,0,0,
UP Warriorz,20,15,1,ac56b5a7,d32cf49a,321644de,2,0,2,0,
UP Warriorz,21,15,1,ac56b5a7,d32cf49a,321644de,0,0,0,0,
UP Warriorz,22,15,2,ac56b5a7,d32cf49a,321644de,0,0,0,1,caught
UP Warriorz,23,15,2,72166006,d32cf49a,321644de,0,0,0,0,
UP Warriorz,24,15,2,72166006,d32cf49a,321644de,0,0,0,0,
UP Warriorz,25,15,2,72166006,d32cf49a,321644de,0,0,0,0,
UP Warriorz,26,15,3,321644de,108c4c09,72166006,0,0,0,1,bowled
UP Warriorz,27,16,3,201fef33,108c4c09,72166006,1,0,1,0,
UP Warriorz,28,16,3,72166006,108c4c09,201fef33,0,0,0,0,
UP Warriorz,29,16,3,72166006,108c4c09,201fef33,0,0,0,0,
UP Warriorz,30,16,3,72166006,108c4c09,201fef33,0,0,0,0,
UP Warriorz,31,16,3,72166006,108c4c09,201fef33,0,0,0,0,
UP Warriorz,32,16,3,201fef33,d32cf49a,72166006,0,0,0,0,
UP Warriorz,33,17,3,201fef33,d32cf49a,72166006,1,0,1,0,
UP Warriorz,34,17,3,72166006,d32cf49a,201fef33,0,0,0,0,
UP Warriorz,35,17,3,72166006,d32cf49a,201fef33,0,0,0,0,
UP Warriorz,36,17,3,72166006,d32cf49a,201fef33,0,0,0,0,
UP Warriorz,37,17,3,72166006,d32cf49a,201fef33,0,0,0,0,
UP Warriorz,38,17,3,201fef33,108c4c09,72166006,0,0,0,0,
UP Warriorz,39,17,3,201fef33,108c4c09,72166006,0,0,0,0,
UP Warriorz,40,18,3,201fef33,108c4c09,72166006,1,0,1,0,
UP Warriorz,41,18,3,72166006,108c4c09,201fef33,0,0,0,0,
UP Warriorz,42,18,3,72166006,108c4c09,201fef33,0,0,0,0,
UP Warriorz,43,18,3,72166006,108c4c09,201fef33,0,0,0,0,
UP Warriorz,44,19,3,201fef33,d32cf49a,72166006,1,0,1,0,
UP Warriorz,45,25,3,72166006,d32cf49a,201fef33,6,0,6,0,
UP Warriorz,46,26,3,72166006,d32cf49a,201fef33,1,0,1,0,
UP Warriorz,47,27,3,201fef33,d32cf49a,72166006,1,0,1,0,
UP Warriorz,48,28,3,72166006,d32cf49a,201fef33,1,0,1,0,
UP Warriorz,49,29,3,201fef33,d32cf49a,72166006,1,0,1,0,
UP Warriorz,50,30,3,201fef33,8026ea72,72166006,1,0,1,0,
UP Warriorz,51,30,3,72166006,8026ea72,201fef33,0,0,0,0,
UP Warriorz,52,30,3,72166006,8026ea72,201fef33,0,0,0,0,
UP Warriorz,53,30,3,72166006,8026ea72,201fef33,0,0,0,0,
UP Warriorz,54,31,3,72166006,8026ea72,201fef33,1,0,1,0,
UP Warriorz,55,35,3,201fef33,8026ea72,72166006,4,0,4,0,
UP Warriorz,56,41,3,72166006,f2c1f0e5,201fef33,6,0,6,0,
UP Warriorz,57,41,4,72166006,f2c1f0e5,201fef33,0,0,0,1,bowled
UP Warriorz,58,41,4,0e9d4094,f2c1f0e5,201fef33,0,0,0,0,
UP Warriorz,59,41,4,0e9d4094,f2c1f0e5,201fef33,0,0,0,0,
UP Warriorz,60,42,4,0e9d4094,f2c1f0e5,201fef33,1,0,1,0,
UP Warriorz,61,42,4,201fef33,f2c1f0e5,0e9d4094,0,0,0,0,
UP Warriorz,62,42,4,0e9d4094,f3a18a0c,201fef33,0,0,0,0,
UP Warriorz,63,42,4,0e9d4094,f3a18a0c,201fef33,0,0,0,0,
UP Warriorz,64,48,4,0e9d4094,f3a18a0c,201fef33,6,0,6,0,
UP Warriorz,65,49,4,0e9d4094,f3a18a0c,201fef33,1,0,1,0,
UP Warriorz,66,49,4,201fef33,f3a18a0c,0e9d4094,0,0,0,0,
UP Warriorz,67,49,4,201fef33,f3a18a0c,0e9d4094,0,0,0,0,
UP Warriorz,68,53,4,0e9d4094,7673c908,201fef33,4,0,4,0,
UP Warriorz,69,53,4,0e9d4094,7673c908,201fef33,0,0,0,0,
UP Warriorz,70,53,4,0e9d4094,7673c908,201fef33,0,0,0,0,
UP Warriorz,71,57,4,0e9d4094,7673c908,201fef33,4,0,4,0,
UP Warriorz,72,57,4,0e9d4094,7673c908,201fef33,0,0,0,0,
UP Warriorz,73,58,4,0e9d4094,7673c908,201fef33,1,0,1,0,
UP Warriorz,74,58,4,0e9d4094,8026ea72,201fef33,0,0,0,0,
UP Warriorz,75,58,5,0e9d4094,8026ea72,201fef33,0,0,0,1,bowled
UP Warriorz,76,58,5,53707c8c,8026ea72,201fef33,0,0,0,0,
UP Warriorz,77,58,5,53707c8c,8026ea72,201fef33,0,0,0,0,
UP Warriorz,78,59,5,53707c8c,8026ea72,201fef33,1,0,1,0,
UP Warriorz,79,60,5,201fef33,8026ea72,53707c8c,1,0,1,0,
UP Warriorz,80,61,5,201fef33,d32cf49a,53707c8c,1,0,1,0,
UP Warriorz,81,61,5,53707c8c,d32cf49a,201fef33,0,0,0,0,
UP Warriorz,82,62,5,53707c8c,d32cf49a,201fef33,1,0,1,0,
UP Warriorz,83,63,5,201fef33,d32cf49a,53707c8c,1,0,1,0,
UP Warriorz,84,67,5,53707c8c,d32cf49a,201fef33,4,0,4,0,
UP Warriorz,85,68,5,53707c8c,d32cf49a,201fef33,1,0,1,0,
UP Warriorz,86,68,5,53707c8c,f3a18a0c,201fef33,0,0,0,0,
UP Warriorz,87,69,5,53707c8c,f3a18a0c,201fef33,0,1,1,0,
UP Warriorz,88,69,5,53707c8c,f3a18a0c,201fef33,0,0,0,0,
UP Warriorz,89,69,6,53707c8c,f3a18a0c,201fef33,0,0,0,1,bowled
UP Warriorz,90,69,7,cdb82f1c,f3a18a0c,201fef33,0,0,0,1,caught
UP Warriorz,91,71,7,8f8f94fd,f3a18a0c,201fef33,2,0,2,0,
UP Warriorz,92,75,7,8f8f94fd,f3a18a0c,201fef33,4,0,4,0,
UP Warriorz,93,75,7,201fef33,f2c1f0e5,8f8f94fd,0,0,0,0,
UP Warriorz,94,79,7,201fef33,f2c1f0e5,8f8f94fd,4,0,4,0,
UP Warriorz,95,83,7,201fef33,f2c1f0e5,8f8f94fd,4,0,4,0,
UP Warriorz,96,84,7,201fef33,f2c1f0e5,8f8f94fd,1,0,1,0,
UP Warriorz,97,84,7,8f8f94fd,f2c1f0e5,201fef33,0,0,0,0,
UP Warriorz,98,84,7,8f8f94fd,f2c1f0e5,201fef33,0,0,0,0,
UP Warriorz,99,84,7,201fef33,9565fda6,8f8f94fd,0,0,0,0,
UP Warriorz,100,84,7,201fef33,9565fda6,8f8f94fd,0,0,0,0,
UP Warriorz,101,84,7,201fef33,9565fda6,8f8f94fd,0,0,0,0,
UP Warriorz,102,88,7,201fef33,9565fda6,8f8f94fd,4,0,4,0,
UP Warriorz,103,89,7,201fef33,9565fda6,8f8f94fd,1,0,1,0,
UP Warriorz,104,89,7,8f8f94fd,9565fda6,201fef33,0,0,0,0,
UP Warriorz,105,90,7,201fef33,7673c908,8f8f94fd,0,1,1,0,
UP Warriorz,106,94,7,201fef33,7673c908,8f8f94fd,4,0,4,0,
UP Warriorz,107,94,7,201fef33,7673c908,8f8f94fd,0,0,0,0,
UP Warriorz,108,95,7,201fef33,7673c908,8f8f94fd,1,0,1,0,
UP Warriorz,109,96,7,8f8f94fd,7673c908,201fef33,1,0,1,0,
UP Warriorz,110,102,7,201fef33,7673c908,8f8f94fd,6,0,6,0,
UP Warriorz,111,103,7,201fef33,7673c908,8f8f94fd,1,0,1,0,
UP Warriorz,112,104,7,201fef33,f2c1f0e5,8f8f94fd,1,0,1,0,
UP Warriorz,113,104,7,8f8f94fd,f2c1f0e5,201fef33,0,0,0,0,
UP Warriorz,114,104,7,8f8f94fd,f2c1f0e5,201fef33,0,0,0,0,
UP Warriorz,115,105,7,8f8f94fd,f2c1f0e5,201fef33,1,0,1,0,
UP Warriorz,116,106,7,201fef33,f2c1f0e5,8f8f94fd,1,0,1,0,
UP Warriorz,117,106,8,8f8f94fd,f2c1f0e5,201fef33,0,0,0,1,caught
UP Warriorz,118,107,8,201fef33,a4dcac97,7d794fa6,1,0,1,0,
UP Warriorz,119,107,9,7d794fa6,a4dcac97,201fef33,0,0,0,1,caught
UP Warriorz,120,107,9,237ec05b,a4dcac97,201fef33,0,0,0,0,
UP Warriorz,121,108,9,237ec05b,a4dcac97,201fef33,1,0,1,0,
UP Warriorz,122,112,9,201fef33,a4dcac97,237ec05b,4,0,4,0,
UP Warriorz,123,118,9,201fef33,a4dcac97,237ec05b,6,0,6,0,
