batting_team,ball_number,total_team_runs,total_team_wickets,striker_ID,bowler_ID,nonstriker_ID,batter_runs,extras_runs,total_delivery_runs,wicket,wicket_type
United Arab Emirates,1,1,0,fdc6b34d,36dfa62e,ee3dcb3f,1,0,1,0,
United Arab Emirates,2,2,0,ee3dcb3f,36dfa62e,fdc6b34d,1,0,1,0,
United Arab Emirates,3,3,0,fdc6b34d,36dfa62e,ee3dcb3f,1,0,1,0,
United Arab Emirates,4,7,0,ee3dcb3f,36dfa62e,fdc6b34d,4,0,4,0,
United Arab Emirates,5,11,0,ee3dcb3f,36dfa62e,fdc6b34d,4,0,4,0,
United Arab Emirates,6,12,0,ee3dcb3f,36dfa62e,fdc6b34d,1,0,1,0,
United Arab Emirates,7,12,0,ee3dcb3f,8d25271a,fdc6b34d,0,0,0,0,
United Arab Emirates,8,16,0,ee3dcb3f,8d25271a,fdc6b34d,4,0,4,0,
United Arab Emirates,9,16,0,ee3dcb3f,8d25271a,fdc6b34d,0,0,0,0,
United Arab Emirates,10,20,0,ee3dcb3f,8d25271a,fdc6b34d,4,0,4,0,
United Arab Emirates,11,24,0,ee3dcb3f,8d25271a,fdc6b34d,4,0,4,0,
United Arab Emirates,12,24,0,ee3dcb3f,8d25271a,fdc6b34d,0,0,0,0,
United Arab Emirates,13,25,0,fdc6b34d,1ba50005,ee3dcb3f,0,1,1,0,
United Arab Emirates,14,29,0,ee3dcb3f,1ba50005,fdc6b34d,4,0,4,0,
United Arab Emirates,15,31,0,ee3dcb3f,1ba50005,fdc6b34d,2,0,2,0,
United Arab Emirates,16,31,0,ee3dcb3f,1ba50005,fdc6b34d,0,0,0,0,
United Arab Emirates,17,31,0,ee3dcb3f,1ba50005,fdc6b34d,0,0,0,0,
United Arab Emirates,18,31,0,ee3dcb3f,1ba50005,fdc6b34d,0,0,0,0,
United Arab Emirates,19,31,0,fdc6b34d,37f9eb59,ee3dcb3f,0,0,0,0,
United Arab Emirates,20,33,0,fdc6b34d,37f9eb59,ee3dcb3f,2,0,2,0,
United Arab Emirates,21,33,0,fdc6b34d,37f9eb59,ee3dcb3f,0,0,0,0,
United Arab Emirates,22,33,0,fdc6b34d,37f9eb59,ee3dcb3f,0,0,0,0,
United Arab Emirates,23,33,0,fdc6b34d,37f9eb59,ee3dcb3f,0,0,0,0,
United Arab Emirates,24,34,0,fdc6b34d,37f9eb59,ee3dcb3f,1,0,1,0,
United Arab Emirates,25,36,0,fdc6b34d,1ba50005,ee3dcb3f,2,0,2,0,
United Arab Emirates,26,36,0,fdc6b34d,1ba50005,ee3dcb3f,0,0,0,0,
United Arab Emirates,27,36,0,fdc6b34d,1ba50005,ee3dcb3f,0,0,0,0,
United Arab Emirates,28,36,0,fdc6b34d,1ba50005,ee3dcb3f,0,0,0,0,
United Arab Emirates,29,36,0,fdc6b34d,1ba50005,ee3dcb3f,0,0,0,0,
United Arab Emirates,30,40,0,fdc6b34d,1ba50005,ee3dcb3f,4,0,4,0,
United Arab Emirates,31,42,0,ee3dcb3f,37f9eb59,fdc6b34d,2,0,2,0,
United Arab Emirates,32,42,0,ee3dcb3f,37f9eb59,fdc6b34d,0,0,0,0,
United Arab Emirates,33,42,1,ee3dcb3f,37f9eb59,fdc6b34d,0,0,0,1,caught
United Arab Emirates,34,43,1,36ba7f0b,37f9eb59,fdc6b34d,1,0,1,0,
United Arab Emirates,35,43,1,fdc6b34d,37f9eb59,36ba7f0b,0,0,0,0,
United Arab Emirates,36,43,1,fdc6b34d,37f9eb59,36ba7f0b,0,0,0,0,
United Arab Emirates,37,43,2,36ba7f0b,5f311f1a,fdc6b34d,0,0,0,1,bowled
United Arab Emirates,38,43,2,f537d39c,5f311f1a,fdc6b34d,0,0,0,0,
United Arab Emirates,39,43,2,f537d39c,5f311f1a,fdc6b34d,0,0,0,0,
United Arab Emirates,40,43,2,f537d39c,5f311f1a,fdc6b34d,0,0,0,0,
United Arab Emirates,41,43,3,f537d39c,5f311f1a,fdc6b34d,0,0,0,1,caught
United Arab Emirates,42,43,3,5bb904d4,5f311f1a,fdc6b34d,0,0,0,0,
United Arab Emirates,43,44,3,fdc6b34d,8d25271a,5bb904d4,0,1,1,0,
United Arab Emirates,44,44,3,fdc6b34d,8d25271a,5bb904d4,0,0,0,0,
United Arab Emirates,45,49,3,fdc6b34d,8d25271a,5bb904d4,0,5,5,0,
United Arab Emirates,46,51,3,fdc6b34d,8d25271a,5bb904d4,2,0,2,0,
United Arab Emirates,47,55,3,fdc6b34d,8d25271a,5bb904d4,4,0,4,0,
United Arab Emirates,48,56,3,fdc6b34d,8d25271a,5bb904d4,0,1,1,0,
United Arab Emirates,49,60,3,fdc6b34d,8d25271a,5bb904d4,4,0,4,0,
United Arab Emirates,50,60,3,fdc6b34d,8d25271a,5bb904d4,0,0,0,0,
United Arab Emirates,51,61,3,fdc6b34d,8d25271a,5bb904d4,1,0,1,0,
United Arab Emirates,52,61,3,fdc6b34d,5f311f1a,5bb904d4,0,0,0,0,
United Arab Emirates,53,62,3,fdc6b34d,5f311f1a,5bb904d4,1,0,1,0,
United Arab Emirates,54,63,3,5bb904d4,5f311f1a,fdc6b34d,0,1,1,0,
United Arab Emirates,55,64,3,5bb904d4,5f311f1a,fdc6b34d,1,0,1,0,
United Arab Emirates,56,64,3,fdc6b34d,5f311f1a,5bb904d4,0,0,0,0,
United Arab Emirates,57,65,3,fdc6b34d,5f311f1a,5bb904d4,0,1,1,0,
United Arab Emirates,58,65,3,5bb904d4,5f311f1a,fdc6b34d,0,0,0,0,
United Arab Emirates,59,65,3,fdc6b34d,67a9fe72,5bb904d4,0,0,0,0,
United Arab Emirates,60,65,3,fdc6b34d,67a9fe72,5bb904d4,0,0,0,0,
United Arab Emirates,61,65,3,fdc6b34d,67a9fe72,5bb904d4,0,0,0,0,
United Arab Emirates,62,71,3,fdc6b34d,67a9fe72,5bb904d4,6,0,6,0,
United Arab Emirates,63,72,3,fdc6b34d,67a9fe72,5bb904d4,1,0,1,0,
United Arab Emirates,64,73,3,5bb904d4,67a9fe72,fdc6b34d,1,0,1,0,
United Arab Emirates,65,73,3,5bb904d4,36dfa62e,fdc6b34d,0,0,0,0,
United Arab Emirates,66,74,3,5bb904d4,36dfa62e,fdc6b34d,1,0,1,0,
United Arab Emirates,67,74,3,fdc6b34d,36dfa62e,5bb904d4,0,0,0,0,
United Arab Emirates,68,74,3,fdc6b34d,36dfa62e,5bb904d4,0,0,0,0,
United Arab Emirates,69,74,3,fdc6b34d,36dfa62e,5bb904d4,0,0,0,0,
United Arab Emirates,70,78,3,fdc6b34d,36dfa62e,5bb904d4,4,0,4,0,
United Arab Emirates,71,79,3,5bb904d4,8a522c6c,fdc6b34d,1,0,1,0,
United Arab Emirates,72,79,3,fdc6b34d,8a522c6c,5bb904d4,0,0,0,0,
United Arab Emirates,73,79,4,fdc6b34d,8a522c6c,5bb904d4,0,0,0,1,caught
United Arab Emirates,74,81,4,f8b50da3,8a522c6c,5bb904d4,2,0,2,0,
United Arab Emirates,75,81,4,f8b50da3,8a522c6c,5bb904d4,0,0,0,0,
United Arab Emirates,76,81,4,f8b50da3,8a522c6c,5bb904d4,0,0,0,0,
United Arab Emirates,77,81,4,5bb904d4,36dfa62e,f8b50da3,0,0,0,0,
United Arab Emirates,78,82,4,5bb904d4,36dfa62e,f8b50da3,1,0,1,0,
United Arab Emirates,79,83,4,f8b50da3,36dfa62e,5bb904d4,1,0,1,0,
United Arab Emirates,80,83,5,5bb904d4,36dfa62e,f8b50da3,0,0,0,1,caught
United Arab Emirates,81,83,5,b5b21b1d,36dfa62e,f8b50da3,0,0,0,0,
United Arab Emirates,82,83,5,b5b21b1d,36dfa62e,f8b50da3,0,0,0,0,
United Arab Emirates,83,83,6,f8b50da3,8a522c6c,b5b21b1d,0,0,0,1,lbw
United Arab Emirates,84,83,6,aea89d48,8a522c6c,b5b21b1d,0,0,0,0,
United Arab Emirates,85,84,6,aea89d48,8a522c6c,b5b21b1d,0,1,1,0,
United Arab Emirates,86,85,6,aea89d48,8a522c6c,b5b21b1d,1,0,1,0,
United Arab Emirates,87,85,6,b5b21b1d,8a522c6c,aea89d48,0,0,0,0,
United Arab Emirates,88,85,6,b5b21b1d,8a522c6c,aea89d48,0,0,0,0,
United Arab Emirates,89,86,6,b5b21b1d,8a522c6c,aea89d48,1,0,1,0,
United Arab Emirates,90,86,6,b5b21b1d,5f311f1a,aea89d48,0,0,0,0,
United Arab Emirates,91,86,6,b5b21b1d,5f311f1a,aea89d48,0,0,0,0,
United Arab Emirates,92,88,6,b5b21b1d,5f311f1a,aea89d48,2,0,2,0,
United Arab Emirates,93,89,6,b5b21b1d,5f311f1a,aea89d48,1,0,1,0,
United Arab Emirates,94,89,7,aea89d48,5f311f1a,b5b21b1d,0,0,0,1,bowled
United Arab Emirates,95,89,8,31c56f40,5f311f1a,b5b21b1d,0,0,0,1,hit wicket
United Arab Emirates,96,89,8,b5b21b1d,8a522c6c,9f87d0f0,0,0,0,0,
United Arab Emirates,97,89,8,b5b21b1d,8a522c6c,9f87d0f0,0,0,0,0,
United Arab Emirates,98,90,8,b5b21b1d,8a522c6c,9f87d0f0,1,0,1,0,
United Arab Emirates,99,90,8,9f87d0f0,8a522c6c,b5b21b1d,0,0,0,0,
United Arab Emirates,100,92,8,9f87d0f0,8a522c6c,b5b21b1d,2,0,2,0,
United Arab Emirates,101,92,9,9f87d0f0,8a522c6c,b5b21b1d,0,0,0,1,caught
United Arab Emirates,102,93,9,b5b21b1d,5f311f1a,b245cd8b,1,0,1,0,
United Arab Emirates,103,93,9,b245cd8b,5f311f1a,b5b21b1d,0,0,0,0,
United Arab Emirates,104,93,9,b245cd8b,5f311f1a,b5b21b1d,0,0,0,0,
United Arab Emirates,105,93,9,b245cd8b,5f311f1a,b5b21b1d,0,0,0,0,
United Arab Emirates,106,93,9,b245cd8b,5f311f1a,b5b21b1d,0,0,0,0,
United Arab Emirates,107,93,10,b245cd8b,5f311f1a,b5b21b1d,0,0,0,1,caught
Zimbabwe,1,0,0,8d25271a,5bb904d4,6657b319,0,0,0,0,
Zimbabwe,2,0,0,8d25271a,5bb904d4,6657b319,0,0,0,0,
Zimbabwe,3,0,0,8d25271a,5bb904d4,6657b319,0,0,0,0,
Zimbabwe,4,0,0,8d25271a,5bb904d4,6657b319,0,0,0,0,
Zimbabwe,5,0,1,8d25271a,5bb904d4,6657b319,0,0,0,1,caught
Zimbabwe,6,4,1,8a522c6c,5bb904d4,6657b319,4,0,4,0,
Zimbabwe,7,4,2,6657b319,f537d39c,8a522c6c,0,0,0,1,caught
Zimbabwe,8,4,2,99c86133,f537d39c,8a522c6c,0,0,0,0,
Zimbabwe,9,4,3,99c86133,f537d39c,8a522c6c,0,0,0,1,caught
Zimbabwe,10,4,3,8d7fba79,f537d39c,8a522c6c,0,0,0,0,
Zimbabwe,11,4,3,8d7fba79,f537d39c,8a522c6c,0,0,0,0,
Zimbabwe,12,4,3,8d7fba79,f537d39c,8a522c6c,0,0,0,0,
Zimbabwe,13,4,3,8a522c6c,5bb904d4,8d7fba79,0,0,0,0,
Zimbabwe,14,4,3,8a522c6c,5bb904d4,8d7fba79,0,0,0,0,
Zimbabwe,15,5,3,8a522c6c,5bb904d4,8d7fba79,1,0,1,0,
Zimbabwe,16,5,3,8d7fba79,5bb904d4,8a522c6c,0,0,0,0,
Zimbabwe,17,6,3,8d7fba79,5bb904d4,8a522c6c,1,0,1,0,
Zimbabwe,18,7,3,8a522c6c,5bb904d4,8d7fba79,1,0,1,0,
Zimbabwe,19,7,3,8a522c6c,f537d39c,8d7fba79,0,0,0,0,
Zimbabwe,20,7,3,8a522c6c,f537d39c,8d7fba79,0,0,0,0,
Zimbabwe,21,7,3,8a522c6c,f537d39c,8d7fba79,0,0,0,0,
Zimbabwe,22,7,3,8a522c6c,f537d39c,8d7fba79,0,0,0,0,
Zimbabwe,23,8,3,8a522c6c,f537d39c,8d7fba79,1,0,1,0,
Zimbabwe,24,8,3,8d7fba79,f537d39c,8a522c6c,0,0,0,0,
Zimbabwe,25,8,3,8a522c6c,5bb904d4,8d7fba79,0,0,0,0,
Zimbabwe,26,8,3,8a522c6c,5bb904d4,8d7fba79,0,0,0,0,
Zimbabwe,27,10,3,8a522c6c,5bb904d4,8d7fba79,2,0,2,0,
Zimbabwe,28,10,3,8a522c6c,5bb904d4,8d7fba79,0,0,0,0,
Zimbabwe,29,11,3,8a522c6c,5bb904d4,8d7fba79,1,0,1,0,
Zimbabwe,30,11,3,8d7fba79,5bb904d4,8a522c6c,0,0,0,0,
Zimbabwe,31,13,3,8a522c6c,f537d39c,8d7fba79,2,0,2,0,
Zimbabwe,32,13,3,8a522c6c,f537d39c,8d7fba79,0,0,0,0,
Zimbabwe,33,14,3,8a522c6c,f537d39c,8d7fba79,1,0,1,0,
Zimbabwe,34,14,3,8d7fba79,f537d39c,8a522c6c,0,0,0,0,
Zimbabwe,35,14,3,8d7fba79,f537d39c,8a522c6c,0,0,0,0,
Zimbabwe,36,14,3,8d7fba79,f537d39c,8a522c6c,0,0,0,0,
Zimbabwe,37,14,3,8a522c6c,fdc6b34d,8d7fba79,0,0,0,0,
Zimbabwe,38,15,3,8a522c6c,fdc6b34d,8d7fba79,1,0,1,0,
Zimbabwe,39,16,3,8d7fba79,fdc6b34d,8a522c6c,1,0,1,0,
Zimbabwe,40,18,3,8a522c6c,fdc6b34d,8d7fba79,2,0,2,0,
Zimbabwe,41,20,3,8a522c6c,fdc6b34d,8d7fba79,2,0,2,0,
Zimbabwe,42,20,4,8a522c6c,fdc6b34d,8d7fba79,0,0,0,1,caught
Zimbabwe,43,20,4,8d7fba79,9f87d0f0,cca8bdca,0,0,0,0,
Zimbabwe,44,20,4,8d7fba79,9f87d0f0,cca8bdca,0,0,0,0,
Zimbabwe,45,22,4,8d7fba79,9f87d0f0,cca8bdca,1,1,2,0,
Zimbabwe,46,22,4,cca8bdca,9f87d0f0,8d7fba79,0,0,0,0,
Zimbabwe,47,22,4,cca8bdca,9f87d0f0,8d7fba79,0,0,0,0,
Zimbabwe,48,26,4,cca8bdca,9f87d0f0,8d7fba79,4,0,4,0,
Zimbabwe,49,26,4,cca8bdca,9f87d0f0,8d7fba79,0,0,0,0,
Zimbabwe,50,26,4,8d7fba79,fdc6b34d,cca8bdca,0,0,0,0,
Zimbabwe,51,27,4,8d7fba79,fdc6b34d,cca8bdca,1,0,1,0,
Zimbabwe,52,27,4,cca8bdca,fdc6b34d,8d7fba79,0,0,0,0,
Zimbabwe,53,28,4,cca8bdca,fdc6b34d,8d7fba79,1,0,1,0,
Zimbabwe,54,28,4,8d7fba79,fdc6b34d,cca8bdca,0,0,0,0,
Zimbabwe,55,29,4,8d7fba79,fdc6b34d,cca8bdca,1,0,1,0,
Zimbabwe,56,29,4,8d7fba79,9f87d0f0,cca8bdca,0,0,0,0,
Zimbabwe,57,29,4,8d7fba79,9f87d0f0,cca8bdca,0,0,0,0,
Zimbabwe,58,30,4,8d7fba79,9f87d0f0,cca8bdca,1,0,1,0,
Zimbabwe,59,31,4,cca8bdca,9f87d0f0,8d7fba79,1,0,1,0,
Zimbabwe,60,32,4,8d7fba79,9f87d0f0,cca8bdca,1,0,1,0,
Zimbabwe,61,33,4,cca8bdca,9f87d0f0,8d7fba79,1,0,1,0,
Zimbabwe,62,33,4,cca8bdca,fdc6b34d,8d7fba79,0,0,0,0,
Zimbabwe,63,34,4,cca8bdca,fdc6b34d,8d7fba79,1,0,1,0,
Zimbabwe,64,35,4,8d7fba79,fdc6b34d,cca8bdca,1,0,1,0,
Zimbabwe,65,37,4,cca8bdca,fdc6b34d,8d7fba79,2,0,2,0,
Zimbabwe,66,38,4,cca8bdca,fdc6b34d,8d7fba79,1,0,1,0,
Zimbabwe,67,38,4,8d7fba79,fdc6b34d,cca8bdca,0,0,0,0,
Zimbabwe,68,38,4,cca8bdca,9f87d0f0,8d7fba79,0,0,0,0,
Zimbabwe,69,38,5,cca8bdca,9f87d0f0,8d7fba79,0,0,0,1,caught and bowled
Zimbabwe,70,39,5,36dfa62e,9f87d0f0,8d7fba79,1,0,1,0,
Zimbabwe,71,40,5,8d7fba79,9f87d0f0,36dfa62e,1,0,1,0,
Zimbabwe,72,40,5,36dfa62e,9f87d0f0,8d7fba79,0,0,0,0,
Zimbabwe,73,41,5,36dfa62e,9f87d0f0,8d7fba79,1,0,1,0,
Zimbabwe,74,41,5,36dfa62e,31c56f40,8d7fba79,0,0,0,0,
Zimbabwe,75,42,5,36dfa62e,31c56f40,8d7fba79,1,0,1,0,
Zimbabwe,76,42,5,8d7fba79,31c56f40,36dfa62e,0,0,0,0,
Zimbabwe,77,43,5,8d7fba79,31c56f40,36dfa62e,1,0,1,0,
Zimbabwe,78,45,5,36dfa62e,31c56f40,8d7fba79,2,0,2,0,
Zimbabwe,79,45,5,36dfa62e,31c56f40,8d7fba79,0,0,0,0,
Zimbabwe,80,45,5,8d7fba79,b245cd8b,36dfa62e,0,0,0,0,
Zimbabwe,81,46,5,8d7fba79,b245cd8b,36dfa62e,1,0,1,0,
Zimbabwe,82,46,5,36dfa62e,b245cd8b,8d7fba79,0,0,0,0,
Zimbabwe,83,49,5,36dfa62e,b245cd8b,8d7fba79,2,1,3,0,
Zimbabwe,84,53,5,36dfa62e,b245cd8b,8d7fba79,4,0,4,0,
Zimbabwe,85,53,5,36dfa62e,b245cd8b,8d7fba79,0,0,0,0,
Zimbabwe,86,54,5,36dfa62e,b245cd8b,8d7fba79,1,0,1,0,
Zimbabwe,87,54,5,36dfa62e,31c56f40,8d7fba79,0,0,0,0,
Zimbabwe,88,55,5,36dfa62e,31c56f40,8d7fba79,1,0,1,0,
Zimbabwe,89,55,6,8d7fba79,31c56f40,36dfa62e,0,0,0,1,caught
Zimbabwe,90,55,6,1ba50005,31c56f40,36dfa62e,0,0,0,0,
Zimbabwe,91,57,6,1ba50005,31c56f40,36dfa62e,2,0,2,0,
Zimbabwe,92,57,6,1ba50005,31c56f40,36dfa62e,0,0,0,0,
Zimbabwe,93,59,6,36dfa62e,9f87d0f0,1ba50005,2,0,2,0,
Zimbabwe,94,60,6,36dfa62e,9f87d0f0,1ba50005,1,0,1,0,
Zimbabwe,95,60,6,1ba50005,9f87d0f0,36dfa62e,0,0,0,0,
Zimbabwe,96,64,6,1ba50005,9f87d0f0,36dfa62e,4,0,4,0,
Zimbabwe,97,66,6,1ba50005,9f87d0f0,36dfa62e,2,0,2,0,
Zimbabwe,98,66,6,1ba50005,9f87d0f0,36dfa62e,0,0,0,0,
Zimbabwe,99,66,6,36dfa62e,31c56f40,1ba50005,0,0,0,0,
Zimbabwe,100,67,6,36dfa62e,31c56f40,1ba50005,1,0,1,0,
Zimbabwe,101,67,7,1ba50005,31c56f40,36dfa62e,0,0,0,1,bowled
Zimbabwe,102,67,7,67a9fe72,31c56f40,36dfa62e,0,0,0,0,
Zimbabwe,103,67,7,67a9fe72,31c56f40,36dfa62e,0,0,0,0,
Zimbabwe,104,68,7,67a9fe72,31c56f40,36dfa62e,0,1,1,0,
Zimbabwe,105,70,7,67a9fe72,31c56f40,36dfa62e,2,0,2,0,
Zimbabwe,106,72,7,36dfa62e,f537d39c,67a9fe72,2,0,2,0,
Zimbabwe,107,73,7,36dfa62e,f537d39c,67a9fe72,1,0,1,0,
Zimbabwe,108,74,7,67a9fe72,f537d39c,36dfa62e,1,0,1,0,
Zimbabwe,109,75,7,36dfa62e,f537d39c,67a9fe72,1,0,1,0,
Zimbabwe,110,75,7,67a9fe72,f537d39c,36dfa62e,0,0,0,0,
Zimbabwe,111,76,7,67a9fe72,f537d39c,36dfa62e,1,0,1,0,
Zimbabwe,112,76,7,67a9fe72,31c56f40,36dfa62e,0,0,0,0,
Zimbabwe,113,77,7,67a9fe72,31c56f40,36dfa62e,1,0,1,0,
Zimbabwe,114,79,7,36dfa62e,31c56f40,67a9fe72,2,0,2,0,
Zimbabwe,115,80,7,36dfa62e,31c56f40,67a9fe72,1,0,1,0,
Zimbabwe,116,84,7,67a9fe72,31c56f40,36dfa62e,4,0,4,0,
Zimbabwe,117,88,7,67a9fe72,31c56f40,36dfa62e,4,0,4,0,
Zimbabwe,118,88,7,36dfa62e,5bb904d4,67a9fe72,0,0,0,0,
Zimbabwe,119,94,7,36dfa62e,5bb904d4,67a9fe72,6,0,6,0,
