batting_team,ball_number,total_team_runs,total_team_wickets,striker_ID,bowler_ID,nonstriker_ID,batter_runs,extras_runs,total_delivery_runs,wicket,wicket_type
Melbourne Stars,1,1,0,5f26f677,bc773eeb,7f232d46,1,0,1,0,
Melbourne Stars,2,2,0,7f232d46,bc773eeb,5f26f677,1,0,1,0,
Melbourne Stars,3,3,0,5f26f677,bc773eeb,7f232d46,1,0,1,0,
Melbourne Stars,4,7,0,7f232d46,bc773eeb,5f26f677,4,0,4,0,
Melbourne Stars,5,13,0,7f232d46,bc773eeb,5f26f677,6,0,6,0,
Melbourne Stars,6,13,0,7f232d46,bc773eeb,5f26f677,0,0,0,0,
Melbourne Stars,7,14,0,5f26f677,4d7f517e,7f232d46,1,0,1,0,
Melbourne Stars,8,15,0,7f232d46,4d7f517e,5f26f677,1,0,1,0,
Melbourne Stars,9,16,0,5f26f677,4d7f517e,7f232d46,1,0,1,0,
Melbourne Stars,10,16,1,7f232d46,4d7f517e,5f26f677,0,0,0,1,caught
Melbourne Stars,11,16,1,a756e61a,4d7f517e,5f26f677,0,0,0,0,
Melbourne Stars,12,17,1,a756e61a,4d7f517e,5f26f677,1,0,1,0,
Melbourne Stars,13,18,1,a756e61a,e1b9f3a9,5f26f677,1,0,1,0,
Melbourne Stars,14,22,1,5f26f677,e1b9f3a9,a756e61a,4,0,4,0,
Melbourne Stars,15,26,1,5f26f677,e1b9f3a9,a756e61a,4,0,4,0,
Melbourne Stars,16,28,1,5f26f677,e1b9f3a9,a756e61a,2,0,2,0,
Melbourne Stars,17,29,1,5f26f677,e1b9f3a9,a756e61a,1,0,1,0,
Melbourne Stars,18,33,1,a756e61a,e1b9f3a9,5f26f677,4,0,4,0,
Melbourne Stars,19,37,1,5f26f677,4d7f517e,a756e61a,4,0,4,0,
Melbourne Stars,20,41,1,5f26f677,4d7f517e,a756e61a,4,0,4,0,
Melbourne Stars,21,45,1,5f26f677,4d7f517e,a756e61a,4,0,4,0,
Melbourne Stars,22,49,1,5f26f677,4d7f517e,a756e61a,4,0,4,0,
Melbourne Stars,23,53,1,5f26f677,4d7f517e,a756e61a,4,0,4,0,
Melbourne Stars,24,57,1,5f26f677,4d7f517e,a756e61a,4,0,4,0,
Melbourne Stars,25,58,1,a756e61a,ac2e7ec0,5f26f677,0,1,1,0,
Melbourne Stars,26,58,1,5f26f677,ac2e7ec0,a756e61a,0,0,0,0,
Melbourne Stars,27,59,1,5f26f677,ac2e7ec0,a756e61a,1,0,1,0,
Melbourne Stars,28,60,1,a756e61a,ac2e7ec0,5f26f677,1,0,1,0,
Melbourne Stars,29,61,1,5f26f677,ac2e7ec0,a756e61a,1,0,1,0,
Melbourne Stars,30,62,1,a756e61a,ac2e7ec0,5f26f677,1,0,1,0,
Melbourne Stars,31,62,1,a756e61a,f787e0eb,5f26f677,0,0,0,0,
Melbourne Stars,32,63,1,a756e61a,f787e0eb,5f26f677,1,0,1,0,
Melbourne Stars,33,65,1,5f26f677,f787e0eb,a756e61a,2,0,2,0,
Melbourne Stars,34,65,1,5f26f677,f787e0eb,a756e61a,0,0,0,0,
Melbourne Stars,35,66,1,5f26f677,f787e0eb,a756e61a,0,1,1,0,
Melbourne Stars,36,68,1,a756e61a,f787e0eb,5f26f677,2,0,2,0,
Melbourne Stars,37,69,1,5f26f677,ac2e7ec0,a756e61a,1,0,1,0,
Melbourne Stars,38,70,1,a756e61a,ac2e7ec0,5f26f677,1,0,1,0,
Melbourne Stars,39,76,1,5f26f677,ac2e7ec0,a756e61a,6,0,6,0,
Melbourne Stars,40,77,1,5f26f677,ac2e7ec0,a756e61a,1,0,1,0,
Melbourne Stars,41,77,2,a756e61a,ac2e7ec0,5f26f677,0,0,0,1,caught
Melbourne Stars,42,78,2,b681e71e,ac2e7ec0,5f26f677,1,0,1,0,
Melbourne Stars,43,79,2,b681e71e,f422728b,5f26f677,1,0,1,0,
Melbourne Stars,44,81,2,5f26f677,f422728b,b681e71e,2,0,2,0,
Melbourne Stars,45,82,2,5f26f677,f422728b,b681e71e,1,0,1,0,
Melbourne Stars,46,82,2,b681e71e,f422728b,5f26f677,0,0,0,0,
Melbourne Stars,47,86,2,b681e71e,f422728b,5f26f677,4,0,4,0,
Melbourne Stars,48,92,2,b681e71e,f422728b,5f26f677,6,0,6,0,
Melbourne Stars,49,96,2,5f26f677,bc773eeb,b681e71e,4,0,4,0,
Melbourne Stars,50,100,2,5f26f677,bc773eeb,b681e71e,4,0,4,0,
Melbourne Stars,51,106,2,5f26f677,bc773eeb,b681e71e,6,0,6,0,
Melbourne Stars,52,106,3,5f26f677,bc773eeb,b681e71e,0,0,0,1,caught
Melbourne Stars,53,106,3,d9273ee7,bc773eeb,b681e71e,0,0,0,0,
Melbourne Stars,54,106,3,d9273ee7,bc773eeb,b681e71e,0,0,0,0,
Melbourne Stars,55,107,3,b681e71e,e1b9f3a9,d9273ee7,0,1,1,0,
Melbourne Stars,56,108,3,b681e71e,e1b9f3a9,d9273ee7,0,1,1,0,
Melbourne Stars,57,108,3,d9273ee7,e1b9f3a9,b681e71e,0,0,0,0,
Melbourne Stars,58,109,3,d9273ee7,e1b9f3a9,b681e71e,1,0,1,0,
Melbourne Stars,59,115,3,b681e71e,e1b9f3a9,d9273ee7,6,0,6,0,
Melbourne Stars,60,116,3,b681e71e,e1b9f3a9,d9273ee7,1,0,1,0,
Melbourne Stars,61,116,3,d9273ee7,e1b9f3a9,b681e71e,0,0,0,0,
Melbourne Stars,62,122,3,b681e71e,f422728b,d9273ee7,6,0,6,0,
Melbourne Stars,63,126,3,b681e71e,f422728b,d9273ee7,4,0,4,0,
Melbourne Stars,64,126,3,b681e71e,f422728b,d9273ee7,0,0,0,0,
Melbourne Stars,65,127,3,b681e71e,f422728b,d9273ee7,1,0,1,0,
Melbourne Stars,66,128,3,d9273ee7,f422728b,b681e71e,1,0,1,0,
Melbourne Stars,67,129,3,b681e71e,f422728b,d9273ee7,1,0,1,0,
Melbourne Stars,68,129,3,b681e71e,e1b9f3a9,d9273ee7,0,0,0,0,
Melbourne Stars,69,129,3,b681e71e,e1b9f3a9,d9273ee7,0,0,0,0,
Melbourne Stars,70,130,3,b681e71e,e1b9f3a9,d9273ee7,1,0,1,0,
Melbourne Stars,71,131,3,d9273ee7,e1b9f3a9,b681e71e,0,1,1,0,
Melbourne Stars,72,131,3,d9273ee7,e1b9f3a9,b681e71e,0,0,0,0,
Melbourne Stars,73,132,3,d9273ee7,e1b9f3a9,b681e71e,1,0,1,0,
Melbourne Stars,74,132,4,b681e71e,e1b9f3a9,d9273ee7,0,0,0,1,caught
Melbourne Stars,75,132,4,d9273ee7,ac2e7ec0,ab965cad,0,0,0,0,
Melbourne Stars,76,132,4,d9273ee7,ac2e7ec0,ab965cad,0,0,0,0,
Melbourne Stars,77,134,4,d9273ee7,ac2e7ec0,ab965cad,2,0,2,0,
Melbourne Stars,78,138,4,d9273ee7,ac2e7ec0,ab965cad,4,0,4,0,
Melbourne Stars,79,138,4,d9273ee7,ac2e7ec0,ab965cad,0,0,0,0,
Melbourne Stars,80,139,4,d9273ee7,ac2e7ec0,ab965cad,1,0,1,0,
Melbourne Stars,81,143,4,d9273ee7,4d7f517e,ab965cad,4,0,4,0,
Melbourne Stars,82,147,4,d9273ee7,4d7f517e,ab965cad,4,0,4,0,
Melbourne Stars,83,148,4,d9273ee7,4d7f517e,ab965cad,1,0,1,0,
Melbourne Stars,84,149,4,ab965cad,4d7f517e,d9273ee7,1,0,1,0,
Melbourne Stars,85,150,4,d9273ee7,4d7f517e,ab965cad,1,0,1,0,
Melbourne Stars,86,150,4,ab965cad,4d7f517e,d9273ee7,0,0,0,0,
Melbourne Stars,87,150,5,d9273ee7,ac2e7ec0,ab965cad,0,0,0,1,bowled
Melbourne Stars,88,150,5,e86754b2,ac2e7ec0,ab965cad,0,0,0,0,
Melbourne Stars,89,151,5,e86754b2,ac2e7ec0,ab965cad,1,0,1,0,
Melbourne Stars,90,152,5,ab965cad,ac2e7ec0,e86754b2,1,0,1,0,
Melbourne Stars,91,153,5,e86754b2,ac2e7ec0,ab965cad,1,0,1,0,
Melbourne Stars,92,155,5,ab965cad,ac2e7ec0,e86754b2,2,0,2,0,
Melbourne Stars,93,156,5,e86754b2,f422728b,ab965cad,1,0,1,0,
Melbourne Stars,94,156,5,ab965cad,f422728b,e86754b2,0,0,0,0,
Melbourne Stars,95,160,5,ab965cad,f422728b,e86754b2,4,0,4,0,
Melbourne Stars,96,161,5,ab965cad,f422728b,e86754b2,0,1,1,0,
Melbourne Stars,97,165,5,e86754b2,f422728b,ab965cad,4,0,4,0,
Melbourne Stars,98,166,5,e86754b2,f422728b,ab965cad,1,0,1,0,
Melbourne Stars,99,167,5,e86754b2,4d7f517e,ab965cad,1,0,1,0,
Melbourne Stars,100,171,5,ab965cad,4d7f517e,e86754b2,4,0,4,0,
Melbourne Stars,101,172,5,ab965cad,4d7f517e,e86754b2,1,0,1,0,
Melbourne Stars,102,174,5,e86754b2,4d7f517e,ab965cad,2,0,2,0,
Melbourne Stars,103,175,5,e86754b2,4d7f517e,ab965cad,1,0,1,0,
Melbourne Stars,104,177,5,ab965cad,4d7f517e,e86754b2,2,0,2,0,
Melbourne Stars,105,178,5,e86754b2,e1b9f3a9,ab965cad,1,0,1,0,
Melbourne Stars,106,178,6,ab965cad,e1b9f3a9,e86754b2,0,0,0,1,caught
Melbourne Stars,107,179,6,02ba80a0,e1b9f3a9,e86754b2,1,0,1,0,
Melbourne Stars,108,181,6,e86754b2,e1b9f3a9,02ba80a0,2,0,2,0,
Melbourne Stars,109,182,6,e86754b2,e1b9f3a9,02ba80a0,0,1,1,0,
Melbourne Stars,110,182,6,e86754b2,e1b9f3a9,02ba80a0,0,0,0,0,
Melbourne Stars,111,182,6,e86754b2,e1b9f3a9,02ba80a0,0,0,0,0,
Melbourne Stars,112,183,6,02ba80a0,bc773eeb,e86754b2,1,0,1,0,
Melbourne Stars,113,183,7,e86754b2,bc773eeb,02ba80a0,0,0,0,1,caught
Melbourne Stars,114,185,7,6dd8b88c,bc773eeb,02ba80a0,2,0,2,0,
Melbourne Stars,115,185,8,6dd8b88c,bc773eeb,02ba80a0,0,0,0,1,caught
Melbourne Stars,116,186,8,ef55b38c,bc773eeb,02ba80a0,1,0,1,0,
Melbourne Stars,117,190,8,02ba80a0,bc773eeb,ef55b38c,4,0,4,0,
Melbourne Stars,118,191,8,ef55b38c,f422728b,02ba80a0,1,0,1,0,
Melbourne Stars,119,192,8,02ba80a0,f422728b,ef55b38c,1,0,1,0,
Melbourne Stars,120,193,8,ef55b38c,f422728b,02ba80a0,1,0,1,0,
Melbourne Stars,121,193,8,02ba80a0,f422728b,ef55b38c,0,0,0,0,
Melbourne Stars,122,194,8,02ba80a0,f422728b,ef55b38c,1,0,1,0,
Melbourne Stars,123,194,9,ef55b38c,f422728b,02ba80a0,0,0,0,1,bowled
Sydney Sixers,1,1,0,39086549,b681e71e,a15618fe,1,0,1,0,
Sydney Sixers,2,1,0,a15618fe,b681e71e,39086549,0,0,0,0,
Sydney Sixers,3,5,0,a15618fe,b681e71e,39086549,4,0,4,0,
Sydney Sixers,4,5,0,a15618fe,b681e71e,39086549,0,0,0,0,
Sydney Sixers,5,5,0,a15618fe,b681e71e,39086549,0,0,0,0,
Sydney Sixers,6,6,0,a15618fe,b681e71e,39086549,1,0,1,0,
Sydney Sixers,7,7,0,a15618fe,bd93fea4,39086549,1,0,1,0,
Sydney Sixers,8,11,0,39086549,bd93fea4,a15618fe,4,0,4,0,
Sydney Sixers,9,11,0,39086549,bd93fea4,a15618fe,0,0,0,0,
Sydney Sixers,10,11,0,39086549,bd93fea4,a15618fe,0,0,0,0,
Sydney Sixers,11,11,0,39086549,bd93fea4,a15618fe,0,0,0,0,
Sydney Sixers,12,15,0,39086549,bd93fea4,a15618fe,4,0,4,0,
Sydney Sixers,13,15,0,a15618fe,d9273ee7,39086549,0,0,0,0,
Sydney Sixers,14,16,0,a15618fe,d9273ee7,39086549,0,1,1,0,
Sydney Sixers,15,16,0,a15618fe,d9273ee7,39086549,0,0,0,0,
Sydney Sixers,16,17,0,a15618fe,d9273ee7,39086549,1,0,1,0,
Sydney Sixers,17,17,0,39086549,d9273ee7,a15618fe,0,0,0,0,
Sydney Sixers,18,18,0,39086549,d9273ee7,a15618fe,1,0,1,0,
Sydney Sixers,19,18,0,a15618fe,d9273ee7,39086549,0,0,0,0,
Sydney Sixers,20,21,0,39086549,e86754b2,a15618fe,3,0,3,0,
Sydney Sixers,21,21,0,a15618fe,e86754b2,39086549,0,0,0,0,
Sydney Sixers,22,27,0,a15618fe,e86754b2,39086549,6,0,6,0,
Sydney Sixers,23,27,0,a15618fe,e86754b2,39086549,0,0,0,0,
Sydney Sixers,24,31,0,a15618fe,e86754b2,39086549,4,0,4,0,
Sydney Sixers,25,35,0,a15618fe,e86754b2,39086549,4,0,4,0,
Sydney Sixers,26,36,0,39086549,d9273ee7,a15618fe,1,0,1,0,
Sydney Sixers,27,37,0,a15618fe,d9273ee7,39086549,1,0,1,0,
Sydney Sixers,28,41,0,39086549,d9273ee7,a15618fe,4,0,4,0,
Sydney Sixers,29,42,0,39086549,d9273ee7,a15618fe,1,0,1,0,
Sydney Sixers,30,47,0,a15618fe,d9273ee7,39086549,0,5,5,0,
Sydney Sixers,31,47,0,a15618fe,d9273ee7,39086549,0,0,0,0,
Sydney Sixers,32,48,0,a15618fe,d9273ee7,39086549,1,0,1,0,
Sydney Sixers,33,48,0,a15618fe,6dd8b88c,39086549,0,0,0,0,
Sydney Sixers,34,52,0,a15618fe,6dd8b88c,39086549,4,0,4,0,
Sydney Sixers,35,53,0,a15618fe,6dd8b88c,39086549,1,0,1,0,
Sydney Sixers,36,59,0,39086549,6dd8b88c,a15618fe,6,0,6,0,
Sydney Sixers,37,63,0,39086549,6dd8b88c,a15618fe,4,0,4,0,
Sydney Sixers,38,64,0,39086549,6dd8b88c,a15618fe,1,0,1,0,
Sydney Sixers,39,65,0,39086549,ef55b38c,a15618fe,1,0,1,0,
Sydney Sixers,40,66,0,a15618fe,ef55b38c,39086549,1,0,1,0,
Sydney Sixers,41,67,0,39086549,ef55b38c,a15618fe,1,0,1,0,
Sydney Sixers,42,71,0,a15618fe,ef55b38c,39086549,4,0,4,0,
Sydney Sixers,43,72,0,a15618fe,ef55b38c,39086549,1,0,1,0,
Sydney Sixers,44,73,0,39086549,ef55b38c,a15618fe,1,0,1,0,
Sydney Sixers,45,79,0,39086549,e86754b2,a15618fe,6,0,6,0,
Sydney Sixers,46,81,0,39086549,e86754b2,a15618fe,2,0,2,0,
Sydney Sixers,47,82,0,39086549,e86754b2,a15618fe,1,0,1,0,
Sydney Sixers,48,83,0,a15618fe,e86754b2,39086549,1,0,1,0,
Sydney Sixers,49,83,0,39086549,e86754b2,a15618fe,0,0,0,0,
Sydney Sixers,50,83,1,39086549,e86754b2,a15618fe,0,0,0,1,caught
Sydney Sixers,51,84,1,a15618fe,6dd8b88c,32198ae0,1,0,1,0,
Sydney Sixers,52,84,1,32198ae0,6dd8b88c,a15618fe,0,0,0,0,
Sydney Sixers,53,88,1,32198ae0,6dd8b88c,a15618fe,4,0,4,0,
Sydney Sixers,54,92,1,32198ae0,6dd8b88c,a15618fe,4,0,4,0,
Sydney Sixers,55,93,1,32198ae0,6dd8b88c,a15618fe,1,0,1,0,
Sydney Sixers,56,94,1,a15618fe,6dd8b88c,32198ae0,1,0,1,0,
Sydney Sixers,57,94,1,a15618fe,bd93fea4,32198ae0,0,0,0,0,
Sydney Sixers,58,94,1,a15618fe,bd93fea4,32198ae0,0,0,0,0,
Sydney Sixers,59,95,1,a15618fe,bd93fea4,32198ae0,0,1,1,0,
Sydney Sixers,60,95,1,32198ae0,bd93fea4,a15618fe,0,0,0,0,
Sydney Sixers,61,95,1,32198ae0,bd93fea4,a15618fe,0,0,0,0,
Sydney Sixers,62,96,1,32198ae0,bd93fea4,a15618fe,0,1,1,0,
Sydney Sixers,63,97,1,32198ae0,bd93fea4,a15618fe,1,0,1,0,
Sydney Sixers,64,98,1,32198ae0,6dd8b88c,a15618fe,1,0,1,0,
Sydney Sixers,65,98,1,a15618fe,6dd8b88c,32198ae0,0,0,0,0,
Sydney Sixers,66,99,1,a15618fe,6dd8b88c,32198ae0,1,0,1,0,
Sydney Sixers,67,99,2,32198ae0,6dd8b88c,a15618fe,0,0,0,1,caught
Sydney Sixers,68,100,2,7a6dc294,6dd8b88c,a15618fe,1,0,1,0,
Sydney Sixers,69,101,2,a15618fe,6dd8b88c,7a6dc294,1,0,1,0,
Sydney Sixers,70,105,2,a15618fe,e86754b2,7a6dc294,4,0,4,0,
Sydney Sixers,71,106,2,a15618fe,e86754b2,7a6dc294,1,0,1,0,
Sydney Sixers,72,107,2,7a6dc294,e86754b2,a15618fe,1,0,1,0,
Sydney Sixers,73,108,2,a15618fe,e86754b2,7a6dc294,0,1,1,0,
Sydney Sixers,74,109,2,a15618fe,e86754b2,7a6dc294,1,0,1,0,
Sydney Sixers,75,109,2,7a6dc294,e86754b2,a15618fe,0,0,0,0,
Sydney Sixers,76,113,2,7a6dc294,e86754b2,a15618fe,4,0,4,0,
Sydney Sixers,77,114,2,a15618fe,ef55b38c,7a6dc294,1,0,1,0,
Sydney Sixers,78,115,2,7a6dc294,ef55b38c,a15618fe,1,0,1,0,
Sydney Sixers,79,121,2,a15618fe,ef55b38c,7a6dc294,6,0,6,0,
Sydney Sixers,80,123,2,a15618fe,ef55b38c,7a6dc294,2,0,2,0,
Sydney Sixers,81,124,2,a15618fe,ef55b38c,7a6dc294,1,0,1,0,
Sydney Sixers,82,124,2,7a6dc294,ef55b38c,a15618fe,0,0,0,0,
Sydney Sixers,83,128,2,a15618fe,bd93fea4,7a6dc294,4,0,4,0,
Sydney Sixers,84,128,2,a15618fe,bd93fea4,7a6dc294,0,0,0,0,
Sydney Sixers,85,129,2,a15618fe,bd93fea4,7a6dc294,1,0,1,0,
Sydney Sixers,86,130,2,7a6dc294,bd93fea4,a15618fe,1,0,1,0,
Sydney Sixers,87,130,2,a15618fe,bd93fea4,7a6dc294,0,0,0,0,
Sydney Sixers,88,134,2,a15618fe,bd93fea4,7a6dc294,4,0,4,0,
Sydney Sixers,89,138,2,7a6dc294,b681e71e,a15618fe,4,0,4,0,
Sydney Sixers,90,139,2,7a6dc294,b681e71e,a15618fe,1,0,1,0,
Sydney Sixers,91,143,2,a15618fe,b681e71e,7a6dc294,4,0,4,0,
Sydney Sixers,92,149,2,a15618fe,b681e71e,7a6dc294,6,0,6,0,
Sydney Sixers,93,155,2,a15618fe,b681e71e,7a6dc294,6,0,6,0,
Sydney Sixers,94,159,2,a15618fe,b681e71e,7a6dc294,4,0,4,0,
Sydney Sixers,95,160,2,7a6dc294,d9273ee7,a15618fe,1,0,1,0,
Sydney Sixers,96,162,2,a15618fe,d9273ee7,7a6dc294,2,0,2,0,
Sydney Sixers,97,163,2,a15618fe,d9273ee7,7a6dc294,0,1,1,0,
Sydney Sixers,98,165,2,7a6dc294,d9273ee7,a15618fe,2,0,2,0,
Sydney Sixers,99,166,2,7a6dc294,d9273ee7,a15618fe,1,0,1,0,
Sydney Sixers,100,169,2,a15618fe,d9273ee7,7a6dc294,3,0,3,0,
Sydney Sixers,101,169,2,a15618fe,6dd8b88c,7a6dc294,0,0,0,0,
Sydney Sixers,102,173,2,a15618fe,6dd8b88c,7a6dc294,4,0,4,0,
Sydney Sixers,103,177,2,a15618fe,6dd8b88c,7a6dc294,4,0,4,0,
Sydney Sixers,104,179,2,a15618fe,6dd8b88c,7a6dc294,2,0,2,0,
Sydney Sixers,105,180,2,a15618fe,6dd8b88c,7a6dc294,1,0,1,0,
Sydney Sixers,106,181,2,7a6dc294,6dd8b88c,a15618fe,1,0,1,0,
Sydney Sixers,107,183,2,7a6dc294,d9273ee7,a15618fe,2,0,2,0,
Sydney Sixers,108,183,2,7a6dc294,d9273ee7,a15618fe,0,0,0,0,
Sydney Sixers,109,186,2,7a6dc294,d9273ee7,a15618fe,3,0,3,0,
Sydney Sixers,110,187,2,a15618fe,d9273ee7,7a6dc294,1,0,1,0,
Sydney Sixers,111,193,2,7a6dc294,d9273ee7,a15618fe,6,0,6,0,
Sydney Sixers,112,194,2,7a6dc294,d9273ee7,a15618fe,1,0,1,0,
Sydney Sixers,113,198,2,7a6dc294,ef55b38c,a15618fe,4,0,4,0,
