batting_team,ball_number,total_team_runs,total_team_wickets,striker_ID,bowler_ID,nonstriker_ID,batter_runs,extras_runs,total_delivery_runs,wicket,wicket_type
New Zealand,1,0,0,bf74b130,45a7e761,df5a6881,0,0,0,0,
New Zealand,2,0,0,bf74b130,45a7e761,df5a6881,0,0,0,0,
New Zealand,3,1,0,bf74b130,45a7e761,df5a6881,1,0,1,0,
New Zealand,4,1,0,df5a6881,45a7e761,bf74b130,0,0,0,0,
New Zealand,5,2,0,df5a6881,45a7e761,bf74b130,1,0,1,0,
New Zealand,6,3,0,bf74b130,45a7e761,df5a6881,1,0,1,0,
New Zealand,7,7,0,bf74b130,24bb1c2f,df5a6881,4,0,4,0,
New Zealand,8,13,0,bf74b130,24bb1c2f,df5a6881,6,0,6,0,
New Zealand,9,13,0,bf74b130,24bb1c2f,df5a6881,0,0,0,0,
New Zealand,10,14,0,bf74b130,24bb1c2f,df5a6881,1,0,1,0,
New Zealand,11,14,0,df5a6881,24bb1c2f,bf74b130,0,0,0,0,
New Zealand,12,15,0,df5a6881,24bb1c2f,bf74b130,1,0,1,0,
New Zealand,13,19,0,df5a6881,45a7e761,bf74b130,4,0,4,0,
New Zealand,14,22,0,df5a6881,45a7e761,bf74b130,3,0,3,0,
New Zealand,15,23,0,bf74b130,45a7e761,df5a6881,1,0,1,0,
New Zealand,16,23,0,df5a6881,45a7e761,bf74b130,0,0,0,0,
New Zealand,17,24,0,df5a6881,45a7e761,bf74b130,1,0,1,0,
New Zealand,18,30,0,bf74b130,45a7e761,df5a6881,6,0,6,0,
New Zealand,19,30,0,df5a6881,24bb1c2f,bf74b130,0,0,0,0,
New Zealand,20,34,0,df5a6881,24bb1c2f,bf74b130,4,0,4,0,
New Zealand,21,35,0,df5a6881,24bb1c2f,bf74b130,1,0,1,0,
New Zealand,22,39,0,bf74b130,24bb1c2f,df5a6881,4,0,4,0,
New Zealand,23,41,0,bf74b130,24bb1c2f,df5a6881,2,0,2,0,
New Zealand,24,42,0,bf74b130,24bb1c2f,df5a6881,0,1,1,0,
New Zealand,25,48,0,bf74b130,24bb1c2f,df5a6881,6,0,6,0,
New Zealand,26,48,0,df5a6881,2cec2a92,bf74b130,0,0,0,0,
New Zealand,27,52,0,df5a6881,2cec2a92,bf74b130,4,0,4,0,
New Zealand,28,53,0,df5a6881,2cec2a92,bf74b130,1,0,1,0,
New Zealand,29,53,0,bf74b130,2cec2a92,df5a6881,0,0,0,0,
New Zealand,30,54,0,bf74b130,2cec2a92,df5a6881,0,1,1,0,
New Zealand,31,55,0,bf74b130,2cec2a92,df5a6881,0,1,1,0,
New Zealand,32,59,0,bf74b130,2cec2a92,df5a6881,4,0,4,0,
New Zealand,33,59,0,bf74b130,2cec2a92,df5a6881,0,0,0,0,
New Zealand,34,59,1,df5a6881,a8e54ef4,bf74b130,0,0,0,1,caught
New Zealand,35,59,1,d027ba9f,a8e54ef4,bf74b130,0,0,0,0,
New Zealand,36,60,1,d027ba9f,a8e54ef4,bf74b130,1,0,1,0,
New Zealand,37,61,1,bf74b130,a8e54ef4,d027ba9f,1,0,1,0,
New Zealand,38,61,1,d027ba9f,a8e54ef4,bf74b130,0,0,0,0,
New Zealand,39,65,1,d027ba9f,a8e54ef4,bf74b130,4,0,4,0,
New Zealand,40,65,1,bf74b130,6dd8b88c,d027ba9f,0,0,0,0,
New Zealand,41,69,1,bf74b130,6dd8b88c,d027ba9f,4,0,4,0,
New Zealand,42,70,1,bf74b130,6dd8b88c,d027ba9f,1,0,1,0,
New Zealand,43,71,1,d027ba9f,6dd8b88c,bf74b130,1,0,1,0,
New Zealand,44,72,1,bf74b130,6dd8b88c,d027ba9f,0,1,1,0,
New Zealand,45,72,1,bf74b130,6dd8b88c,d027ba9f,0,0,0,0,
New Zealand,46,76,1,bf74b130,6dd8b88c,d027ba9f,4,0,4,0,
New Zealand,47,76,1,d027ba9f,a8e54ef4,bf74b130,0,0,0,0,
New Zealand,48,76,1,d027ba9f,a8e54ef4,bf74b130,0,0,0,0,
New Zealand,49,80,1,d027ba9f,a8e54ef4,bf74b130,4,0,4,0,
New Zealand,50,82,1,d027ba9f,a8e54ef4,bf74b130,2,0,2,0,
New Zealand,51,83,1,d027ba9f,a8e54ef4,bf74b130,0,1,1,0,
New Zealand,52,84,1,d027ba9f,a8e54ef4,bf74b130,1,0,1,0,
New Zealand,53,85,1,bf74b130,a8e54ef4,d027ba9f,1,0,1,0,
New Zealand,54,91,1,bf74b130,6dd8b88c,d027ba9f,6,0,6,0,
New Zealand,55,95,1,bf74b130,6dd8b88c,d027ba9f,4,0,4,0,
New Zealand,56,96,1,bf74b130,6dd8b88c,d027ba9f,1,0,1,0,
New Zealand,57,97,1,d027ba9f,6dd8b88c,bf74b130,1,0,1,0,
New Zealand,58,97,1,bf74b130,6dd8b88c,d027ba9f,0,0,0,0,
New Zealand,59,98,1,bf74b130,6dd8b88c,d027ba9f,1,0,1,0,
New Zealand,60,98,1,bf74b130,a8e54ef4,d027ba9f,0,0,0,0,
New Zealand,61,99,1,bf74b130,a8e54ef4,d027ba9f,1,0,1,0,
New Zealand,62,105,1,d027ba9f,a8e54ef4,bf74b130,6,0,6,0,
New Zealand,63,107,1,d027ba9f,a8e54ef4,bf74b130,2,0,2,0,
New Zealand,64,107,1,d027ba9f,a8e54ef4,bf74b130,0,0,0,0,
New Zealand,65,111,2,d027ba9f,a8e54ef4,bf74b130,4,0,4,1,retired hurt
New Zealand,66,112,2,bf74b130,2cec2a92,eade4650,1,0,1,0,
New Zealand,67,114,2,eade4650,2cec2a92,bf74b130,2,0,2,0,
New Zealand,68,120,2,eade4650,2cec2a92,bf74b130,6,0,6,0,
New Zealand,69,121,2,eade4650,2cec2a92,bf74b130,1,0,1,0,
New Zealand,70,121,2,bf74b130,2cec2a92,eade4650,0,0,0,0,
New Zealand,71,122,2,bf74b130,2cec2a92,eade4650,1,0,1,0,
New Zealand,72,122,2,bf74b130,45a7e761,eade4650,0,0,0,0,
New Zealand,73,122,2,bf74b130,45a7e761,eade4650,0,0,0,0,
New Zealand,74,126,2,bf74b130,45a7e761,eade4650,4,0,4,0,
New Zealand,75,126,2,bf74b130,45a7e761,eade4650,0,0,0,0,
New Zealand,76,127,2,bf74b130,45a7e761,eade4650,1,0,1,0,
New Zealand,77,128,2,eade4650,45a7e761,bf74b130,1,0,1,0,
New Zealand,78,129,2,eade4650,6dd8b88c,bf74b130,1,0,1,0,
New Zealand,79,130,2,bf74b130,6dd8b88c,eade4650,1,0,1,0,
New Zealand,80,131,2,eade4650,6dd8b88c,bf74b130,1,0,1,0,
New Zealand,81,137,2,bf74b130,6dd8b88c,eade4650,6,0,6,0,
New Zealand,82,137,3,bf74b130,6dd8b88c,eade4650,0,0,0,1,bowled
New Zealand,83,137,3,9a46c4e5,6dd8b88c,eade4650,0,0,0,0,
New Zealand,84,138,3,eade4650,2cec2a92,9a46c4e5,1,0,1,0,
New Zealand,85,142,3,9a46c4e5,2cec2a92,eade4650,4,0,4,0,
New Zealand,86,143,3,9a46c4e5,2cec2a92,eade4650,1,0,1,0,
New Zealand,87,143,3,eade4650,2cec2a92,9a46c4e5,0,0,0,0,
New Zealand,88,147,3,eade4650,2cec2a92,9a46c4e5,4,0,4,0,
New Zealand,89,147,4,eade4650,2cec2a92,9a46c4e5,0,0,0,1,bowled
New Zealand,90,148,4,9a46c4e5,6dd8b88c,7fa12533,1,0,1,0,
New Zealand,91,148,4,7fa12533,6dd8b88c,9a46c4e5,0,0,0,0,
New Zealand,92,149,4,7fa12533,6dd8b88c,9a46c4e5,0,1,1,0,
New Zealand,93,151,4,7fa12533,6dd8b88c,9a46c4e5,2,0,2,0,
New Zealand,94,151,4,7fa12533,6dd8b88c,9a46c4e5,0,0,0,0,
New Zealand,95,152,4,7fa12533,6dd8b88c,9a46c4e5,1,0,1,0,
New Zealand,96,153,4,9a46c4e5,6dd8b88c,7fa12533,1,0,1,0,
New Zealand,97,154,4,9a46c4e5,24bb1c2f,7fa12533,1,0,1,0,
New Zealand,98,154,4,7fa12533,24bb1c2f,9a46c4e5,0,0,0,0,
New Zealand,99,155,4,7fa12533,24bb1c2f,9a46c4e5,1,0,1,0,
New Zealand,100,156,4,9a46c4e5,24bb1c2f,7fa12533,1,0,1,0,
New Zealand,101,156,4,7fa12533,24bb1c2f,9a46c4e5,0,0,0,0,
New Zealand,102,157,4,7fa12533,24bb1c2f,9a46c4e5,0,1,1,0,
New Zealand,103,157,5,7fa12533,2cec2a92,9a46c4e5,0,0,0,1,caught
New Zealand,104,157,5,e4a0deae,2cec2a92,9a46c4e5,0,0,0,0,
New Zealand,105,157,5,e4a0deae,2cec2a92,9a46c4e5,0,0,0,0,
New Zealand,106,163,5,e4a0deae,2cec2a92,9a46c4e5,6,0,6,0,
New Zealand,107,164,5,e4a0deae,2cec2a92,9a46c4e5,1,0,1,0,
New Zealand,108,168,5,9a46c4e5,2cec2a92,e4a0deae,4,0,4,0,
New Zealand,109,168,5,e4a0deae,a8e54ef4,9a46c4e5,0,0,0,0,
New Zealand,110,168,5,e4a0deae,a8e54ef4,9a46c4e5,0,0,0,0,
New Zealand,111,174,5,e4a0deae,a8e54ef4,9a46c4e5,6,0,6,0,
New Zealand,112,178,5,e4a0deae,a8e54ef4,9a46c4e5,4,0,4,0,
New Zealand,113,178,5,e4a0deae,a8e54ef4,9a46c4e5,0,0,0,0,
New Zealand,114,182,5,e4a0deae,a8e54ef4,9a46c4e5,4,0,4,0,
New Zealand,115,182,6,9a46c4e5,24bb1c2f,e4a0deae,0,0,0,1,caught
New Zealand,116,182,7,350bb1b1,24bb1c2f,e4a0deae,0,0,0,1,caught
New Zealand,117,183,7,641ac5ff,24bb1c2f,e4a0deae,0,1,1,0,
New Zealand,118,183,7,641ac5ff,24bb1c2f,e4a0deae,0,0,0,0,
New Zealand,119,183,8,641ac5ff,24bb1c2f,e4a0deae,0,0,0,1,bowled
New Zealand,120,185,8,13c35c9e,24bb1c2f,e4a0deae,2,0,2,0,
New Zealand,121,187,8,13c35c9e,24bb1c2f,e4a0deae,2,0,2,0,
New Zealand,122,191,8,e4a0deae,45a7e761,13c35c9e,4,0,4,0,
New Zealand,123,191,8,e4a0deae,45a7e761,13c35c9e,0,0,0,0,
New Zealand,124,192,8,e4a0deae,45a7e761,13c35c9e,0,1,1,0,
New Zealand,125,192,9,13c35c9e,45a7e761,e4a0deae,0,0,0,1,run out
New Zealand,126,193,9,e1891e00,45a7e761,13c35c9e,1,0,1,0,
New Zealand,127,194,9,13c35c9e,45a7e761,e1891e00,1,0,1,0,
Pakistan,1,0,0,33609a8c,13c35c9e,2f26ac1a,0,0,0,0,
Pakistan,2,1,0,33609a8c,13c35c9e,2f26ac1a,1,0,1,0,
Pakistan,3,7,0,2f26ac1a,13c35c9e,33609a8c,6,0,6,0,
Pakistan,4,8,0,2f26ac1a,13c35c9e,33609a8c,1,0,1,0,
Pakistan,5,8,1,33609a8c,13c35c9e,2f26ac1a,0,0,0,1,caught
Pakistan,6,10,1,8a75e999,13c35c9e,2f26ac1a,2,0,2,0,
Pakistan,7,10,1,2f26ac1a,350bb1b1,8a75e999,0,0,0,0,
Pakistan,8,10,1,2f26ac1a,350bb1b1,8a75e999,0,0,0,0,
Pakistan,9,10,2,2f26ac1a,350bb1b1,8a75e999,0,0,0,1,caught
Pakistan,10,10,2,1777c020,350bb1b1,8a75e999,0,0,0,0,
Pakistan,11,11,2,1777c020,350bb1b1,8a75e999,0,1,1,0,
Pakistan,12,11,2,1777c020,350bb1b1,8a75e999,0,0,0,0,
Pakistan,13,11,2,1777c020,350bb1b1,8a75e999,0,0,0,0,
Pakistan,14,15,2,8a75e999,13c35c9e,1777c020,4,0,4,0,
Pakistan,15,16,2,8a75e999,13c35c9e,1777c020,1,0,1,0,
Pakistan,16,17,2,1777c020,13c35c9e,8a75e999,1,0,1,0,
Pakistan,17,17,2,8a75e999,13c35c9e,1777c020,0,0,0,0,
Pakistan,18,21,2,8a75e999,13c35c9e,1777c020,4,0,4,0,
Pakistan,19,22,2,8a75e999,13c35c9e,1777c020,1,0,1,0,
Pakistan,20,22,2,8a75e999,350bb1b1,1777c020,0,0,0,0,
Pakistan,21,26,2,8a75e999,350bb1b1,1777c020,4,0,4,0,
Pakistan,22,30,2,8a75e999,350bb1b1,1777c020,4,0,4,0,
Pakistan,23,31,2,8a75e999,350bb1b1,1777c020,1,0,1,0,
Pakistan,24,31,2,1777c020,350bb1b1,8a75e999,0,0,0,0,
Pakistan,25,35,2,1777c020,350bb1b1,8a75e999,4,0,4,0,
Pakistan,26,36,2,8a75e999,e4a0deae,1777c020,1,0,1,0,
Pakistan,27,36,2,1777c020,e4a0deae,8a75e999,0,0,0,0,
Pakistan,28,36,2,1777c020,e4a0deae,8a75e999,0,0,0,0,
Pakistan,29,42,2,1777c020,e4a0deae,8a75e999,6,0,6,0,
Pakistan,30,48,2,1777c020,e4a0deae,8a75e999,6,0,6,0,
Pakistan,31,48,2,1777c020,e4a0deae,8a75e999,0,0,0,0,
Pakistan,32,49,2,8a75e999,e1891e00,1777c020,1,0,1,0,
Pakistan,33,50,2,1777c020,e1891e00,8a75e999,1,0,1,0,
Pakistan,34,54,2,8a75e999,e1891e00,1777c020,4,0,4,0,
Pakistan,35,54,2,8a75e999,e1891e00,1777c020,0,0,0,0,
Pakistan,36,55,2,8a75e999,e1891e00,1777c020,1,0,1,0,
Pakistan,37,61,2,1777c020,e1891e00,8a75e999,6,0,6,0,
Pakistan,38,62,2,8a75e999,641ac5ff,1777c020,1,0,1,0,
Pakistan,39,68,2,1777c020,641ac5ff,8a75e999,6,0,6,0,
Pakistan,40,74,2,1777c020,641ac5ff,8a75e999,6,0,6,0,
Pakistan,41,75,2,1777c020,641ac5ff,8a75e999,1,0,1,0,
Pakistan,42,79,2,8a75e999,641ac5ff,1777c020,4,0,4,0,
Pakistan,43,80,2,8a75e999,641ac5ff,1777c020,1,0,1,0,
Pakistan,44,80,2,8a75e999,e1891e00,1777c020,0,0,0,0,
Pakistan,45,81,2,8a75e999,e1891e00,1777c020,1,0,1,0,
Pakistan,46,82,2,1777c020,e1891e00,8a75e999,1,0,1,0,
Pakistan,47,82,2,8a75e999,e1891e00,1777c020,0,0,0,0,
Pakistan,48,83,2,8a75e999,e1891e00,1777c020,1,0,1,0,
Pakistan,49,83,2,1777c020,e1891e00,8a75e999,0,0,0,0,
Pakistan,50,84,2,8a75e999,e4a0deae,1777c020,1,0,1,0,
Pakistan,51,86,2,1777c020,e4a0deae,8a75e999,2,0,2,0,
Pakistan,52,87,2,1777c020,e4a0deae,8a75e999,1,0,1,0,
Pakistan,53,87,2,8a75e999,e4a0deae,1777c020,0,0,0,0,
Pakistan,54,88,2,8a75e999,e4a0deae,1777c020,1,0,1,0,
Pakistan,55,89,2,1777c020,e4a0deae,8a75e999,1,0,1,0,
Pakistan,56,93,2,1777c020,350bb1b1,8a75e999,4,0,4,0,
Pakistan,57,97,2,1777c020,350bb1b1,8a75e999,4,0,4,0,
Pakistan,58,97,2,1777c020,350bb1b1,8a75e999,0,0,0,0,
Pakistan,59,97,3,1777c020,350bb1b1,8a75e999,0,0,0,1,bowled
Pakistan,60,97,3,29e253dd,350bb1b1,8a75e999,0,0,0,0,
Pakistan,61,97,3,29e253dd,350bb1b1,8a75e999,0,0,0,0,
Pakistan,62,98,3,8a75e999,641ac5ff,29e253dd,1,0,1,0,
Pakistan,63,98,3,29e253dd,641ac5ff,8a75e999,0,0,0,0,
Pakistan,64,99,3,29e253dd,641ac5ff,8a75e999,1,0,1,0,
Pakistan,65,100,3,8a75e999,641ac5ff,29e253dd,1,0,1,0,
Pakistan,66,102,3,29e253dd,641ac5ff,8a75e999,2,0,2,0,
Pakistan,67,102,3,29e253dd,641ac5ff,8a75e999,0,0,0,0,
Pakistan,68,103,3,8a75e999,e1891e00,29e253dd,1,0,1,0,
Pakistan,69,104,3,29e253dd,e1891e00,8a75e999,1,0,1,0,
Pakistan,70,104,3,8a75e999,e1891e00,29e253dd,0,0,0,0,
Pakistan,71,105,3,8a75e999,e1891e00,29e253dd,1,0,1,0,
Pakistan,72,105,4,29e253dd,e1891e00,8a75e999,0,0,0,1,caught
Pakistan,73,106,4,ee8f1a6d,e1891e00,8a75e999,1,0,1,0,
Pakistan,74,107,4,ee8f1a6d,641ac5ff,8a75e999,1,0,1,0,
Pakistan,75,108,4,8a75e999,641ac5ff,ee8f1a6d,0,1,1,0,
Pakistan,76,108,5,ee8f1a6d,641ac5ff,8a75e999,0,0,0,1,caught
Pakistan,77,108,5,a8e54ef4,641ac5ff,8a75e999,0,0,0,0,
Pakistan,78,108,5,a8e54ef4,641ac5ff,8a75e999,0,0,0,0,
Pakistan,79,109,5,a8e54ef4,641ac5ff,8a75e999,1,0,1,0,
Pakistan,80,110,5,a8e54ef4,e4a0deae,8a75e999,0,1,1,0,
Pakistan,81,110,5,a8e54ef4,e4a0deae,8a75e999,0,0,0,0,
Pakistan,82,111,5,a8e54ef4,e4a0deae,8a75e999,1,0,1,0,
Pakistan,83,112,5,8a75e999,e4a0deae,a8e54ef4,1,0,1,0,
Pakistan,84,118,5,a8e54ef4,e4a0deae,8a75e999,6,0,6,0,
Pakistan,85,119,5,a8e54ef4,e4a0deae,8a75e999,1,0,1,0,
Pakistan,86,120,5,8a75e999,e4a0deae,a8e54ef4,1,0,1,0,
Pakistan,87,124,5,8a75e999,641ac5ff,a8e54ef4,4,0,4,0,
Pakistan,88,125,5,8a75e999,641ac5ff,a8e54ef4,1,0,1,0,
Pakistan,89,125,6,a8e54ef4,641ac5ff,8a75e999,0,0,0,1,stumped
Pakistan,90,126,6,45a7e761,641ac5ff,8a75e999,1,0,1,0,
Pakistan,91,127,6,8a75e999,641ac5ff,45a7e761,1,0,1,0,
Pakistan,92,127,6,45a7e761,641ac5ff,8a75e999,0,0,0,0,
Pakistan,93,133,6,8a75e999,13c35c9e,45a7e761,6,0,6,0,
Pakistan,94,134,6,8a75e999,13c35c9e,45a7e761,1,0,1,0,
Pakistan,95,134,6,45a7e761,13c35c9e,8a75e999,0,0,0,0,
Pakistan,96,134,6,45a7e761,13c35c9e,8a75e999,0,0,0,0,
Pakistan,97,135,6,45a7e761,13c35c9e,8a75e999,1,0,1,0,
Pakistan,98,136,6,8a75e999,13c35c9e,45a7e761,1,0,1,0,
Pakistan,99,142,6,8a75e999,e4a0deae,45a7e761,6,0,6,0,
Pakistan,100,143,6,8a75e999,e4a0deae,45a7e761,1,0,1,0,
Pakistan,101,145,6,45a7e761,e4a0deae,8a75e999,2,0,2,0,
Pakistan,102,151,6,45a7e761,e4a0deae,8a75e999,6,0,6,0,
Pakistan,103,152,6,45a7e761,e4a0deae,8a75e999,1,0,1,0,
Pakistan,104,153,6,8a75e999,e4a0deae,45a7e761,1,0,1,0,
Pakistan,105,153,7,8a75e999,e1891e00,45a7e761,0,0,0,1,caught
Pakistan,106,154,7,2cec2a92,e1891e00,45a7e761,1,0,1,0,
Pakistan,107,154,7,45a7e761,e1891e00,2cec2a92,0,0,0,0,
Pakistan,108,160,7,45a7e761,e1891e00,2cec2a92,6,0,6,0,
Pakistan,109,161,7,45a7e761,e1891e00,2cec2a92,1,0,1,0,
Pakistan,110,161,7,2cec2a92,e1891e00,45a7e761,0,0,0,0,
Pakistan,111,165,7,45a7e761,350bb1b1,2cec2a92,4,0,4,0,
Pakistan,112,165,8,45a7e761,350bb1b1,2cec2a92,0,0,0,1,caught
Pakistan,113,165,9,6dd8b88c,350bb1b1,2cec2a92,0,0,0,1,caught
Pakistan,114,166,9,24bb1c2f,350bb1b1,2cec2a92,1,0,1,0,
Pakistan,115,172,9,2cec2a92,350bb1b1,24bb1c2f,6,0,6,0,
Pakistan,116,172,9,2cec2a92,350bb1b1,24bb1c2f,0,0,0,0,
Pakistan,117,172,9,24bb1c2f,13c35c9e,2cec2a92,0,0,0,0,
Pakistan,118,173,9,24bb1c2f,13c35c9e,2cec2a92,1,0,1,0,
Pakistan,119,173,10,2cec2a92,13c35c9e,24bb1c2f,0,0,0,1,caught
