batting_team,ball_number,total_team_runs,total_team_wickets,striker_ID,bowler_ID,nonstriker_ID,batter_runs,extras_runs,total_delivery_runs,wicket,wicket_type
Royal Challengers Bengaluru,1,1,0,ba607b88,a818c1be,3355b542,1,0,1,0,
Royal Challengers Bengaluru,2,2,0,3355b542,a818c1be,ba607b88,1,0,1,0,
Royal Challengers Bengaluru,3,3,0,ba607b88,a818c1be,3355b542,0,1,1,0,
Royal Challengers Bengaluru,4,4,0,ba607b88,a818c1be,3355b542,1,0,1,0,
Royal Challengers Bengaluru,5,4,0,3355b542,a818c1be,ba607b88,0,0,0,0,
Royal Challengers Bengaluru,6,4,0,3355b542,a818c1be,ba607b88,0,0,0,0,
Royal Challengers Bengaluru,7,8,0,3355b542,a818c1be,ba607b88,4,0,4,0,
Royal Challengers Bengaluru,8,13,0,ba607b88,465aa633,3355b542,0,5,5,0,
Royal Challengers Bengaluru,9,13,0,ba607b88,465aa633,3355b542,0,0,0,0,
Royal Challengers Bengaluru,10,13,0,ba607b88,465aa633,3355b542,0,0,0,0,
Royal Challengers Bengaluru,11,13,0,ba607b88,465aa633,3355b542,0,0,0,0,
Royal Challengers Bengaluru,12,17,0,ba607b88,465aa633,3355b542,4,0,4,0,
Royal Challengers Bengaluru,13,17,0,ba607b88,465aa633,3355b542,0,0,0,0,
Royal Challengers Bengaluru,14,21,0,ba607b88,465aa633,3355b542,4,0,4,0,
Royal Challengers Bengaluru,15,22,0,3355b542,a818c1be,ba607b88,1,0,1,0,
Royal Challengers Bengaluru,16,23,0,ba607b88,a818c1be,3355b542,1,0,1,0,
Royal Challengers Bengaluru,17,24,0,3355b542,a818c1be,ba607b88,0,1,1,0,
Royal Challengers Bengaluru,18,28,0,ba607b88,a818c1be,3355b542,4,0,4,0,
Royal Challengers Bengaluru,19,28,0,ba607b88,a818c1be,3355b542,0,0,0,0,
Royal Challengers Bengaluru,20,29,0,ba607b88,a818c1be,3355b542,1,0,1,0,
Royal Challengers Bengaluru,21,29,0,ba607b88,465aa633,3355b542,0,0,0,0,
Royal Challengers Bengaluru,22,35,0,ba607b88,465aa633,3355b542,6,0,6,0,
Royal Challengers Bengaluru,23,36,0,ba607b88,465aa633,3355b542,1,0,1,0,
Royal Challengers Bengaluru,24,37,0,3355b542,465aa633,ba607b88,1,0,1,0,
Royal Challengers Bengaluru,25,38,0,ba607b88,465aa633,3355b542,1,0,1,0,
Royal Challengers Bengaluru,26,42,0,3355b542,465aa633,ba607b88,4,0,4,0,
Royal Challengers Bengaluru,27,43,0,ba607b88,495d42a5,3355b542,1,0,1,0,
Royal Challengers Bengaluru,28,44,0,3355b542,495d42a5,ba607b88,1,0,1,0,
Royal Challengers Bengaluru,29,44,0,ba607b88,495d42a5,3355b542,0,0,0,0,
Royal Challengers Bengaluru,30,44,0,ba607b88,495d42a5,3355b542,0,0,0,0,
Royal Challengers Bengaluru,31,44,0,ba607b88,495d42a5,3355b542,0,0,0,0,
Royal Challengers Bengaluru,32,45,0,ba607b88,495d42a5,3355b542,1,0,1,0,
Royal Challengers Bengaluru,33,49,0,ba607b88,eef2536f,3355b542,4,0,4,0,
Royal Challengers Bengaluru,34,50,0,ba607b88,eef2536f,3355b542,1,0,1,0,
Royal Challengers Bengaluru,35,51,0,3355b542,eef2536f,ba607b88,1,0,1,0,
Royal Challengers Bengaluru,36,51,0,ba607b88,eef2536f,3355b542,0,0,0,0,
Royal Challengers Bengaluru,37,52,0,ba607b88,eef2536f,3355b542,1,0,1,0,
Royal Challengers Bengaluru,38,53,0,3355b542,eef2536f,ba607b88,1,0,1,0,
Royal Challengers Bengaluru,39,54,0,3355b542,495d42a5,ba607b88,1,0,1,0,
Royal Challengers Bengaluru,40,55,0,ba607b88,495d42a5,3355b542,0,1,1,0,
Royal Challengers Bengaluru,41,56,0,ba607b88,495d42a5,3355b542,1,0,1,0,
Royal Challengers Bengaluru,42,57,0,3355b542,495d42a5,ba607b88,1,0,1,0,
Royal Challengers Bengaluru,43,58,0,ba607b88,495d42a5,3355b542,1,0,1,0,
Royal Challengers Bengaluru,44,59,0,3355b542,495d42a5,ba607b88,1,0,1,0,
Royal Challengers Bengaluru,45,60,0,ba607b88,495d42a5,3355b542,1,0,1,0,
Royal Challengers Bengaluru,46,61,0,ba607b88,57ee1fde,3355b542,1,0,1,0,
Royal Challengers Bengaluru,47,61,0,3355b542,57ee1fde,ba607b88,0,0,0,0,
Royal Challengers Bengaluru,48,62,0,3355b542,57ee1fde,ba607b88,1,0,1,0,
Royal Challengers Bengaluru,49,63,0,ba607b88,57ee1fde,3355b542,1,0,1,0,
Royal Challengers Bengaluru,50,64,0,3355b542,57ee1fde,ba607b88,1,0,1,0,
Royal Challengers Bengaluru,51,64,0,ba607b88,57ee1fde,3355b542,0,0,0,0,
Royal Challengers Bengaluru,52,64,0,3355b542,a818c1be,ba607b88,0,0,0,0,
Royal Challengers Bengaluru,53,70,0,3355b542,a818c1be,ba607b88,6,0,6,0,
Royal Challengers Bengaluru,54,71,0,3355b542,a818c1be,ba607b88,1,0,1,0,
Royal Challengers Bengaluru,55,72,0,ba607b88,a818c1be,3355b542,1,0,1,0,
Royal Challengers Bengaluru,56,78,0,3355b542,a818c1be,ba607b88,6,0,6,0,
Royal Challengers Bengaluru,57,79,0,3355b542,a818c1be,ba607b88,1,0,1,0,
Royal Challengers Bengaluru,58,79,0,ba607b88,57ee1fde,3355b542,0,0,0,0,
Royal Challengers Bengaluru,59,79,0,ba607b88,57ee1fde,3355b542,0,0,0,0,
Royal Challengers Bengaluru,60,79,0,ba607b88,57ee1fde,3355b542,0,0,0,0,
Royal Challengers Bengaluru,61,85,0,ba607b88,57ee1fde,3355b542,6,0,6,0,
Royal Challengers Bengaluru,62,86,0,ba607b88,57ee1fde,3355b542,1,0,1,0,
Royal Challengers Bengaluru,63,88,0,3355b542,57ee1fde,ba607b88,2,0,2,0,
Royal Challengers Bengaluru,64,89,0,ba607b88,04a418e8,3355b542,1,0,1,0,
Royal Challengers Bengaluru,65,89,0,3355b542,04a418e8,ba607b88,0,0,0,0,
Royal Challengers Bengaluru,66,90,0,3355b542,04a418e8,ba607b88,1,0,1,0,
Royal Challengers Bengaluru,67,96,0,ba607b88,04a418e8,3355b542,6,0,6,0,
Royal Challengers Bengaluru,68,97,0,ba607b88,04a418e8,3355b542,1,0,1,0,
Royal Challengers Bengaluru,69,98,0,3355b542,04a418e8,ba607b88,1,0,1,0,
Royal Challengers Bengaluru,70,99,0,3355b542,eef2536f,ba607b88,1,0,1,0,
Royal Challengers Bengaluru,71,100,0,ba607b88,eef2536f,3355b542,1,0,1,0,
Royal Challengers Bengaluru,72,101,0,3355b542,eef2536f,ba607b88,1,0,1,0,
Royal Challengers Bengaluru,73,105,0,ba607b88,eef2536f,3355b542,4,0,4,0,
Royal Challengers Bengaluru,74,106,0,ba607b88,eef2536f,3355b542,1,0,1,0,
Royal Challengers Bengaluru,75,107,0,3355b542,eef2536f,ba607b88,1,0,1,0,
Royal Challengers Bengaluru,76,108,0,3355b542,495d42a5,ba607b88,1,0,1,0,
Royal Challengers Bengaluru,77,110,0,ba607b88,495d42a5,3355b542,2,0,2,0,
Royal Challengers Bengaluru,78,111,0,ba607b88,495d42a5,3355b542,1,0,1,0,
Royal Challengers Bengaluru,79,112,0,3355b542,495d42a5,ba607b88,1,0,1,0,
Royal Challengers Bengaluru,80,114,0,ba607b88,495d42a5,3355b542,2,0,2,0,
Royal Challengers Bengaluru,81,115,0,ba607b88,495d42a5,3355b542,1,0,1,0,
Royal Challengers Bengaluru,82,116,0,ba607b88,57ee1fde,3355b542,0,1,1,0,
Royal Challengers Bengaluru,83,118,0,ba607b88,57ee1fde,3355b542,2,0,2,0,
Royal Challengers Bengaluru,84,122,0,ba607b88,57ee1fde,3355b542,4,0,4,0,
Royal Challengers Bengaluru,85,122,0,ba607b88,57ee1fde,3355b542,0,0,0,0,
Royal Challengers Bengaluru,86,123,0,ba607b88,57ee1fde,3355b542,1,0,1,0,
Royal Challengers Bengaluru,87,125,0,3355b542,57ee1fde,ba607b88,2,0,2,0,
Royal Challengers Bengaluru,88,125,1,3355b542,57ee1fde,ba607b88,0,0,0,1,caught
Royal Challengers Bengaluru,89,126,1,ba607b88,465aa633,b681e71e,0,1,1,0,
Royal Challengers Bengaluru,90,127,1,b681e71e,465aa633,ba607b88,1,0,1,0,
Royal Challengers Bengaluru,91,128,1,ba607b88,465aa633,b681e71e,1,0,1,0,
Royal Challengers Bengaluru,92,128,1,b681e71e,465aa633,ba607b88,0,0,0,0,
Royal Challengers Bengaluru,93,128,2,b681e71e,465aa633,ba607b88,0,0,0,1,bowled
Royal Challengers Bengaluru,94,129,2,9e7225b0,465aa633,ba607b88,1,0,1,0,
Royal Challengers Bengaluru,95,130,2,9e7225b0,eef2536f,ba607b88,1,0,1,0,
Royal Challengers Bengaluru,96,134,2,ba607b88,eef2536f,9e7225b0,4,0,4,0,
Royal Challengers Bengaluru,97,138,2,ba607b88,eef2536f,9e7225b0,4,0,4,0,
Royal Challengers Bengaluru,98,140,2,ba607b88,eef2536f,9e7225b0,2,0,2,0,
Royal Challengers Bengaluru,99,144,2,ba607b88,eef2536f,9e7225b0,4,0,4,0,
Royal Challengers Bengaluru,100,144,2,ba607b88,eef2536f,9e7225b0,0,0,0,0,
Royal Challengers Bengaluru,101,145,2,9e7225b0,495d42a5,ba607b88,1,0,1,0,
Royal Challengers Bengaluru,102,147,2,ba607b88,495d42a5,9e7225b0,2,0,2,0,
Royal Challengers Bengaluru,103,147,2,ba607b88,495d42a5,9e7225b0,0,0,0,0,
Royal Challengers Bengaluru,104,148,2,ba607b88,495d42a5,9e7225b0,1,0,1,0,
Royal Challengers Bengaluru,105,148,2,9e7225b0,495d42a5,ba607b88,0,0,0,0,
Royal Challengers Bengaluru,106,154,2,9e7225b0,495d42a5,ba607b88,6,0,6,0,
Royal Challengers Bengaluru,107,155,2,ba607b88,57ee1fde,9e7225b0,1,0,1,0,
Royal Challengers Bengaluru,108,155,3,9e7225b0,57ee1fde,ba607b88,0,0,0,1,caught
Royal Challengers Bengaluru,109,156,3,eaa76d3c,57ee1fde,ba607b88,1,0,1,0,
Royal Challengers Bengaluru,110,162,3,ba607b88,57ee1fde,eaa76d3c,6,0,6,0,
Royal Challengers Bengaluru,111,163,3,ba607b88,57ee1fde,eaa76d3c,1,0,1,0,
Royal Challengers Bengaluru,112,165,3,eaa76d3c,57ee1fde,ba607b88,2,0,2,0,
Royal Challengers Bengaluru,113,165,3,ba607b88,465aa633,eaa76d3c,0,0,0,0,
Royal Challengers Bengaluru,114,166,3,ba607b88,465aa633,eaa76d3c,1,0,1,0,
Royal Challengers Bengaluru,115,167,3,eaa76d3c,465aa633,ba607b88,1,0,1,0,
Royal Challengers Bengaluru,116,168,3,ba607b88,465aa633,eaa76d3c,0,1,1,0,
Royal Challengers Bengaluru,117,169,3,ba607b88,465aa633,eaa76d3c,1,0,1,0,
Royal Challengers Bengaluru,118,169,3,eaa76d3c,465aa633,ba607b88,0,0,0,0,
Royal Challengers Bengaluru,119,169,3,eaa76d3c,465aa633,ba607b88,0,0,0,0,
Royal Challengers Bengaluru,120,173,3,ba607b88,eef2536f,eaa76d3c,4,0,4,0,
Royal Challengers Bengaluru,121,173,3,ba607b88,eef2536f,eaa76d3c,0,0,0,0,
Royal Challengers Bengaluru,122,177,3,ba607b88,eef2536f,eaa76d3c,4,0,4,0,
Royal Challengers Bengaluru,123,178,3,ba607b88,eef2536f,eaa76d3c,1,0,1,0,
Royal Challengers Bengaluru,124,179,3,eaa76d3c,eef2536f,ba607b88,1,0,1,0,
Royal Challengers Bengaluru,125,183,3,ba607b88,eef2536f,eaa76d3c,4,0,4,0,
Rajasthan Royals,1,0,0,6c19c6e5,8db7f47f,99b75528,0,0,0,0,
Rajasthan Royals,2,0,1,6c19c6e5,8db7f47f,99b75528,0,0,0,1,caught
Rajasthan Royals,3,0,1,a4cc73aa,8db7f47f,99b75528,0,0,0,0,
Rajasthan Royals,4,0,1,a4cc73aa,8db7f47f,99b75528,0,0,0,0,
Rajasthan Royals,5,1,1,a4cc73aa,8db7f47f,99b75528,1,0,1,0,
Rajasthan Royals,6,1,1,99b75528,8db7f47f,a4cc73aa,0,0,0,0,
Rajasthan Royals,7,1,1,a4cc73aa,7210d461,99b75528,0,0,0,0,
Rajasthan Royals,8,5,1,a4cc73aa,7210d461,99b75528,4,0,4,0,
Rajasthan Royals,9,5,1,a4cc73aa,7210d461,99b75528,0,0,0,0,
Rajasthan Royals,10,5,1,a4cc73aa,7210d461,99b75528,0,0,0,0,
Rajasthan Royals,11,5,1,a4cc73aa,7210d461,99b75528,0,0,0,0,
Rajasthan Royals,12,9,1,a4cc73aa,7210d461,99b75528,4,0,4,0,
Rajasthan Royals,13,9,1,99b75528,8db7f47f,a4cc73aa,0,0,0,0,
Rajasthan Royals,14,9,1,99b75528,8db7f47f,a4cc73aa,0,0,0,0,
Rajasthan Royals,15,10,1,99b75528,8db7f47f,a4cc73aa,1,0,1,0,
Rajasthan Royals,16,14,1,a4cc73aa,8db7f47f,99b75528,4,0,4,0,
Rajasthan Royals,17,15,1,a4cc73aa,8db7f47f,99b75528,1,0,1,0,
Rajasthan Royals,18,16,1,99b75528,8db7f47f,a4cc73aa,1,0,1,0,
Rajasthan Royals,19,20,1,99b75528,2f49c897,a4cc73aa,4,0,4,0,
Rajasthan Royals,20,22,1,99b75528,2f49c897,a4cc73aa,2,0,2,0,
Rajasthan Royals,21,22,1,99b75528,2f49c897,a4cc73aa,0,0,0,0,
Rajasthan Royals,22,23,1,99b75528,2f49c897,a4cc73aa,1,0,1,0,
Rajasthan Royals,23,24,1,a4cc73aa,2f49c897,99b75528,1,0,1,0,
Rajasthan Royals,24,25,1,99b75528,2f49c897,a4cc73aa,1,0,1,0,
Rajasthan Royals,25,29,1,99b75528,7210d461,a4cc73aa,4,0,4,0,
Rajasthan Royals,26,29,1,99b75528,7210d461,a4cc73aa,0,0,0,0,
Rajasthan Royals,27,29,1,99b75528,7210d461,a4cc73aa,0,0,0,0,
Rajasthan Royals,28,29,1,99b75528,7210d461,a4cc73aa,0,0,0,0,
Rajasthan Royals,29,33,1,99b75528,7210d461,a4cc73aa,4,0,4,0,
Rajasthan Royals,30,34,1,99b75528,7210d461,a4cc73aa,1,0,1,0,
Rajasthan Royals,31,38,1,99b75528,a457cfb5,a4cc73aa,4,0,4,0,
Rajasthan Royals,32,38,1,99b75528,a457cfb5,a4cc73aa,0,0,0,0,
Rajasthan Royals,33,42,1,99b75528,a457cfb5,a4cc73aa,4,0,4,0,
Rajasthan Royals,34,48,1,99b75528,a457cfb5,a4cc73aa,6,0,6,0,
Rajasthan Royals,35,52,1,99b75528,a457cfb5,a4cc73aa,4,0,4,0,
Rajasthan Royals,36,54,1,99b75528,a457cfb5,a4cc73aa,2,0,2,0,
Rajasthan Royals,37,54,1,a4cc73aa,eaa76d3c,99b75528,0,0,0,0,
Rajasthan Royals,38,56,1,a4cc73aa,eaa76d3c,99b75528,2,0,2,0,
Rajasthan Royals,39,57,1,a4cc73aa,eaa76d3c,99b75528,1,0,1,0,
Rajasthan Royals,40,58,1,99b75528,eaa76d3c,a4cc73aa,1,0,1,0,
Rajasthan Royals,41,60,1,a4cc73aa,eaa76d3c,99b75528,2,0,2,0,
Rajasthan Royals,42,61,1,a4cc73aa,eaa76d3c,99b75528,0,1,1,0,
Rajasthan Royals,43,63,1,a4cc73aa,eaa76d3c,99b75528,2,0,2,0,
Rajasthan Royals,44,64,1,99b75528,52294a79,a4cc73aa,1,0,1,0,
Rajasthan Royals,45,68,1,a4cc73aa,52294a79,99b75528,4,0,4,0,
Rajasthan Royals,46,70,1,a4cc73aa,52294a79,99b75528,2,0,2,0,
Rajasthan Royals,47,74,1,a4cc73aa,52294a79,99b75528,4,0,4,0,
Rajasthan Royals,48,75,1,a4cc73aa,52294a79,99b75528,1,0,1,0,
Rajasthan Royals,49,77,1,99b75528,52294a79,a4cc73aa,2,0,2,0,
Rajasthan Royals,50,77,1,a4cc73aa,eaa76d3c,99b75528,0,0,0,0,
Rajasthan Royals,51,78,1,a4cc73aa,eaa76d3c,99b75528,1,0,1,0,
Rajasthan Royals,52,82,1,99b75528,eaa76d3c,a4cc73aa,4,0,4,0,
Rajasthan Royals,53,83,1,99b75528,eaa76d3c,a4cc73aa,1,0,1,0,
Rajasthan Royals,54,84,1,a4cc73aa,eaa76d3c,99b75528,1,0,1,0,
Rajasthan Royals,55,84,1,99b75528,eaa76d3c,a4cc73aa,0,0,0,0,
Rajasthan Royals,56,85,1,a4cc73aa,2f49c897,99b75528,1,0,1,0,
Rajasthan Royals,57,86,1,99b75528,2f49c897,a4cc73aa,1,0,1,0,
Rajasthan Royals,58,92,1,a4cc73aa,2f49c897,99b75528,6,0,6,0,
Rajasthan Royals,59,93,1,a4cc73aa,2f49c897,99b75528,1,0,1,0,
Rajasthan Royals,60,94,1,99b75528,2f49c897,a4cc73aa,1,0,1,0,
Rajasthan Royals,61,95,1,a4cc73aa,2f49c897,99b75528,1,0,1,0,
Rajasthan Royals,62,95,1,a4cc73aa,a457cfb5,99b75528,0,0,0,0,
Rajasthan Royals,63,95,1,a4cc73aa,a457cfb5,99b75528,0,0,0,0,
Rajasthan Royals,64,99,1,a4cc73aa,a457cfb5,99b75528,4,0,4,0,
Rajasthan Royals,65,99,1,a4cc73aa,a457cfb5,99b75528,0,0,0,0,
Rajasthan Royals,66,105,1,a4cc73aa,a457cfb5,99b75528,6,0,6,0,
Rajasthan Royals,67,109,1,a4cc73aa,a457cfb5,99b75528,4,0,4,0,
Rajasthan Royals,68,115,1,99b75528,52294a79,a4cc73aa,6,0,6,0,
Rajasthan Royals,69,116,1,99b75528,52294a79,a4cc73aa,1,0,1,0,
Rajasthan Royals,70,120,1,a4cc73aa,52294a79,99b75528,4,0,4,0,
Rajasthan Royals,71,122,1,a4cc73aa,52294a79,99b75528,2,0,2,0,
Rajasthan Royals,72,123,1,a4cc73aa,52294a79,99b75528,1,0,1,0,
Rajasthan Royals,73,124,1,99b75528,52294a79,a4cc73aa,1,0,1,0,
Rajasthan Royals,74,125,1,99b75528,7210d461,a4cc73aa,1,0,1,0,
Rajasthan Royals,75,126,1,a4cc73aa,7210d461,99b75528,1,0,1,0,
Rajasthan Royals,76,128,1,99b75528,7210d461,a4cc73aa,2,0,2,0,
Rajasthan Royals,77,130,1,99b75528,7210d461,a4cc73aa,2,0,2,0,
Rajasthan Royals,78,130,1,99b75528,7210d461,a4cc73aa,0,0,0,0,
Rajasthan Royals,79,136,1,99b75528,7210d461,a4cc73aa,6,0,6,0,
Rajasthan Royals,80,137,1,a4cc73aa,8db7f47f,99b75528,1,0,1,0,
Rajasthan Royals,81,138,1,99b75528,8db7f47f,a4cc73aa,1,0,1,0,
Rajasthan Royals,82,139,1,a4cc73aa,8db7f47f,99b75528,1,0,1,0,
Rajasthan Royals,83,140,1,99b75528,8db7f47f,a4cc73aa,0,1,1,0,
Rajasthan Royals,84,140,1,99b75528,8db7f47f,a4cc73aa,0,0,0,0,
Rajasthan Royals,85,144,1,99b75528,8db7f47f,a4cc73aa,4,0,4,0,
Rajasthan Royals,86,145,1,99b75528,8db7f47f,a4cc73aa,1,0,1,0,
Rajasthan Royals,87,146,1,99b75528,2f49c897,a4cc73aa,1,0,1,0,
Rajasthan Royals,88,147,1,a4cc73aa,2f49c897,99b75528,1,0,1,0,
Rajasthan Royals,89,148,1,99b75528,2f49c897,a4cc73aa,1,0,1,0,
Rajasthan Royals,90,148,2,a4cc73aa,2f49c897,99b75528,0,0,0,1,caught
Rajasthan Royals,91,148,2,04a418e8,2f49c897,99b75528,0,0,0,0,
Rajasthan Royals,92,152,2,04a418e8,2f49c897,99b75528,4,0,4,0,
Rajasthan Royals,93,154,2,99b75528,7210d461,04a418e8,2,0,2,0,
Rajasthan Royals,94,155,2,99b75528,7210d461,04a418e8,1,0,1,0,
Rajasthan Royals,95,155,2,04a418e8,7210d461,99b75528,0,0,0,0,
Rajasthan Royals,96,155,3,04a418e8,7210d461,99b75528,0,0,0,1,caught
Rajasthan Royals,97,156,3,bcf325d2,7210d461,99b75528,1,0,1,0,
Rajasthan Royals,98,160,3,99b75528,7210d461,bcf325d2,4,0,4,0,
Rajasthan Royals,99,161,3,bcf325d2,8db7f47f,99b75528,1,0,1,0,
Rajasthan Royals,100,164,3,99b75528,8db7f47f,bcf325d2,3,0,3,0,
Rajasthan Royals,101,164,4,bcf325d2,8db7f47f,99b75528,0,0,0,1,caught
Rajasthan Royals,102,165,4,48a1d7b7,8db7f47f,99b75528,1,0,1,0,
Rajasthan Royals,103,166,4,99b75528,8db7f47f,48a1d7b7,1,0,1,0,
Rajasthan Royals,104,170,4,48a1d7b7,8db7f47f,99b75528,4,0,4,0,
Rajasthan Royals,105,171,4,99b75528,eaa76d3c,48a1d7b7,1,0,1,0,
Rajasthan Royals,106,171,4,48a1d7b7,eaa76d3c,99b75528,0,0,0,0,
Rajasthan Royals,107,172,4,48a1d7b7,eaa76d3c,99b75528,1,0,1,0,
Rajasthan Royals,108,174,4,99b75528,eaa76d3c,48a1d7b7,2,0,2,0,
Rajasthan Royals,109,174,4,99b75528,eaa76d3c,48a1d7b7,0,0,0,0,
Rajasthan Royals,110,175,4,99b75528,eaa76d3c,48a1d7b7,1,0,1,0,
Rajasthan Royals,111,175,4,99b75528,2f49c897,48a1d7b7,0,0,0,0,
Rajasthan Royals,112,175,4,99b75528,2f49c897,48a1d7b7,0,0,0,0,
Rajasthan Royals,113,176,4,99b75528,2f49c897,48a1d7b7,1,0,1,0,
Rajasthan Royals,114,180,4,48a1d7b7,2f49c897,99b75528,4,0,4,0,
Rajasthan Royals,115,181,4,48a1d7b7,2f49c897,99b75528,0,1,1,0,
Rajasthan Royals,116,182,4,48a1d7b7,2f49c897,99b75528,1,0,1,0,
Rajasthan Royals,117,183,4,99b75528,2f49c897,48a1d7b7,1,0,1,0,
Rajasthan Royals,118,189,4,99b75528,eaa76d3c,48a1d7b7,6,0,6,0,
