batting_team,ball_number,total_team_runs,total_team_wickets,striker_ID,bowler_ID,nonstriker_ID,batter_runs,extras_runs,total_delivery_runs,wicket,wicket_type
India,1,0,0,6c19c6e5,eaa36b2a,b4b99816,0,0,0,0,
India,2,0,0,6c19c6e5,eaa36b2a,b4b99816,0,0,0,0,
India,3,4,0,6c19c6e5,eaa36b2a,b4b99816,4,0,4,0,
India,4,4,0,6c19c6e5,eaa36b2a,b4b99816,0,0,0,0,
India,5,9,0,6c19c6e5,eaa36b2a,b4b99816,4,1,5,0,
India,6,15,0,6c19c6e5,eaa36b2a,b4b99816,6,0,6,0,
India,7,15,0,6c19c6e5,eaa36b2a,b4b99816,0,0,0,0,
India,8,15,0,b4b99816,6e3f5a5c,6c19c6e5,0,0,0,0,
India,9,19,0,b4b99816,6e3f5a5c,6c19c6e5,4,0,4,0,
India,10,19,0,b4b99816,6e3f5a5c,6c19c6e5,0,0,0,0,
India,11,19,0,b4b99816,6e3f5a5c,6c19c6e5,0,0,0,0,
India,12,25,0,b4b99816,6e3f5a5c,6c19c6e5,6,0,6,0,
India,13,29,0,b4b99816,6e3f5a5c,6c19c6e5,4,0,4,0,
India,14,30,0,6c19c6e5,5bbabe59,b4b99816,1,0,1,0,
India,15,31,0,b4b99816,5bbabe59,6c19c6e5,1,0,1,0,
India,16,31,0,6c19c6e5,5bbabe59,b4b99816,0,0,0,0,
India,17,31,0,6c19c6e5,5bbabe59,b4b99816,0,0,0,0,
India,18,35,0,6c19c6e5,5bbabe59,b4b99816,4,0,4,0,
India,19,41,0,6c19c6e5,5bbabe59,b4b99816,6,0,6,0,
India,20,41,0,b4b99816,449f4e3c,6c19c6e5,0,0,0,0,
India,21,41,0,b4b99816,449f4e3c,6c19c6e5,0,0,0,0,
India,22,45,0,b4b99816,449f4e3c,6c19c6e5,4,0,4,0,
India,23,45,0,b4b99816,449f4e3c,6c19c6e5,0,0,0,0,
India,24,49,0,b4b99816,449f4e3c,6c19c6e5,4,0,4,0,
India,25,49,0,b4b99816,449f4e3c,6c19c6e5,0,0,0,0,
India,26,50,0,6c19c6e5,6e3f5a5c,b4b99816,1,0,1,0,
India,27,50,0,b4b99816,6e3f5a5c,6c19c6e5,0,0,0,0,
India,28,50,0,b4b99816,6e3f5a5c,6c19c6e5,0,0,0,0,
India,29,50,0,b4b99816,6e3f5a5c,6c19c6e5,0,0,0,0,
India,30,54,0,b4b99816,6e3f5a5c,6c19c6e5,4,0,4,0,
India,31,54,0,b4b99816,6e3f5a5c,6c19c6e5,0,0,0,0,
India,32,54,0,6c19c6e5,449f4e3c,b4b99816,0,0,0,0,
India,33,54,0,6c19c6e5,449f4e3c,b4b99816,0,0,0,0,
India,34,54,0,6c19c6e5,449f4e3c,b4b99816,0,0,0,0,
India,35,54,0,6c19c6e5,449f4e3c,b4b99816,0,0,0,0,
India,36,55,0,6c19c6e5,449f4e3c,b4b99816,1,0,1,0,
India,37,55,0,b4b99816,449f4e3c,6c19c6e5,0,0,0,0,
India,38,55,0,6c19c6e5,26d041c4,b4b99816,0,0,0,0,
India,39,55,0,6c19c6e5,26d041c4,b4b99816,0,0,0,0,
India,40,56,0,6c19c6e5,26d041c4,b4b99816,1,0,1,0,
India,41,57,0,b4b99816,26d041c4,6c19c6e5,1,0,1,0,
India,42,58,0,6c19c6e5,26d041c4,b4b99816,1,0,1,0,
India,43,59,0,b4b99816,26d041c4,6c19c6e5,1,0,1,0,
India,44,59,0,b4b99816,5bbabe59,6c19c6e5,0,0,0,0,
India,45,60,0,b4b99816,5bbabe59,6c19c6e5,1,0,1,0,
India,46,64,0,6c19c6e5,5bbabe59,b4b99816,4,0,4,0,
India,47,64,0,6c19c6e5,5bbabe59,b4b99816,0,0,0,0,
India,48,66,0,6c19c6e5,5bbabe59,b4b99816,2,0,2,0,
India,49,67,0,6c19c6e5,5bbabe59,b4b99816,1,0,1,0,
India,50,67,1,6c19c6e5,26d041c4,b4b99816,0,0,0,1,caught
India,51,67,1,f29185a1,26d041c4,b4b99816,0,0,0,0,
India,52,68,1,f29185a1,26d041c4,b4b99816,1,0,1,0,
India,53,68,1,b4b99816,26d041c4,f29185a1,0,0,0,0,
India,54,69,1,b4b99816,26d041c4,f29185a1,1,0,1,0,
India,55,70,1,f29185a1,26d041c4,b4b99816,1,0,1,0,
India,56,72,1,f29185a1,4bc0a378,b4b99816,2,0,2,0,
India,57,73,1,f29185a1,4bc0a378,b4b99816,1,0,1,0,
India,58,74,1,b4b99816,4bc0a378,f29185a1,1,0,1,0,
India,59,75,1,f29185a1,4bc0a378,b4b99816,1,0,1,0,
India,60,76,1,b4b99816,4bc0a378,f29185a1,1,0,1,0,
India,61,80,1,f29185a1,4bc0a378,b4b99816,4,0,4,0,
India,62,81,1,b4b99816,26d041c4,f29185a1,1,0,1,0,
India,63,81,1,f29185a1,26d041c4,b4b99816,0,0,0,0,
India,64,81,2,f29185a1,26d041c4,b4b99816,0,0,0,1,caught
India,65,82,2,45a43fe2,26d041c4,b4b99816,1,0,1,0,
India,66,83,2,b4b99816,26d041c4,45a43fe2,1,0,1,0,
India,67,83,2,45a43fe2,26d041c4,b4b99816,0,0,0,0,
India,68,84,2,b4b99816,4bc0a378,45a43fe2,1,0,1,0,
India,69,84,2,45a43fe2,4bc0a378,b4b99816,0,0,0,0,
India,70,85,2,45a43fe2,4bc0a378,b4b99816,1,0,1,0,
India,71,89,2,b4b99816,4bc0a378,45a43fe2,4,0,4,0,
India,72,89,2,b4b99816,4bc0a378,45a43fe2,0,0,0,0,
India,73,89,2,b4b99816,4bc0a378,45a43fe2,0,0,0,0,
India,74,90,2,45a43fe2,a879b92c,b4b99816,1,0,1,0,
India,75,96,2,b4b99816,a879b92c,45a43fe2,6,0,6,0,
India,76,97,2,b4b99816,a879b92c,45a43fe2,1,0,1,0,
India,77,103,2,45a43fe2,a879b92c,b4b99816,6,0,6,0,
India,78,107,2,45a43fe2,a879b92c,b4b99816,4,0,4,0,
India,79,108,2,45a43fe2,a879b92c,b4b99816,1,0,1,0,
India,80,112,2,45a43fe2,5bbabe59,b4b99816,4,0,4,0,
India,81,113,2,45a43fe2,5bbabe59,b4b99816,1,0,1,0,
India,82,117,2,b4b99816,5bbabe59,45a43fe2,4,0,4,0,
India,83,117,2,b4b99816,5bbabe59,45a43fe2,0,0,0,0,
India,84,118,2,b4b99816,5bbabe59,45a43fe2,1,0,1,0,
India,85,118,2,45a43fe2,5bbabe59,b4b99816,0,0,0,0,
India,86,119,2,b4b99816,4bc0a378,45a43fe2,1,0,1,0,
India,87,123,2,45a43fe2,4bc0a378,b4b99816,4,0,4,0,
India,88,124,2,45a43fe2,4bc0a378,b4b99816,1,0,1,0,
India,89,125,2,b4b99816,4bc0a378,45a43fe2,1,0,1,0,
India,90,125,2,45a43fe2,4bc0a378,b4b99816,0,0,0,0,
India,91,127,2,45a43fe2,4bc0a378,b4b99816,2,0,2,0,
India,92,127,2,b4b99816,6e3f5a5c,45a43fe2,0,0,0,0,
India,93,128,2,b4b99816,6e3f5a5c,45a43fe2,1,0,1,0,
India,94,128,2,45a43fe2,6e3f5a5c,b4b99816,0,0,0,0,
India,95,128,2,45a43fe2,6e3f5a5c,b4b99816,0,0,0,0,
India,96,129,2,45a43fe2,6e3f5a5c,b4b99816,1,0,1,0,
India,97,130,2,b4b99816,6e3f5a5c,45a43fe2,1,0,1,0,
India,98,134,2,b4b99816,26d041c4,45a43fe2,0,4,4,0,
India,99,140,2,b4b99816,26d041c4,45a43fe2,6,0,6,0,
India,100,141,2,b4b99816,26d041c4,45a43fe2,1,0,1,0,
India,101,147,2,45a43fe2,26d041c4,b4b99816,6,0,6,0,
India,102,147,2,45a43fe2,26d041c4,b4b99816,0,0,0,0,
India,103,148,2,45a43fe2,26d041c4,b4b99816,1,0,1,0,
India,104,149,2,45a43fe2,449f4e3c,b4b99816,1,0,1,0,
India,105,151,2,b4b99816,449f4e3c,45a43fe2,2,0,2,0,
India,106,152,2,b4b99816,449f4e3c,45a43fe2,1,0,1,0,
India,107,153,2,45a43fe2,449f4e3c,b4b99816,1,0,1,0,
India,108,153,3,b4b99816,449f4e3c,45a43fe2,0,0,0,1,caught
India,109,154,3,a4cc73aa,449f4e3c,45a43fe2,0,1,1,0,
India,110,158,3,a4cc73aa,6e3f5a5c,45a43fe2,4,0,4,0,
India,111,160,3,a4cc73aa,6e3f5a5c,45a43fe2,2,0,2,0,
India,112,160,3,a4cc73aa,6e3f5a5c,45a43fe2,0,0,0,0,
India,113,161,3,a4cc73aa,6e3f5a5c,45a43fe2,1,0,1,0,
India,114,167,3,45a43fe2,6e3f5a5c,a4cc73aa,6,0,6,0,
India,115,171,3,45a43fe2,6e3f5a5c,a4cc73aa,4,0,4,0,
India,116,172,3,a4cc73aa,449f4e3c,45a43fe2,1,0,1,0,
India,117,173,3,45a43fe2,449f4e3c,a4cc73aa,1,0,1,0,
India,118,175,3,a4cc73aa,449f4e3c,45a43fe2,0,2,2,0,
India,119,177,3,45a43fe2,449f4e3c,a4cc73aa,2,0,2,0,
India,120,177,4,45a43fe2,449f4e3c,a4cc73aa,0,0,0,1,caught
India,121,178,4,0a509d6b,449f4e3c,a4cc73aa,1,0,1,0,
India,122,182,4,a4cc73aa,449f4e3c,0a509d6b,4,0,4,0,
Zimbabwe,1,1,0,a879b92c,a2f46292,3d5d51a5,1,0,1,0,
Zimbabwe,2,1,0,3d5d51a5,a2f46292,a879b92c,0,0,0,0,
Zimbabwe,3,5,0,3d5d51a5,a2f46292,a879b92c,4,0,4,0,
Zimbabwe,4,5,0,3d5d51a5,a2f46292,a879b92c,0,0,0,0,
Zimbabwe,5,5,0,3d5d51a5,a2f46292,a879b92c,0,0,0,0,
Zimbabwe,6,9,0,3d5d51a5,a2f46292,a879b92c,4,0,4,0,
Zimbabwe,7,9,1,a879b92c,eef2536f,3d5d51a5,0,0,0,1,caught
Zimbabwe,8,10,1,eaa36b2a,eef2536f,3d5d51a5,0,1,1,0,
Zimbabwe,9,11,1,3d5d51a5,eef2536f,eaa36b2a,1,0,1,0,
Zimbabwe,10,11,1,eaa36b2a,eef2536f,3d5d51a5,0,0,0,0,
Zimbabwe,11,11,1,eaa36b2a,eef2536f,3d5d51a5,0,0,0,0,
Zimbabwe,12,15,1,eaa36b2a,eef2536f,3d5d51a5,4,0,4,0,
Zimbabwe,13,15,1,3d5d51a5,a2f46292,eaa36b2a,0,0,0,0,
Zimbabwe,14,19,1,3d5d51a5,a2f46292,eaa36b2a,4,0,4,0,
Zimbabwe,15,19,1,3d5d51a5,a2f46292,eaa36b2a,0,0,0,0,
Zimbabwe,16,19,2,3d5d51a5,a2f46292,eaa36b2a,0,0,0,1,caught
Zimbabwe,17,19,2,d96165b5,a2f46292,eaa36b2a,0,0,0,0,
Zimbabwe,18,19,2,d96165b5,a2f46292,eaa36b2a,0,0,0,0,
Zimbabwe,19,19,3,eaa36b2a,eef2536f,d96165b5,0,0,0,1,caught
Zimbabwe,20,21,3,26d041c4,eef2536f,d96165b5,2,0,2,0,
Zimbabwe,21,21,3,26d041c4,eef2536f,d96165b5,0,0,0,0,
Zimbabwe,22,21,3,26d041c4,eef2536f,d96165b5,0,0,0,0,
Zimbabwe,23,22,3,26d041c4,eef2536f,d96165b5,0,1,1,0,
Zimbabwe,24,26,3,26d041c4,eef2536f,d96165b5,4,0,4,0,
Zimbabwe,25,30,3,26d041c4,eef2536f,d96165b5,4,0,4,0,
Zimbabwe,26,31,3,d96165b5,a2f46292,26d041c4,1,0,1,0,
Zimbabwe,27,31,3,26d041c4,a2f46292,d96165b5,0,0,0,0,
Zimbabwe,28,31,3,26d041c4,a2f46292,d96165b5,0,0,0,0,
Zimbabwe,29,31,3,26d041c4,a2f46292,d96165b5,0,0,0,0,
Zimbabwe,30,31,3,26d041c4,a2f46292,d96165b5,0,0,0,0,
Zimbabwe,31,31,3,26d041c4,a2f46292,d96165b5,0,0,0,0,
Zimbabwe,32,31,3,d96165b5,df064e1a,26d041c4,0,0,0,0,
Zimbabwe,33,32,3,d96165b5,df064e1a,26d041c4,1,0,1,0,
Zimbabwe,34,36,3,26d041c4,df064e1a,d96165b5,4,0,4,0,
Zimbabwe,35,36,3,26d041c4,df064e1a,d96165b5,0,0,0,0,
Zimbabwe,36,36,3,26d041c4,df064e1a,d96165b5,0,0,0,0,
Zimbabwe,37,37,3,26d041c4,df064e1a,d96165b5,1,0,1,0,
Zimbabwe,38,37,3,26d041c4,f19ccfad,d96165b5,0,0,0,0,
Zimbabwe,39,37,4,26d041c4,f19ccfad,d96165b5,0,0,0,1,caught
Zimbabwe,40,38,4,0e63259d,f19ccfad,d96165b5,1,0,1,0,
Zimbabwe,41,38,4,d96165b5,f19ccfad,0e63259d,0,0,0,0,
Zimbabwe,42,39,4,d96165b5,f19ccfad,0e63259d,1,0,1,0,
Zimbabwe,43,39,5,0e63259d,f19ccfad,d96165b5,0,0,0,1,caught
Zimbabwe,44,40,5,d96165b5,df064e1a,3560a786,1,0,1,0,
Zimbabwe,45,42,5,3560a786,df064e1a,d96165b5,2,0,2,0,
Zimbabwe,46,44,5,3560a786,df064e1a,d96165b5,2,0,2,0,
Zimbabwe,47,45,5,3560a786,df064e1a,d96165b5,1,0,1,0,
Zimbabwe,48,46,5,d96165b5,df064e1a,3560a786,1,0,1,0,
Zimbabwe,49,46,5,3560a786,df064e1a,d96165b5,0,0,0,0,
Zimbabwe,50,47,5,d96165b5,f19ccfad,3560a786,1,0,1,0,
Zimbabwe,51,47,5,3560a786,f19ccfad,d96165b5,0,0,0,0,
Zimbabwe,52,47,5,3560a786,f19ccfad,d96165b5,0,0,0,0,
Zimbabwe,53,48,5,3560a786,f19ccfad,d96165b5,1,0,1,0,
Zimbabwe,54,49,5,d96165b5,f19ccfad,3560a786,1,0,1,0,
Zimbabwe,55,49,5,3560a786,f19ccfad,d96165b5,0,0,0,0,
Zimbabwe,56,51,5,d96165b5,f29185a1,3560a786,2,0,2,0,
Zimbabwe,57,51,5,d96165b5,f29185a1,3560a786,0,0,0,0,
Zimbabwe,58,55,5,d96165b5,f29185a1,3560a786,4,0,4,0,
Zimbabwe,59,56,5,d96165b5,f29185a1,3560a786,1,0,1,0,
Zimbabwe,60,60,5,3560a786,f29185a1,d96165b5,4,0,4,0,
Zimbabwe,61,60,5,3560a786,f29185a1,d96165b5,0,0,0,0,
Zimbabwe,62,60,5,d96165b5,f19ccfad,3560a786,0,0,0,0,
Zimbabwe,63,61,5,d96165b5,f19ccfad,3560a786,1,0,1,0,
Zimbabwe,64,61,5,3560a786,f19ccfad,d96165b5,0,0,0,0,
Zimbabwe,65,62,5,3560a786,f19ccfad,d96165b5,1,0,1,0,
Zimbabwe,66,62,5,d96165b5,f19ccfad,3560a786,0,0,0,0,
Zimbabwe,67,63,5,d96165b5,f19ccfad,3560a786,1,0,1,0,
Zimbabwe,68,67,5,d96165b5,f29185a1,3560a786,4,0,4,0,
Zimbabwe,69,68,5,d96165b5,f29185a1,3560a786,1,0,1,0,
Zimbabwe,70,70,5,3560a786,f29185a1,d96165b5,2,0,2,0,
Zimbabwe,71,71,5,3560a786,f29185a1,d96165b5,1,0,1,0,
Zimbabwe,72,75,5,d96165b5,f29185a1,3560a786,4,0,4,0,
Zimbabwe,73,75,5,d96165b5,f29185a1,3560a786,0,0,0,0,
Zimbabwe,74,76,5,3560a786,a4e37e47,d96165b5,1,0,1,0,
Zimbabwe,75,77,5,d96165b5,a4e37e47,3560a786,1,0,1,0,
Zimbabwe,76,77,5,3560a786,a4e37e47,d96165b5,0,0,0,0,
Zimbabwe,77,81,5,3560a786,a4e37e47,d96165b5,4,0,4,0,
Zimbabwe,78,82,5,3560a786,a4e37e47,d96165b5,1,0,1,0,
Zimbabwe,79,86,5,d96165b5,a4e37e47,3560a786,4,0,4,0,
Zimbabwe,80,87,5,3560a786,df064e1a,d96165b5,1,0,1,0,
Zimbabwe,81,87,5,d96165b5,df064e1a,3560a786,0,0,0,0,
Zimbabwe,82,91,5,d96165b5,df064e1a,3560a786,4,0,4,0,
Zimbabwe,83,93,5,d96165b5,df064e1a,3560a786,2,0,2,0,
Zimbabwe,84,93,5,d96165b5,df064e1a,3560a786,0,0,0,0,
Zimbabwe,85,94,5,d96165b5,df064e1a,3560a786,1,0,1,0,
Zimbabwe,86,95,5,d96165b5,a4e37e47,3560a786,1,0,1,0,
Zimbabwe,87,101,5,3560a786,a4e37e47,d96165b5,6,0,6,0,
Zimbabwe,88,107,5,3560a786,a4e37e47,d96165b5,6,0,6,0,
Zimbabwe,89,108,5,3560a786,a4e37e47,d96165b5,1,0,1,0,
Zimbabwe,90,109,5,d96165b5,a4e37e47,3560a786,1,0,1,0,
Zimbabwe,91,110,5,3560a786,a4e37e47,d96165b5,1,0,1,0,
Zimbabwe,92,111,5,3560a786,a2f46292,d96165b5,0,1,1,0,
Zimbabwe,93,111,5,d96165b5,a2f46292,3560a786,0,0,0,0,
Zimbabwe,94,111,5,d96165b5,a2f46292,3560a786,0,0,0,0,
Zimbabwe,95,111,5,d96165b5,a2f46292,3560a786,0,0,0,0,
Zimbabwe,96,111,5,d96165b5,a2f46292,3560a786,0,0,0,0,
Zimbabwe,97,112,5,d96165b5,a2f46292,3560a786,1,0,1,0,
Zimbabwe,98,113,5,d96165b5,f19ccfad,3560a786,1,0,1,0,
Zimbabwe,99,114,5,3560a786,f19ccfad,d96165b5,0,1,1,0,
Zimbabwe,100,116,5,3560a786,f19ccfad,d96165b5,2,0,2,0,
Zimbabwe,101,116,6,3560a786,f19ccfad,d96165b5,0,0,0,1,caught
Zimbabwe,102,117,6,4bc0a378,f19ccfad,d96165b5,1,0,1,0,
Zimbabwe,103,118,6,d96165b5,f19ccfad,4bc0a378,1,0,1,0,
Zimbabwe,104,119,6,4bc0a378,f19ccfad,d96165b5,1,0,1,0,
Zimbabwe,105,120,6,4bc0a378,eef2536f,d96165b5,1,0,1,0,
Zimbabwe,106,121,6,d96165b5,eef2536f,4bc0a378,1,0,1,0,
Zimbabwe,107,121,6,4bc0a378,eef2536f,d96165b5,0,0,0,0,
Zimbabwe,108,122,6,4bc0a378,eef2536f,d96165b5,1,0,1,0,
Zimbabwe,109,124,6,d96165b5,eef2536f,4bc0a378,2,0,2,0,
Zimbabwe,110,125,6,d96165b5,eef2536f,4bc0a378,1,0,1,0,
Zimbabwe,111,127,6,d96165b5,df064e1a,4bc0a378,2,0,2,0,
Zimbabwe,112,128,6,d96165b5,df064e1a,4bc0a378,1,0,1,0,
Zimbabwe,113,132,6,4bc0a378,df064e1a,d96165b5,4,0,4,0,
Zimbabwe,114,133,6,4bc0a378,df064e1a,d96165b5,1,0,1,0,
Zimbabwe,115,139,6,d96165b5,df064e1a,4bc0a378,6,0,6,0,
Zimbabwe,116,141,6,d96165b5,df064e1a,4bc0a378,2,0,2,0,
Zimbabwe,117,143,6,4bc0a378,eef2536f,d96165b5,2,0,2,0,
Zimbabwe,118,149,6,4bc0a378,eef2536f,d96165b5,6,0,6,0,
Zimbabwe,119,150,6,4bc0a378,eef2536f,d96165b5,1,0,1,0,
Zimbabwe,120,154,6,d96165b5,eef2536f,4bc0a378,4,0,4,0,
Zimbabwe,121,158,6,d96165b5,eef2536f,4bc0a378,4,0,4,0,
Zimbabwe,122,159,6,d96165b5,eef2536f,4bc0a378,0,1,1,0,
