batting_team,ball_number,total_team_runs,total_team_wickets,striker_ID,bowler_ID,nonstriker_ID,batter_runs,extras_runs,total_delivery_runs,wicket,wicket_type
Northern Diamonds,1,0,0,5230a33d,78fd864b,af4f5c77,0,0,0,0,
Northern Diamonds,2,1,0,5230a33d,78fd864b,af4f5c77,0,1,1,0,
Northern Diamonds,3,1,0,5230a33d,78fd864b,af4f5c77,0,0,0,0,
Northern Diamonds,4,2,0,5230a33d,78fd864b,af4f5c77,1,0,1,0,
Northern Diamonds,5,2,0,af4f5c77,78fd864b,5230a33d,0,0,0,0,
Northern Diamonds,6,2,1,af4f5c77,78fd864b,5230a33d,0,0,0,1,caught
Northern Diamonds,7,2,1,f05167d2,78fd864b,5230a33d,0,0,0,0,
Northern Diamonds,8,2,1,5230a33d,e3a93585,f05167d2,0,0,0,0,
Northern Diamonds,9,6,1,5230a33d,e3a93585,f05167d2,4,0,4,0,
Northern Diamonds,10,6,2,5230a33d,e3a93585,f05167d2,0,0,0,1,caught
Northern Diamonds,11,6,2,2e0b6638,e3a93585,f05167d2,0,0,0,0,
Northern Diamonds,12,10,2,2e0b6638,e3a93585,f05167d2,4,0,4,0,
Northern Diamonds,13,14,2,2e0b6638,e3a93585,f05167d2,4,0,4,0,
Northern Diamonds,14,14,2,f05167d2,78fd864b,2e0b6638,0,0,0,0,
Northern Diamonds,15,14,3,f05167d2,78fd864b,2e0b6638,0,0,0,1,caught
Northern Diamonds,16,16,3,3b5a9438,78fd864b,2e0b6638,2,0,2,0,
Northern Diamonds,17,17,3,3b5a9438,78fd864b,2e0b6638,1,0,1,0,
Northern Diamonds,18,21,3,2e0b6638,78fd864b,3b5a9438,4,0,4,0,
Northern Diamonds,19,22,3,2e0b6638,78fd864b,3b5a9438,1,0,1,0,
Northern Diamonds,20,23,3,2e0b6638,e69dbbef,3b5a9438,1,0,1,0,
Northern Diamonds,21,23,3,3b5a9438,e69dbbef,2e0b6638,0,0,0,0,
Northern Diamonds,22,23,4,3b5a9438,e69dbbef,2e0b6638,0,0,0,1,bowled
Northern Diamonds,23,23,4,2b150c6b,e69dbbef,2e0b6638,0,0,0,0,
Northern Diamonds,24,23,4,2b150c6b,e69dbbef,2e0b6638,0,0,0,0,
Northern Diamonds,25,24,4,2b150c6b,e69dbbef,2e0b6638,1,0,1,0,
Northern Diamonds,26,25,4,2b150c6b,cefad9fd,2e0b6638,1,0,1,0,
Northern Diamonds,27,26,4,2e0b6638,cefad9fd,2b150c6b,1,0,1,0,
Northern Diamonds,28,28,4,2b150c6b,cefad9fd,2e0b6638,2,0,2,0,
Northern Diamonds,29,28,4,2b150c6b,cefad9fd,2e0b6638,0,0,0,0,
Northern Diamonds,30,32,4,2b150c6b,cefad9fd,2e0b6638,4,0,4,0,
Northern Diamonds,31,32,4,2b150c6b,cefad9fd,2e0b6638,0,0,0,0,
Northern Diamonds,32,34,4,2e0b6638,e69dbbef,2b150c6b,2,0,2,0,
Northern Diamonds,33,35,4,2e0b6638,e69dbbef,2b150c6b,1,0,1,0,
Northern Diamonds,34,37,4,2b150c6b,e69dbbef,2e0b6638,2,0,2,0,
Northern Diamonds,35,39,4,2b150c6b,e69dbbef,2e0b6638,2,0,2,0,
Northern Diamonds,36,43,4,2b150c6b,e69dbbef,2e0b6638,4,0,4,0,
Northern Diamonds,37,44,4,2b150c6b,e69dbbef,2e0b6638,1,0,1,0,
Northern Diamonds,38,44,4,2b150c6b,54719239,2e0b6638,0,0,0,0,
Northern Diamonds,39,44,5,2b150c6b,54719239,2e0b6638,0,0,0,1,stumped
Northern Diamonds,40,45,5,ac574559,54719239,2e0b6638,1,0,1,0,
Northern Diamonds,41,45,5,2e0b6638,54719239,ac574559,0,0,0,0,
Northern Diamonds,42,46,5,2e0b6638,54719239,ac574559,1,0,1,0,
Northern Diamonds,43,47,5,ac574559,54719239,2e0b6638,0,1,1,0,
Northern Diamonds,44,48,5,ac574559,54719239,2e0b6638,1,0,1,0,
Northern Diamonds,45,48,5,ac574559,cefad9fd,2e0b6638,0,0,0,0,
Northern Diamonds,46,52,5,ac574559,cefad9fd,2e0b6638,4,0,4,0,
Northern Diamonds,47,52,5,ac574559,cefad9fd,2e0b6638,0,0,0,0,
Northern Diamonds,48,53,5,ac574559,cefad9fd,2e0b6638,1,0,1,0,
Northern Diamonds,49,57,5,2e0b6638,cefad9fd,ac574559,4,0,4,0,
Northern Diamonds,50,58,5,2e0b6638,cefad9fd,ac574559,1,0,1,0,
Northern Diamonds,51,58,5,2e0b6638,54719239,ac574559,0,0,0,0,
Northern Diamonds,52,59,5,2e0b6638,54719239,ac574559,1,0,1,0,
Northern Diamonds,53,59,6,ac574559,54719239,2e0b6638,0,0,0,1,bowled
Northern Diamonds,54,60,6,a0a65375,54719239,2e0b6638,0,1,1,0,
Northern Diamonds,55,61,6,a0a65375,54719239,2e0b6638,1,0,1,0,
Northern Diamonds,56,65,6,2e0b6638,54719239,a0a65375,4,0,4,0,
Northern Diamonds,57,66,6,2e0b6638,54719239,a0a65375,1,0,1,0,
Northern Diamonds,58,66,7,2e0b6638,e3a93585,a0a65375,0,0,0,1,caught
Northern Diamonds,59,67,7,026135b1,e3a93585,a0a65375,1,0,1,0,
Northern Diamonds,60,68,7,a0a65375,e3a93585,026135b1,1,0,1,0,
Northern Diamonds,61,68,8,026135b1,e3a93585,a0a65375,0,0,0,1,bowled
Northern Diamonds,62,68,8,8f30d191,e3a93585,a0a65375,0,0,0,0,
Northern Diamonds,63,69,8,8f30d191,e3a93585,a0a65375,1,0,1,0,
Northern Diamonds,64,69,9,8f30d191,54719239,a0a65375,0,0,0,1,caught
Northern Diamonds,65,69,9,8a452195,54719239,a0a65375,0,0,0,0,
Northern Diamonds,66,70,9,8a452195,54719239,a0a65375,1,0,1,0,
Northern Diamonds,67,70,9,a0a65375,54719239,8a452195,0,0,0,0,
Northern Diamonds,68,74,9,a0a65375,54719239,8a452195,4,0,4,0,
Northern Diamonds,69,80,9,a0a65375,54719239,8a452195,6,0,6,0,
Central Sparks,1,1,0,baf11c9a,2e0b6638,c6da6ebf,1,0,1,0,
Central Sparks,2,1,0,c6da6ebf,2e0b6638,baf11c9a,0,0,0,0,
Central Sparks,3,5,0,c6da6ebf,2e0b6638,baf11c9a,4,0,4,0,
Central Sparks,4,6,0,c6da6ebf,2e0b6638,baf11c9a,1,0,1,0,
Central Sparks,5,6,0,baf11c9a,2e0b6638,c6da6ebf,0,0,0,0,
Central Sparks,6,7,0,baf11c9a,2e0b6638,c6da6ebf,1,0,1,0,
Central Sparks,7,11,0,baf11c9a,8a452195,c6da6ebf,4,0,4,0,
Central Sparks,8,11,0,baf11c9a,8a452195,c6da6ebf,0,0,0,0,
Central Sparks,9,11,0,baf11c9a,8a452195,c6da6ebf,0,0,0,0,
Central Sparks,10,14,0,baf11c9a,8a452195,c6da6ebf,3,0,3,0,
Central Sparks,11,15,0,c6da6ebf,8a452195,baf11c9a,1,0,1,0,
Central Sparks,12,16,0,baf11c9a,8a452195,c6da6ebf,1,0,1,0,
Central Sparks,13,16,0,baf11c9a,8f30d191,c6da6ebf,0,0,0,0,
Central Sparks,14,20,0,baf11c9a,8f30d191,c6da6ebf,4,0,4,0,
Central Sparks,15,20,0,baf11c9a,8f30d191,c6da6ebf,0,0,0,0,
Central Sparks,16,20,1,baf11c9a,8f30d191,c6da6ebf,0,0,0,1,lbw
Central Sparks,17,24,1,bfa0fa33,8f30d191,c6da6ebf,4,0,4,0,
Central Sparks,18,25,1,bfa0fa33,8f30d191,c6da6ebf,1,0,1,0,
Central Sparks,19,25,2,bfa0fa33,8a452195,c6da6ebf,0,0,0,1,bowled
Central Sparks,20,25,2,971cb321,8a452195,c6da6ebf,0,0,0,0,
Central Sparks,21,26,2,971cb321,8a452195,c6da6ebf,1,0,1,0,
Central Sparks,22,26,3,c6da6ebf,8a452195,971cb321,0,0,0,1,stumped
Central Sparks,23,26,3,1f4a8a2a,8a452195,971cb321,0,0,0,0,
Central Sparks,24,26,3,1f4a8a2a,8a452195,971cb321,0,0,0,0,
Central Sparks,25,27,3,971cb321,a0a65375,1f4a8a2a,1,0,1,0,
Central Sparks,26,28,3,1f4a8a2a,a0a65375,971cb321,1,0,1,0,
Central Sparks,27,29,3,971cb321,a0a65375,1f4a8a2a,1,0,1,0,
Central Sparks,28,29,3,1f4a8a2a,a0a65375,971cb321,0,0,0,0,
Central Sparks,29,30,3,1f4a8a2a,a0a65375,971cb321,1,0,1,0,
Central Sparks,30,30,3,971cb321,a0a65375,1f4a8a2a,0,0,0,0,
Central Sparks,31,30,4,1f4a8a2a,2e0b6638,971cb321,0,0,0,1,caught
Central Sparks,32,34,4,e69dbbef,2e0b6638,971cb321,4,0,4,0,
Central Sparks,33,38,4,e69dbbef,2e0b6638,971cb321,4,0,4,0,
Central Sparks,34,39,4,e69dbbef,2e0b6638,971cb321,0,1,1,0,
Central Sparks,35,40,4,971cb321,2e0b6638,e69dbbef,1,0,1,0,
Central Sparks,36,40,4,e69dbbef,2e0b6638,971cb321,0,0,0,0,
Central Sparks,37,41,4,971cb321,026135b1,e69dbbef,0,1,1,0,
Central Sparks,38,42,4,971cb321,026135b1,e69dbbef,1,0,1,0,
Central Sparks,39,42,4,e69dbbef,026135b1,971cb321,0,0,0,0,
Central Sparks,40,43,4,e69dbbef,026135b1,971cb321,1,0,1,0,
Central Sparks,41,44,4,971cb321,026135b1,e69dbbef,1,0,1,0,
Central Sparks,42,44,4,e69dbbef,026135b1,971cb321,0,0,0,0,
Central Sparks,43,44,5,e69dbbef,026135b1,971cb321,0,0,0,1,caught
Central Sparks,44,47,5,971cb321,a0a65375,907e5f6c,3,0,3,0,
Central Sparks,45,48,5,907e5f6c,a0a65375,971cb321,1,0,1,0,
Central Sparks,46,49,5,971cb321,a0a65375,907e5f6c,0,1,1,0,
Central Sparks,47,50,5,971cb321,a0a65375,907e5f6c,1,0,1,0,
Central Sparks,48,52,5,907e5f6c,a0a65375,971cb321,2,0,2,0,
Central Sparks,49,52,5,907e5f6c,a0a65375,971cb321,0,0,0,0,
Central Sparks,50,53,5,907e5f6c,a0a65375,971cb321,1,0,1,0,
Central Sparks,51,54,5,907e5f6c,026135b1,971cb321,1,0,1,0,
Central Sparks,52,58,5,971cb321,026135b1,907e5f6c,4,0,4,0,
Central Sparks,53,62,5,971cb321,026135b1,907e5f6c,4,0,4,0,
Central Sparks,54,62,5,971cb321,026135b1,907e5f6c,0,0,0,0,
Central Sparks,55,66,5,971cb321,026135b1,907e5f6c,4,0,4,0,
Central Sparks,56,66,5,971cb321,026135b1,907e5f6c,0,0,0,0,
Central Sparks,57,70,5,907e5f6c,2e0b6638,971cb321,0,4,4,0,
Central Sparks,58,70,6,907e5f6c,2e0b6638,971cb321,0,0,0,1,caught and bowled
Central Sparks,59,74,6,78fd864b,2e0b6638,971cb321,4,0,4,0,
Central Sparks,60,74,6,78fd864b,2e0b6638,971cb321,0,0,0,0,
Central Sparks,61,75,6,78fd864b,2e0b6638,971cb321,1,0,1,0,
Central Sparks,62,76,6,971cb321,2e0b6638,78fd864b,1,0,1,0,
Central Sparks,63,78,6,971cb321,8f30d191,78fd864b,2,0,2,0,
Central Sparks,64,79,6,971cb321,8f30d191,78fd864b,1,0,1,0,
Central Sparks,65,79,7,78fd864b,8f30d191,971cb321,0,0,0,1,caught
Central Sparks,66,79,7,54719239,8f30d191,971cb321,0,0,0,0,
Central Sparks,67,79,7,54719239,8f30d191,971cb321,0,0,0,0,
Central Sparks,68,81,7,54719239,8f30d191,971cb321,2,0,2,0,
