batting_team,ball_number,total_team_runs,total_team_wickets,striker_ID,bowler_ID,nonstriker_ID,batter_runs,extras_runs,total_delivery_runs,wicket,wicket_type
Gulf Giants,1,0,0,c834c290,45a7e761,a15618fe,0,0,0,0,
Gulf Giants,2,0,0,c834c290,45a7e761,a15618fe,0,0,0,0,
Gulf Giants,3,0,0,c834c290,45a7e761,a15618fe,0,0,0,0,
Gulf Giants,4,0,0,c834c290,45a7e761,a15618fe,0,0,0,0,
Gulf Giants,5,4,0,c834c290,45a7e761,a15618fe,4,0,4,0,
Gulf Giants,6,4,0,c834c290,45a7e761,a15618fe,0,0,0,0,
Gulf Giants,7,4,0,a15618fe,e174dadd,c834c290,0,0,0,0,
Gulf Giants,8,4,0,a15618fe,e174dadd,c834c290,0,0,0,0,
Gulf Giants,9,5,0,a15618fe,e174dadd,c834c290,1,0,1,0,
Gulf Giants,10,6,0,c834c290,e174dadd,a15618fe,1,0,1,0,
Gulf Giants,11,6,0,a15618fe,e174dadd,c834c290,0,0,0,0,
Gulf Giants,12,6,1,a15618fe,e174dadd,c834c290,0,0,0,1,caught
Gulf Giants,13,6,1,c834c290,45a7e761,45eda7c8,0,0,0,0,
Gulf Giants,14,7,1,c834c290,45a7e761,45eda7c8,0,1,1,0,
Gulf Giants,15,7,2,c834c290,45a7e761,45eda7c8,0,0,0,1,bowled
Gulf Giants,16,7,2,ff154ecd,45a7e761,45eda7c8,0,0,0,0,
Gulf Giants,17,8,2,ff154ecd,45a7e761,45eda7c8,1,0,1,0,
Gulf Giants,18,8,2,45eda7c8,45a7e761,ff154ecd,0,0,0,0,
Gulf Giants,19,9,2,45eda7c8,45a7e761,ff154ecd,1,0,1,0,
Gulf Giants,20,9,2,45eda7c8,e174dadd,ff154ecd,0,0,0,0,
Gulf Giants,21,9,2,45eda7c8,e174dadd,ff154ecd,0,0,0,0,
Gulf Giants,22,9,2,45eda7c8,e174dadd,ff154ecd,0,0,0,0,
Gulf Giants,23,9,2,45eda7c8,e174dadd,ff154ecd,0,0,0,0,
Gulf Giants,24,13,2,45eda7c8,e174dadd,ff154ecd,0,4,4,0,
Gulf Giants,25,14,2,45eda7c8,e174dadd,ff154ecd,1,0,1,0,
Gulf Giants,26,14,2,45eda7c8,245c97cb,ff154ecd,0,0,0,0,
Gulf Giants,27,18,2,45eda7c8,245c97cb,ff154ecd,4,0,4,0,
Gulf Giants,28,18,2,45eda7c8,245c97cb,ff154ecd,0,0,0,0,
Gulf Giants,29,22,2,45eda7c8,245c97cb,ff154ecd,4,0,4,0,
Gulf Giants,30,22,2,45eda7c8,245c97cb,ff154ecd,0,0,0,0,
Gulf Giants,31,28,2,45eda7c8,245c97cb,ff154ecd,6,0,6,0,
Gulf Giants,32,28,2,ff154ecd,a97c8ec2,45eda7c8,0,0,0,0,
Gulf Giants,33,32,2,ff154ecd,a97c8ec2,45eda7c8,4,0,4,0,
Gulf Giants,34,33,2,ff154ecd,a97c8ec2,45eda7c8,1,0,1,0,
Gulf Giants,35,34,2,45eda7c8,a97c8ec2,ff154ecd,1,0,1,0,
Gulf Giants,36,35,2,ff154ecd,a97c8ec2,45eda7c8,1,0,1,0,
Gulf Giants,37,35,2,45eda7c8,a97c8ec2,ff154ecd,0,0,0,0,
Gulf Giants,38,36,2,ff154ecd,9de62878,45eda7c8,1,0,1,0,
Gulf Giants,39,42,2,45eda7c8,9de62878,ff154ecd,6,0,6,0,
Gulf Giants,40,42,2,45eda7c8,9de62878,ff154ecd,0,0,0,0,
Gulf Giants,41,43,2,45eda7c8,9de62878,ff154ecd,1,0,1,0,
Gulf Giants,42,43,2,ff154ecd,9de62878,45eda7c8,0,0,0,0,
Gulf Giants,43,44,2,ff154ecd,9de62878,45eda7c8,1,0,1,0,
Gulf Giants,44,45,2,ff154ecd,a97c8ec2,45eda7c8,1,0,1,0,
Gulf Giants,45,46,2,45eda7c8,a97c8ec2,ff154ecd,1,0,1,0,
Gulf Giants,46,47,2,ff154ecd,a97c8ec2,45eda7c8,1,0,1,0,
Gulf Giants,47,47,2,45eda7c8,a97c8ec2,ff154ecd,0,0,0,0,
Gulf Giants,48,48,2,45eda7c8,a97c8ec2,ff154ecd,1,0,1,0,
Gulf Giants,49,49,2,ff154ecd,a97c8ec2,45eda7c8,1,0,1,0,
Gulf Giants,50,50,2,ff154ecd,9de62878,45eda7c8,0,1,1,0,
Gulf Giants,51,51,2,ff154ecd,9de62878,45eda7c8,0,1,1,0,
Gulf Giants,52,52,2,ff154ecd,9de62878,45eda7c8,1,0,1,0,
Gulf Giants,53,58,2,45eda7c8,9de62878,ff154ecd,6,0,6,0,
Gulf Giants,54,58,2,45eda7c8,9de62878,ff154ecd,0,0,0,0,
Gulf Giants,55,62,2,45eda7c8,9de62878,ff154ecd,4,0,4,0,
Gulf Giants,56,62,2,45eda7c8,9de62878,ff154ecd,0,0,0,0,
Gulf Giants,57,63,2,45eda7c8,9de62878,ff154ecd,1,0,1,0,
Gulf Giants,58,63,2,45eda7c8,245c97cb,ff154ecd,0,0,0,0,
Gulf Giants,59,64,2,45eda7c8,245c97cb,ff154ecd,1,0,1,0,
Gulf Giants,60,65,2,ff154ecd,245c97cb,45eda7c8,1,0,1,0,
Gulf Giants,61,67,2,45eda7c8,245c97cb,ff154ecd,2,0,2,0,
Gulf Giants,62,71,2,45eda7c8,245c97cb,ff154ecd,4,0,4,0,
Gulf Giants,63,72,2,45eda7c8,245c97cb,ff154ecd,1,0,1,0,
Gulf Giants,64,76,2,45eda7c8,e174dadd,ff154ecd,4,0,4,0,
Gulf Giants,65,76,2,45eda7c8,e174dadd,ff154ecd,0,0,0,0,
Gulf Giants,66,80,2,45eda7c8,e174dadd,ff154ecd,4,0,4,0,
Gulf Giants,67,84,2,45eda7c8,e174dadd,ff154ecd,4,0,4,0,
Gulf Giants,68,85,2,45eda7c8,e174dadd,ff154ecd,0,1,1,0,
Gulf Giants,69,86,2,45eda7c8,e174dadd,ff154ecd,0,1,1,0,
Gulf Giants,70,88,2,45eda7c8,e174dadd,ff154ecd,2,0,2,0,
Gulf Giants,71,88,2,45eda7c8,e174dadd,ff154ecd,0,0,0,0,
Gulf Giants,72,89,2,ff154ecd,9de62878,45eda7c8,1,0,1,0,
Gulf Giants,73,91,2,45eda7c8,9de62878,ff154ecd,2,0,2,0,
Gulf Giants,74,92,2,45eda7c8,9de62878,ff154ecd,1,0,1,0,
Gulf Giants,75,93,2,ff154ecd,9de62878,45eda7c8,1,0,1,0,
Gulf Giants,76,94,2,45eda7c8,9de62878,ff154ecd,1,0,1,0,
Gulf Giants,77,96,2,ff154ecd,9de62878,45eda7c8,2,0,2,0,
Gulf Giants,78,96,3,45eda7c8,245c97cb,ff154ecd,0,0,0,1,caught
Gulf Giants,79,96,3,48a1d7b7,245c97cb,ff154ecd,0,0,0,0,
Gulf Giants,80,97,3,48a1d7b7,245c97cb,ff154ecd,1,0,1,0,
Gulf Giants,81,97,3,ff154ecd,245c97cb,48a1d7b7,0,0,0,0,
Gulf Giants,82,99,3,ff154ecd,245c97cb,48a1d7b7,2,0,2,0,
Gulf Giants,83,100,3,ff154ecd,245c97cb,48a1d7b7,1,0,1,0,
Gulf Giants,84,101,3,ff154ecd,a97c8ec2,48a1d7b7,1,0,1,0,
Gulf Giants,85,102,3,48a1d7b7,a97c8ec2,ff154ecd,1,0,1,0,
Gulf Giants,86,103,3,ff154ecd,a97c8ec2,48a1d7b7,1,0,1,0,
Gulf Giants,87,103,3,48a1d7b7,a97c8ec2,ff154ecd,0,0,0,0,
Gulf Giants,88,104,3,48a1d7b7,a97c8ec2,ff154ecd,1,0,1,0,
Gulf Giants,89,105,3,ff154ecd,a97c8ec2,48a1d7b7,1,0,1,0,
Gulf Giants,90,105,3,ff154ecd,9de62878,48a1d7b7,0,0,0,0,
Gulf Giants,91,111,3,ff154ecd,9de62878,48a1d7b7,6,0,6,0,
Gulf Giants,92,111,3,ff154ecd,9de62878,48a1d7b7,0,0,0,0,
Gulf Giants,93,112,3,ff154ecd,9de62878,48a1d7b7,1,0,1,0,
Gulf Giants,94,113,3,48a1d7b7,9de62878,ff154ecd,0,1,1,0,
Gulf Giants,95,113,3,48a1d7b7,9de62878,ff154ecd,0,0,0,0,
Gulf Giants,96,114,3,48a1d7b7,9de62878,ff154ecd,1,0,1,0,
Gulf Giants,97,115,3,48a1d7b7,a97c8ec2,ff154ecd,1,0,1,0,
Gulf Giants,98,116,3,ff154ecd,a97c8ec2,48a1d7b7,1,0,1,0,
Gulf Giants,99,122,3,48a1d7b7,a97c8ec2,ff154ecd,6,0,6,0,
Gulf Giants,100,122,4,48a1d7b7,a97c8ec2,ff154ecd,0,0,0,1,caught
Gulf Giants,101,122,4,bafb9238,a97c8ec2,ff154ecd,0,0,0,0,
Gulf Giants,102,123,4,bafb9238,a97c8ec2,ff154ecd,1,0,1,0,
Gulf Giants,103,124,4,bafb9238,45a7e761,ff154ecd,1,0,1,0,
Gulf Giants,104,124,5,ff154ecd,45a7e761,bafb9238,0,0,0,1,caught
Gulf Giants,105,124,5,ffe699c0,45a7e761,bafb9238,0,0,0,0,
Gulf Giants,106,126,5,ffe699c0,45a7e761,bafb9238,2,0,2,0,
Gulf Giants,107,130,5,ffe699c0,45a7e761,bafb9238,4,0,4,0,
Gulf Giants,108,131,5,ffe699c0,45a7e761,bafb9238,1,0,1,0,
Gulf Giants,109,132,5,ffe699c0,245c97cb,bafb9238,1,0,1,0,
Gulf Giants,110,132,5,bafb9238,245c97cb,ffe699c0,0,0,0,0,
Gulf Giants,111,136,5,bafb9238,245c97cb,ffe699c0,4,0,4,0,
Gulf Giants,112,138,5,bafb9238,245c97cb,ffe699c0,2,0,2,0,
Gulf Giants,113,139,5,bafb9238,245c97cb,ffe699c0,1,0,1,0,
Gulf Giants,114,145,5,ffe699c0,245c97cb,bafb9238,6,0,6,0,
Gulf Giants,115,146,5,bafb9238,45a7e761,ffe699c0,1,0,1,0,
Gulf Giants,116,146,6,ffe699c0,45a7e761,bafb9238,0,0,0,1,caught
Gulf Giants,117,146,6,34b332d3,45a7e761,bafb9238,0,0,0,0,
Gulf Giants,118,148,6,34b332d3,45a7e761,bafb9238,2,0,2,0,
Gulf Giants,119,152,6,34b332d3,45a7e761,bafb9238,4,0,4,0,
Gulf Giants,120,152,6,34b332d3,45a7e761,bafb9238,0,0,0,0,
Gulf Giants,121,152,6,bafb9238,e174dadd,34b332d3,0,0,0,0,
Gulf Giants,122,153,6,bafb9238,e174dadd,34b332d3,1,0,1,0,
Gulf Giants,123,154,6,34b332d3,e174dadd,bafb9238,0,1,1,0,
Gulf Giants,124,155,6,34b332d3,e174dadd,bafb9238,1,0,1,0,
Gulf Giants,125,159,6,bafb9238,e174dadd,34b332d3,4,0,4,0,
Gulf Giants,126,159,6,bafb9238,e174dadd,34b332d3,0,0,0,0,
Gulf Giants,127,160,6,bafb9238,e174dadd,34b332d3,1,0,1,0,
Desert Vipers,1,0,0,af2c687b,402f8494,92aeac25,0,0,0,0,
Desert Vipers,2,0,0,af2c687b,402f8494,92aeac25,0,0,0,0,
Desert Vipers,3,0,0,af2c687b,402f8494,92aeac25,0,0,0,0,
Desert Vipers,4,1,0,af2c687b,402f8494,92aeac25,0,1,1,0,
Desert Vipers,5,2,0,af2c687b,402f8494,92aeac25,1,0,1,0,
Desert Vipers,6,4,0,92aeac25,402f8494,af2c687b,2,0,2,0,
Desert Vipers,7,4,0,92aeac25,402f8494,af2c687b,0,0,0,0,
Desert Vipers,8,4,0,af2c687b,7d92277a,92aeac25,0,0,0,0,
Desert Vipers,9,4,0,af2c687b,7d92277a,92aeac25,0,0,0,0,
Desert Vipers,10,5,0,af2c687b,7d92277a,92aeac25,1,0,1,0,
Desert Vipers,11,10,0,92aeac25,7d92277a,af2c687b,0,5,5,0,
Desert Vipers,12,10,0,92aeac25,7d92277a,af2c687b,0,0,0,0,
Desert Vipers,13,10,0,92aeac25,7d92277a,af2c687b,0,0,0,0,
Desert Vipers,14,10,0,92aeac25,7d92277a,af2c687b,0,0,0,0,
Desert Vipers,15,14,0,af2c687b,402f8494,92aeac25,4,0,4,0,
Desert Vipers,16,14,0,af2c687b,402f8494,92aeac25,0,0,0,0,
Desert Vipers,17,14,1,af2c687b,402f8494,92aeac25,0,0,0,1,caught
Desert Vipers,18,15,1,104e88a4,402f8494,92aeac25,1,0,1,0,
Desert Vipers,19,16,1,92aeac25,402f8494,104e88a4,1,0,1,0,
Desert Vipers,20,16,1,104e88a4,402f8494,92aeac25,0,0,0,0,
Desert Vipers,21,16,1,92aeac25,7d92277a,104e88a4,0,0,0,0,
Desert Vipers,22,22,1,92aeac25,7d92277a,104e88a4,6,0,6,0,
Desert Vipers,23,24,1,92aeac25,7d92277a,104e88a4,2,0,2,0,
Desert Vipers,24,24,1,92aeac25,7d92277a,104e88a4,0,0,0,0,
Desert Vipers,25,24,1,92aeac25,7d92277a,104e88a4,0,0,0,0,
Desert Vipers,26,24,1,92aeac25,7d92277a,104e88a4,0,0,0,0,
Desert Vipers,27,24,1,104e88a4,34b332d3,92aeac25,0,0,0,0,
Desert Vipers,28,24,1,104e88a4,34b332d3,92aeac25,0,0,0,0,
Desert Vipers,29,24,1,104e88a4,34b332d3,92aeac25,0,0,0,0,
Desert Vipers,30,28,1,104e88a4,34b332d3,92aeac25,4,0,4,0,
Desert Vipers,31,29,1,104e88a4,34b332d3,92aeac25,1,0,1,0,
Desert Vipers,32,30,1,92aeac25,34b332d3,104e88a4,1,0,1,0,
Desert Vipers,33,30,1,92aeac25,449f4e3c,104e88a4,0,0,0,0,
Desert Vipers,34,30,1,92aeac25,449f4e3c,104e88a4,0,0,0,0,
Desert Vipers,35,34,1,92aeac25,449f4e3c,104e88a4,4,0,4,0,
Desert Vipers,36,35,1,92aeac25,449f4e3c,104e88a4,1,0,1,0,
Desert Vipers,37,35,1,104e88a4,449f4e3c,92aeac25,0,0,0,0,
Desert Vipers,38,36,1,104e88a4,449f4e3c,92aeac25,1,0,1,0,
Desert Vipers,39,36,1,104e88a4,34b332d3,92aeac25,0,0,0,0,
Desert Vipers,40,36,1,104e88a4,34b332d3,92aeac25,0,0,0,0,
Desert Vipers,41,37,1,104e88a4,34b332d3,92aeac25,1,0,1,0,
Desert Vipers,42,37,1,92aeac25,34b332d3,104e88a4,0,0,0,0,
Desert Vipers,43,41,1,92aeac25,34b332d3,104e88a4,4,0,4,0,
Desert Vipers,44,41,2,92aeac25,34b332d3,104e88a4,0,0,0,1,caught
Desert Vipers,45,42,2,104e88a4,d2d15439,a97c8ec2,1,0,1,0,
Desert Vipers,46,43,2,a97c8ec2,d2d15439,104e88a4,1,0,1,0,
Desert Vipers,47,44,2,104e88a4,d2d15439,a97c8ec2,1,0,1,0,
Desert Vipers,48,46,2,a97c8ec2,d2d15439,104e88a4,2,0,2,0,
Desert Vipers,49,50,2,a97c8ec2,d2d15439,104e88a4,4,0,4,0,
Desert Vipers,50,54,2,a97c8ec2,d2d15439,104e88a4,4,0,4,0,
Desert Vipers,51,55,2,104e88a4,ffe699c0,a97c8ec2,1,0,1,0,
Desert Vipers,52,61,2,a97c8ec2,ffe699c0,104e88a4,6,0,6,0,
Desert Vipers,53,65,2,a97c8ec2,ffe699c0,104e88a4,4,0,4,0,
Desert Vipers,54,66,2,a97c8ec2,ffe699c0,104e88a4,1,0,1,0,
Desert Vipers,55,67,2,104e88a4,ffe699c0,a97c8ec2,1,0,1,0,
Desert Vipers,56,69,2,a97c8ec2,ffe699c0,104e88a4,2,0,2,0,
Desert Vipers,57,71,2,104e88a4,449f4e3c,a97c8ec2,2,0,2,0,
Desert Vipers,58,72,2,104e88a4,449f4e3c,a97c8ec2,1,0,1,0,
Desert Vipers,59,74,2,a97c8ec2,449f4e3c,104e88a4,2,0,2,0,
Desert Vipers,60,75,2,a97c8ec2,449f4e3c,104e88a4,1,0,1,0,
Desert Vipers,61,76,2,104e88a4,449f4e3c,a97c8ec2,1,0,1,0,
Desert Vipers,62,76,2,a97c8ec2,449f4e3c,104e88a4,0,0,0,0,
Desert Vipers,63,77,2,104e88a4,402f8494,a97c8ec2,1,0,1,0,
Desert Vipers,64,78,2,a97c8ec2,402f8494,104e88a4,1,0,1,0,
Desert Vipers,65,78,2,104e88a4,402f8494,a97c8ec2,0,0,0,0,
Desert Vipers,66,78,2,104e88a4,402f8494,a97c8ec2,0,0,0,0,
Desert Vipers,67,79,2,104e88a4,402f8494,a97c8ec2,1,0,1,0,
Desert Vipers,68,80,2,a97c8ec2,402f8494,104e88a4,1,0,1,0,
Desert Vipers,69,84,2,a97c8ec2,7d92277a,104e88a4,4,0,4,0,
Desert Vipers,70,90,2,a97c8ec2,7d92277a,104e88a4,6,0,6,0,
Desert Vipers,71,92,2,a97c8ec2,7d92277a,104e88a4,2,0,2,0,
Desert Vipers,72,93,2,a97c8ec2,7d92277a,104e88a4,1,0,1,0,
Desert Vipers,73,95,2,104e88a4,7d92277a,a97c8ec2,2,0,2,0,
Desert Vipers,74,96,2,104e88a4,7d92277a,a97c8ec2,1,0,1,0,
Desert Vipers,75,97,2,104e88a4,34b332d3,a97c8ec2,1,0,1,0,
Desert Vipers,76,98,2,a97c8ec2,34b332d3,104e88a4,0,1,1,0,
Desert Vipers,77,98,2,a97c8ec2,34b332d3,104e88a4,0,0,0,0,
Desert Vipers,78,98,3,a97c8ec2,34b332d3,104e88a4,0,0,0,1,caught
Desert Vipers,79,99,3,ee8f1a6d,34b332d3,104e88a4,1,0,1,0,
Desert Vipers,80,99,3,104e88a4,34b332d3,ee8f1a6d,0,0,0,0,
Desert Vipers,81,100,3,104e88a4,34b332d3,ee8f1a6d,1,0,1,0,
Desert Vipers,82,101,3,104e88a4,ffe699c0,ee8f1a6d,1,0,1,0,
Desert Vipers,83,102,3,ee8f1a6d,ffe699c0,104e88a4,1,0,1,0,
Desert Vipers,84,103,3,104e88a4,ffe699c0,ee8f1a6d,1,0,1,0,
Desert Vipers,85,104,3,ee8f1a6d,ffe699c0,104e88a4,0,1,1,0,
Desert Vipers,86,110,3,ee8f1a6d,ffe699c0,104e88a4,6,0,6,0,
Desert Vipers,87,111,3,ee8f1a6d,ffe699c0,104e88a4,1,0,1,0,
Desert Vipers,88,115,3,104e88a4,ffe699c0,ee8f1a6d,4,0,4,0,
Desert Vipers,89,119,3,ee8f1a6d,449f4e3c,104e88a4,4,0,4,0,
Desert Vipers,90,119,3,ee8f1a6d,449f4e3c,104e88a4,0,0,0,0,
Desert Vipers,91,123,3,ee8f1a6d,449f4e3c,104e88a4,4,0,4,0,
Desert Vipers,92,125,3,ee8f1a6d,449f4e3c,104e88a4,2,0,2,0,
Desert Vipers,93,129,3,ee8f1a6d,449f4e3c,104e88a4,4,0,4,0,
Desert Vipers,94,129,3,ee8f1a6d,449f4e3c,104e88a4,0,0,0,0,
Desert Vipers,95,133,3,104e88a4,402f8494,ee8f1a6d,4,0,4,0,
Desert Vipers,96,135,3,104e88a4,402f8494,ee8f1a6d,2,0,2,0,
Desert Vipers,97,139,3,104e88a4,402f8494,ee8f1a6d,4,0,4,0,
Desert Vipers,98,139,4,104e88a4,402f8494,ee8f1a6d,0,0,0,1,caught
Desert Vipers,99,143,4,d014d5ac,402f8494,ee8f1a6d,4,0,4,0,
Desert Vipers,100,144,4,d014d5ac,402f8494,ee8f1a6d,1,0,1,0,
Desert Vipers,101,144,4,d014d5ac,34b332d3,ee8f1a6d,0,0,0,0,
Desert Vipers,102,144,4,d014d5ac,34b332d3,ee8f1a6d,0,0,0,0,
Desert Vipers,103,144,4,d014d5ac,34b332d3,ee8f1a6d,0,0,0,0,
Desert Vipers,104,144,4,d014d5ac,34b332d3,ee8f1a6d,0,0,0,0,
Desert Vipers,105,148,4,d014d5ac,34b332d3,ee8f1a6d,4,0,4,0,
Desert Vipers,106,148,4,d014d5ac,34b332d3,ee8f1a6d,0,0,0,0,
Desert Vipers,107,149,4,ee8f1a6d,ffe699c0,d014d5ac,1,0,1,0,
Desert Vipers,108,150,4,d014d5ac,ffe699c0,ee8f1a6d,1,0,1,0,
Desert Vipers,109,151,4,ee8f1a6d,ffe699c0,d014d5ac,1,0,1,0,
Desert Vipers,110,155,4,d014d5ac,ffe699c0,ee8f1a6d,4,0,4,0,
Desert Vipers,111,155,4,d014d5ac,ffe699c0,ee8f1a6d,0,0,0,0,
Desert Vipers,112,155,4,d014d5ac,ffe699c0,ee8f1a6d,0,0,0,0,
Desert Vipers,113,155,4,ee8f1a6d,449f4e3c,d014d5ac,0,0,0,0,
Desert Vipers,114,156,4,ee8f1a6d,449f4e3c,d014d5ac,1,0,1,0,
Desert Vipers,115,156,4,d014d5ac,449f4e3c,ee8f1a6d,0,0,0,0,
Desert Vipers,116,162,4,d014d5ac,449f4e3c,ee8f1a6d,6,0,6,0,
