batting_team,ball_number,total_team_runs,total_team_wickets,striker_ID,bowler_ID,nonstriker_ID,batter_runs,extras_runs,total_delivery_runs,wicket,wicket_type
Perth Scorchers,1,0,0,922e1b19,6c79c098,f4427cc6,0,0,0,0,
Perth Scorchers,2,4,0,922e1b19,6c79c098,f4427cc6,4,0,4,0,
Perth Scorchers,3,5,0,922e1b19,6c79c098,f4427cc6,1,0,1,0,
Perth Scorchers,4,6,0,f4427cc6,6c79c098,922e1b19,1,0,1,0,
Perth Scorchers,5,7,0,922e1b19,6c79c098,f4427cc6,0,1,1,0,
Perth Scorchers,6,8,0,f4427cc6,6c79c098,922e1b19,1,0,1,0,
Perth Scorchers,7,14,0,f4427cc6,055be93a,922e1b19,6,0,6,0,
Perth Scorchers,8,16,0,f4427cc6,055be93a,922e1b19,2,0,2,0,
Perth Scorchers,9,16,0,f4427cc6,055be93a,922e1b19,0,0,0,0,
Perth Scorchers,10,16,0,f4427cc6,055be93a,922e1b19,0,0,0,0,
Perth Scorchers,11,17,0,f4427cc6,055be93a,922e1b19,1,0,1,0,
Perth Scorchers,12,18,0,922e1b19,055be93a,f4427cc6,0,1,1,0,
Perth Scorchers,13,19,0,922e1b19,6c79c098,f4427cc6,1,0,1,0,
Perth Scorchers,14,20,0,f4427cc6,6c79c098,922e1b19,1,0,1,0,
Perth Scorchers,15,21,0,922e1b19,6c79c098,f4427cc6,1,0,1,0,
Perth Scorchers,16,21,0,f4427cc6,6c79c098,922e1b19,0,0,0,0,
Perth Scorchers,17,25,0,f4427cc6,6c79c098,922e1b19,4,0,4,0,
Perth Scorchers,18,25,0,f4427cc6,6c79c098,922e1b19,0,0,0,0,
Perth Scorchers,19,26,0,922e1b19,59559bc2,f4427cc6,1,0,1,0,
Perth Scorchers,20,27,0,f4427cc6,59559bc2,922e1b19,1,0,1,0,
Perth Scorchers,21,28,0,922e1b19,59559bc2,f4427cc6,1,0,1,0,
Perth Scorchers,22,28,0,f4427cc6,59559bc2,922e1b19,0,0,0,0,
Perth Scorchers,23,28,0,f4427cc6,59559bc2,922e1b19,0,0,0,0,
Perth Scorchers,24,34,0,f4427cc6,59559bc2,922e1b19,6,0,6,0,
Perth Scorchers,25,34,0,922e1b19,055be93a,f4427cc6,0,0,0,0,
Perth Scorchers,26,35,0,922e1b19,055be93a,f4427cc6,1,0,1,0,
Perth Scorchers,27,36,0,f4427cc6,055be93a,922e1b19,0,1,1,0,
Perth Scorchers,28,37,0,f4427cc6,055be93a,922e1b19,1,0,1,0,
Perth Scorchers,29,37,0,922e1b19,055be93a,f4427cc6,0,0,0,0,
Perth Scorchers,30,39,0,922e1b19,055be93a,f4427cc6,0,2,2,0,
Perth Scorchers,31,39,1,922e1b19,055be93a,f4427cc6,0,0,0,1,caught
Perth Scorchers,32,40,1,f4427cc6,51a60c16,d405c0d5,1,0,1,0,
Perth Scorchers,33,40,1,d405c0d5,51a60c16,f4427cc6,0,0,0,0,
Perth Scorchers,34,42,1,d405c0d5,51a60c16,f4427cc6,2,0,2,0,
Perth Scorchers,35,43,1,d405c0d5,51a60c16,f4427cc6,1,0,1,0,
Perth Scorchers,36,43,1,f4427cc6,51a60c16,d405c0d5,0,0,0,0,
Perth Scorchers,37,43,1,f4427cc6,51a60c16,d405c0d5,0,0,0,0,
Perth Scorchers,38,43,1,d405c0d5,055be93a,f4427cc6,0,0,0,0,
Perth Scorchers,39,44,1,d405c0d5,055be93a,f4427cc6,1,0,1,0,
Perth Scorchers,40,50,1,f4427cc6,055be93a,d405c0d5,6,0,6,0,
Perth Scorchers,41,50,2,f4427cc6,055be93a,d405c0d5,0,0,0,1,caught
Perth Scorchers,42,50,2,989889ff,055be93a,d405c0d5,0,0,0,0,
Perth Scorchers,43,50,2,989889ff,055be93a,d405c0d5,0,0,0,0,
Perth Scorchers,44,51,2,d405c0d5,51a60c16,989889ff,1,0,1,0,
Perth Scorchers,45,52,2,989889ff,51a60c16,d405c0d5,1,0,1,0,
Perth Scorchers,46,53,2,d405c0d5,51a60c16,989889ff,1,0,1,0,
Perth Scorchers,47,55,2,989889ff,51a60c16,d405c0d5,2,0,2,0,
Perth Scorchers,48,56,2,989889ff,51a60c16,d405c0d5,1,0,1,0,
Perth Scorchers,49,56,2,d405c0d5,51a60c16,989889ff,0,0,0,0,
Perth Scorchers,50,57,2,989889ff,003d49e6,d405c0d5,1,0,1,0,
Perth Scorchers,51,58,2,d405c0d5,003d49e6,989889ff,1,0,1,0,
Perth Scorchers,52,59,2,989889ff,003d49e6,d405c0d5,1,0,1,0,
Perth Scorchers,53,59,2,d405c0d5,003d49e6,989889ff,0,0,0,0,
Perth Scorchers,54,61,2,d405c0d5,003d49e6,989889ff,2,0,2,0,
Perth Scorchers,55,62,2,d405c0d5,003d49e6,989889ff,1,0,1,0,
Perth Scorchers,56,68,2,d405c0d5,51a60c16,989889ff,6,0,6,0,
Perth Scorchers,57,69,2,d405c0d5,51a60c16,989889ff,1,0,1,0,
Perth Scorchers,58,73,2,989889ff,51a60c16,d405c0d5,4,0,4,0,
Perth Scorchers,59,73,2,989889ff,51a60c16,d405c0d5,0,0,0,0,
Perth Scorchers,60,74,2,989889ff,51a60c16,d405c0d5,1,0,1,0,
Perth Scorchers,61,74,2,d405c0d5,51a60c16,989889ff,0,0,0,0,
Perth Scorchers,62,78,2,989889ff,055be93a,d405c0d5,4,0,4,0,
Perth Scorchers,63,79,2,989889ff,055be93a,d405c0d5,1,0,1,0,
Perth Scorchers,64,83,2,d405c0d5,055be93a,989889ff,4,0,4,0,
Perth Scorchers,65,83,2,d405c0d5,055be93a,989889ff,0,0,0,0,
Perth Scorchers,66,84,2,d405c0d5,055be93a,989889ff,1,0,1,0,
Perth Scorchers,67,86,2,989889ff,055be93a,d405c0d5,2,0,2,0,
Perth Scorchers,68,87,2,d405c0d5,1a156c88,989889ff,1,0,1,0,
Perth Scorchers,69,91,2,989889ff,1a156c88,d405c0d5,4,0,4,0,
Perth Scorchers,70,92,2,989889ff,1a156c88,d405c0d5,1,0,1,0,
Perth Scorchers,71,93,2,d405c0d5,1a156c88,989889ff,1,0,1,0,
Perth Scorchers,72,93,2,989889ff,1a156c88,d405c0d5,0,0,0,0,
Perth Scorchers,73,94,2,989889ff,1a156c88,d405c0d5,1,0,1,0,
Perth Scorchers,74,96,2,989889ff,59559bc2,d405c0d5,2,0,2,0,
Perth Scorchers,75,96,3,989889ff,59559bc2,d405c0d5,0,0,0,1,caught
Perth Scorchers,76,97,3,1c513d54,59559bc2,d405c0d5,1,0,1,0,
Perth Scorchers,77,97,3,d405c0d5,59559bc2,1c513d54,0,0,0,0,
Perth Scorchers,78,97,3,d405c0d5,59559bc2,1c513d54,0,0,0,0,
Perth Scorchers,79,98,3,d405c0d5,59559bc2,1c513d54,0,1,1,0,
Perth Scorchers,80,100,3,d405c0d5,59559bc2,1c513d54,2,0,2,0,
Perth Scorchers,81,101,3,1c513d54,51a60c16,d405c0d5,1,0,1,0,
Perth Scorchers,82,103,3,d405c0d5,51a60c16,1c513d54,2,0,2,0,
Perth Scorchers,83,103,3,d405c0d5,51a60c16,1c513d54,0,0,0,0,
Perth Scorchers,84,104,3,d405c0d5,51a60c16,1c513d54,1,0,1,0,
Perth Scorchers,85,105,3,1c513d54,51a60c16,d405c0d5,1,0,1,0,
Perth Scorchers,86,106,3,d405c0d5,51a60c16,1c513d54,1,0,1,0,
Perth Scorchers,87,107,3,d405c0d5,59559bc2,1c513d54,1,0,1,0,
Perth Scorchers,88,113,3,1c513d54,59559bc2,d405c0d5,6,0,6,0,
Perth Scorchers,89,113,3,1c513d54,59559bc2,d405c0d5,0,0,0,0,
Perth Scorchers,90,119,3,1c513d54,59559bc2,d405c0d5,6,0,6,0,
Perth Scorchers,91,125,3,1c513d54,59559bc2,d405c0d5,6,0,6,0,
Perth Scorchers,92,125,3,1c513d54,59559bc2,d405c0d5,0,0,0,0,
Perth Scorchers,93,128,3,d405c0d5,6c79c098,1c513d54,3,0,3,0,
Perth Scorchers,94,128,3,1c513d54,6c79c098,d405c0d5,0,0,0,0,
Perth Scorchers,95,129,3,1c513d54,6c79c098,d405c0d5,0,1,1,0,
Perth Scorchers,96,130,3,1c513d54,6c79c098,d405c0d5,0,1,1,0,
Perth Scorchers,97,136,3,1c513d54,6c79c098,d405c0d5,6,0,6,0,
Perth Scorchers,98,138,3,1c513d54,6c79c098,d405c0d5,2,0,2,0,
Perth Scorchers,99,140,3,1c513d54,6c79c098,d405c0d5,2,0,2,0,
Perth Scorchers,100,141,3,1c513d54,6c79c098,d405c0d5,1,0,1,0,
Perth Scorchers,101,147,3,1c513d54,003d49e6,d405c0d5,6,0,6,0,
Perth Scorchers,102,151,3,1c513d54,003d49e6,d405c0d5,4,0,4,0,
Perth Scorchers,103,155,3,1c513d54,003d49e6,d405c0d5,4,0,4,0,
Perth Scorchers,104,157,3,1c513d54,003d49e6,d405c0d5,2,0,2,0,
Perth Scorchers,105,158,3,1c513d54,003d49e6,d405c0d5,0,1,1,0,
Perth Scorchers,106,160,3,1c513d54,003d49e6,d405c0d5,2,0,2,0,
Perth Scorchers,107,164,3,1c513d54,003d49e6,d405c0d5,4,0,4,0,
Perth Scorchers,108,164,4,d405c0d5,59559bc2,1c513d54,0,0,0,1,caught
Perth Scorchers,109,165,4,fe366f34,59559bc2,1c513d54,1,0,1,0,
Perth Scorchers,110,169,4,1c513d54,59559bc2,fe366f34,4,0,4,0,
Perth Scorchers,111,170,4,1c513d54,59559bc2,fe366f34,1,0,1,0,
Perth Scorchers,112,172,4,fe366f34,59559bc2,1c513d54,2,0,2,0,
Perth Scorchers,113,174,4,fe366f34,59559bc2,1c513d54,2,0,2,0,
Perth Scorchers,114,175,4,1c513d54,6c79c098,fe366f34,0,1,1,0,
Perth Scorchers,115,176,4,1c513d54,6c79c098,fe366f34,1,0,1,0,
Perth Scorchers,116,176,4,fe366f34,6c79c098,1c513d54,0,0,0,0,
Perth Scorchers,117,177,4,fe366f34,6c79c098,1c513d54,1,0,1,0,
Perth Scorchers,118,181,4,1c513d54,6c79c098,fe366f34,4,0,4,0,
Perth Scorchers,119,182,4,1c513d54,6c79c098,fe366f34,1,0,1,0,
Perth Scorchers,120,183,4,fe366f34,6c79c098,1c513d54,1,0,1,0,
Perth Scorchers,121,184,4,fe366f34,003d49e6,1c513d54,0,1,1,0,
Perth Scorchers,122,190,4,fe366f34,003d49e6,1c513d54,6,0,6,0,
Perth Scorchers,123,191,4,fe366f34,003d49e6,1c513d54,1,0,1,0,
Perth Scorchers,124,195,4,1c513d54,003d49e6,fe366f34,4,0,4,0,
Perth Scorchers,125,201,4,1c513d54,003d49e6,fe366f34,6,0,6,0,
Perth Scorchers,126,207,4,1c513d54,003d49e6,fe366f34,6,0,6,0,
Perth Scorchers,127,211,4,1c513d54,003d49e6,fe366f34,4,0,4,0,
Adelaide Strikers,1,1,0,a90e53ec,4933f499,1a156c88,1,0,1,0,
Adelaide Strikers,2,1,0,1a156c88,4933f499,a90e53ec,0,0,0,0,
Adelaide Strikers,3,1,0,1a156c88,4933f499,a90e53ec,0,0,0,0,
Adelaide Strikers,4,5,0,1a156c88,4933f499,a90e53ec,4,0,4,0,
Adelaide Strikers,5,5,0,1a156c88,4933f499,a90e53ec,0,0,0,0,
Adelaide Strikers,6,7,0,1a156c88,4933f499,a90e53ec,2,0,2,0,
Adelaide Strikers,7,9,0,a90e53ec,1ee08e9a,1a156c88,2,0,2,0,
Adelaide Strikers,8,13,0,a90e53ec,1ee08e9a,1a156c88,4,0,4,0,
Adelaide Strikers,9,13,0,a90e53ec,1ee08e9a,1a156c88,0,0,0,0,
Adelaide Strikers,10,17,0,a90e53ec,1ee08e9a,1a156c88,4,0,4,0,
Adelaide Strikers,11,17,0,a90e53ec,1ee08e9a,1a156c88,0,0,0,0,
Adelaide Strikers,12,18,0,a90e53ec,1ee08e9a,1a156c88,1,0,1,0,
Adelaide Strikers,13,18,0,a90e53ec,4933f499,1a156c88,0,0,0,0,
Adelaide Strikers,14,19,0,a90e53ec,4933f499,1a156c88,1,0,1,0,
Adelaide Strikers,15,20,0,1a156c88,4933f499,a90e53ec,0,1,1,0,
Adelaide Strikers,16,20,0,1a156c88,4933f499,a90e53ec,0,0,0,0,
Adelaide Strikers,17,20,1,1a156c88,4933f499,a90e53ec,0,0,0,1,caught
Adelaide Strikers,18,20,1,45eda7c8,4933f499,a90e53ec,0,0,0,0,
Adelaide Strikers,19,24,1,45eda7c8,4933f499,a90e53ec,4,0,4,0,
Adelaide Strikers,20,25,1,a90e53ec,1ee08e9a,45eda7c8,1,0,1,0,
Adelaide Strikers,21,25,1,45eda7c8,1ee08e9a,a90e53ec,0,0,0,0,
Adelaide Strikers,22,25,1,45eda7c8,1ee08e9a,a90e53ec,0,0,0,0,
Adelaide Strikers,23,25,1,45eda7c8,1ee08e9a,a90e53ec,0,0,0,0,
Adelaide Strikers,24,27,1,45eda7c8,1ee08e9a,a90e53ec,2,0,2,0,
Adelaide Strikers,25,31,1,45eda7c8,1ee08e9a,a90e53ec,4,0,4,0,
Adelaide Strikers,26,32,1,a90e53ec,a2421394,45eda7c8,1,0,1,0,
Adelaide Strikers,27,36,1,45eda7c8,a2421394,a90e53ec,4,0,4,0,
Adelaide Strikers,28,37,1,45eda7c8,a2421394,a90e53ec,1,0,1,0,
Adelaide Strikers,29,38,1,a90e53ec,a2421394,45eda7c8,1,0,1,0,
Adelaide Strikers,30,39,1,45eda7c8,a2421394,a90e53ec,0,1,1,0,
Adelaide Strikers,31,40,1,45eda7c8,a2421394,a90e53ec,1,0,1,0,
Adelaide Strikers,32,41,1,a90e53ec,a2421394,45eda7c8,1,0,1,0,
Adelaide Strikers,33,44,1,a90e53ec,fe366f34,45eda7c8,3,0,3,0,
Adelaide Strikers,34,44,1,45eda7c8,fe366f34,a90e53ec,0,0,0,0,
Adelaide Strikers,35,45,1,45eda7c8,fe366f34,a90e53ec,1,0,1,0,
Adelaide Strikers,36,46,1,a90e53ec,fe366f34,45eda7c8,0,1,1,0,
Adelaide Strikers,37,46,1,a90e53ec,fe366f34,45eda7c8,0,0,0,0,
Adelaide Strikers,38,47,1,a90e53ec,fe366f34,45eda7c8,1,0,1,0,
Adelaide Strikers,39,51,1,45eda7c8,fe366f34,a90e53ec,4,0,4,0,
Adelaide Strikers,40,53,1,a90e53ec,a2421394,45eda7c8,2,0,2,0,
Adelaide Strikers,41,53,1,a90e53ec,a2421394,45eda7c8,0,0,0,0,
Adelaide Strikers,42,53,1,a90e53ec,a2421394,45eda7c8,0,0,0,0,
Adelaide Strikers,43,57,1,a90e53ec,a2421394,45eda7c8,4,0,4,0,
Adelaide Strikers,44,58,1,a90e53ec,a2421394,45eda7c8,1,0,1,0,
Adelaide Strikers,45,64,1,45eda7c8,a2421394,a90e53ec,6,0,6,0,
Adelaide Strikers,46,65,1,a90e53ec,b08e58e2,45eda7c8,1,0,1,0,
Adelaide Strikers,47,65,1,45eda7c8,b08e58e2,a90e53ec,0,0,0,0,
Adelaide Strikers,48,65,2,45eda7c8,b08e58e2,a90e53ec,0,0,0,1,caught
Adelaide Strikers,49,67,2,104e88a4,b08e58e2,a90e53ec,2,0,2,0,
Adelaide Strikers,50,71,2,104e88a4,b08e58e2,a90e53ec,4,0,4,0,
Adelaide Strikers,51,71,2,104e88a4,b08e58e2,a90e53ec,0,0,0,0,
Adelaide Strikers,52,72,2,a90e53ec,7c7d63a2,104e88a4,1,0,1,0,
Adelaide Strikers,53,72,2,104e88a4,7c7d63a2,a90e53ec,0,0,0,0,
Adelaide Strikers,54,73,2,104e88a4,7c7d63a2,a90e53ec,1,0,1,0,
Adelaide Strikers,55,77,2,a90e53ec,7c7d63a2,104e88a4,4,0,4,0,
Adelaide Strikers,56,81,2,a90e53ec,7c7d63a2,104e88a4,4,0,4,0,
Adelaide Strikers,57,85,2,a90e53ec,7c7d63a2,104e88a4,4,0,4,0,
Adelaide Strikers,58,85,2,104e88a4,b08e58e2,a90e53ec,0,0,0,0,
Adelaide Strikers,59,85,2,104e88a4,b08e58e2,a90e53ec,0,0,0,0,
Adelaide Strikers,60,91,2,104e88a4,b08e58e2,a90e53ec,6,0,6,0,
Adelaide Strikers,61,91,2,104e88a4,b08e58e2,a90e53ec,0,0,0,0,
Adelaide Strikers,62,91,3,104e88a4,b08e58e2,a90e53ec,0,0,0,1,caught
Adelaide Strikers,63,92,3,6ceb94d0,b08e58e2,a90e53ec,1,0,1,0,
Adelaide Strikers,64,92,3,6ceb94d0,a2421394,a90e53ec,0,0,0,0,
Adelaide Strikers,65,92,3,6ceb94d0,a2421394,a90e53ec,0,0,0,0,
Adelaide Strikers,66,92,3,6ceb94d0,a2421394,a90e53ec,0,0,0,0,
Adelaide Strikers,67,93,3,6ceb94d0,a2421394,a90e53ec,1,0,1,0,
Adelaide Strikers,68,97,3,a90e53ec,a2421394,6ceb94d0,4,0,4,0,
Adelaide Strikers,69,98,3,a90e53ec,a2421394,6ceb94d0,1,0,1,0,
Adelaide Strikers,70,99,3,a90e53ec,7c7d63a2,6ceb94d0,1,0,1,0,
Adelaide Strikers,71,99,3,6ceb94d0,7c7d63a2,a90e53ec,0,0,0,0,
Adelaide Strikers,72,103,3,6ceb94d0,7c7d63a2,a90e53ec,4,0,4,0,
Adelaide Strikers,73,105,3,6ceb94d0,7c7d63a2,a90e53ec,2,0,2,0,
Adelaide Strikers,74,106,3,6ceb94d0,7c7d63a2,a90e53ec,1,0,1,0,
Adelaide Strikers,75,107,3,a90e53ec,7c7d63a2,6ceb94d0,1,0,1,0,
Adelaide Strikers,76,108,3,a90e53ec,1ee08e9a,6ceb94d0,0,1,1,0,
Adelaide Strikers,77,109,3,6ceb94d0,1ee08e9a,a90e53ec,1,0,1,0,
Adelaide Strikers,78,115,3,a90e53ec,1ee08e9a,6ceb94d0,6,0,6,0,
Adelaide Strikers,79,119,3,a90e53ec,1ee08e9a,6ceb94d0,4,0,4,0,
Adelaide Strikers,80,120,3,a90e53ec,1ee08e9a,6ceb94d0,1,0,1,0,
Adelaide Strikers,81,121,3,6ceb94d0,1ee08e9a,a90e53ec,1,0,1,0,
Adelaide Strikers,82,127,3,6ceb94d0,4933f499,a90e53ec,6,0,6,0,
Adelaide Strikers,83,128,3,6ceb94d0,4933f499,a90e53ec,1,0,1,0,
Adelaide Strikers,84,129,3,a90e53ec,4933f499,6ceb94d0,1,0,1,0,
Adelaide Strikers,85,130,3,6ceb94d0,4933f499,a90e53ec,1,0,1,0,
Adelaide Strikers,86,131,3,a90e53ec,4933f499,6ceb94d0,1,0,1,0,
Adelaide Strikers,87,132,3,6ceb94d0,4933f499,a90e53ec,1,0,1,0,
Adelaide Strikers,88,134,3,6ceb94d0,a2421394,a90e53ec,2,0,2,0,
Adelaide Strikers,89,135,3,6ceb94d0,a2421394,a90e53ec,1,0,1,0,
Adelaide Strikers,90,135,3,a90e53ec,a2421394,6ceb94d0,0,0,0,0,
Adelaide Strikers,91,136,3,a90e53ec,a2421394,6ceb94d0,0,1,1,0,
Adelaide Strikers,92,142,3,a90e53ec,a2421394,6ceb94d0,6,0,6,0,
Adelaide Strikers,93,143,3,a90e53ec,a2421394,6ceb94d0,1,0,1,0,
Adelaide Strikers,94,147,3,6ceb94d0,a2421394,a90e53ec,4,0,4,0,
Adelaide Strikers,95,149,3,a90e53ec,b08e58e2,6ceb94d0,2,0,2,0,
Adelaide Strikers,96,151,3,a90e53ec,b08e58e2,6ceb94d0,2,0,2,0,
Adelaide Strikers,97,152,3,a90e53ec,b08e58e2,6ceb94d0,1,0,1,0,
Adelaide Strikers,98,153,3,6ceb94d0,b08e58e2,a90e53ec,1,0,1,0,
Adelaide Strikers,99,153,3,a90e53ec,b08e58e2,6ceb94d0,0,0,0,0,
Adelaide Strikers,100,153,4,a90e53ec,b08e58e2,6ceb94d0,0,0,0,1,caught
Adelaide Strikers,101,154,4,6ceb94d0,7c7d63a2,59559bc2,1,0,1,0,
Adelaide Strikers,102,154,4,59559bc2,7c7d63a2,6ceb94d0,0,0,0,0,
Adelaide Strikers,103,155,4,59559bc2,7c7d63a2,6ceb94d0,1,0,1,0,
Adelaide Strikers,104,155,5,6ceb94d0,7c7d63a2,59559bc2,0,0,0,1,caught
Adelaide Strikers,105,155,5,003d49e6,7c7d63a2,59559bc2,0,0,0,0,
Adelaide Strikers,106,156,5,003d49e6,7c7d63a2,59559bc2,1,0,1,0,
Adelaide Strikers,107,157,5,003d49e6,b08e58e2,59559bc2,1,0,1,0,
Adelaide Strikers,108,157,6,59559bc2,b08e58e2,003d49e6,0,0,0,1,caught
Adelaide Strikers,109,158,6,0ea1455a,b08e58e2,003d49e6,1,0,1,0,
Adelaide Strikers,110,158,7,003d49e6,b08e58e2,0ea1455a,0,0,0,1,caught
Adelaide Strikers,111,158,7,055be93a,b08e58e2,0ea1455a,0,0,0,0,
Adelaide Strikers,112,160,7,055be93a,b08e58e2,0ea1455a,2,0,2,0,
Adelaide Strikers,113,161,7,0ea1455a,7c7d63a2,055be93a,1,0,1,0,
Adelaide Strikers,114,161,7,055be93a,7c7d63a2,0ea1455a,0,0,0,0,
Adelaide Strikers,115,161,8,055be93a,7c7d63a2,0ea1455a,0,0,0,1,caught
Adelaide Strikers,116,161,8,6c79c098,7c7d63a2,0ea1455a,0,0,0,0,
Adelaide Strikers,117,163,8,6c79c098,7c7d63a2,0ea1455a,2,0,2,0,
Adelaide Strikers,118,169,8,6c79c098,7c7d63a2,0ea1455a,6,0,6,0,
Adelaide Strikers,119,169,9,0ea1455a,1ee08e9a,6c79c098,0,0,0,1,caught
Adelaide Strikers,120,169,10,51a60c16,1ee08e9a,6c79c098,0,0,0,1,caught
