batting_team,ball_number,total_team_runs,total_team_wickets,striker_ID,bowler_ID,nonstriker_ID,batter_runs,extras_runs,total_delivery_runs,wicket,wicket_type
Sri Lanka,1,0,0,9e866b59,7467fe01,ac56b5a7,0,0,0,0,
Sri Lanka,2,0,0,9e866b59,7467fe01,ac56b5a7,0,0,0,0,
Sri Lanka,3,1,0,9e866b59,7467fe01,ac56b5a7,1,0,1,0,
Sri Lanka,4,1,0,ac56b5a7,7467fe01,9e866b59,0,0,0,0,
Sri Lanka,5,5,0,ac56b5a7,7467fe01,9e866b59,4,0,4,0,
Sri Lanka,6,5,0,ac56b5a7,7467fe01,9e866b59,0,0,0,0,
Sri Lanka,7,5,1,9e866b59,a044506e,ac56b5a7,0,0,0,1,caught
Sri Lanka,8,5,1,85021bcd,a044506e,ac56b5a7,0,0,0,0,
Sri Lanka,9,9,1,85021bcd,a044506e,ac56b5a7,4,0,4,0,
Sri Lanka,10,9,1,85021bcd,a044506e,ac56b5a7,0,0,0,0,
Sri Lanka,11,9,1,85021bcd,a044506e,ac56b5a7,0,0,0,0,
Sri Lanka,12,9,1,85021bcd,a044506e,ac56b5a7,0,0,0,0,
Sri Lanka,13,13,1,ac56b5a7,7467fe01,85021bcd,4,0,4,0,
Sri Lanka,14,13,1,ac56b5a7,7467fe01,85021bcd,0,0,0,0,
Sri Lanka,15,13,1,ac56b5a7,7467fe01,85021bcd,0,0,0,0,
Sri Lanka,16,13,1,ac56b5a7,7467fe01,85021bcd,0,0,0,0,
Sri Lanka,17,13,1,ac56b5a7,7467fe01,85021bcd,0,0,0,0,
Sri Lanka,18,13,1,ac56b5a7,7467fe01,85021bcd,0,0,0,0,
Sri Lanka,19,13,1,85021bcd,a044506e,ac56b5a7,0,0,0,0,
Sri Lanka,20,14,1,85021bcd,a044506e,ac56b5a7,0,1,1,0,
Sri Lanka,21,14,1,85021bcd,a044506e,ac56b5a7,0,0,0,0,
Sri Lanka,22,18,1,85021bcd,a044506e,ac56b5a7,4,0,4,0,
Sri Lanka,23,20,1,85021bcd,a044506e,ac56b5a7,2,0,2,0,
Sri Lanka,24,20,1,85021bcd,a044506e,ac56b5a7,0,0,0,0,
Sri Lanka,25,20,1,85021bcd,a044506e,ac56b5a7,0,0,0,0,
Sri Lanka,26,20,1,ac56b5a7,4c7744de,85021bcd,0,0,0,0,
Sri Lanka,27,24,1,ac56b5a7,4c7744de,85021bcd,4,0,4,0,
Sri Lanka,28,24,1,ac56b5a7,4c7744de,85021bcd,0,0,0,0,
Sri Lanka,29,26,1,ac56b5a7,4c7744de,85021bcd,2,0,2,0,
Sri Lanka,30,27,1,ac56b5a7,4c7744de,85021bcd,0,1,1,0,
Sri Lanka,31,27,1,ac56b5a7,4c7744de,85021bcd,0,0,0,0,
Sri Lanka,32,27,1,ac56b5a7,4c7744de,85021bcd,0,0,0,0,
Sri Lanka,33,28,1,85021bcd,2cd18a73,ac56b5a7,1,0,1,0,
Sri Lanka,34,28,1,ac56b5a7,2cd18a73,85021bcd,0,0,0,0,
Sri Lanka,35,32,1,ac56b5a7,2cd18a73,85021bcd,4,0,4,0,
Sri Lanka,36,36,1,ac56b5a7,2cd18a73,85021bcd,4,0,4,0,
Sri Lanka,37,37,1,ac56b5a7,2cd18a73,85021bcd,1,0,1,0,
Sri Lanka,38,41,1,85021bcd,2cd18a73,ac56b5a7,4,0,4,0,
Sri Lanka,39,46,1,ac56b5a7,4c7744de,85021bcd,4,1,5,0,
Sri Lanka,40,46,1,ac56b5a7,4c7744de,85021bcd,0,0,0,0,
Sri Lanka,41,47,1,ac56b5a7,4c7744de,85021bcd,1,0,1,0,
Sri Lanka,42,47,1,85021bcd,4c7744de,ac56b5a7,0,0,0,0,
Sri Lanka,43,48,1,85021bcd,4c7744de,ac56b5a7,1,0,1,0,
Sri Lanka,44,49,1,ac56b5a7,4c7744de,85021bcd,0,1,1,0,
Sri Lanka,45,49,1,ac56b5a7,4c7744de,85021bcd,0,0,0,0,
Sri Lanka,46,50,1,ac56b5a7,4c7744de,85021bcd,1,0,1,0,
Sri Lanka,47,50,1,ac56b5a7,b9b32e3c,85021bcd,0,0,0,0,
Sri Lanka,48,50,1,ac56b5a7,b9b32e3c,85021bcd,0,0,0,0,
Sri Lanka,49,54,1,ac56b5a7,b9b32e3c,85021bcd,4,0,4,0,
Sri Lanka,50,55,1,ac56b5a7,b9b32e3c,85021bcd,1,0,1,0,
Sri Lanka,51,56,1,85021bcd,b9b32e3c,ac56b5a7,1,0,1,0,
Sri Lanka,52,56,1,ac56b5a7,b9b32e3c,85021bcd,0,0,0,0,
Sri Lanka,53,60,1,85021bcd,a044506e,ac56b5a7,4,0,4,0,
Sri Lanka,54,60,1,85021bcd,a044506e,ac56b5a7,0,0,0,0,
Sri Lanka,55,60,1,85021bcd,a044506e,ac56b5a7,0,0,0,0,
Sri Lanka,56,61,1,85021bcd,a044506e,ac56b5a7,1,0,1,0,
Sri Lanka,57,61,1,ac56b5a7,a044506e,85021bcd,0,0,0,0,
Sri Lanka,58,65,1,ac56b5a7,a044506e,85021bcd,4,0,4,0,
Sri Lanka,59,69,1,85021bcd,b9b32e3c,ac56b5a7,4,0,4,0,
Sri Lanka,60,69,1,85021bcd,b9b32e3c,ac56b5a7,0,0,0,0,
Sri Lanka,61,69,2,85021bcd,b9b32e3c,ac56b5a7,0,0,0,1,bowled
Sri Lanka,62,70,2,318a4039,b9b32e3c,ac56b5a7,1,0,1,0,
Sri Lanka,63,70,2,ac56b5a7,b9b32e3c,318a4039,0,0,0,0,
Sri Lanka,64,71,2,ac56b5a7,b9b32e3c,318a4039,0,1,1,0,
Sri Lanka,65,71,2,ac56b5a7,b9b32e3c,318a4039,0,0,0,0,
Sri Lanka,66,71,2,318a4039,7467fe01,ac56b5a7,0,0,0,0,
Sri Lanka,67,72,2,318a4039,7467fe01,ac56b5a7,1,0,1,0,
Sri Lanka,68,78,2,ac56b5a7,7467fe01,318a4039,6,0,6,0,
Sri Lanka,69,84,2,ac56b5a7,7467fe01,318a4039,6,0,6,0,
Sri Lanka,70,84,2,ac56b5a7,7467fe01,318a4039,0,0,0,0,
Sri Lanka,71,85,2,ac56b5a7,7467fe01,318a4039,1,0,1,0,
Sri Lanka,72,85,2,ac56b5a7,b9b32e3c,318a4039,0,0,0,0,
Sri Lanka,73,89,2,ac56b5a7,b9b32e3c,318a4039,4,0,4,0,
Sri Lanka,74,89,2,ac56b5a7,b9b32e3c,318a4039,0,0,0,0,
Sri Lanka,75,90,2,ac56b5a7,b9b32e3c,318a4039,1,0,1,0,
Sri Lanka,76,91,2,318a4039,b9b32e3c,ac56b5a7,1,0,1,0,
Sri Lanka,77,91,2,ac56b5a7,b9b32e3c,318a4039,0,0,0,0,
Sri Lanka,78,95,2,318a4039,734cded2,ac56b5a7,4,0,4,0,
Sri Lanka,79,96,2,318a4039,734cded2,ac56b5a7,1,0,1,0,
Sri Lanka,80,100,2,ac56b5a7,734cded2,318a4039,4,0,4,0,
Sri Lanka,81,104,2,ac56b5a7,734cded2,318a4039,4,0,4,0,
Sri Lanka,82,105,2,ac56b5a7,734cded2,318a4039,1,0,1,0,
Sri Lanka,83,106,2,318a4039,734cded2,ac56b5a7,1,0,1,0,
Sri Lanka,84,106,2,318a4039,b9b32e3c,ac56b5a7,0,0,0,0,
Sri Lanka,85,106,2,318a4039,b9b32e3c,ac56b5a7,0,0,0,0,
Sri Lanka,86,110,2,318a4039,b9b32e3c,ac56b5a7,4,0,4,0,
Sri Lanka,87,111,2,318a4039,b9b32e3c,ac56b5a7,1,0,1,0,
Sri Lanka,88,111,2,ac56b5a7,b9b32e3c,318a4039,0,0,0,0,
Sri Lanka,89,111,2,ac56b5a7,b9b32e3c,318a4039,0,0,0,0,
Sri Lanka,90,112,2,318a4039,2cd18a73,ac56b5a7,1,0,1,0,
Sri Lanka,91,112,2,ac56b5a7,2cd18a73,318a4039,0,0,0,0,
Sri Lanka,92,112,2,ac56b5a7,2cd18a73,318a4039,0,0,0,0,
Sri Lanka,93,116,2,ac56b5a7,2cd18a73,318a4039,4,0,4,0,
Sri Lanka,94,116,2,ac56b5a7,2cd18a73,318a4039,0,0,0,0,
Sri Lanka,95,116,2,ac56b5a7,2cd18a73,318a4039,0,0,0,0,
Sri Lanka,96,116,2,318a4039,a044506e,ac56b5a7,0,0,0,0,
Sri Lanka,97,120,2,318a4039,a044506e,ac56b5a7,4,0,4,0,
Sri Lanka,98,121,2,318a4039,a044506e,ac56b5a7,0,1,1,0,
Sri Lanka,99,122,2,318a4039,a044506e,ac56b5a7,0,1,1,0,
Sri Lanka,100,123,2,318a4039,a044506e,ac56b5a7,1,0,1,0,
Sri Lanka,101,123,2,ac56b5a7,a044506e,318a4039,0,0,0,0,
Sri Lanka,102,127,2,ac56b5a7,a044506e,318a4039,4,0,4,0,
Sri Lanka,103,128,2,ac56b5a7,a044506e,318a4039,1,0,1,0,
Sri Lanka,104,129,2,ac56b5a7,2cd18a73,318a4039,1,0,1,0,
Sri Lanka,105,131,2,318a4039,2cd18a73,ac56b5a7,2,0,2,0,
Sri Lanka,106,132,2,318a4039,2cd18a73,ac56b5a7,1,0,1,0,
Sri Lanka,107,133,2,ac56b5a7,2cd18a73,318a4039,1,0,1,0,
Sri Lanka,108,133,2,318a4039,2cd18a73,ac56b5a7,0,0,0,0,
Sri Lanka,109,134,2,318a4039,2cd18a73,ac56b5a7,1,0,1,0,
Sri Lanka,110,135,2,318a4039,4c7744de,ac56b5a7,1,0,1,0,
Sri Lanka,111,139,2,ac56b5a7,4c7744de,318a4039,4,0,4,0,
Sri Lanka,112,145,2,ac56b5a7,4c7744de,318a4039,6,0,6,0,
Sri Lanka,113,151,2,ac56b5a7,4c7744de,318a4039,6,0,6,0,
Sri Lanka,114,152,2,ac56b5a7,4c7744de,318a4039,1,0,1,0,
Sri Lanka,115,153,2,318a4039,4c7744de,ac56b5a7,1,0,1,0,
Sri Lanka,116,157,2,318a4039,2cd18a73,ac56b5a7,4,0,4,0,
Sri Lanka,117,158,2,318a4039,2cd18a73,ac56b5a7,1,0,1,0,
Sri Lanka,118,160,2,ac56b5a7,2cd18a73,318a4039,2,0,2,0,
Sri Lanka,119,166,2,ac56b5a7,2cd18a73,318a4039,6,0,6,0,
Sri Lanka,120,172,2,ac56b5a7,2cd18a73,318a4039,6,0,6,0,
Sri Lanka,121,173,2,ac56b5a7,2cd18a73,318a4039,1,0,1,0,
Sri Lanka,122,175,2,ac56b5a7,7467fe01,318a4039,2,0,2,0,
Sri Lanka,123,177,2,ac56b5a7,7467fe01,318a4039,2,0,2,0,
Sri Lanka,124,183,2,ac56b5a7,7467fe01,318a4039,6,0,6,0,
Sri Lanka,125,184,2,ac56b5a7,7467fe01,318a4039,1,0,1,0,
Sri Lanka,126,184,3,318a4039,7467fe01,ac56b5a7,0,0,0,1,bowled
Sri Lanka,127,184,4,c34a15e6,7467fe01,ac56b5a7,0,0,0,1,bowled
Malaysia,1,0,0,7467fe01,2fa916b3,bee0c85c,0,0,0,0,
Malaysia,2,0,0,7467fe01,2fa916b3,bee0c85c,0,0,0,0,
Malaysia,3,0,0,7467fe01,2fa916b3,bee0c85c,0,0,0,0,
Malaysia,4,0,1,7467fe01,2fa916b3,bee0c85c,0,0,0,1,bowled
Malaysia,5,0,1,686b7194,2fa916b3,bee0c85c,0,0,0,0,
Malaysia,6,1,1,686b7194,2fa916b3,bee0c85c,0,1,1,0,
Malaysia,7,1,1,686b7194,5838cb64,bee0c85c,0,0,0,0,
Malaysia,8,1,1,686b7194,5838cb64,bee0c85c,0,0,0,0,
Malaysia,9,3,1,686b7194,5838cb64,bee0c85c,2,0,2,0,
Malaysia,10,3,1,686b7194,5838cb64,bee0c85c,0,0,0,0,
Malaysia,11,3,1,686b7194,5838cb64,bee0c85c,0,0,0,0,
Malaysia,12,7,1,686b7194,5838cb64,bee0c85c,4,0,4,0,
Malaysia,13,7,1,bee0c85c,2fa916b3,686b7194,0,0,0,0,
Malaysia,14,7,1,bee0c85c,2fa916b3,686b7194,0,0,0,0,
Malaysia,15,7,1,bee0c85c,2fa916b3,686b7194,0,0,0,0,
Malaysia,16,8,1,bee0c85c,2fa916b3,686b7194,1,0,1,0,
Malaysia,17,8,1,686b7194,2fa916b3,bee0c85c,0,0,0,0,
Malaysia,18,12,1,686b7194,2fa916b3,bee0c85c,4,0,4,0,
Malaysia,19,12,1,bee0c85c,11b78c67,686b7194,0,0,0,0,
Malaysia,20,14,1,bee0c85c,11b78c67,686b7194,2,0,2,0,
Malaysia,21,14,2,bee0c85c,11b78c67,686b7194,0,0,0,1,bowled
Malaysia,22,14,2,b9b32e3c,11b78c67,686b7194,0,0,0,0,
Malaysia,23,14,2,b9b32e3c,11b78c67,686b7194,0,0,0,0,
Malaysia,24,15,2,b9b32e3c,11b78c67,686b7194,1,0,1,0,
Malaysia,25,15,2,b9b32e3c,2fa916b3,686b7194,0,0,0,0,
Malaysia,26,15,2,b9b32e3c,2fa916b3,686b7194,0,0,0,0,
Malaysia,27,16,2,b9b32e3c,2fa916b3,686b7194,0,1,1,0,
Malaysia,28,16,2,b9b32e3c,2fa916b3,686b7194,0,0,0,0,
Malaysia,29,17,2,b9b32e3c,2fa916b3,686b7194,0,1,1,0,
Malaysia,30,17,2,b9b32e3c,2fa916b3,686b7194,0,0,0,0,
Malaysia,31,17,2,b9b32e3c,2fa916b3,686b7194,0,0,0,0,
Malaysia,32,17,2,b9b32e3c,2fa916b3,686b7194,0,0,0,0,
Malaysia,33,17,3,686b7194,11b78c67,b9b32e3c,0,0,0,1,bowled
Malaysia,34,17,3,4c7744de,11b78c67,b9b32e3c,0,0,0,0,
Malaysia,35,19,3,4c7744de,11b78c67,b9b32e3c,2,0,2,0,
Malaysia,36,20,3,4c7744de,11b78c67,b9b32e3c,1,0,1,0,
Malaysia,37,20,3,b9b32e3c,11b78c67,4c7744de,0,0,0,0,
Malaysia,38,21,3,b9b32e3c,11b78c67,4c7744de,1,0,1,0,
Malaysia,39,23,3,b9b32e3c,5838cb64,4c7744de,0,2,2,0,
Malaysia,40,23,4,4c7744de,5838cb64,b9b32e3c,0,0,0,1,caught
Malaysia,41,23,4,31453abb,5838cb64,b9b32e3c,0,0,0,0,
Malaysia,42,23,4,31453abb,5838cb64,b9b32e3c,0,0,0,0,
Malaysia,43,24,4,31453abb,5838cb64,b9b32e3c,1,0,1,0,
Malaysia,44,24,4,b9b32e3c,5838cb64,31453abb,0,0,0,0,
Malaysia,45,25,4,b9b32e3c,5838cb64,31453abb,1,0,1,0,
Malaysia,46,25,4,b9b32e3c,1251a339,31453abb,0,0,0,0,
Malaysia,47,25,4,b9b32e3c,1251a339,31453abb,0,0,0,0,
Malaysia,48,26,4,b9b32e3c,1251a339,31453abb,1,0,1,0,
Malaysia,49,26,4,31453abb,1251a339,b9b32e3c,0,0,0,0,
Malaysia,50,26,4,31453abb,1251a339,b9b32e3c,0,0,0,0,
Malaysia,51,26,4,31453abb,1251a339,b9b32e3c,0,0,0,0,
Malaysia,52,27,4,b9b32e3c,4ac6664d,31453abb,1,0,1,0,
Malaysia,53,28,4,31453abb,4ac6664d,b9b32e3c,1,0,1,0,
Malaysia,54,29,4,b9b32e3c,4ac6664d,31453abb,1,0,1,0,
Malaysia,55,29,4,31453abb,4ac6664d,b9b32e3c,0,0,0,0,
Malaysia,56,29,4,31453abb,4ac6664d,b9b32e3c,0,0,0,0,
Malaysia,57,29,4,31453abb,4ac6664d,b9b32e3c,0,0,0,0,
Malaysia,58,30,4,b9b32e3c,1251a339,31453abb,1,0,1,0,
Malaysia,59,30,4,31453abb,1251a339,b9b32e3c,0,0,0,0,
Malaysia,60,30,4,31453abb,1251a339,b9b32e3c,0,0,0,0,
Malaysia,61,30,4,31453abb,1251a339,b9b32e3c,0,0,0,0,
Malaysia,62,31,4,31453abb,1251a339,b9b32e3c,1,0,1,0,
Malaysia,63,31,4,b9b32e3c,1251a339,31453abb,0,0,0,0,
Malaysia,64,31,4,31453abb,4ac6664d,b9b32e3c,0,0,0,0,
Malaysia,65,31,4,31453abb,4ac6664d,b9b32e3c,0,0,0,0,
Malaysia,66,31,4,31453abb,4ac6664d,b9b32e3c,0,0,0,0,
Malaysia,67,32,4,31453abb,4ac6664d,b9b32e3c,1,0,1,0,
Malaysia,68,32,5,b9b32e3c,4ac6664d,31453abb,0,0,0,1,bowled
Malaysia,69,32,5,4e4d2c20,4ac6664d,31453abb,0,0,0,0,
Malaysia,70,32,5,31453abb,11b78c67,4e4d2c20,0,0,0,0,
Malaysia,71,32,5,31453abb,11b78c67,4e4d2c20,0,0,0,0,
Malaysia,72,32,5,31453abb,11b78c67,4e4d2c20,0,0,0,0,
Malaysia,73,32,5,31453abb,11b78c67,4e4d2c20,0,0,0,0,
Malaysia,74,33,5,31453abb,11b78c67,4e4d2c20,1,0,1,0,
Malaysia,75,33,5,4e4d2c20,11b78c67,31453abb,0,0,0,0,
Malaysia,76,33,5,31453abb,c34a15e6,4e4d2c20,0,0,0,0,
Malaysia,77,33,5,31453abb,c34a15e6,4e4d2c20,0,0,0,0,
Malaysia,78,33,5,31453abb,c34a15e6,4e4d2c20,0,0,0,0,
Malaysia,79,33,5,31453abb,c34a15e6,4e4d2c20,0,0,0,0,
Malaysia,80,33,5,31453abb,c34a15e6,4e4d2c20,0,0,0,0,
Malaysia,81,33,5,31453abb,c34a15e6,4e4d2c20,0,0,0,0,
Malaysia,82,33,5,4e4d2c20,1251a339,31453abb,0,0,0,0,
Malaysia,83,33,5,4e4d2c20,1251a339,31453abb,0,0,0,0,
Malaysia,84,33,5,4e4d2c20,1251a339,31453abb,0,0,0,0,
Malaysia,85,33,5,4e4d2c20,1251a339,31453abb,0,0,0,0,
Malaysia,86,33,6,4e4d2c20,1251a339,31453abb,0,0,0,1,caught
Malaysia,87,33,6,2cd18a73,1251a339,31453abb,0,0,0,0,
Malaysia,88,34,6,31453abb,c34a15e6,2cd18a73,1,0,1,0,
Malaysia,89,34,6,2cd18a73,c34a15e6,31453abb,0,0,0,0,
Malaysia,90,35,6,2cd18a73,c34a15e6,31453abb,1,0,1,0,
Malaysia,91,35,6,31453abb,c34a15e6,2cd18a73,0,0,0,0,
Malaysia,92,36,6,31453abb,c34a15e6,2cd18a73,1,0,1,0,
Malaysia,93,36,6,2cd18a73,c34a15e6,31453abb,0,0,0,0,
Malaysia,94,36,6,31453abb,11b78c67,2cd18a73,0,0,0,0,
Malaysia,95,37,6,31453abb,11b78c67,2cd18a73,1,0,1,0,
Malaysia,96,37,7,2cd18a73,11b78c67,31453abb,0,0,0,1,bowled
Malaysia,97,37,7,a044506e,11b78c67,31453abb,0,0,0,0,
Malaysia,98,37,7,a044506e,11b78c67,31453abb,0,0,0,0,
Malaysia,99,37,7,a044506e,11b78c67,31453abb,0,0,0,0,
Malaysia,100,38,7,31453abb,c34a15e6,a044506e,1,0,1,0,
Malaysia,101,38,7,a044506e,c34a15e6,31453abb,0,0,0,0,
Malaysia,102,38,7,a044506e,c34a15e6,31453abb,0,0,0,0,
Malaysia,103,38,7,a044506e,c34a15e6,31453abb,0,0,0,0,
Malaysia,104,38,8,a044506e,c34a15e6,31453abb,0,0,0,1,caught
Malaysia,105,38,9,fc282a40,c34a15e6,31453abb,0,0,0,1,bowled
Malaysia,106,38,9,31453abb,1251a339,734cded2,0,0,0,0,
Malaysia,107,38,9,31453abb,1251a339,734cded2,0,0,0,0,
Malaysia,108,38,9,31453abb,1251a339,734cded2,0,0,0,0,
Malaysia,109,39,9,31453abb,1251a339,734cded2,0,1,1,0,
Malaysia,110,39,9,31453abb,1251a339,734cded2,0,0,0,0,
Malaysia,111,39,9,31453abb,1251a339,734cded2,0,0,0,0,
Malaysia,112,39,9,31453abb,1251a339,734cded2,0,0,0,0,
Malaysia,113,39,9,734cded2,4ac6664d,31453abb,0,0,0,0,
Malaysia,114,39,9,734cded2,4ac6664d,31453abb,0,0,0,0,
Malaysia,115,39,9,734cded2,4ac6664d,31453abb,0,0,0,0,
Malaysia,116,40,9,734cded2,4ac6664d,31453abb,1,0,1,0,
Malaysia,117,40,9,31453abb,4ac6664d,734cded2,0,0,0,0,
Malaysia,118,40,9,31453abb,4ac6664d,734cded2,0,0,0,0,
Malaysia,119,40,9,734cded2,2fa916b3,31453abb,0,0,0,0,
Malaysia,120,40,9,734cded2,2fa916b3,31453abb,0,0,0,0,
Malaysia,121,40,9,734cded2,2fa916b3,31453abb,0,0,0,0,
Malaysia,122,40,9,734cded2,2fa916b3,31453abb,0,0,0,0,
Malaysia,123,40,10,734cded2,2fa916b3,31453abb,0,0,0,1,bowled
