batting_team,ball_number,total_team_runs,total_team_wickets,striker_ID,bowler_ID,nonstriker_ID,batter_runs,extras_runs,total_delivery_runs,wicket,wicket_type
Northamptonshire,1,0,0,efe3fcc5,be869ccf,35f173a0,0,0,0,0,
Northamptonshire,2,0,0,efe3fcc5,be869ccf,35f173a0,0,0,0,0,
Northamptonshire,3,0,1,efe3fcc5,be869ccf,35f173a0,0,0,0,1,caught
Northamptonshire,4,2,1,7f048519,be869ccf,35f173a0,2,0,2,0,
Northamptonshire,5,2,1,7f048519,be869ccf,35f173a0,0,0,0,0,
Northamptonshire,6,2,1,7f048519,be869ccf,35f173a0,0,0,0,0,
Northamptonshire,7,3,1,35f173a0,30f92334,7f048519,1,0,1,0,
Northamptonshire,8,4,1,7f048519,30f92334,35f173a0,0,1,1,0,
Northamptonshire,9,5,1,7f048519,30f92334,35f173a0,1,0,1,0,
Northamptonshire,10,5,1,35f173a0,30f92334,7f048519,0,0,0,0,
Northamptonshire,11,6,1,35f173a0,30f92334,7f048519,1,0,1,0,
Northamptonshire,12,10,1,7f048519,30f92334,35f173a0,0,4,4,0,
Northamptonshire,13,10,1,7f048519,30f92334,35f173a0,0,0,0,0,
Northamptonshire,14,14,1,35f173a0,5fed6272,7f048519,0,4,4,0,
Northamptonshire,15,14,1,35f173a0,5fed6272,7f048519,0,0,0,0,
Northamptonshire,16,15,1,35f173a0,5fed6272,7f048519,1,0,1,0,
Northamptonshire,17,15,1,7f048519,5fed6272,35f173a0,0,0,0,0,
Northamptonshire,18,19,1,7f048519,5fed6272,35f173a0,4,0,4,0,
Northamptonshire,19,19,1,7f048519,5fed6272,35f173a0,0,0,0,0,
Northamptonshire,20,19,1,35f173a0,30f92334,7f048519,0,0,0,0,
Northamptonshire,21,21,1,35f173a0,30f92334,7f048519,0,2,2,0,
Northamptonshire,22,22,1,35f173a0,30f92334,7f048519,1,0,1,0,
Northamptonshire,23,23,1,7f048519,30f92334,35f173a0,1,0,1,0,
Northamptonshire,24,26,1,35f173a0,30f92334,7f048519,3,0,3,0,
Northamptonshire,25,26,1,7f048519,30f92334,35f173a0,0,0,0,0,
Northamptonshire,26,27,1,7f048519,30f92334,35f173a0,0,1,1,0,
Northamptonshire,27,27,1,7f048519,be869ccf,35f173a0,0,0,0,0,
Northamptonshire,28,27,1,7f048519,be869ccf,35f173a0,0,0,0,0,
Northamptonshire,29,31,1,7f048519,be869ccf,35f173a0,4,0,4,0,
Northamptonshire,30,31,1,7f048519,be869ccf,35f173a0,0,0,0,0,
Northamptonshire,31,31,1,7f048519,be869ccf,35f173a0,0,0,0,0,
Northamptonshire,32,31,1,7f048519,be869ccf,35f173a0,0,0,0,0,
Northamptonshire,33,32,1,35f173a0,876dbe2d,7f048519,1,0,1,0,
Northamptonshire,34,33,1,7f048519,876dbe2d,35f173a0,1,0,1,0,
Northamptonshire,35,33,1,35f173a0,876dbe2d,7f048519,0,0,0,0,
Northamptonshire,36,35,1,35f173a0,876dbe2d,7f048519,2,0,2,0,
Northamptonshire,37,39,1,35f173a0,876dbe2d,7f048519,4,0,4,0,
Northamptonshire,38,40,1,35f173a0,876dbe2d,7f048519,1,0,1,0,
Northamptonshire,39,41,1,35f173a0,f3abd0c9,7f048519,1,0,1,0,
Northamptonshire,40,41,2,7f048519,f3abd0c9,35f173a0,0,0,0,1,caught
Northamptonshire,41,42,2,ab01e323,f3abd0c9,35f173a0,1,0,1,0,
Northamptonshire,42,42,2,35f173a0,f3abd0c9,ab01e323,0,0,0,0,
Northamptonshire,43,43,2,35f173a0,f3abd0c9,ab01e323,1,0,1,0,
Northamptonshire,44,44,2,ab01e323,f3abd0c9,35f173a0,1,0,1,0,
Northamptonshire,45,45,2,ab01e323,5fed6272,35f173a0,0,1,1,0,
Northamptonshire,46,49,2,ab01e323,5fed6272,35f173a0,4,0,4,0,
Northamptonshire,47,53,2,ab01e323,5fed6272,35f173a0,4,0,4,0,
Northamptonshire,48,57,2,ab01e323,5fed6272,35f173a0,4,0,4,0,
Northamptonshire,49,58,2,ab01e323,5fed6272,35f173a0,1,0,1,0,
Northamptonshire,50,59,2,35f173a0,5fed6272,ab01e323,1,0,1,0,
Northamptonshire,51,60,2,ab01e323,5fed6272,35f173a0,1,0,1,0,
Northamptonshire,52,60,2,ab01e323,f3abd0c9,35f173a0,0,0,0,0,
Northamptonshire,53,61,2,ab01e323,f3abd0c9,35f173a0,1,0,1,0,
Northamptonshire,54,62,2,35f173a0,f3abd0c9,ab01e323,1,0,1,0,
Northamptonshire,55,63,2,ab01e323,f3abd0c9,35f173a0,1,0,1,0,
Northamptonshire,56,64,2,35f173a0,f3abd0c9,ab01e323,1,0,1,0,
Northamptonshire,57,70,2,ab01e323,f3abd0c9,35f173a0,6,0,6,0,
Northamptonshire,58,71,2,35f173a0,e5218454,ab01e323,1,0,1,0,
Northamptonshire,59,75,2,ab01e323,e5218454,35f173a0,4,0,4,0,
Northamptonshire,60,76,2,ab01e323,e5218454,35f173a0,1,0,1,0,
Northamptonshire,61,76,3,35f173a0,e5218454,ab01e323,0,0,0,1,caught
Northamptonshire,62,77,3,7ca5e05d,e5218454,ab01e323,1,0,1,0,
Northamptonshire,63,78,3,ab01e323,e5218454,7ca5e05d,1,0,1,0,
Northamptonshire,64,79,3,ab01e323,876dbe2d,7ca5e05d,1,0,1,0,
Northamptonshire,65,80,3,7ca5e05d,876dbe2d,ab01e323,1,0,1,0,
Northamptonshire,66,81,3,ab01e323,876dbe2d,7ca5e05d,1,0,1,0,
Northamptonshire,67,82,3,7ca5e05d,876dbe2d,ab01e323,1,0,1,0,
Northamptonshire,68,83,3,ab01e323,876dbe2d,7ca5e05d,1,0,1,0,
Northamptonshire,69,84,3,7ca5e05d,876dbe2d,ab01e323,0,1,1,0,
Northamptonshire,70,86,3,7ca5e05d,876dbe2d,ab01e323,2,0,2,0,
Northamptonshire,71,87,3,ab01e323,bb351c23,7ca5e05d,1,0,1,0,
Northamptonshire,72,87,3,7ca5e05d,bb351c23,ab01e323,0,0,0,0,
Northamptonshire,73,91,3,7ca5e05d,bb351c23,ab01e323,4,0,4,0,
Northamptonshire,74,95,3,7ca5e05d,bb351c23,ab01e323,4,0,4,0,
Northamptonshire,75,96,3,7ca5e05d,bb351c23,ab01e323,1,0,1,0,
Northamptonshire,76,97,3,ab01e323,bb351c23,7ca5e05d,0,1,1,0,
Northamptonshire,77,98,3,ab01e323,f3abd0c9,7ca5e05d,1,0,1,0,
Northamptonshire,78,99,3,7ca5e05d,f3abd0c9,ab01e323,1,0,1,0,
Northamptonshire,79,105,3,ab01e323,f3abd0c9,7ca5e05d,6,0,6,0,
Northamptonshire,80,105,3,ab01e323,f3abd0c9,7ca5e05d,0,0,0,0,
Northamptonshire,81,106,3,ab01e323,f3abd0c9,7ca5e05d,1,0,1,0,
Northamptonshire,82,106,3,7ca5e05d,f3abd0c9,ab01e323,0,0,0,0,
Northamptonshire,83,110,3,ab01e323,e5218454,7ca5e05d,4,0,4,0,
Northamptonshire,84,110,3,ab01e323,e5218454,7ca5e05d,0,0,0,0,
Northamptonshire,85,114,3,ab01e323,e5218454,7ca5e05d,4,0,4,0,
Northamptonshire,86,118,3,ab01e323,e5218454,7ca5e05d,4,0,4,0,
Northamptonshire,87,124,3,ab01e323,e5218454,7ca5e05d,6,0,6,0,
Northamptonshire,88,124,3,ab01e323,e5218454,7ca5e05d,0,0,0,0,
Northamptonshire,89,124,3,7ca5e05d,876dbe2d,ab01e323,0,0,0,0,
Northamptonshire,90,125,3,7ca5e05d,876dbe2d,ab01e323,0,1,1,0,
Northamptonshire,91,131,3,ab01e323,876dbe2d,7ca5e05d,6,0,6,0,
Northamptonshire,92,131,3,ab01e323,876dbe2d,7ca5e05d,0,0,0,0,
Northamptonshire,93,131,3,ab01e323,876dbe2d,7ca5e05d,0,0,0,0,
Northamptonshire,94,131,3,ab01e323,876dbe2d,7ca5e05d,0,0,0,0,
Northamptonshire,95,133,3,7ca5e05d,30f92334,ab01e323,2,0,2,0,
Northamptonshire,96,134,3,7ca5e05d,30f92334,ab01e323,1,0,1,0,
Northamptonshire,97,135,3,ab01e323,30f92334,7ca5e05d,1,0,1,0,
Northamptonshire,98,136,3,7ca5e05d,30f92334,ab01e323,1,0,1,0,
Northamptonshire,99,140,3,ab01e323,30f92334,7ca5e05d,4,0,4,0,
Northamptonshire,100,141,3,ab01e323,30f92334,7ca5e05d,1,0,1,0,
Northamptonshire,101,147,3,ab01e323,f3abd0c9,7ca5e05d,6,0,6,0,
Northamptonshire,102,148,3,ab01e323,f3abd0c9,7ca5e05d,1,0,1,0,
Northamptonshire,103,148,4,7ca5e05d,f3abd0c9,ab01e323,0,0,0,1,caught
Northamptonshire,104,149,4,a2421394,f3abd0c9,ab01e323,1,0,1,0,
Northamptonshire,105,155,4,ab01e323,f3abd0c9,a2421394,6,0,6,0,
Northamptonshire,106,156,4,ab01e323,f3abd0c9,a2421394,1,0,1,0,
Northamptonshire,107,157,4,ab01e323,5fed6272,a2421394,0,1,1,0,
Northamptonshire,108,157,5,ab01e323,5fed6272,a2421394,0,0,0,1,caught
Northamptonshire,109,161,5,6feb46a4,5fed6272,a2421394,4,0,4,0,
Northamptonshire,110,161,5,6feb46a4,5fed6272,a2421394,0,0,0,0,
Northamptonshire,111,165,5,6feb46a4,5fed6272,a2421394,4,0,4,0,
Northamptonshire,112,166,5,6feb46a4,5fed6272,a2421394,1,0,1,0,
Northamptonshire,113,168,5,a2421394,5fed6272,6feb46a4,2,0,2,0,
Northamptonshire,114,169,5,6feb46a4,876dbe2d,a2421394,1,0,1,0,
Northamptonshire,115,175,5,a2421394,876dbe2d,6feb46a4,6,0,6,0,
Northamptonshire,116,177,5,a2421394,876dbe2d,6feb46a4,0,2,2,0,
Northamptonshire,117,177,6,a2421394,876dbe2d,6feb46a4,0,0,0,1,caught
Northamptonshire,118,178,6,693af62a,876dbe2d,6feb46a4,1,0,1,0,
Northamptonshire,119,178,6,6feb46a4,876dbe2d,693af62a,0,0,0,0,
Northamptonshire,120,179,6,6feb46a4,876dbe2d,693af62a,1,0,1,0,
Northamptonshire,121,185,6,6feb46a4,30f92334,693af62a,6,0,6,0,
Northamptonshire,122,189,6,6feb46a4,30f92334,693af62a,4,0,4,0,
Northamptonshire,123,190,6,6feb46a4,30f92334,693af62a,1,0,1,0,
Northamptonshire,124,196,6,693af62a,30f92334,6feb46a4,6,0,6,0,
Northamptonshire,125,196,6,693af62a,30f92334,6feb46a4,0,0,0,0,
Northamptonshire,126,197,6,693af62a,30f92334,6feb46a4,1,0,1,0,
Birmingham Bears,1,0,1,bb351c23,7f048519,29ede60b,0,0,0,1,caught
Birmingham Bears,2,0,1,876dbe2d,7f048519,29ede60b,0,0,0,0,
Birmingham Bears,3,0,1,876dbe2d,7f048519,29ede60b,0,0,0,0,
Birmingham Bears,4,0,2,876dbe2d,7f048519,29ede60b,0,0,0,1,caught
Birmingham Bears,5,0,2,67b9536c,7f048519,29ede60b,0,0,0,0,
Birmingham Bears,6,1,2,67b9536c,7f048519,29ede60b,0,1,1,0,
Birmingham Bears,7,1,2,67b9536c,7f048519,29ede60b,0,0,0,0,
Birmingham Bears,8,2,2,29ede60b,e871a7a1,67b9536c,0,1,1,0,
Birmingham Bears,9,3,2,29ede60b,e871a7a1,67b9536c,1,0,1,0,
Birmingham Bears,10,3,2,67b9536c,e871a7a1,29ede60b,0,0,0,0,
Birmingham Bears,11,4,2,67b9536c,e871a7a1,29ede60b,0,1,1,0,
Birmingham Bears,12,5,2,29ede60b,e871a7a1,67b9536c,1,0,1,0,
Birmingham Bears,13,10,2,67b9536c,e871a7a1,29ede60b,0,5,5,0,
Birmingham Bears,14,11,2,67b9536c,e871a7a1,29ede60b,1,0,1,0,
Birmingham Bears,15,11,3,29ede60b,e871a7a1,67b9536c,0,0,0,1,bowled
Birmingham Bears,16,11,3,67b9536c,7f048519,3c55c703,0,0,0,0,
Birmingham Bears,17,15,3,67b9536c,7f048519,3c55c703,4,0,4,0,
Birmingham Bears,18,16,3,67b9536c,7f048519,3c55c703,1,0,1,0,
Birmingham Bears,19,17,3,3c55c703,7f048519,67b9536c,1,0,1,0,
Birmingham Bears,20,18,3,67b9536c,7f048519,3c55c703,1,0,1,0,
Birmingham Bears,21,22,3,3c55c703,7f048519,67b9536c,4,0,4,0,
Birmingham Bears,22,26,3,67b9536c,5a74e559,3c55c703,4,0,4,0,
Birmingham Bears,23,26,3,67b9536c,5a74e559,3c55c703,0,0,0,0,
Birmingham Bears,24,26,3,67b9536c,5a74e559,3c55c703,0,0,0,0,
Birmingham Bears,25,27,3,67b9536c,5a74e559,3c55c703,0,1,1,0,
Birmingham Bears,26,27,3,3c55c703,5a74e559,67b9536c,0,0,0,0,
Birmingham Bears,27,27,3,3c55c703,5a74e559,67b9536c,0,0,0,0,
Birmingham Bears,28,27,3,67b9536c,e871a7a1,3c55c703,0,0,0,0,
Birmingham Bears,29,27,3,67b9536c,e871a7a1,3c55c703,0,0,0,0,
Birmingham Bears,30,31,3,67b9536c,e871a7a1,3c55c703,4,0,4,0,
Birmingham Bears,31,33,3,67b9536c,e871a7a1,3c55c703,2,0,2,0,
Birmingham Bears,32,33,3,67b9536c,e871a7a1,3c55c703,0,0,0,0,
Birmingham Bears,33,37,3,67b9536c,e871a7a1,3c55c703,4,0,4,0,
Birmingham Bears,34,37,3,3c55c703,5a74e559,67b9536c,0,0,0,0,
Birmingham Bears,35,37,3,3c55c703,5a74e559,67b9536c,0,0,0,0,
Birmingham Bears,36,43,3,3c55c703,5a74e559,67b9536c,6,0,6,0,
Birmingham Bears,37,43,3,3c55c703,5a74e559,67b9536c,0,0,0,0,
Birmingham Bears,38,44,3,3c55c703,5a74e559,67b9536c,1,0,1,0,
Birmingham Bears,39,48,3,67b9536c,5a74e559,3c55c703,4,0,4,0,
Birmingham Bears,40,49,3,3c55c703,a2421394,67b9536c,1,0,1,0,
Birmingham Bears,41,50,3,67b9536c,a2421394,3c55c703,1,0,1,0,
Birmingham Bears,42,51,3,3c55c703,a2421394,67b9536c,1,0,1,0,
Birmingham Bears,43,52,3,67b9536c,a2421394,3c55c703,1,0,1,0,
Birmingham Bears,44,56,3,3c55c703,a2421394,67b9536c,4,0,4,0,
Birmingham Bears,45,57,3,3c55c703,a2421394,67b9536c,1,0,1,0,
Birmingham Bears,46,63,3,3c55c703,7ca5e05d,67b9536c,6,0,6,0,
Birmingham Bears,47,64,3,3c55c703,7ca5e05d,67b9536c,1,0,1,0,
Birmingham Bears,48,65,3,67b9536c,7ca5e05d,3c55c703,1,0,1,0,
Birmingham Bears,49,66,3,3c55c703,7ca5e05d,67b9536c,1,0,1,0,
Birmingham Bears,50,67,3,67b9536c,7ca5e05d,3c55c703,1,0,1,0,
Birmingham Bears,51,68,3,3c55c703,7ca5e05d,67b9536c,1,0,1,0,
Birmingham Bears,52,69,3,3c55c703,56ef4f99,67b9536c,1,0,1,0,
Birmingham Bears,53,70,3,67b9536c,56ef4f99,3c55c703,1,0,1,0,
Birmingham Bears,54,76,3,3c55c703,56ef4f99,67b9536c,6,0,6,0,
Birmingham Bears,55,77,3,3c55c703,56ef4f99,67b9536c,1,0,1,0,
Birmingham Bears,56,78,3,67b9536c,56ef4f99,3c55c703,1,0,1,0,
Birmingham Bears,57,78,3,3c55c703,56ef4f99,67b9536c,0,0,0,0,
Birmingham Bears,58,84,3,67b9536c,5a74e559,3c55c703,6,0,6,0,
Birmingham Bears,59,85,3,67b9536c,5a74e559,3c55c703,1,0,1,0,
Birmingham Bears,60,86,3,3c55c703,5a74e559,67b9536c,1,0,1,0,
Birmingham Bears,61,87,3,67b9536c,5a74e559,3c55c703,1,0,1,0,
Birmingham Bears,62,88,3,3c55c703,5a74e559,67b9536c,1,0,1,0,
Birmingham Bears,63,88,3,67b9536c,5a74e559,3c55c703,0,0,0,0,
Birmingham Bears,64,90,3,3c55c703,a2421394,67b9536c,2,0,2,0,
Birmingham Bears,65,90,3,3c55c703,a2421394,67b9536c,0,0,0,0,
Birmingham Bears,66,90,3,3c55c703,a2421394,67b9536c,0,0,0,0,
Birmingham Bears,67,92,3,3c55c703,a2421394,67b9536c,2,0,2,0,
Birmingham Bears,68,98,3,3c55c703,a2421394,67b9536c,6,0,6,0,
Birmingham Bears,69,99,3,3c55c703,a2421394,67b9536c,1,0,1,0,
Birmingham Bears,70,100,3,3c55c703,7ca5e05d,67b9536c,1,0,1,0,
Birmingham Bears,71,102,3,67b9536c,7ca5e05d,3c55c703,2,0,2,0,
Birmingham Bears,72,103,3,67b9536c,7ca5e05d,3c55c703,1,0,1,0,
Birmingham Bears,73,103,4,3c55c703,7ca5e05d,67b9536c,0,0,0,1,caught
Birmingham Bears,74,104,4,95a15317,7ca5e05d,67b9536c,1,0,1,0,
Birmingham Bears,75,106,4,67b9536c,7ca5e05d,95a15317,2,0,2,0,
Birmingham Bears,76,106,5,95a15317,a2421394,67b9536c,0,0,0,1,caught
Birmingham Bears,77,107,5,be869ccf,a2421394,67b9536c,1,0,1,0,
Birmingham Bears,78,107,5,67b9536c,a2421394,be869ccf,0,0,0,0,
Birmingham Bears,79,108,5,67b9536c,a2421394,be869ccf,1,0,1,0,
Birmingham Bears,80,108,5,be869ccf,a2421394,67b9536c,0,0,0,0,
Birmingham Bears,81,112,5,be869ccf,a2421394,67b9536c,4,0,4,0,
Birmingham Bears,82,113,5,67b9536c,7ca5e05d,be869ccf,1,0,1,0,
Birmingham Bears,83,114,5,be869ccf,7ca5e05d,67b9536c,1,0,1,0,
Birmingham Bears,84,115,5,67b9536c,7ca5e05d,be869ccf,1,0,1,0,
Birmingham Bears,85,116,5,be869ccf,7ca5e05d,67b9536c,1,0,1,0,
Birmingham Bears,86,120,5,67b9536c,7ca5e05d,be869ccf,4,0,4,0,
Birmingham Bears,87,121,5,67b9536c,7ca5e05d,be869ccf,1,0,1,0,
Birmingham Bears,88,122,5,67b9536c,a2421394,be869ccf,1,0,1,0,
Birmingham Bears,89,123,5,be869ccf,a2421394,67b9536c,1,0,1,0,
Birmingham Bears,90,123,5,67b9536c,a2421394,be869ccf,0,0,0,0,
Birmingham Bears,91,124,5,67b9536c,a2421394,be869ccf,1,0,1,0,
Birmingham Bears,92,124,5,be869ccf,a2421394,67b9536c,0,0,0,0,
Birmingham Bears,93,125,5,be869ccf,a2421394,67b9536c,1,0,1,0,
Birmingham Bears,94,125,5,be869ccf,e871a7a1,67b9536c,0,0,0,0,
Birmingham Bears,95,126,5,be869ccf,e871a7a1,67b9536c,1,0,1,0,
Birmingham Bears,96,130,5,67b9536c,e871a7a1,be869ccf,4,0,4,0,
Birmingham Bears,97,131,5,67b9536c,e871a7a1,be869ccf,1,0,1,0,
Birmingham Bears,98,137,5,be869ccf,e871a7a1,67b9536c,6,0,6,0,
Birmingham Bears,99,138,5,be869ccf,e871a7a1,67b9536c,1,0,1,0,
Birmingham Bears,100,139,5,be869ccf,7f048519,67b9536c,1,0,1,0,
Birmingham Bears,101,139,5,67b9536c,7f048519,be869ccf,0,0,0,0,
Birmingham Bears,102,143,5,67b9536c,7f048519,be869ccf,4,0,4,0,
Birmingham Bears,103,144,5,67b9536c,7f048519,be869ccf,1,0,1,0,
Birmingham Bears,104,145,5,be869ccf,7f048519,67b9536c,1,0,1,0,
Birmingham Bears,105,146,5,67b9536c,7f048519,be869ccf,1,0,1,0,
Birmingham Bears,106,147,5,67b9536c,e871a7a1,be869ccf,0,1,1,0,
Birmingham Bears,107,151,5,be869ccf,e871a7a1,67b9536c,4,0,4,0,
Birmingham Bears,108,152,5,be869ccf,e871a7a1,67b9536c,0,1,1,0,
Birmingham Bears,109,156,5,67b9536c,e871a7a1,be869ccf,4,0,4,0,
Birmingham Bears,110,157,5,67b9536c,e871a7a1,be869ccf,1,0,1,0,
Birmingham Bears,111,159,5,be869ccf,e871a7a1,67b9536c,2,0,2,0,
Birmingham Bears,112,161,5,67b9536c,7f048519,be869ccf,2,0,2,0,
Birmingham Bears,113,163,5,67b9536c,7f048519,be869ccf,2,0,2,0,
Birmingham Bears,114,169,5,67b9536c,7f048519,be869ccf,6,0,6,0,
Birmingham Bears,115,171,5,67b9536c,7f048519,be869ccf,2,0,2,0,
Birmingham Bears,116,172,5,67b9536c,7f048519,be869ccf,1,0,1,0,
Birmingham Bears,117,173,5,be869ccf,7f048519,67b9536c,1,0,1,0,
Birmingham Bears,118,175,5,be869ccf,5a74e559,67b9536c,2,0,2,0,
Birmingham Bears,119,176,5,be869ccf,5a74e559,67b9536c,1,0,1,0,
Birmingham Bears,120,182,5,67b9536c,5a74e559,be869ccf,6,0,6,0,
Birmingham Bears,121,186,5,67b9536c,5a74e559,be869ccf,4,0,4,0,
Birmingham Bears,122,186,5,67b9536c,5a74e559,be869ccf,0,0,0,0,
Birmingham Bears,123,186,6,67b9536c,5a74e559,be869ccf,0,0,0,1,caught
