batting_team,ball_number,total_team_runs,total_team_wickets,striker_ID,bowler_ID,nonstriker_ID,batter_runs,extras_runs,total_delivery_runs,wicket,wicket_type
Bangladesh,1,0,0,0404d43c,4d7f517e,4d9f9686,0,0,0,0,
Bangladesh,2,0,0,0404d43c,4d7f517e,4d9f9686,0,0,0,0,
Bangladesh,3,0,0,0404d43c,4d7f517e,4d9f9686,0,0,0,0,
Bangladesh,4,1,0,0404d43c,4d7f517e,4d9f9686,1,0,1,0,
Bangladesh,5,1,0,4d9f9686,4d7f517e,0404d43c,0,0,0,0,
Bangladesh,6,1,0,4d9f9686,4d7f517e,0404d43c,0,0,0,0,
Bangladesh,7,1,0,0404d43c,c5aef772,4d9f9686,0,0,0,0,
Bangladesh,8,2,0,0404d43c,c5aef772,4d9f9686,1,0,1,0,
Bangladesh,9,2,0,4d9f9686,c5aef772,0404d43c,0,0,0,0,
Bangladesh,10,6,0,4d9f9686,c5aef772,0404d43c,4,0,4,0,
Bangladesh,11,7,0,4d9f9686,c5aef772,0404d43c,1,0,1,0,
Bangladesh,12,8,0,0404d43c,c5aef772,4d9f9686,1,0,1,0,
Bangladesh,13,8,0,0404d43c,4d7f517e,4d9f9686,0,0,0,0,
Bangladesh,14,8,0,0404d43c,4d7f517e,4d9f9686,0,0,0,0,
Bangladesh,15,8,1,0404d43c,4d7f517e,4d9f9686,0,0,0,1,stumped
Bangladesh,16,8,1,80fe764d,4d7f517e,4d9f9686,0,0,0,0,
Bangladesh,17,8,1,80fe764d,4d7f517e,4d9f9686,0,0,0,0,
Bangladesh,18,10,1,80fe764d,4d7f517e,4d9f9686,2,0,2,0,
Bangladesh,19,10,1,4d9f9686,3feda4fa,80fe764d,0,0,0,0,
Bangladesh,20,11,1,4d9f9686,3feda4fa,80fe764d,1,0,1,0,
Bangladesh,21,11,2,80fe764d,3feda4fa,4d9f9686,0,0,0,1,bowled
Bangladesh,22,12,2,c58b0108,3feda4fa,4d9f9686,1,0,1,0,
Bangladesh,23,12,2,4d9f9686,3feda4fa,c58b0108,0,0,0,0,
Bangladesh,24,12,2,4d9f9686,3feda4fa,c58b0108,0,0,0,0,
Bangladesh,25,13,2,c58b0108,4d7f517e,4d9f9686,0,1,1,0,
Bangladesh,26,13,2,c58b0108,4d7f517e,4d9f9686,0,0,0,0,
Bangladesh,27,19,2,c58b0108,4d7f517e,4d9f9686,6,0,6,0,
Bangladesh,28,19,2,c58b0108,4d7f517e,4d9f9686,0,0,0,0,
Bangladesh,29,19,2,c58b0108,4d7f517e,4d9f9686,0,0,0,0,
Bangladesh,30,19,2,c58b0108,4d7f517e,4d9f9686,0,0,0,0,
Bangladesh,31,23,2,c58b0108,4d7f517e,4d9f9686,4,0,4,0,
Bangladesh,32,23,2,4d9f9686,3feda4fa,c58b0108,0,0,0,0,
Bangladesh,33,23,2,4d9f9686,3feda4fa,c58b0108,0,0,0,0,
Bangladesh,34,24,2,4d9f9686,3feda4fa,c58b0108,1,0,1,0,
Bangladesh,35,28,2,c58b0108,3feda4fa,4d9f9686,4,0,4,0,
Bangladesh,36,29,2,c58b0108,3feda4fa,4d9f9686,1,0,1,0,
Bangladesh,37,29,2,4d9f9686,3feda4fa,c58b0108,0,0,0,0,
Bangladesh,38,29,2,c58b0108,4d7f517e,4d9f9686,0,0,0,0,
Bangladesh,39,29,2,c58b0108,4d7f517e,4d9f9686,0,0,0,0,
Bangladesh,40,29,2,c58b0108,4d7f517e,4d9f9686,0,0,0,0,
Bangladesh,41,30,2,c58b0108,4d7f517e,4d9f9686,1,0,1,0,
Bangladesh,42,30,2,4d9f9686,4d7f517e,c58b0108,0,0,0,0,
Bangladesh,43,31,2,4d9f9686,4d7f517e,c58b0108,1,0,1,0,
Bangladesh,44,32,2,4d9f9686,b0946605,c58b0108,1,0,1,0,
Bangladesh,45,32,2,c58b0108,b0946605,4d9f9686,0,0,0,0,
Bangladesh,46,34,2,c58b0108,b0946605,4d9f9686,2,0,2,0,
Bangladesh,47,36,2,c58b0108,b0946605,4d9f9686,2,0,2,0,
Bangladesh,48,36,2,c58b0108,b0946605,4d9f9686,0,0,0,0,
Bangladesh,49,36,2,c58b0108,b0946605,4d9f9686,0,0,0,0,
Bangladesh,50,37,2,4d9f9686,97bdec3d,c58b0108,1,0,1,0,
Bangladesh,51,38,2,c58b0108,97bdec3d,4d9f9686,1,0,1,0,
Bangladesh,52,39,2,4d9f9686,97bdec3d,c58b0108,1,0,1,0,
Bangladesh,53,39,3,c58b0108,97bdec3d,4d9f9686,0,0,0,1,run out
Bangladesh,54,40,3,cd56a813,97bdec3d,c58b0108,1,0,1,0,
Bangladesh,55,40,3,c58b0108,97bdec3d,cd56a813,0,0,0,0,
Bangladesh,56,40,3,cd56a813,b0946605,c58b0108,0,0,0,0,
Bangladesh,57,41,3,cd56a813,b0946605,c58b0108,1,0,1,0,
Bangladesh,58,45,3,c58b0108,b0946605,cd56a813,4,0,4,0,
Bangladesh,59,45,3,c58b0108,b0946605,cd56a813,0,0,0,0,
Bangladesh,60,45,3,c58b0108,b0946605,cd56a813,0,0,0,0,
Bangladesh,61,45,4,c58b0108,b0946605,cd56a813,0,0,0,1,caught
Bangladesh,62,46,4,cd56a813,97bdec3d,5935d694,1,0,1,0,
Bangladesh,63,46,4,5935d694,97bdec3d,cd56a813,0,0,0,0,
Bangladesh,64,50,4,5935d694,97bdec3d,cd56a813,4,0,4,0,
Bangladesh,65,51,4,5935d694,97bdec3d,cd56a813,1,0,1,0,
Bangladesh,66,52,4,cd56a813,97bdec3d,5935d694,1,0,1,0,
Bangladesh,67,52,5,5935d694,97bdec3d,cd56a813,0,0,0,1,bowled
Bangladesh,68,53,5,cd56a813,529eb9e0,9dad0f2e,1,0,1,0,
Bangladesh,69,53,5,9dad0f2e,529eb9e0,cd56a813,0,0,0,0,
Bangladesh,70,57,5,9dad0f2e,529eb9e0,cd56a813,4,0,4,0,
Bangladesh,71,58,5,9dad0f2e,529eb9e0,cd56a813,1,0,1,0,
Bangladesh,72,62,5,cd56a813,529eb9e0,9dad0f2e,4,0,4,0,
Bangladesh,73,62,5,cd56a813,529eb9e0,9dad0f2e,0,0,0,0,
Bangladesh,74,62,5,9dad0f2e,97bdec3d,cd56a813,0,0,0,0,
Bangladesh,75,64,5,9dad0f2e,97bdec3d,cd56a813,2,0,2,0,
Bangladesh,76,65,5,9dad0f2e,97bdec3d,cd56a813,1,0,1,0,
Bangladesh,77,66,5,cd56a813,97bdec3d,9dad0f2e,1,0,1,0,
Bangladesh,78,67,5,9dad0f2e,97bdec3d,cd56a813,1,0,1,0,
Bangladesh,79,67,5,cd56a813,97bdec3d,9dad0f2e,0,0,0,0,
Bangladesh,80,68,5,9dad0f2e,c5aef772,cd56a813,1,0,1,0,
Bangladesh,81,68,5,cd56a813,c5aef772,9dad0f2e,0,0,0,0,
Bangladesh,82,69,5,cd56a813,c5aef772,9dad0f2e,1,0,1,0,
Bangladesh,83,69,5,9dad0f2e,c5aef772,cd56a813,0,0,0,0,
Bangladesh,84,70,5,9dad0f2e,c5aef772,cd56a813,1,0,1,0,
Bangladesh,85,71,5,cd56a813,c5aef772,9dad0f2e,1,0,1,0,
Bangladesh,86,72,5,cd56a813,97bdec3d,9dad0f2e,1,0,1,0,
Bangladesh,87,72,6,9dad0f2e,97bdec3d,cd56a813,0,0,0,1,bowled
Bangladesh,88,73,6,711249d1,97bdec3d,cd56a813,1,0,1,0,
Bangladesh,89,79,6,cd56a813,97bdec3d,711249d1,6,0,6,0,
Bangladesh,90,79,6,cd56a813,97bdec3d,711249d1,0,0,0,0,
Bangladesh,91,80,6,cd56a813,97bdec3d,711249d1,1,0,1,0,
Bangladesh,92,81,6,cd56a813,b0946605,711249d1,1,0,1,0,
Bangladesh,93,83,6,711249d1,b0946605,cd56a813,2,0,2,0,
Bangladesh,94,83,6,711249d1,b0946605,cd56a813,0,0,0,0,
Bangladesh,95,84,6,711249d1,b0946605,cd56a813,1,0,1,0,
Bangladesh,96,85,6,cd56a813,b0946605,711249d1,0,1,1,0,
Bangladesh,97,86,6,711249d1,b0946605,cd56a813,1,0,1,0,
Bangladesh,98,88,6,711249d1,529eb9e0,cd56a813,0,2,2,0,
Bangladesh,99,88,7,cd56a813,529eb9e0,711249d1,0,0,0,1,caught
Bangladesh,100,88,7,0b0cc297,529eb9e0,711249d1,0,0,0,0,
Bangladesh,101,89,7,0b0cc297,529eb9e0,711249d1,1,0,1,0,
Bangladesh,102,90,7,711249d1,529eb9e0,0b0cc297,1,0,1,0,
Bangladesh,103,91,7,0b0cc297,529eb9e0,711249d1,1,0,1,0,
Bangladesh,104,97,7,711249d1,529eb9e0,0b0cc297,6,0,6,0,
Bangladesh,105,97,7,0b0cc297,b0946605,711249d1,0,0,0,0,
Bangladesh,106,97,7,0b0cc297,b0946605,711249d1,0,0,0,0,
Bangladesh,107,97,7,0b0cc297,b0946605,711249d1,0,0,0,0,
Bangladesh,108,97,7,0b0cc297,b0946605,711249d1,0,0,0,0,
Bangladesh,109,101,7,0b0cc297,b0946605,711249d1,4,0,4,0,
Bangladesh,110,103,7,0b0cc297,b0946605,711249d1,2,0,2,0,
Bangladesh,111,105,7,711249d1,529eb9e0,0b0cc297,2,0,2,0,
Bangladesh,112,105,7,711249d1,529eb9e0,0b0cc297,0,0,0,0,
Bangladesh,113,111,7,711249d1,529eb9e0,0b0cc297,6,0,6,0,
Bangladesh,114,113,7,711249d1,529eb9e0,0b0cc297,2,0,2,0,
Bangladesh,115,114,7,711249d1,529eb9e0,0b0cc297,1,0,1,0,
Bangladesh,116,114,7,0b0cc297,529eb9e0,711249d1,0,0,0,0,
Bangladesh,117,115,7,711249d1,c5aef772,0b0cc297,0,1,1,0,
Bangladesh,118,116,7,711249d1,c5aef772,0b0cc297,1,0,1,0,
Bangladesh,119,117,7,0b0cc297,c5aef772,711249d1,1,0,1,0,
Bangladesh,120,121,7,711249d1,c5aef772,0b0cc297,4,0,4,0,
Bangladesh,121,125,7,711249d1,c5aef772,0b0cc297,4,0,4,0,
Bangladesh,122,126,7,711249d1,c5aef772,0b0cc297,0,1,1,0,
Bangladesh,123,128,7,711249d1,c5aef772,0b0cc297,2,0,2,0,
Bangladesh,124,129,7,711249d1,c5aef772,0b0cc297,1,0,1,0,
West Indies,1,0,0,7fca84b7,80ad39ac,09a9d073,0,0,0,0,
West Indies,2,4,0,7fca84b7,80ad39ac,09a9d073,4,0,4,0,
West Indies,3,7,0,7fca84b7,80ad39ac,09a9d073,3,0,3,0,
West Indies,4,7,0,09a9d073,80ad39ac,7fca84b7,0,0,0,0,
West Indies,5,7,0,09a9d073,80ad39ac,7fca84b7,0,0,0,0,
West Indies,6,7,0,09a9d073,80ad39ac,7fca84b7,0,0,0,0,
West Indies,7,8,0,7fca84b7,9dad0f2e,09a9d073,0,1,1,0,
West Indies,8,9,0,7fca84b7,9dad0f2e,09a9d073,1,0,1,0,
West Indies,9,9,0,09a9d073,9dad0f2e,7fca84b7,0,0,0,0,
West Indies,10,9,0,09a9d073,9dad0f2e,7fca84b7,0,0,0,0,
West Indies,11,15,0,09a9d073,9dad0f2e,7fca84b7,6,0,6,0,
West Indies,12,15,0,09a9d073,9dad0f2e,7fca84b7,0,0,0,0,
West Indies,13,19,0,09a9d073,9dad0f2e,7fca84b7,4,0,4,0,
West Indies,14,19,1,7fca84b7,ef18b66e,09a9d073,0,0,0,1,caught
West Indies,15,19,1,1bae756b,ef18b66e,09a9d073,0,0,0,0,
West Indies,16,19,1,1bae756b,ef18b66e,09a9d073,0,0,0,0,
West Indies,17,19,1,1bae756b,ef18b66e,09a9d073,0,0,0,0,
West Indies,18,19,2,1bae756b,ef18b66e,09a9d073,0,0,0,1,caught
West Indies,19,23,2,3241e3fd,ef18b66e,09a9d073,4,0,4,0,
West Indies,20,27,2,09a9d073,9dad0f2e,3241e3fd,4,0,4,0,
West Indies,21,27,2,09a9d073,9dad0f2e,3241e3fd,0,0,0,0,
West Indies,22,27,2,09a9d073,9dad0f2e,3241e3fd,0,0,0,0,
West Indies,23,28,2,09a9d073,9dad0f2e,3241e3fd,0,1,1,0,
West Indies,24,28,3,09a9d073,9dad0f2e,3241e3fd,0,0,0,1,lbw
West Indies,25,28,3,3feda4fa,9dad0f2e,3241e3fd,0,0,0,0,
West Indies,26,29,3,3feda4fa,9dad0f2e,3241e3fd,0,1,1,0,
West Indies,27,29,3,3feda4fa,9dad0f2e,3241e3fd,0,0,0,0,
West Indies,28,29,3,3241e3fd,ef18b66e,3feda4fa,0,0,0,0,
West Indies,29,30,3,3241e3fd,ef18b66e,3feda4fa,1,0,1,0,
West Indies,30,30,3,3feda4fa,ef18b66e,3241e3fd,0,0,0,0,
West Indies,31,30,3,3feda4fa,ef18b66e,3241e3fd,0,0,0,0,
West Indies,32,32,3,3feda4fa,ef18b66e,3241e3fd,2,0,2,0,
West Indies,33,32,3,3feda4fa,ef18b66e,3241e3fd,0,0,0,0,
West Indies,34,32,3,3241e3fd,9dad0f2e,3feda4fa,0,0,0,0,
West Indies,35,32,3,3241e3fd,9dad0f2e,3feda4fa,0,0,0,0,
West Indies,36,32,3,3241e3fd,9dad0f2e,3feda4fa,0,0,0,0,
West Indies,37,32,3,3241e3fd,9dad0f2e,3feda4fa,0,0,0,0,
West Indies,38,32,4,3241e3fd,9dad0f2e,3feda4fa,0,0,0,1,caught
West Indies,39,32,4,650d5e49,9dad0f2e,3feda4fa,0,0,0,0,
West Indies,40,33,4,3feda4fa,0b0cc297,650d5e49,1,0,1,0,
West Indies,41,33,4,650d5e49,0b0cc297,3feda4fa,0,0,0,0,
West Indies,42,34,4,650d5e49,0b0cc297,3feda4fa,1,0,1,0,
West Indies,43,35,4,3feda4fa,0b0cc297,650d5e49,0,1,1,0,
West Indies,44,36,4,3feda4fa,0b0cc297,650d5e49,1,0,1,0,
West Indies,45,40,4,650d5e49,0b0cc297,3feda4fa,4,0,4,0,
West Indies,46,41,4,650d5e49,0b0cc297,3feda4fa,1,0,1,0,
West Indies,47,41,4,650d5e49,80ad39ac,3feda4fa,0,0,0,0,
West Indies,48,41,5,650d5e49,80ad39ac,3feda4fa,0,0,0,1,caught
West Indies,49,41,5,c5aef772,80ad39ac,3feda4fa,0,0,0,0,
West Indies,50,41,5,c5aef772,80ad39ac,3feda4fa,0,0,0,0,
West Indies,51,41,5,c5aef772,80ad39ac,3feda4fa,0,0,0,0,
West Indies,52,41,5,c5aef772,80ad39ac,3feda4fa,0,0,0,0,
West Indies,53,41,5,3feda4fa,0b0cc297,c5aef772,0,0,0,0,
West Indies,54,42,5,3feda4fa,0b0cc297,c5aef772,0,1,1,0,
West Indies,55,42,6,c5aef772,0b0cc297,3feda4fa,0,0,0,1,caught
West Indies,56,42,6,4d7f517e,0b0cc297,3feda4fa,0,0,0,0,
West Indies,57,42,6,4d7f517e,0b0cc297,3feda4fa,0,0,0,0,
West Indies,58,42,6,4d7f517e,0b0cc297,3feda4fa,0,0,0,0,
West Indies,59,42,6,3feda4fa,9dad0f2e,4d7f517e,0,0,0,0,
West Indies,60,42,6,3feda4fa,9dad0f2e,4d7f517e,0,0,0,0,
West Indies,61,43,6,3feda4fa,9dad0f2e,4d7f517e,1,0,1,0,
West Indies,62,43,6,4d7f517e,9dad0f2e,3feda4fa,0,0,0,0,
West Indies,63,43,6,4d7f517e,9dad0f2e,3feda4fa,0,0,0,0,
West Indies,64,44,6,4d7f517e,9dad0f2e,3feda4fa,1,0,1,0,
West Indies,65,44,6,4d7f517e,5935d694,3feda4fa,0,0,0,0,
West Indies,66,44,6,4d7f517e,5935d694,3feda4fa,0,0,0,0,
West Indies,67,44,6,4d7f517e,5935d694,3feda4fa,0,0,0,0,
West Indies,68,45,6,4d7f517e,5935d694,3feda4fa,1,0,1,0,
West Indies,69,46,6,3feda4fa,5935d694,4d7f517e,1,0,1,0,
West Indies,70,47,6,4d7f517e,5935d694,3feda4fa,1,0,1,0,
West Indies,71,48,6,4d7f517e,c58b0108,3feda4fa,1,0,1,0,
West Indies,72,49,6,3feda4fa,c58b0108,4d7f517e,1,0,1,0,
West Indies,73,50,6,4d7f517e,c58b0108,3feda4fa,1,0,1,0,
West Indies,74,54,6,3feda4fa,c58b0108,4d7f517e,4,0,4,0,
West Indies,75,54,6,3feda4fa,c58b0108,4d7f517e,0,0,0,0,
West Indies,76,55,6,3feda4fa,c58b0108,4d7f517e,1,0,1,0,
West Indies,77,55,6,3feda4fa,5935d694,4d7f517e,0,0,0,0,
West Indies,78,55,6,3feda4fa,5935d694,4d7f517e,0,0,0,0,
West Indies,79,56,6,3feda4fa,5935d694,4d7f517e,1,0,1,0,
West Indies,80,57,6,4d7f517e,5935d694,3feda4fa,1,0,1,0,
West Indies,81,57,6,3feda4fa,5935d694,4d7f517e,0,0,0,0,
West Indies,82,57,6,3feda4fa,5935d694,4d7f517e,0,0,0,0,
West Indies,83,57,6,4d7f517e,0b0cc297,3feda4fa,0,0,0,0,
West Indies,84,58,6,4d7f517e,0b0cc297,3feda4fa,1,0,1,0,
West Indies,85,59,6,3feda4fa,0b0cc297,4d7f517e,1,0,1,0,
West Indies,86,60,6,4d7f517e,0b0cc297,3feda4fa,1,0,1,0,
West Indies,87,60,6,3feda4fa,0b0cc297,4d7f517e,0,0,0,0,
West Indies,88,61,6,3feda4fa,0b0cc297,4d7f517e,1,0,1,0,
West Indies,89,62,6,3feda4fa,ef18b66e,4d7f517e,1,0,1,0,
West Indies,90,63,6,4d7f517e,ef18b66e,3feda4fa,1,0,1,0,
West Indies,91,64,6,3feda4fa,ef18b66e,4d7f517e,1,0,1,0,
West Indies,92,64,6,4d7f517e,ef18b66e,3feda4fa,0,0,0,0,
West Indies,93,65,6,4d7f517e,ef18b66e,3feda4fa,1,0,1,0,
West Indies,94,66,6,3feda4fa,ef18b66e,4d7f517e,1,0,1,0,
West Indies,95,72,6,3feda4fa,80ad39ac,4d7f517e,6,0,6,0,
West Indies,96,78,6,3feda4fa,80ad39ac,4d7f517e,6,0,6,0,
West Indies,97,79,6,3feda4fa,80ad39ac,4d7f517e,1,0,1,0,
West Indies,98,80,6,4d7f517e,80ad39ac,3feda4fa,1,0,1,0,
West Indies,99,81,6,3feda4fa,80ad39ac,4d7f517e,1,0,1,0,
West Indies,100,82,6,4d7f517e,80ad39ac,3feda4fa,1,0,1,0,
West Indies,101,82,6,4d7f517e,5935d694,3feda4fa,0,0,0,0,
West Indies,102,88,6,4d7f517e,5935d694,3feda4fa,6,0,6,0,
West Indies,103,89,6,4d7f517e,5935d694,3feda4fa,1,0,1,0,
West Indies,104,89,7,3feda4fa,5935d694,4d7f517e,0,0,0,1,bowled
West Indies,105,89,8,97bdec3d,5935d694,4d7f517e,0,0,0,1,caught
West Indies,106,89,8,b0946605,5935d694,4d7f517e,0,0,0,0,
West Indies,107,90,8,4d7f517e,0b0cc297,b0946605,1,0,1,0,
West Indies,108,90,9,b0946605,0b0cc297,4d7f517e,0,0,0,1,caught and bowled
West Indies,109,90,9,529eb9e0,0b0cc297,4d7f517e,0,0,0,0,
West Indies,110,91,9,529eb9e0,0b0cc297,4d7f517e,1,0,1,0,
West Indies,111,97,9,4d7f517e,0b0cc297,529eb9e0,6,0,6,0,
West Indies,112,98,9,4d7f517e,0b0cc297,529eb9e0,1,0,1,0,
West Indies,113,100,9,4d7f517e,ef18b66e,529eb9e0,2,0,2,0,
West Indies,114,102,9,4d7f517e,ef18b66e,529eb9e0,2,0,2,0,
West Indies,115,102,10,4d7f517e,ef18b66e,529eb9e0,0,0,0,1,caught
