batting_team,ball_number,total_team_runs,total_team_wickets,striker_ID,bowler_ID,nonstriker_ID,batter_runs,extras_runs,total_delivery_runs,wicket,wicket_type
Czech Republic,1,4,0,e5464794,251eb801,ff2b190e,4,0,4,0,
Czech Republic,2,8,0,e5464794,251eb801,ff2b190e,4,0,4,0,
Czech Republic,3,8,0,e5464794,251eb801,ff2b190e,0,0,0,0,
Czech Republic,4,12,0,e5464794,251eb801,ff2b190e,4,0,4,0,
Czech Republic,5,16,0,e5464794,251eb801,ff2b190e,4,0,4,0,
Czech Republic,6,20,0,e5464794,251eb801,ff2b190e,4,0,4,0,
Czech Republic,7,21,0,ff2b190e,e18e9598,e5464794,1,0,1,0,
Czech Republic,8,23,0,e5464794,e18e9598,ff2b190e,1,1,2,0,
Czech Republic,9,25,0,ff2b190e,e18e9598,e5464794,2,0,2,0,
Czech Republic,10,25,0,ff2b190e,e18e9598,e5464794,0,0,0,0,
Czech Republic,11,27,0,ff2b190e,e18e9598,e5464794,2,0,2,0,
Czech Republic,12,29,0,ff2b190e,e18e9598,e5464794,2,0,2,0,
Czech Republic,13,29,0,ff2b190e,e18e9598,e5464794,0,0,0,0,
Czech Republic,14,33,0,e5464794,4289ccc9,ff2b190e,4,0,4,0,
Czech Republic,15,36,0,e5464794,4289ccc9,ff2b190e,3,0,3,0,
Czech Republic,16,36,0,ff2b190e,4289ccc9,e5464794,0,0,0,0,
Czech Republic,17,38,0,ff2b190e,4289ccc9,e5464794,2,0,2,0,
Czech Republic,18,39,0,ff2b190e,4289ccc9,e5464794,0,1,1,0,
Czech Republic,19,40,0,ff2b190e,4289ccc9,e5464794,0,1,1,0,
Czech Republic,20,40,0,ff2b190e,4289ccc9,e5464794,0,0,0,0,
Czech Republic,21,41,0,ff2b190e,4289ccc9,e5464794,1,0,1,0,
Czech Republic,22,41,0,ff2b190e,e18e9598,e5464794,0,0,0,0,
Czech Republic,23,41,0,ff2b190e,e18e9598,e5464794,0,0,0,0,
Czech Republic,24,42,0,ff2b190e,e18e9598,e5464794,1,0,1,0,
Czech Republic,25,46,0,e5464794,e18e9598,ff2b190e,4,0,4,0,
Czech Republic,26,47,0,e5464794,e18e9598,ff2b190e,1,0,1,0,
Czech Republic,27,51,0,ff2b190e,e18e9598,e5464794,4,0,4,0,
Czech Republic,28,51,0,e5464794,4289ccc9,ff2b190e,0,0,0,0,
Czech Republic,29,55,0,e5464794,4289ccc9,ff2b190e,4,0,4,0,
Czech Republic,30,56,0,e5464794,4289ccc9,ff2b190e,1,0,1,0,
Czech Republic,31,58,0,ff2b190e,4289ccc9,e5464794,2,0,2,0,
Czech Republic,32,60,0,ff2b190e,4289ccc9,e5464794,0,2,2,0,
Czech Republic,33,61,0,e5464794,4289ccc9,ff2b190e,1,0,1,0,
Czech Republic,34,62,0,ff2b190e,4289ccc9,e5464794,0,1,1,0,
Czech Republic,35,62,0,ff2b190e,4289ccc9,e5464794,0,0,0,0,
Czech Republic,36,62,0,e5464794,67ae5a56,ff2b190e,0,0,0,0,
Czech Republic,37,62,0,e5464794,67ae5a56,ff2b190e,0,0,0,0,
Czech Republic,38,62,0,e5464794,67ae5a56,ff2b190e,0,0,0,0,
Czech Republic,39,62,0,e5464794,67ae5a56,ff2b190e,0,0,0,0,
Czech Republic,40,62,1,e5464794,67ae5a56,ff2b190e,0,0,0,1,run out
Czech Republic,41,62,1,e5464794,67ae5a56,6de51a8e,0,0,0,0,
Czech Republic,42,63,1,6de51a8e,db218528,e5464794,1,0,1,0,
Czech Republic,43,63,1,e5464794,db218528,6de51a8e,0,0,0,0,
Czech Republic,44,64,1,e5464794,db218528,6de51a8e,1,0,1,0,
Czech Republic,45,65,1,6de51a8e,db218528,e5464794,1,0,1,0,
Czech Republic,46,67,1,e5464794,db218528,6de51a8e,2,0,2,0,
Czech Republic,47,68,1,e5464794,db218528,6de51a8e,1,0,1,0,
Czech Republic,48,69,1,e5464794,67ae5a56,6de51a8e,1,0,1,0,
Czech Republic,49,70,1,6de51a8e,67ae5a56,e5464794,1,0,1,0,
Czech Republic,50,71,1,e5464794,67ae5a56,6de51a8e,1,0,1,0,
Czech Republic,51,71,1,6de51a8e,67ae5a56,e5464794,0,0,0,0,
Czech Republic,52,72,1,6de51a8e,67ae5a56,e5464794,1,0,1,0,
Czech Republic,53,72,1,e5464794,67ae5a56,6de51a8e,0,0,0,0,
Czech Republic,54,73,1,6de51a8e,db218528,e5464794,1,0,1,0,
Czech Republic,55,73,1,e5464794,db218528,6de51a8e,0,0,0,0,
Czech Republic,56,74,1,e5464794,db218528,6de51a8e,1,0,1,0,
Czech Republic,57,74,1,6de51a8e,db218528,e5464794,0,0,0,0,
Czech Republic,58,78,1,6de51a8e,db218528,e5464794,4,0,4,0,
Czech Republic,59,78,1,6de51a8e,db218528,e5464794,0,0,0,0,
Czech Republic,60,79,1,e5464794,67ae5a56,6de51a8e,1,0,1,0,
Czech Republic,61,79,1,6de51a8e,67ae5a56,e5464794,0,0,0,0,
Czech Republic,62,81,1,6de51a8e,67ae5a56,e5464794,0,2,2,0,
Czech Republic,63,82,1,e5464794,67ae5a56,6de51a8e,1,0,1,0,
Czech Republic,64,82,1,6de51a8e,67ae5a56,e5464794,0,0,0,0,
Czech Republic,65,82,1,6de51a8e,67ae5a56,e5464794,0,0,0,0,
Czech Republic,66,83,1,6de51a8e,67ae5a56,e5464794,1,0,1,0,
Czech Republic,67,84,1,6de51a8e,4612619b,e5464794,0,1,1,0,
Czech Republic,68,85,1,6de51a8e,4612619b,e5464794,1,0,1,0,
Czech Republic,69,86,1,e5464794,4612619b,6de51a8e,1,0,1,0,
Czech Republic,70,86,1,6de51a8e,4612619b,e5464794,0,0,0,0,
Czech Republic,71,87,1,6de51a8e,4612619b,e5464794,1,0,1,0,
Czech Republic,72,88,1,e5464794,4612619b,6de51a8e,1,0,1,0,
Czech Republic,73,88,1,6de51a8e,4612619b,e5464794,0,0,0,0,
Czech Republic,74,89,1,e5464794,67ae5a56,6de51a8e,1,0,1,0,
Czech Republic,75,89,1,6de51a8e,67ae5a56,e5464794,0,0,0,0,
Czech Republic,76,89,1,6de51a8e,67ae5a56,e5464794,0,0,0,0,
Czech Republic,77,90,1,6de51a8e,67ae5a56,e5464794,1,0,1,0,
Czech Republic,78,91,1,e5464794,67ae5a56,6de51a8e,1,0,1,0,
Czech Republic,79,95,1,6de51a8e,67ae5a56,e5464794,0,4,4,0,
Czech Republic,80,96,1,e5464794,4612619b,6de51a8e,1,0,1,0,
Czech Republic,81,97,1,6de51a8e,4612619b,e5464794,1,0,1,0,
Czech Republic,82,101,1,e5464794,4612619b,6de51a8e,4,0,4,0,
Czech Republic,83,101,1,e5464794,4612619b,6de51a8e,0,0,0,0,
Czech Republic,84,102,1,e5464794,4612619b,6de51a8e,1,0,1,0,
Czech Republic,85,102,1,6de51a8e,4612619b,e5464794,0,0,0,0,
Czech Republic,86,103,1,e5464794,2b8123ff,6de51a8e,1,0,1,0,
Czech Republic,87,104,1,6de51a8e,2b8123ff,e5464794,1,0,1,0,
Czech Republic,88,104,2,e5464794,2b8123ff,6de51a8e,0,0,0,1,caught
Czech Republic,89,104,2,e8d1c172,2b8123ff,6de51a8e,0,0,0,0,
Czech Republic,90,104,2,e8d1c172,2b8123ff,6de51a8e,0,0,0,0,
Czech Republic,91,104,2,e8d1c172,2b8123ff,6de51a8e,0,0,0,0,
Czech Republic,92,110,2,6de51a8e,4612619b,e8d1c172,6,0,6,0,
Czech Republic,93,110,2,6de51a8e,4612619b,e8d1c172,0,0,0,0,
Czech Republic,94,110,2,6de51a8e,4612619b,e8d1c172,0,0,0,0,
Czech Republic,95,111,2,6de51a8e,4612619b,e8d1c172,1,0,1,0,
Czech Republic,96,111,3,e8d1c172,4612619b,6de51a8e,0,0,0,1,bowled
Czech Republic,97,111,3,c2a6e61f,4612619b,6de51a8e,0,0,0,0,
Czech Republic,98,115,3,6de51a8e,2b8123ff,c2a6e61f,4,0,4,0,
Czech Republic,99,116,3,6de51a8e,2b8123ff,c2a6e61f,1,0,1,0,
Czech Republic,100,116,3,c2a6e61f,2b8123ff,6de51a8e,0,0,0,0,
Czech Republic,101,116,4,c2a6e61f,2b8123ff,6de51a8e,0,0,0,1,run out
Czech Republic,102,117,4,6de51a8e,2b8123ff,7f122e0b,0,1,1,0,
Czech Republic,103,118,4,6de51a8e,2b8123ff,7f122e0b,1,0,1,0,
Czech Republic,104,119,4,7f122e0b,52062ed6,6de51a8e,1,0,1,0,
Czech Republic,105,119,4,7f122e0b,4612619b,6de51a8e,0,0,0,0,
Czech Republic,106,120,4,7f122e0b,4612619b,6de51a8e,1,0,1,0,
Czech Republic,107,120,4,6de51a8e,4612619b,7f122e0b,0,0,0,0,
Czech Republic,108,122,4,6de51a8e,4612619b,7f122e0b,2,0,2,0,
Czech Republic,109,128,4,6de51a8e,4612619b,7f122e0b,6,0,6,0,
Czech Republic,110,128,4,6de51a8e,4612619b,7f122e0b,0,0,0,0,
Czech Republic,111,132,4,7f122e0b,edc950ce,6de51a8e,4,0,4,0,
Czech Republic,112,133,4,7f122e0b,edc950ce,6de51a8e,0,1,1,0,
Czech Republic,113,133,4,6de51a8e,edc950ce,7f122e0b,0,0,0,0,
Czech Republic,114,134,4,6de51a8e,edc950ce,7f122e0b,1,0,1,0,
Czech Republic,115,134,5,7f122e0b,edc950ce,6de51a8e,0,0,0,1,bowled
Czech Republic,116,135,5,e82543d5,edc950ce,6de51a8e,1,0,1,0,
Czech Republic,117,135,5,e82543d5,db218528,6de51a8e,0,0,0,0,
Czech Republic,118,136,5,e82543d5,db218528,6de51a8e,1,0,1,0,
Czech Republic,119,136,6,6de51a8e,db218528,e82543d5,0,0,0,1,caught
Czech Republic,120,137,6,3cc13c68,db218528,e82543d5,1,0,1,0,
Czech Republic,121,137,6,e82543d5,db218528,3cc13c68,0,0,0,0,
Czech Republic,122,141,6,e82543d5,db218528,3cc13c68,4,0,4,0,
Czech Republic,123,142,6,3cc13c68,edc950ce,e82543d5,1,0,1,0,
Czech Republic,124,144,6,e82543d5,edc950ce,3cc13c68,2,0,2,0,
Czech Republic,125,146,6,e82543d5,edc950ce,3cc13c68,2,0,2,0,
Czech Republic,126,146,6,e82543d5,edc950ce,3cc13c68,0,0,0,0,
Czech Republic,127,151,6,e82543d5,edc950ce,3cc13c68,0,5,5,0,
Czech Republic,128,155,6,e82543d5,edc950ce,3cc13c68,4,0,4,0,
Czech Republic,129,159,6,e82543d5,edc950ce,3cc13c68,4,0,4,0,
Greece,1,1,0,edc950ce,3cc13c68,db218528,1,0,1,0,
Greece,2,2,0,db218528,3cc13c68,edc950ce,0,1,1,0,
Greece,3,6,0,db218528,3cc13c68,edc950ce,4,0,4,0,
Greece,4,6,0,db218528,3cc13c68,edc950ce,0,0,0,0,
Greece,5,6,0,db218528,3cc13c68,edc950ce,0,0,0,0,
Greece,6,6,1,db218528,3cc13c68,edc950ce,0,0,0,1,caught
Greece,7,6,1,4612619b,3cc13c68,edc950ce,0,0,0,0,
Greece,8,7,1,edc950ce,24c1844e,4612619b,1,0,1,0,
Greece,9,11,1,4612619b,24c1844e,edc950ce,4,0,4,0,
Greece,10,12,1,4612619b,24c1844e,edc950ce,1,0,1,0,
Greece,11,12,1,edc950ce,24c1844e,4612619b,0,0,0,0,
Greece,12,12,1,edc950ce,24c1844e,4612619b,0,0,0,0,
Greece,13,12,1,edc950ce,24c1844e,4612619b,0,0,0,0,
Greece,14,12,1,4612619b,3cc13c68,edc950ce,0,0,0,0,
Greece,15,16,1,4612619b,3cc13c68,edc950ce,4,0,4,0,
Greece,16,17,1,4612619b,3cc13c68,edc950ce,1,0,1,0,
Greece,17,18,2,edc950ce,3cc13c68,4612619b,1,0,1,1,run out
Greece,18,18,2,4289ccc9,3cc13c68,4612619b,0,0,0,0,
Greece,19,18,2,4289ccc9,3cc13c68,4612619b,0,0,0,0,
Greece,20,19,2,4612619b,24c1844e,4289ccc9,0,1,1,0,
Greece,21,19,2,4612619b,24c1844e,4289ccc9,0,0,0,0,
Greece,22,23,2,4612619b,24c1844e,4289ccc9,4,0,4,0,
Greece,23,23,2,4612619b,24c1844e,4289ccc9,0,0,0,0,
Greece,24,27,2,4612619b,24c1844e,4289ccc9,4,0,4,0,
Greece,25,27,2,4612619b,24c1844e,4289ccc9,0,0,0,0,
Greece,26,31,2,4612619b,24c1844e,4289ccc9,4,0,4,0,
Greece,27,31,2,4289ccc9,3cc13c68,4612619b,0,0,0,0,
Greece,28,31,2,4289ccc9,3cc13c68,4612619b,0,0,0,0,
Greece,29,31,2,4289ccc9,3cc13c68,4612619b,0,0,0,0,
Greece,30,31,3,4289ccc9,3cc13c68,4612619b,0,0,0,1,caught
Greece,31,31,3,67ae5a56,3cc13c68,4612619b,0,0,0,0,
Greece,32,32,3,67ae5a56,3cc13c68,4612619b,1,0,1,0,
Greece,33,33,3,67ae5a56,24c1844e,4612619b,1,0,1,0,
Greece,34,34,3,4612619b,24c1844e,67ae5a56,0,1,1,0,
Greece,35,35,3,4612619b,24c1844e,67ae5a56,1,0,1,0,
Greece,36,36,3,67ae5a56,24c1844e,4612619b,0,1,1,0,
Greece,37,40,3,67ae5a56,24c1844e,4612619b,4,0,4,0,
Greece,38,41,3,67ae5a56,24c1844e,4612619b,1,0,1,0,
Greece,39,43,3,4612619b,24c1844e,67ae5a56,1,1,2,0,
Greece,40,47,3,67ae5a56,24c1844e,4612619b,4,0,4,0,
Greece,41,47,3,67ae5a56,24c1844e,4612619b,0,0,0,0,
Greece,42,48,3,4612619b,3cc13c68,67ae5a56,1,0,1,0,
Greece,43,48,3,67ae5a56,3cc13c68,4612619b,0,0,0,0,
Greece,44,48,3,67ae5a56,3cc13c68,4612619b,0,0,0,0,
Greece,45,49,3,67ae5a56,3cc13c68,4612619b,1,0,1,0,
Greece,46,49,3,4612619b,3cc13c68,67ae5a56,0,0,0,0,
Greece,47,50,3,4612619b,3cc13c68,67ae5a56,1,0,1,0,
Greece,48,51,3,4612619b,e82543d5,67ae5a56,1,0,1,0,
Greece,49,52,3,67ae5a56,e82543d5,4612619b,1,0,1,0,
Greece,50,52,3,4612619b,e82543d5,67ae5a56,0,0,0,0,
Greece,51,53,3,4612619b,e82543d5,67ae5a56,1,0,1,0,
Greece,52,55,3,67ae5a56,e82543d5,4612619b,2,0,2,0,
Greece,53,55,3,67ae5a56,e82543d5,4612619b,0,0,0,0,
Greece,54,55,3,4612619b,87609cbb,67ae5a56,0,0,0,0,
Greece,55,55,3,4612619b,87609cbb,67ae5a56,0,0,0,0,
Greece,56,56,3,4612619b,87609cbb,67ae5a56,1,0,1,0,
Greece,57,56,3,67ae5a56,87609cbb,4612619b,0,0,0,0,
Greece,58,56,3,67ae5a56,87609cbb,4612619b,0,0,0,0,
Greece,59,56,3,67ae5a56,87609cbb,4612619b,0,0,0,0,
Greece,60,56,3,4612619b,e82543d5,67ae5a56,0,0,0,0,
Greece,61,56,4,4612619b,e82543d5,67ae5a56,0,0,0,1,caught
Greece,62,57,4,251eb801,e82543d5,67ae5a56,1,0,1,0,
Greece,63,59,4,67ae5a56,e82543d5,251eb801,2,0,2,0,
Greece,64,59,4,67ae5a56,e82543d5,251eb801,0,0,0,0,
Greece,65,59,4,67ae5a56,e82543d5,251eb801,0,0,0,0,
Greece,66,60,4,251eb801,87609cbb,67ae5a56,1,0,1,0,
Greece,67,63,4,67ae5a56,87609cbb,251eb801,3,0,3,0,
Greece,68,64,4,251eb801,87609cbb,67ae5a56,1,0,1,0,
Greece,69,64,4,67ae5a56,87609cbb,251eb801,0,0,0,0,
Greece,70,64,4,67ae5a56,87609cbb,251eb801,0,0,0,0,
Greece,71,64,4,67ae5a56,87609cbb,251eb801,0,0,0,0,
Greece,72,66,4,251eb801,e82543d5,67ae5a56,2,0,2,0,
Greece,73,68,4,251eb801,e82543d5,67ae5a56,2,0,2,0,
Greece,74,69,4,251eb801,e82543d5,67ae5a56,1,0,1,0,
Greece,75,69,5,67ae5a56,e82543d5,251eb801,0,0,0,1,stumped
Greece,76,70,5,e87c009a,e82543d5,251eb801,1,0,1,0,
Greece,77,70,5,251eb801,e82543d5,e87c009a,0,0,0,0,
Greece,78,71,5,e87c009a,87609cbb,251eb801,1,0,1,0,
Greece,79,71,6,251eb801,87609cbb,e87c009a,0,0,0,1,caught
Greece,80,71,6,52062ed6,87609cbb,e87c009a,0,0,0,0,
Greece,81,72,6,52062ed6,87609cbb,e87c009a,1,0,1,0,
Greece,82,72,6,e87c009a,87609cbb,52062ed6,0,0,0,0,
Greece,83,72,6,e87c009a,87609cbb,52062ed6,0,0,0,0,
Greece,84,73,6,52062ed6,e82543d5,e87c009a,1,0,1,0,
Greece,85,74,6,e87c009a,e82543d5,52062ed6,1,0,1,0,
Greece,86,74,6,52062ed6,e82543d5,e87c009a,0,0,0,0,
Greece,87,75,6,52062ed6,e82543d5,e87c009a,0,1,1,0,
Greece,88,75,7,52062ed6,e82543d5,e87c009a,0,0,0,1,lbw
Greece,89,77,7,e18e9598,e82543d5,e87c009a,2,0,2,0,
Greece,90,77,8,e18e9598,e82543d5,e87c009a,0,0,0,1,caught
Greece,91,79,8,e87c009a,87609cbb,495ded1c,2,0,2,0,
Greece,92,80,8,e87c009a,87609cbb,495ded1c,1,0,1,0,
Greece,93,81,8,495ded1c,87609cbb,e87c009a,1,0,1,0,
Greece,94,81,8,e87c009a,87609cbb,495ded1c,0,0,0,0,
Greece,95,82,8,e87c009a,87609cbb,495ded1c,1,0,1,0,
Greece,96,83,8,495ded1c,87609cbb,e87c009a,0,1,1,0,
Greece,97,83,8,495ded1c,f7cb7c3a,e87c009a,0,0,0,0,
Greece,98,83,8,495ded1c,f7cb7c3a,e87c009a,0,0,0,0,
Greece,99,83,8,495ded1c,f7cb7c3a,e87c009a,0,0,0,0,
Greece,100,83,8,495ded1c,f7cb7c3a,e87c009a,0,0,0,0,
Greece,101,83,8,495ded1c,f7cb7c3a,e87c009a,0,0,0,0,
Greece,102,83,8,495ded1c,f7cb7c3a,e87c009a,0,0,0,0,
Greece,103,83,8,e87c009a,e5464794,495ded1c,0,0,0,0,
Greece,104,84,8,e87c009a,e5464794,495ded1c,1,0,1,0,
Greece,105,84,8,495ded1c,e5464794,e87c009a,0,0,0,0,
Greece,106,84,9,495ded1c,e5464794,e87c009a,0,0,0,1,lbw
