batting_team,ball_number,total_team_runs,total_team_wickets,striker_ID,bowler_ID,nonstriker_ID,batter_runs,extras_runs,total_delivery_runs,wicket,wicket_type
Bahamas,1,0,0,92075cdc,420431c9,de6b3760,0,0,0,0,
Bahamas,2,1,0,92075cdc,420431c9,de6b3760,0,1,1,0,
Bahamas,3,1,1,92075cdc,420431c9,de6b3760,0,0,0,1,bowled
Bahamas,4,1,1,b7873c81,420431c9,de6b3760,0,0,0,0,
Bahamas,5,2,1,b7873c81,420431c9,de6b3760,0,1,1,0,
Bahamas,6,2,1,b7873c81,420431c9,de6b3760,0,0,0,0,
Bahamas,7,6,1,b7873c81,420431c9,de6b3760,4,0,4,0,
Bahamas,8,6,1,b7873c81,420431c9,de6b3760,0,0,0,0,
Bahamas,9,6,1,de6b3760,e93b6c95,b7873c81,0,0,0,0,
Bahamas,10,7,1,de6b3760,e93b6c95,b7873c81,1,0,1,0,
Bahamas,11,7,1,b7873c81,e93b6c95,de6b3760,0,0,0,0,
Bahamas,12,7,1,b7873c81,e93b6c95,de6b3760,0,0,0,0,
Bahamas,13,8,1,b7873c81,e93b6c95,de6b3760,1,0,1,0,
Bahamas,14,12,1,de6b3760,e93b6c95,b7873c81,4,0,4,0,
Bahamas,15,12,1,b7873c81,420431c9,de6b3760,0,0,0,0,
Bahamas,16,14,1,b7873c81,420431c9,de6b3760,2,0,2,0,
Bahamas,17,17,1,b7873c81,420431c9,de6b3760,3,0,3,0,
Bahamas,18,17,1,de6b3760,420431c9,b7873c81,0,0,0,0,
Bahamas,19,21,1,de6b3760,420431c9,b7873c81,4,0,4,0,
Bahamas,20,21,1,de6b3760,420431c9,b7873c81,0,0,0,0,
Bahamas,21,21,1,b7873c81,e93b6c95,de6b3760,0,0,0,0,
Bahamas,22,21,1,b7873c81,e93b6c95,de6b3760,0,0,0,0,
Bahamas,23,22,1,b7873c81,e93b6c95,de6b3760,1,0,1,0,
Bahamas,24,22,1,de6b3760,e93b6c95,b7873c81,0,0,0,0,
Bahamas,25,22,1,de6b3760,e93b6c95,b7873c81,0,0,0,0,
Bahamas,26,24,1,de6b3760,e93b6c95,b7873c81,2,0,2,0,
Bahamas,27,24,1,b7873c81,2fff8b43,de6b3760,0,0,0,0,
Bahamas,28,24,1,b7873c81,2fff8b43,de6b3760,0,0,0,0,
Bahamas,29,25,1,b7873c81,2fff8b43,de6b3760,1,0,1,0,
Bahamas,30,29,1,de6b3760,2fff8b43,b7873c81,4,0,4,0,
Bahamas,31,29,1,de6b3760,2fff8b43,b7873c81,0,0,0,0,
Bahamas,32,30,1,de6b3760,2fff8b43,b7873c81,1,0,1,0,
Bahamas,33,31,1,de6b3760,990f1424,b7873c81,1,0,1,0,
Bahamas,34,31,1,b7873c81,990f1424,de6b3760,0,0,0,0,
Bahamas,35,32,1,b7873c81,990f1424,de6b3760,1,0,1,0,
Bahamas,36,32,1,de6b3760,990f1424,b7873c81,0,0,0,0,
Bahamas,37,33,1,de6b3760,990f1424,b7873c81,1,0,1,0,
Bahamas,38,33,1,b7873c81,990f1424,de6b3760,0,0,0,0,
Bahamas,39,37,1,de6b3760,2fff8b43,b7873c81,4,0,4,0,
Bahamas,40,38,1,de6b3760,2fff8b43,b7873c81,0,1,1,0,
Bahamas,41,42,1,b7873c81,2fff8b43,de6b3760,4,0,4,0,
Bahamas,42,43,1,b7873c81,2fff8b43,de6b3760,1,0,1,0,
Bahamas,43,45,1,de6b3760,2fff8b43,b7873c81,2,0,2,0,
Bahamas,44,46,1,de6b3760,2fff8b43,b7873c81,1,0,1,0,
Bahamas,45,46,2,de6b3760,990f1424,b7873c81,0,0,0,1,caught
Bahamas,46,46,3,ce1abd25,990f1424,b7873c81,0,0,0,1,caught
Bahamas,47,46,3,a268c07b,990f1424,b7873c81,0,0,0,0,
Bahamas,48,52,3,a268c07b,990f1424,b7873c81,6,0,6,0,
Bahamas,49,52,3,a268c07b,990f1424,b7873c81,0,0,0,0,
Bahamas,50,53,3,a268c07b,990f1424,b7873c81,1,0,1,0,
Bahamas,51,53,3,a268c07b,f4f892a3,b7873c81,0,0,0,0,
Bahamas,52,53,3,a268c07b,f4f892a3,b7873c81,0,0,0,0,
Bahamas,53,53,3,a268c07b,f4f892a3,b7873c81,0,0,0,0,
Bahamas,54,53,3,a268c07b,f4f892a3,b7873c81,0,0,0,0,
Bahamas,55,56,3,a268c07b,f4f892a3,b7873c81,0,3,3,0,
Bahamas,56,56,3,a268c07b,f4f892a3,b7873c81,0,0,0,0,
Bahamas,57,56,3,a268c07b,f4f892a3,b7873c81,0,0,0,0,
Bahamas,58,56,3,b7873c81,990f1424,a268c07b,0,0,0,0,
Bahamas,59,57,3,b7873c81,990f1424,a268c07b,1,0,1,0,
Bahamas,60,58,3,a268c07b,990f1424,b7873c81,0,1,1,0,
Bahamas,61,62,3,b7873c81,990f1424,a268c07b,4,0,4,0,
Bahamas,62,63,3,b7873c81,990f1424,a268c07b,1,0,1,0,
Bahamas,63,63,3,a268c07b,990f1424,b7873c81,0,0,0,0,
Bahamas,64,64,3,b7873c81,f4f892a3,a268c07b,1,0,1,0,
Bahamas,65,64,3,a268c07b,f4f892a3,b7873c81,0,0,0,0,
Bahamas,66,68,3,a268c07b,f4f892a3,b7873c81,4,0,4,0,
Bahamas,67,69,3,a268c07b,f4f892a3,b7873c81,1,0,1,0,
Bahamas,68,69,3,b7873c81,f4f892a3,a268c07b,0,0,0,0,
Bahamas,69,69,3,b7873c81,f4f892a3,a268c07b,0,0,0,0,
Bahamas,70,69,3,a268c07b,990f1424,b7873c81,0,0,0,0,
Bahamas,71,75,3,a268c07b,990f1424,b7873c81,6,0,6,0,
Bahamas,72,76,3,a268c07b,990f1424,b7873c81,1,0,1,0,
Bahamas,73,77,3,b7873c81,990f1424,a268c07b,1,0,1,0,
Bahamas,74,78,3,a268c07b,990f1424,b7873c81,1,0,1,0,
Bahamas,75,79,3,b7873c81,990f1424,a268c07b,1,0,1,0,
Bahamas,76,79,3,b7873c81,f4f892a3,a268c07b,0,0,0,0,
Bahamas,77,79,3,b7873c81,f4f892a3,a268c07b,0,0,0,0,
Bahamas,78,79,3,b7873c81,f4f892a3,a268c07b,0,0,0,0,
Bahamas,79,80,3,b7873c81,f4f892a3,a268c07b,1,0,1,0,
Bahamas,80,80,3,a268c07b,f4f892a3,b7873c81,0,0,0,0,
Bahamas,81,80,3,a268c07b,f4f892a3,b7873c81,0,0,0,0,
Bahamas,82,80,3,b7873c81,2fff8b43,a268c07b,0,0,0,0,
Bahamas,83,80,3,b7873c81,2fff8b43,a268c07b,0,0,0,0,
Bahamas,84,82,3,b7873c81,2fff8b43,a268c07b,2,0,2,0,
Bahamas,85,83,3,b7873c81,2fff8b43,a268c07b,1,0,1,0,
Bahamas,86,83,3,a268c07b,2fff8b43,b7873c81,0,0,0,0,
Bahamas,87,83,3,a268c07b,2fff8b43,b7873c81,0,0,0,0,
Bahamas,88,83,4,b7873c81,f4f892a3,a268c07b,0,0,0,1,bowled
Bahamas,89,83,4,04539335,f4f892a3,a268c07b,0,0,0,0,
Bahamas,90,83,4,04539335,f4f892a3,a268c07b,0,0,0,0,
Bahamas,91,84,4,04539335,f4f892a3,a268c07b,0,1,1,0,
Bahamas,92,84,5,a268c07b,f4f892a3,04539335,0,0,0,1,caught and bowled
Bahamas,93,84,5,fd1041d2,f4f892a3,04539335,0,0,0,0,
Bahamas,94,85,5,04539335,2fff8b43,fd1041d2,0,1,1,0,
Bahamas,95,85,5,fd1041d2,2fff8b43,04539335,0,0,0,0,
Bahamas,96,86,5,fd1041d2,2fff8b43,04539335,0,1,1,0,
Bahamas,97,86,6,04539335,2fff8b43,fd1041d2,0,0,0,1,caught
Bahamas,98,86,6,224a9f5e,2fff8b43,fd1041d2,0,0,0,0,
Bahamas,99,86,6,224a9f5e,2fff8b43,fd1041d2,0,0,0,0,
Bahamas,100,87,6,fd1041d2,420431c9,224a9f5e,1,0,1,0,
Bahamas,101,87,6,224a9f5e,420431c9,fd1041d2,0,0,0,0,
Bahamas,102,88,6,224a9f5e,420431c9,fd1041d2,1,0,1,0,
Bahamas,103,88,7,fd1041d2,420431c9,224a9f5e,0,0,0,1,bowled
Bahamas,104,88,7,0b91b5d5,420431c9,224a9f5e,0,0,0,0,
Bahamas,105,90,7,0b91b5d5,420431c9,224a9f5e,2,0,2,0,
Bahamas,106,90,7,224a9f5e,e93b6c95,0b91b5d5,0,0,0,0,
Bahamas,107,90,8,224a9f5e,e93b6c95,0b91b5d5,0,0,0,1,lbw
Bahamas,108,91,8,c674f722,e93b6c95,0b91b5d5,1,0,1,0,
Bahamas,109,91,8,0b91b5d5,e93b6c95,c674f722,0,0,0,0,
Bahamas,110,92,8,0b91b5d5,e93b6c95,c674f722,1,0,1,0,
Bahamas,111,93,8,c674f722,e93b6c95,0b91b5d5,1,0,1,0,
Bahamas,112,94,8,c674f722,420431c9,0b91b5d5,1,0,1,0,
Bahamas,113,96,8,0b91b5d5,420431c9,c674f722,2,0,2,0,
Bahamas,114,96,8,0b91b5d5,420431c9,c674f722,0,0,0,0,
Bahamas,115,96,9,0b91b5d5,420431c9,c674f722,0,0,0,1,caught
Bahamas,116,96,9,bbafa5d6,420431c9,c674f722,0,0,0,0,
Bahamas,117,96,9,bbafa5d6,420431c9,c674f722,0,0,0,0,
Bahamas,118,97,9,c674f722,e93b6c95,bbafa5d6,1,0,1,0,
Bahamas,119,97,10,bbafa5d6,e93b6c95,c674f722,0,0,0,1,bowled
Suriname,1,0,0,8d913205,a268c07b,3eb2a27b,0,0,0,0,
Suriname,2,0,0,8d913205,a268c07b,3eb2a27b,0,0,0,0,
Suriname,3,0,1,8d913205,a268c07b,3eb2a27b,0,0,0,1,run out
Suriname,4,0,1,420431c9,a268c07b,3eb2a27b,0,0,0,0,
Suriname,5,0,1,420431c9,a268c07b,3eb2a27b,0,0,0,0,
Suriname,6,0,1,420431c9,a268c07b,3eb2a27b,0,0,0,0,
Suriname,7,0,1,3eb2a27b,92075cdc,420431c9,0,0,0,0,
Suriname,8,0,1,3eb2a27b,92075cdc,420431c9,0,0,0,0,
Suriname,9,1,1,3eb2a27b,92075cdc,420431c9,1,0,1,0,
Suriname,10,1,1,420431c9,92075cdc,3eb2a27b,0,0,0,0,
Suriname,11,2,1,420431c9,92075cdc,3eb2a27b,1,0,1,0,
Suriname,12,3,1,3eb2a27b,92075cdc,420431c9,1,0,1,0,
Suriname,13,3,1,3eb2a27b,a268c07b,420431c9,0,0,0,0,
Suriname,14,4,1,3eb2a27b,a268c07b,420431c9,0,1,1,0,
Suriname,15,4,1,3eb2a27b,a268c07b,420431c9,0,0,0,0,
Suriname,16,4,1,3eb2a27b,a268c07b,420431c9,0,0,0,0,
Suriname,17,4,2,3eb2a27b,a268c07b,420431c9,0,0,0,1,caught
Suriname,18,4,2,990f1424,a268c07b,420431c9,0,0,0,0,
Suriname,19,4,2,990f1424,a268c07b,420431c9,0,0,0,0,
Suriname,20,5,2,420431c9,92075cdc,990f1424,1,0,1,0,
Suriname,21,5,2,990f1424,92075cdc,420431c9,0,0,0,0,
Suriname,22,5,2,990f1424,92075cdc,420431c9,0,0,0,0,
Suriname,23,6,2,990f1424,92075cdc,420431c9,1,0,1,0,
Suriname,24,6,2,420431c9,92075cdc,990f1424,0,0,0,0,
Suriname,25,6,2,420431c9,92075cdc,990f1424,0,0,0,0,
Suriname,26,8,2,990f1424,224a9f5e,420431c9,2,0,2,0,
Suriname,27,8,2,990f1424,224a9f5e,420431c9,0,0,0,0,
Suriname,28,9,2,990f1424,224a9f5e,420431c9,1,0,1,0,
Suriname,29,9,2,420431c9,224a9f5e,990f1424,0,0,0,0,
Suriname,30,9,2,420431c9,224a9f5e,990f1424,0,0,0,0,
Suriname,31,9,2,420431c9,224a9f5e,990f1424,0,0,0,0,
Suriname,32,9,2,990f1424,92075cdc,420431c9,0,0,0,0,
Suriname,33,12,2,990f1424,92075cdc,420431c9,3,0,3,0,
Suriname,34,12,2,420431c9,92075cdc,990f1424,0,0,0,0,
Suriname,35,12,2,420431c9,92075cdc,990f1424,0,0,0,0,
Suriname,36,12,2,420431c9,92075cdc,990f1424,0,0,0,0,
Suriname,37,12,2,420431c9,92075cdc,990f1424,0,0,0,0,
Suriname,38,13,2,990f1424,224a9f5e,420431c9,0,1,1,0,
Suriname,39,13,2,990f1424,224a9f5e,420431c9,0,0,0,0,
Suriname,40,13,2,990f1424,224a9f5e,420431c9,0,0,0,0,
Suriname,41,13,2,990f1424,224a9f5e,420431c9,0,0,0,0,
Suriname,42,14,2,990f1424,224a9f5e,420431c9,1,0,1,0,
Suriname,43,14,2,420431c9,224a9f5e,990f1424,0,0,0,0,
Suriname,44,14,2,420431c9,224a9f5e,990f1424,0,0,0,0,
Suriname,45,15,2,990f1424,0b91b5d5,420431c9,1,0,1,0,
Suriname,46,16,2,420431c9,0b91b5d5,990f1424,1,0,1,0,
Suriname,47,16,2,990f1424,0b91b5d5,420431c9,0,0,0,0,
Suriname,48,17,2,990f1424,0b91b5d5,420431c9,1,0,1,0,
Suriname,49,17,2,420431c9,0b91b5d5,990f1424,0,0,0,0,
Suriname,50,17,2,420431c9,0b91b5d5,990f1424,0,0,0,0,
Suriname,51,17,3,990f1424,224a9f5e,420431c9,0,0,0,1,caught
Suriname,52,18,3,e93b6c95,224a9f5e,420431c9,1,0,1,0,
Suriname,53,19,3,420431c9,224a9f5e,e93b6c95,0,1,1,0,
Suriname,54,19,3,420431c9,224a9f5e,e93b6c95,0,0,0,0,
Suriname,55,19,3,420431c9,224a9f5e,e93b6c95,0,0,0,0,
Suriname,56,19,3,420431c9,224a9f5e,e93b6c95,0,0,0,0,
Suriname,57,23,3,420431c9,224a9f5e,e93b6c95,4,0,4,0,
Suriname,58,25,3,e93b6c95,0b91b5d5,420431c9,2,0,2,0,
Suriname,59,25,3,e93b6c95,0b91b5d5,420431c9,0,0,0,0,
Suriname,60,25,4,e93b6c95,0b91b5d5,420431c9,0,0,0,1,caught
Suriname,61,25,4,f4f892a3,0b91b5d5,420431c9,0,0,0,0,
Suriname,62,25,4,f4f892a3,0b91b5d5,420431c9,0,0,0,0,
Suriname,63,26,4,f4f892a3,0b91b5d5,420431c9,1,0,1,0,
Suriname,64,32,4,f4f892a3,224a9f5e,420431c9,6,0,6,0,
Suriname,65,32,4,f4f892a3,224a9f5e,420431c9,0,0,0,0,
Suriname,66,36,4,f4f892a3,224a9f5e,420431c9,4,0,4,0,
Suriname,67,37,4,f4f892a3,224a9f5e,420431c9,1,0,1,0,
Suriname,68,37,4,420431c9,224a9f5e,f4f892a3,0,0,0,0,
Suriname,69,37,5,420431c9,224a9f5e,f4f892a3,0,0,0,1,caught
Suriname,70,39,5,f4f892a3,0b91b5d5,e05dd44b,2,0,2,0,
Suriname,71,41,5,f4f892a3,0b91b5d5,e05dd44b,2,0,2,0,
Suriname,72,45,5,f4f892a3,0b91b5d5,e05dd44b,4,0,4,0,
Suriname,73,45,6,f4f892a3,0b91b5d5,e05dd44b,0,0,0,1,lbw
Suriname,74,45,6,2fff8b43,0b91b5d5,e05dd44b,0,0,0,0,
Suriname,75,45,6,2fff8b43,0b91b5d5,e05dd44b,0,0,0,0,
Suriname,76,47,6,e05dd44b,de6b3760,2fff8b43,2,0,2,0,
Suriname,77,49,6,e05dd44b,de6b3760,2fff8b43,2,0,2,0,
Suriname,78,49,6,e05dd44b,de6b3760,2fff8b43,0,0,0,0,
Suriname,79,53,6,e05dd44b,de6b3760,2fff8b43,4,0,4,0,
Suriname,80,53,6,e05dd44b,de6b3760,2fff8b43,0,0,0,0,
Suriname,81,53,6,e05dd44b,de6b3760,2fff8b43,0,0,0,0,
Suriname,82,53,7,2fff8b43,92075cdc,e05dd44b,0,0,0,1,lbw
Suriname,83,53,7,f91f59f3,92075cdc,e05dd44b,0,0,0,0,
Suriname,84,53,7,f91f59f3,92075cdc,e05dd44b,0,0,0,0,
Suriname,85,54,7,f91f59f3,92075cdc,e05dd44b,0,1,1,0,
Suriname,86,55,7,f91f59f3,92075cdc,e05dd44b,1,0,1,0,
Suriname,87,57,7,e05dd44b,92075cdc,f91f59f3,2,0,2,0,
Suriname,88,59,7,e05dd44b,92075cdc,f91f59f3,2,0,2,0,
Suriname,89,59,7,f91f59f3,a268c07b,e05dd44b,0,0,0,0,
Suriname,90,59,7,f91f59f3,a268c07b,e05dd44b,0,0,0,0,
Suriname,91,60,7,f91f59f3,a268c07b,e05dd44b,1,0,1,0,
Suriname,92,61,7,e05dd44b,a268c07b,f91f59f3,0,1,1,0,
Suriname,93,67,7,e05dd44b,a268c07b,f91f59f3,6,0,6,0,
Suriname,94,67,8,e05dd44b,a268c07b,f91f59f3,0,0,0,1,run out
Suriname,95,67,8,72caebdc,a268c07b,e05dd44b,0,0,0,0,
Suriname,96,67,8,e05dd44b,de6b3760,72caebdc,0,0,0,0,
Suriname,97,67,8,e05dd44b,de6b3760,72caebdc,0,0,0,0,
Suriname,98,67,8,e05dd44b,de6b3760,72caebdc,0,0,0,0,
Suriname,99,67,9,e05dd44b,de6b3760,72caebdc,0,0,0,1,caught
Suriname,100,68,9,9dba7a41,de6b3760,72caebdc,1,0,1,0,
Suriname,101,68,9,72caebdc,de6b3760,9dba7a41,0,0,0,0,
Suriname,102,68,9,9dba7a41,a268c07b,72caebdc,0,0,0,0,
Suriname,103,69,9,9dba7a41,a268c07b,72caebdc,0,1,1,0,
Suriname,104,69,9,72caebdc,a268c07b,9dba7a41,0,0,0,0,
Suriname,105,70,9,72caebdc,a268c07b,9dba7a41,1,0,1,0,
Suriname,106,70,9,9dba7a41,a268c07b,72caebdc,0,0,0,0,
Suriname,107,70,9,9dba7a41,a268c07b,72caebdc,0,0,0,0,
Suriname,108,70,9,72caebdc,de6b3760,9dba7a41,0,0,0,0,
Suriname,109,71,9,72caebdc,de6b3760,9dba7a41,1,0,1,0,
Suriname,110,71,10,9dba7a41,de6b3760,72caebdc,0,0,0,1,bowled
