batting_team,ball_number,total_team_runs,total_team_wickets,striker_ID,bowler_ID,nonstriker_ID,batter_runs,extras_runs,total_delivery_runs,wicket,wicket_type
Hong Kong,1,0,0,3f149080,dcdb87f2,552b228c,0,0,0,0,
Hong Kong,2,0,0,3f149080,dcdb87f2,552b228c,0,0,0,0,
Hong Kong,3,4,0,3f149080,dcdb87f2,552b228c,4,0,4,0,
Hong Kong,4,4,0,3f149080,dcdb87f2,552b228c,0,0,0,0,
Hong Kong,5,8,0,3f149080,dcdb87f2,552b228c,4,0,4,0,
Hong Kong,6,12,0,3f149080,dcdb87f2,552b228c,4,0,4,0,
Hong Kong,7,14,0,552b228c,72253b87,3f149080,2,0,2,0,
Hong Kong,8,18,0,552b228c,72253b87,3f149080,4,0,4,0,
Hong Kong,9,18,0,552b228c,72253b87,3f149080,0,0,0,0,
Hong Kong,10,19,0,552b228c,72253b87,3f149080,1,0,1,0,
Hong Kong,11,19,1,3f149080,72253b87,552b228c,0,0,0,1,caught
Hong Kong,12,19,1,e3eb9e46,72253b87,552b228c,0,0,0,0,
Hong Kong,13,19,1,552b228c,dcdb87f2,e3eb9e46,0,0,0,0,
Hong Kong,14,20,1,552b228c,dcdb87f2,e3eb9e46,1,0,1,0,
Hong Kong,15,21,1,e3eb9e46,dcdb87f2,552b228c,0,1,1,0,
Hong Kong,16,25,1,e3eb9e46,dcdb87f2,552b228c,4,0,4,0,
Hong Kong,17,26,1,e3eb9e46,dcdb87f2,552b228c,1,0,1,0,
Hong Kong,18,26,2,552b228c,dcdb87f2,e3eb9e46,0,0,0,1,caught
Hong Kong,19,27,2,fbb657bb,dcdb87f2,e3eb9e46,1,0,1,0,
Hong Kong,20,28,2,fbb657bb,72253b87,e3eb9e46,1,0,1,0,
Hong Kong,21,29,2,e3eb9e46,72253b87,fbb657bb,1,0,1,0,
Hong Kong,22,29,2,fbb657bb,72253b87,e3eb9e46,0,0,0,0,
Hong Kong,23,29,2,fbb657bb,72253b87,e3eb9e46,0,0,0,0,
Hong Kong,24,30,2,fbb657bb,72253b87,e3eb9e46,1,0,1,0,
Hong Kong,25,34,2,e3eb9e46,72253b87,fbb657bb,4,0,4,0,
Hong Kong,26,40,2,fbb657bb,bd9fbd51,e3eb9e46,6,0,6,0,
Hong Kong,27,40,2,fbb657bb,bd9fbd51,e3eb9e46,0,0,0,0,
Hong Kong,28,44,2,fbb657bb,bd9fbd51,e3eb9e46,4,0,4,0,
Hong Kong,29,45,2,fbb657bb,bd9fbd51,e3eb9e46,1,0,1,0,
Hong Kong,30,45,2,e3eb9e46,bd9fbd51,fbb657bb,0,0,0,0,
Hong Kong,31,45,2,e3eb9e46,bd9fbd51,fbb657bb,0,0,0,0,
Hong Kong,32,46,2,fbb657bb,72253b87,e3eb9e46,1,0,1,0,
Hong Kong,33,50,2,e3eb9e46,72253b87,fbb657bb,4,0,4,0,
Hong Kong,34,50,2,e3eb9e46,72253b87,fbb657bb,0,0,0,0,
Hong Kong,35,50,2,e3eb9e46,72253b87,fbb657bb,0,0,0,0,
Hong Kong,36,51,2,e3eb9e46,72253b87,fbb657bb,1,0,1,0,
Hong Kong,37,52,2,fbb657bb,72253b87,e3eb9e46,1,0,1,0,
Hong Kong,38,52,2,fbb657bb,b3b39bed,e3eb9e46,0,0,0,0,
Hong Kong,39,53,2,fbb657bb,b3b39bed,e3eb9e46,1,0,1,0,
Hong Kong,40,53,2,e3eb9e46,b3b39bed,fbb657bb,0,0,0,0,
Hong Kong,41,54,2,e3eb9e46,b3b39bed,fbb657bb,1,0,1,0,
Hong Kong,42,55,2,fbb657bb,b3b39bed,e3eb9e46,1,0,1,0,
Hong Kong,43,56,2,e3eb9e46,b3b39bed,fbb657bb,1,0,1,0,
Hong Kong,44,57,2,e3eb9e46,34464143,fbb657bb,1,0,1,0,
Hong Kong,45,57,2,fbb657bb,34464143,e3eb9e46,0,0,0,0,
Hong Kong,46,57,2,fbb657bb,34464143,e3eb9e46,0,0,0,0,
Hong Kong,47,58,2,fbb657bb,34464143,e3eb9e46,1,0,1,0,
Hong Kong,48,59,2,e3eb9e46,34464143,fbb657bb,1,0,1,0,
Hong Kong,49,59,2,fbb657bb,34464143,e3eb9e46,0,0,0,0,
Hong Kong,50,59,3,e3eb9e46,b3b39bed,fbb657bb,0,0,0,1,bowled
Hong Kong,51,59,3,f6c2659d,b3b39bed,fbb657bb,0,0,0,0,
Hong Kong,52,59,4,f6c2659d,b3b39bed,fbb657bb,0,0,0,1,lbw
Hong Kong,53,59,4,c9d05f1a,b3b39bed,fbb657bb,0,0,0,0,
Hong Kong,54,60,4,c9d05f1a,b3b39bed,fbb657bb,1,0,1,0,
Hong Kong,55,61,4,fbb657bb,b3b39bed,c9d05f1a,1,0,1,0,
Hong Kong,56,62,4,fbb657bb,34464143,c9d05f1a,1,0,1,0,
Hong Kong,57,63,4,c9d05f1a,34464143,fbb657bb,1,0,1,0,
Hong Kong,58,64,4,fbb657bb,34464143,c9d05f1a,1,0,1,0,
Hong Kong,59,64,4,c9d05f1a,34464143,fbb657bb,0,0,0,0,
Hong Kong,60,68,4,c9d05f1a,34464143,fbb657bb,4,0,4,0,
Hong Kong,61,69,4,c9d05f1a,34464143,fbb657bb,1,0,1,0,
Hong Kong,62,70,4,c9d05f1a,b3b39bed,fbb657bb,1,0,1,0,
Hong Kong,63,71,4,fbb657bb,b3b39bed,c9d05f1a,1,0,1,0,
Hong Kong,64,73,4,c9d05f1a,b3b39bed,fbb657bb,2,0,2,0,
Hong Kong,65,74,4,c9d05f1a,b3b39bed,fbb657bb,1,0,1,0,
Hong Kong,66,74,4,fbb657bb,b3b39bed,c9d05f1a,0,0,0,0,
Hong Kong,67,75,4,fbb657bb,b3b39bed,c9d05f1a,1,0,1,0,
Hong Kong,68,75,4,fbb657bb,34464143,c9d05f1a,0,0,0,0,
Hong Kong,69,76,4,fbb657bb,34464143,c9d05f1a,1,0,1,0,
Hong Kong,70,76,5,c9d05f1a,34464143,fbb657bb,0,0,0,1,caught
Hong Kong,71,76,5,987187b9,34464143,fbb657bb,0,0,0,0,
Hong Kong,72,78,5,987187b9,34464143,fbb657bb,2,0,2,0,
Hong Kong,73,78,5,987187b9,34464143,fbb657bb,0,0,0,0,
Hong Kong,74,82,5,fbb657bb,44d6a8b8,987187b9,4,0,4,0,
Hong Kong,75,83,5,fbb657bb,44d6a8b8,987187b9,1,0,1,0,
Hong Kong,76,84,5,987187b9,44d6a8b8,fbb657bb,1,0,1,0,
Hong Kong,77,85,5,fbb657bb,44d6a8b8,987187b9,1,0,1,0,
Hong Kong,78,85,5,987187b9,44d6a8b8,fbb657bb,0,0,0,0,
Hong Kong,79,86,5,987187b9,44d6a8b8,fbb657bb,0,1,1,0,
Hong Kong,80,87,5,987187b9,44d6a8b8,fbb657bb,1,0,1,0,
Hong Kong,81,88,5,987187b9,34464143,fbb657bb,1,0,1,0,
Hong Kong,82,89,5,fbb657bb,34464143,987187b9,1,0,1,0,
Hong Kong,83,89,5,987187b9,34464143,fbb657bb,0,0,0,0,
Hong Kong,84,90,5,987187b9,34464143,fbb657bb,1,0,1,0,
Hong Kong,85,90,5,fbb657bb,34464143,987187b9,0,0,0,0,
Hong Kong,86,90,5,fbb657bb,34464143,987187b9,0,0,0,0,
Hong Kong,87,91,5,987187b9,44d6a8b8,fbb657bb,0,1,1,0,
Hong Kong,88,92,5,987187b9,44d6a8b8,fbb657bb,1,0,1,0,
Hong Kong,89,92,5,fbb657bb,44d6a8b8,987187b9,0,0,0,0,
Hong Kong,90,92,5,fbb657bb,44d6a8b8,987187b9,0,0,0,0,
Hong Kong,91,92,5,fbb657bb,44d6a8b8,987187b9,0,0,0,0,
Hong Kong,92,93,5,fbb657bb,44d6a8b8,987187b9,1,0,1,0,
Hong Kong,93,94,5,987187b9,44d6a8b8,fbb657bb,1,0,1,0,
Hong Kong,94,95,5,987187b9,b3b39bed,fbb657bb,1,0,1,0,
Hong Kong,95,95,6,fbb657bb,b3b39bed,987187b9,0,0,0,1,stumped
Hong Kong,96,95,6,d3851cd8,b3b39bed,987187b9,0,0,0,0,
Hong Kong,97,95,6,d3851cd8,b3b39bed,987187b9,0,0,0,0,
Hong Kong,98,95,6,d3851cd8,b3b39bed,987187b9,0,0,0,0,
Hong Kong,99,96,6,d3851cd8,b3b39bed,987187b9,1,0,1,0,
Hong Kong,100,97,6,d3851cd8,44d6a8b8,987187b9,1,0,1,0,
Hong Kong,101,101,6,987187b9,44d6a8b8,d3851cd8,4,0,4,0,
Hong Kong,102,102,6,987187b9,44d6a8b8,d3851cd8,1,0,1,0,
Hong Kong,103,103,6,d3851cd8,44d6a8b8,987187b9,0,1,1,0,
Hong Kong,104,104,6,987187b9,44d6a8b8,d3851cd8,1,0,1,0,
Hong Kong,105,104,6,d3851cd8,44d6a8b8,987187b9,0,0,0,0,
Hong Kong,106,110,6,987187b9,dcdb87f2,d3851cd8,6,0,6,0,
Hong Kong,107,111,6,987187b9,dcdb87f2,d3851cd8,1,0,1,0,
Hong Kong,108,111,7,d3851cd8,dcdb87f2,987187b9,0,0,0,1,caught
Hong Kong,109,111,7,9ffb7550,dcdb87f2,987187b9,0,0,0,0,
Hong Kong,110,111,7,9ffb7550,dcdb87f2,987187b9,0,0,0,0,
Hong Kong,111,113,7,9ffb7550,dcdb87f2,987187b9,2,0,2,0,
Hong Kong,112,114,7,987187b9,bd9fbd51,9ffb7550,1,0,1,0,
Hong Kong,113,114,8,9ffb7550,bd9fbd51,987187b9,0,0,0,1,caught
Hong Kong,114,115,8,29b322c7,bd9fbd51,987187b9,1,0,1,0,
Hong Kong,115,116,8,987187b9,bd9fbd51,29b322c7,0,1,1,0,
Hong Kong,116,118,8,987187b9,bd9fbd51,29b322c7,2,0,2,0,
Hong Kong,117,122,8,987187b9,bd9fbd51,29b322c7,4,0,4,0,
Hong Kong,118,123,8,987187b9,bd9fbd51,29b322c7,1,0,1,0,
Hong Kong,119,123,8,987187b9,dcdb87f2,29b322c7,0,0,0,0,
Hong Kong,120,127,8,987187b9,dcdb87f2,29b322c7,4,0,4,0,
Hong Kong,121,128,8,987187b9,dcdb87f2,29b322c7,1,0,1,0,
Hong Kong,122,128,9,29b322c7,dcdb87f2,987187b9,0,0,0,1,bowled
Hong Kong,123,129,9,a1e80d06,dcdb87f2,987187b9,1,0,1,0,
Hong Kong,124,130,9,987187b9,dcdb87f2,a1e80d06,1,0,1,0,
Oman,1,0,1,c4e73ff1,a1e80d06,c63671e9,0,0,0,1,caught
Oman,2,0,1,b3b39bed,a1e80d06,c63671e9,0,0,0,0,
Oman,3,1,1,b3b39bed,a1e80d06,c63671e9,0,1,1,0,
Oman,4,2,1,b3b39bed,a1e80d06,c63671e9,1,0,1,0,
Oman,5,8,1,c63671e9,a1e80d06,b3b39bed,6,0,6,0,
Oman,6,8,1,c63671e9,a1e80d06,b3b39bed,0,0,0,0,
Oman,7,12,1,c63671e9,a1e80d06,b3b39bed,4,0,4,0,
Oman,8,12,1,b3b39bed,29b322c7,c63671e9,0,0,0,0,
Oman,9,18,1,b3b39bed,29b322c7,c63671e9,6,0,6,0,
Oman,10,19,1,b3b39bed,29b322c7,c63671e9,1,0,1,0,
Oman,11,19,2,c63671e9,29b322c7,b3b39bed,0,0,0,1,bowled
Oman,12,20,2,c2f12310,29b322c7,b3b39bed,1,0,1,0,
Oman,13,21,2,b3b39bed,29b322c7,c2f12310,1,0,1,0,
Oman,14,22,2,b3b39bed,a1e80d06,c2f12310,0,1,1,0,
Oman,15,25,2,b3b39bed,a1e80d06,c2f12310,3,0,3,0,
Oman,16,26,2,c2f12310,a1e80d06,b3b39bed,1,0,1,0,
Oman,17,30,2,b3b39bed,a1e80d06,c2f12310,4,0,4,0,
Oman,18,30,2,b3b39bed,a1e80d06,c2f12310,0,0,0,0,
Oman,19,31,2,b3b39bed,a1e80d06,c2f12310,1,0,1,0,
Oman,20,31,2,c2f12310,a1e80d06,b3b39bed,0,0,0,0,
Oman,21,31,2,b3b39bed,c9d05f1a,c2f12310,0,0,0,0,
Oman,22,32,2,b3b39bed,c9d05f1a,c2f12310,1,0,1,0,
Oman,23,32,2,c2f12310,c9d05f1a,b3b39bed,0,0,0,0,
Oman,24,32,2,c2f12310,c9d05f1a,b3b39bed,0,0,0,0,
Oman,25,36,2,c2f12310,c9d05f1a,b3b39bed,4,0,4,0,
Oman,26,37,2,c2f12310,c9d05f1a,b3b39bed,1,0,1,0,
Oman,27,37,2,c2f12310,29b322c7,b3b39bed,0,0,0,0,
Oman,28,38,2,c2f12310,29b322c7,b3b39bed,1,0,1,0,
Oman,29,39,2,b3b39bed,29b322c7,c2f12310,1,0,1,0,
Oman,30,41,2,c2f12310,29b322c7,b3b39bed,2,0,2,0,
Oman,31,41,2,c2f12310,29b322c7,b3b39bed,0,0,0,0,
Oman,32,42,2,c2f12310,29b322c7,b3b39bed,1,0,1,0,
Oman,33,42,3,c2f12310,f6c2659d,b3b39bed,0,0,0,1,caught and bowled
Oman,34,42,3,34464143,f6c2659d,b3b39bed,0,0,0,0,
Oman,35,43,3,34464143,f6c2659d,b3b39bed,1,0,1,0,
Oman,36,43,3,b3b39bed,f6c2659d,34464143,0,0,0,0,
Oman,37,43,3,b3b39bed,f6c2659d,34464143,0,0,0,0,
Oman,38,43,3,b3b39bed,f6c2659d,34464143,0,0,0,0,
Oman,39,44,3,34464143,29b322c7,b3b39bed,1,0,1,0,
Oman,40,45,3,b3b39bed,29b322c7,34464143,1,0,1,0,
Oman,41,46,3,34464143,29b322c7,b3b39bed,1,0,1,0,
Oman,42,50,3,b3b39bed,29b322c7,34464143,4,0,4,0,
Oman,43,51,3,b3b39bed,29b322c7,34464143,1,0,1,0,
Oman,44,55,3,34464143,29b322c7,b3b39bed,4,0,4,0,
Oman,45,56,3,b3b39bed,d3851cd8,34464143,1,0,1,0,
Oman,46,56,3,34464143,d3851cd8,b3b39bed,0,0,0,0,
Oman,47,56,3,34464143,d3851cd8,b3b39bed,0,0,0,0,
Oman,48,56,3,34464143,d3851cd8,b3b39bed,0,0,0,0,
Oman,49,60,3,34464143,d3851cd8,b3b39bed,4,0,4,0,
Oman,50,61,3,34464143,d3851cd8,b3b39bed,1,0,1,0,
Oman,51,62,3,34464143,f6c2659d,b3b39bed,1,0,1,0,
Oman,52,63,3,b3b39bed,f6c2659d,34464143,1,0,1,0,
Oman,53,63,3,34464143,f6c2659d,b3b39bed,0,0,0,0,
Oman,54,65,3,34464143,f6c2659d,b3b39bed,2,0,2,0,
Oman,55,65,4,34464143,f6c2659d,b3b39bed,0,0,0,1,caught
Oman,56,66,4,44d6a8b8,f6c2659d,b3b39bed,1,0,1,0,
Oman,57,67,4,44d6a8b8,d3851cd8,b3b39bed,1,0,1,0,
Oman,58,67,4,b3b39bed,d3851cd8,44d6a8b8,0,0,0,0,
Oman,59,67,4,b3b39bed,d3851cd8,44d6a8b8,0,0,0,0,
Oman,60,68,4,b3b39bed,d3851cd8,44d6a8b8,1,0,1,0,
Oman,61,68,4,44d6a8b8,d3851cd8,b3b39bed,0,0,0,0,
Oman,62,69,4,44d6a8b8,d3851cd8,b3b39bed,1,0,1,0,
Oman,63,70,4,44d6a8b8,c9d05f1a,b3b39bed,1,0,1,0,
Oman,64,71,4,b3b39bed,c9d05f1a,44d6a8b8,1,0,1,0,
Oman,65,72,4,44d6a8b8,c9d05f1a,b3b39bed,0,1,1,0,
Oman,66,73,4,44d6a8b8,c9d05f1a,b3b39bed,1,0,1,0,
Oman,67,73,4,b3b39bed,c9d05f1a,44d6a8b8,0,0,0,0,
Oman,68,73,4,b3b39bed,c9d05f1a,44d6a8b8,0,0,0,0,
Oman,69,74,4,b3b39bed,c9d05f1a,44d6a8b8,1,0,1,0,
Oman,70,74,4,b3b39bed,d3851cd8,44d6a8b8,0,0,0,0,
Oman,71,75,4,b3b39bed,d3851cd8,44d6a8b8,1,0,1,0,
Oman,72,75,4,44d6a8b8,d3851cd8,b3b39bed,0,0,0,0,
Oman,73,75,4,44d6a8b8,d3851cd8,b3b39bed,0,0,0,0,
Oman,74,77,4,44d6a8b8,d3851cd8,b3b39bed,2,0,2,0,
Oman,75,78,4,44d6a8b8,d3851cd8,b3b39bed,1,0,1,0,
Oman,76,78,4,44d6a8b8,c9d05f1a,b3b39bed,0,0,0,0,
Oman,77,79,4,44d6a8b8,c9d05f1a,b3b39bed,1,0,1,0,
Oman,78,79,4,b3b39bed,c9d05f1a,44d6a8b8,0,0,0,0,
Oman,79,80,4,b3b39bed,c9d05f1a,44d6a8b8,1,0,1,0,
Oman,80,81,4,44d6a8b8,c9d05f1a,b3b39bed,1,0,1,0,
Oman,81,82,4,b3b39bed,c9d05f1a,44d6a8b8,1,0,1,0,
Oman,82,82,4,b3b39bed,d3851cd8,44d6a8b8,0,0,0,0,
Oman,83,84,4,b3b39bed,d3851cd8,44d6a8b8,2,0,2,0,
Oman,84,85,4,b3b39bed,d3851cd8,44d6a8b8,0,1,1,0,
Oman,85,86,4,b3b39bed,d3851cd8,44d6a8b8,1,0,1,0,
Oman,86,86,4,44d6a8b8,d3851cd8,b3b39bed,0,0,0,0,
Oman,87,87,4,44d6a8b8,d3851cd8,b3b39bed,0,1,1,0,
Oman,88,89,4,b3b39bed,d3851cd8,44d6a8b8,2,0,2,0,
Oman,89,91,4,44d6a8b8,f6c2659d,b3b39bed,2,0,2,0,
Oman,90,91,4,44d6a8b8,f6c2659d,b3b39bed,0,0,0,0,
Oman,91,91,5,44d6a8b8,f6c2659d,b3b39bed,0,0,0,1,bowled
Oman,92,91,5,3ee90b67,f6c2659d,b3b39bed,0,0,0,0,
Oman,93,91,5,3ee90b67,f6c2659d,b3b39bed,0,0,0,0,
Oman,94,91,5,3ee90b67,f6c2659d,b3b39bed,0,0,0,0,
Oman,95,92,5,b3b39bed,c9d05f1a,3ee90b67,1,0,1,0,
Oman,96,93,5,3ee90b67,c9d05f1a,b3b39bed,1,0,1,0,
Oman,97,94,5,b3b39bed,c9d05f1a,3ee90b67,1,0,1,0,
Oman,98,95,5,3ee90b67,c9d05f1a,b3b39bed,1,0,1,0,
Oman,99,95,5,b3b39bed,c9d05f1a,3ee90b67,0,0,0,0,
Oman,100,96,5,b3b39bed,c9d05f1a,3ee90b67,1,0,1,0,
Oman,101,97,5,b3b39bed,f6c2659d,3ee90b67,1,0,1,0,
Oman,102,101,5,3ee90b67,f6c2659d,b3b39bed,4,0,4,0,
Oman,103,102,5,3ee90b67,f6c2659d,b3b39bed,1,0,1,0,
Oman,104,103,5,b3b39bed,f6c2659d,3ee90b67,1,0,1,0,
Oman,105,103,5,3ee90b67,f6c2659d,b3b39bed,0,0,0,0,
Oman,106,104,5,3ee90b67,f6c2659d,b3b39bed,0,1,1,0,
Oman,107,104,5,3ee90b67,f6c2659d,b3b39bed,0,0,0,0,
Oman,108,108,5,b3b39bed,a1e80d06,3ee90b67,4,0,4,0,
Oman,109,109,5,b3b39bed,a1e80d06,3ee90b67,1,0,1,0,
Oman,110,109,5,3ee90b67,a1e80d06,b3b39bed,0,0,0,0,
Oman,111,110,5,3ee90b67,a1e80d06,b3b39bed,1,0,1,0,
Oman,112,111,5,b3b39bed,a1e80d06,3ee90b67,1,0,1,0,
Oman,113,115,5,3ee90b67,a1e80d06,b3b39bed,4,0,4,0,
Oman,114,116,5,b3b39bed,9ffb7550,3ee90b67,1,0,1,0,
Oman,115,117,5,3ee90b67,9ffb7550,b3b39bed,1,0,1,0,
Oman,116,118,5,b3b39bed,9ffb7550,3ee90b67,1,0,1,0,
Oman,117,120,5,3ee90b67,9ffb7550,b3b39bed,2,0,2,0,
Oman,118,121,5,3ee90b67,9ffb7550,b3b39bed,1,0,1,0,
Oman,119,122,5,b3b39bed,9ffb7550,3ee90b67,1,0,1,0,
Oman,120,128,5,b3b39bed,a1e80d06,3ee90b67,6,0,6,0,
Oman,121,132,5,b3b39bed,a1e80d06,3ee90b67,4,0,4,0,
