batting_team,ball_number,total_team_runs,total_team_wickets,striker_ID,bowler_ID,nonstriker_ID,batter_runs,extras_runs,total_delivery_runs,wicket,wicket_type
Sunrisers Eastern Cape,1,1,0,e87aeca2,ee1b6c27,ad9c32a2,0,1,1,0,
Sunrisers Eastern Cape,2,2,0,e87aeca2,ee1b6c27,ad9c32a2,1,0,1,0,
Sunrisers Eastern Cape,3,2,0,ad9c32a2,ee1b6c27,e87aeca2,0,0,0,0,
Sunrisers Eastern Cape,4,6,0,ad9c32a2,ee1b6c27,e87aeca2,4,0,4,0,
Sunrisers Eastern Cape,5,7,0,ad9c32a2,ee1b6c27,e87aeca2,0,1,1,0,
Sunrisers Eastern Cape,6,8,0,ad9c32a2,ee1b6c27,e87aeca2,0,1,1,0,
Sunrisers Eastern Cape,7,8,0,ad9c32a2,ee1b6c27,e87aeca2,0,0,0,0,
Sunrisers Eastern Cape,8,9,0,ad9c32a2,ee1b6c27,e87aeca2,1,0,1,0,
Sunrisers Eastern Cape,9,10,0,e87aeca2,ee1b6c27,ad9c32a2,1,0,1,0,
Sunrisers Eastern Cape,10,10,0,e87aeca2,e62dd25d,ad9c32a2,0,0,0,0,
Sunrisers Eastern Cape,11,10,1,e87aeca2,e62dd25d,ad9c32a2,0,0,0,1,bowled
Sunrisers Eastern Cape,12,10,1,ba9258a7,e62dd25d,ad9c32a2,0,0,0,0,
Sunrisers Eastern Cape,13,14,1,ba9258a7,e62dd25d,ad9c32a2,4,0,4,0,
Sunrisers Eastern Cape,14,14,1,ba9258a7,e62dd25d,ad9c32a2,0,0,0,0,
Sunrisers Eastern Cape,15,18,1,ba9258a7,e62dd25d,ad9c32a2,4,0,4,0,
Sunrisers Eastern Cape,16,18,1,ad9c32a2,ee1b6c27,ba9258a7,0,0,0,0,
Sunrisers Eastern Cape,17,19,1,ad9c32a2,ee1b6c27,ba9258a7,1,0,1,0,
Sunrisers Eastern Cape,18,23,1,ba9258a7,ee1b6c27,ad9c32a2,4,0,4,0,
Sunrisers Eastern Cape,19,24,1,ba9258a7,ee1b6c27,ad9c32a2,1,0,1,0,
Sunrisers Eastern Cape,20,24,1,ad9c32a2,ee1b6c27,ba9258a7,0,0,0,0,
Sunrisers Eastern Cape,21,24,1,ad9c32a2,ee1b6c27,ba9258a7,0,0,0,0,
Sunrisers Eastern Cape,22,24,1,ba9258a7,e5437608,ad9c32a2,0,0,0,0,
Sunrisers Eastern Cape,23,25,1,ba9258a7,e5437608,ad9c32a2,1,0,1,0,
Sunrisers Eastern Cape,24,26,1,ad9c32a2,e5437608,ba9258a7,0,1,1,0,
Sunrisers Eastern Cape,25,26,1,ba9258a7,e5437608,ad9c32a2,0,0,0,0,
Sunrisers Eastern Cape,26,26,1,ba9258a7,e5437608,ad9c32a2,0,0,0,0,
Sunrisers Eastern Cape,27,26,1,ba9258a7,e5437608,ad9c32a2,0,0,0,0,
Sunrisers Eastern Cape,28,26,1,ad9c32a2,e62dd25d,ba9258a7,0,0,0,0,
Sunrisers Eastern Cape,29,27,1,ad9c32a2,e62dd25d,ba9258a7,1,0,1,0,
Sunrisers Eastern Cape,30,29,1,ba9258a7,e62dd25d,ad9c32a2,2,0,2,0,
Sunrisers Eastern Cape,31,29,1,ba9258a7,e62dd25d,ad9c32a2,0,0,0,0,
Sunrisers Eastern Cape,32,35,1,ba9258a7,e62dd25d,ad9c32a2,6,0,6,0,
Sunrisers Eastern Cape,33,36,1,ba9258a7,e62dd25d,ad9c32a2,1,0,1,0,
Sunrisers Eastern Cape,34,40,1,ba9258a7,e5437608,ad9c32a2,4,0,4,0,
Sunrisers Eastern Cape,35,44,1,ba9258a7,e5437608,ad9c32a2,4,0,4,0,
Sunrisers Eastern Cape,36,45,1,ba9258a7,e5437608,ad9c32a2,1,0,1,0,
Sunrisers Eastern Cape,37,45,1,ad9c32a2,e5437608,ba9258a7,0,0,0,0,
Sunrisers Eastern Cape,38,46,1,ad9c32a2,e5437608,ba9258a7,1,0,1,0,
Sunrisers Eastern Cape,39,46,1,ba9258a7,e5437608,ad9c32a2,0,0,0,0,
Sunrisers Eastern Cape,40,48,1,ad9c32a2,a757b0d8,ba9258a7,2,0,2,0,
Sunrisers Eastern Cape,41,49,1,ad9c32a2,a757b0d8,ba9258a7,1,0,1,0,
Sunrisers Eastern Cape,42,49,1,ba9258a7,a757b0d8,ad9c32a2,0,0,0,0,
Sunrisers Eastern Cape,43,50,1,ba9258a7,a757b0d8,ad9c32a2,1,0,1,0,
Sunrisers Eastern Cape,44,51,1,ad9c32a2,a757b0d8,ba9258a7,1,0,1,0,
Sunrisers Eastern Cape,45,52,1,ba9258a7,a757b0d8,ad9c32a2,1,0,1,0,
Sunrisers Eastern Cape,46,53,1,ba9258a7,e5437608,ad9c32a2,1,0,1,0,
Sunrisers Eastern Cape,47,57,1,ad9c32a2,e5437608,ba9258a7,4,0,4,0,
Sunrisers Eastern Cape,48,58,1,ad9c32a2,e5437608,ba9258a7,0,1,1,0,
Sunrisers Eastern Cape,49,59,1,ba9258a7,e5437608,ad9c32a2,1,0,1,0,
Sunrisers Eastern Cape,50,60,1,ad9c32a2,e5437608,ba9258a7,1,0,1,0,
Sunrisers Eastern Cape,51,62,1,ba9258a7,e5437608,ad9c32a2,2,0,2,0,
Sunrisers Eastern Cape,52,62,1,ad9c32a2,0773c16a,ba9258a7,0,0,0,0,
Sunrisers Eastern Cape,53,63,1,ad9c32a2,0773c16a,ba9258a7,1,0,1,0,
Sunrisers Eastern Cape,54,63,1,ba9258a7,0773c16a,ad9c32a2,0,0,0,0,
Sunrisers Eastern Cape,55,64,1,ba9258a7,0773c16a,ad9c32a2,1,0,1,0,
Sunrisers Eastern Cape,56,64,2,ad9c32a2,0773c16a,ba9258a7,0,0,0,1,caught
Sunrisers Eastern Cape,57,65,2,6a26221c,0773c16a,ba9258a7,1,0,1,0,
Sunrisers Eastern Cape,58,66,2,6a26221c,e5437608,ba9258a7,1,0,1,0,
Sunrisers Eastern Cape,59,66,2,ba9258a7,e5437608,6a26221c,0,0,0,0,
Sunrisers Eastern Cape,60,66,2,ba9258a7,e5437608,6a26221c,0,0,0,0,
Sunrisers Eastern Cape,61,67,2,ba9258a7,e5437608,6a26221c,1,0,1,0,
Sunrisers Eastern Cape,62,68,2,6a26221c,e5437608,ba9258a7,1,0,1,0,
Sunrisers Eastern Cape,63,68,2,ba9258a7,e5437608,6a26221c,0,0,0,0,
Sunrisers Eastern Cape,64,69,2,6a26221c,0773c16a,ba9258a7,1,0,1,0,
Sunrisers Eastern Cape,65,70,2,ba9258a7,0773c16a,6a26221c,1,0,1,0,
Sunrisers Eastern Cape,66,71,2,6a26221c,0773c16a,ba9258a7,1,0,1,0,
Sunrisers Eastern Cape,67,73,2,ba9258a7,0773c16a,6a26221c,2,0,2,0,
Sunrisers Eastern Cape,68,73,2,ba9258a7,0773c16a,6a26221c,0,0,0,0,
Sunrisers Eastern Cape,69,77,2,ba9258a7,0773c16a,6a26221c,4,0,4,0,
Sunrisers Eastern Cape,70,79,2,6a26221c,50c6bc2b,ba9258a7,2,0,2,0,
Sunrisers Eastern Cape,71,80,2,6a26221c,50c6bc2b,ba9258a7,1,0,1,0,
Sunrisers Eastern Cape,72,84,2,ba9258a7,50c6bc2b,6a26221c,4,0,4,0,
Sunrisers Eastern Cape,73,84,2,ba9258a7,50c6bc2b,6a26221c,0,0,0,0,
Sunrisers Eastern Cape,74,85,2,ba9258a7,50c6bc2b,6a26221c,1,0,1,0,
Sunrisers Eastern Cape,75,86,2,6a26221c,50c6bc2b,ba9258a7,1,0,1,0,
Sunrisers Eastern Cape,76,87,2,6a26221c,e94915e6,ba9258a7,1,0,1,0,
Sunrisers Eastern Cape,77,92,2,ba9258a7,e94915e6,6a26221c,0,5,5,0,
Sunrisers Eastern Cape,78,94,2,ba9258a7,e94915e6,6a26221c,2,0,2,0,
Sunrisers Eastern Cape,79,95,2,ba9258a7,e94915e6,6a26221c,1,0,1,0,
Sunrisers Eastern Cape,80,99,2,6a26221c,e94915e6,ba9258a7,4,0,4,0,
Sunrisers Eastern Cape,81,103,2,6a26221c,e94915e6,ba9258a7,4,0,4,0,
Sunrisers Eastern Cape,82,105,2,6a26221c,e94915e6,ba9258a7,2,0,2,0,
Sunrisers Eastern Cape,83,105,2,ba9258a7,0773c16a,6a26221c,0,0,0,0,
Sunrisers Eastern Cape,84,106,2,ba9258a7,0773c16a,6a26221c,1,0,1,0,
Sunrisers Eastern Cape,85,112,2,6a26221c,0773c16a,ba9258a7,6,0,6,0,
Sunrisers Eastern Cape,86,118,2,6a26221c,0773c16a,ba9258a7,6,0,6,0,
Sunrisers Eastern Cape,87,119,2,6a26221c,0773c16a,ba9258a7,1,0,1,0,
Sunrisers Eastern Cape,88,123,2,ba9258a7,0773c16a,6a26221c,4,0,4,0,
Sunrisers Eastern Cape,89,123,2,6a26221c,a757b0d8,ba9258a7,0,0,0,0,
Sunrisers Eastern Cape,90,124,2,6a26221c,a757b0d8,ba9258a7,0,1,1,0,
Sunrisers Eastern Cape,91,126,2,6a26221c,a757b0d8,ba9258a7,2,0,2,0,
Sunrisers Eastern Cape,92,127,2,6a26221c,a757b0d8,ba9258a7,1,0,1,0,
Sunrisers Eastern Cape,93,127,3,ba9258a7,a757b0d8,6a26221c,0,0,0,1,caught
Sunrisers Eastern Cape,94,128,3,85b3fab2,a757b0d8,6a26221c,1,0,1,0,
Sunrisers Eastern Cape,95,129,3,6a26221c,a757b0d8,85b3fab2,1,0,1,0,
Sunrisers Eastern Cape,96,131,3,6a26221c,50c6bc2b,85b3fab2,2,0,2,0,
Sunrisers Eastern Cape,97,133,3,6a26221c,50c6bc2b,85b3fab2,2,0,2,0,
Sunrisers Eastern Cape,98,133,3,6a26221c,50c6bc2b,85b3fab2,0,0,0,0,
Sunrisers Eastern Cape,99,134,3,6a26221c,50c6bc2b,85b3fab2,0,1,1,0,
Sunrisers Eastern Cape,100,136,3,85b3fab2,50c6bc2b,6a26221c,2,0,2,0,
Sunrisers Eastern Cape,101,137,3,85b3fab2,50c6bc2b,6a26221c,1,0,1,0,
Sunrisers Eastern Cape,102,139,3,85b3fab2,a757b0d8,6a26221c,2,0,2,0,
Sunrisers Eastern Cape,103,145,3,85b3fab2,a757b0d8,6a26221c,6,0,6,0,
Sunrisers Eastern Cape,104,145,3,85b3fab2,a757b0d8,6a26221c,0,0,0,0,
Sunrisers Eastern Cape,105,147,3,85b3fab2,a757b0d8,6a26221c,0,2,2,0,
Sunrisers Eastern Cape,106,149,3,6a26221c,a757b0d8,85b3fab2,2,0,2,0,
Sunrisers Eastern Cape,107,150,3,6a26221c,a757b0d8,85b3fab2,1,0,1,0,
Sunrisers Eastern Cape,108,151,3,85b3fab2,a757b0d8,6a26221c,1,0,1,0,
Sunrisers Eastern Cape,109,153,3,85b3fab2,ee1b6c27,6a26221c,2,0,2,0,
Sunrisers Eastern Cape,110,157,3,85b3fab2,ee1b6c27,6a26221c,4,0,4,0,
Sunrisers Eastern Cape,111,158,3,85b3fab2,ee1b6c27,6a26221c,1,0,1,0,
Sunrisers Eastern Cape,112,160,3,6a26221c,ee1b6c27,85b3fab2,2,0,2,0,
Sunrisers Eastern Cape,113,162,3,6a26221c,ee1b6c27,85b3fab2,2,0,2,0,
Sunrisers Eastern Cape,114,163,3,6a26221c,ee1b6c27,85b3fab2,1,0,1,0,
Sunrisers Eastern Cape,115,164,3,6a26221c,e62dd25d,85b3fab2,1,0,1,0,
Sunrisers Eastern Cape,116,165,3,85b3fab2,e62dd25d,6a26221c,1,0,1,0,
Sunrisers Eastern Cape,117,167,3,6a26221c,e62dd25d,85b3fab2,2,0,2,0,
Sunrisers Eastern Cape,118,169,3,6a26221c,e62dd25d,85b3fab2,2,0,2,0,
Sunrisers Eastern Cape,119,169,4,6a26221c,e62dd25d,85b3fab2,0,0,0,1,caught
Sunrisers Eastern Cape,120,171,4,39181592,e62dd25d,85b3fab2,2,0,2,0,
Sunrisers Eastern Cape,121,173,4,85b3fab2,ee1b6c27,39181592,2,0,2,0,
Sunrisers Eastern Cape,122,173,5,85b3fab2,ee1b6c27,39181592,0,0,0,1,caught
Sunrisers Eastern Cape,123,174,5,81c36ee9,ee1b6c27,39181592,1,0,1,0,
Sunrisers Eastern Cape,124,174,5,39181592,ee1b6c27,81c36ee9,0,0,0,0,
Sunrisers Eastern Cape,125,175,5,39181592,ee1b6c27,81c36ee9,1,0,1,0,
Sunrisers Eastern Cape,126,175,6,81c36ee9,ee1b6c27,39181592,0,0,0,1,caught
MI Cape Town,1,0,0,9948e262,208f22ea,e66732f8,0,0,0,0,
MI Cape Town,2,1,0,9948e262,208f22ea,e66732f8,1,0,1,0,
MI Cape Town,3,1,0,e66732f8,208f22ea,9948e262,0,0,0,0,
MI Cape Town,4,1,0,e66732f8,208f22ea,9948e262,0,0,0,0,
MI Cape Town,5,1,0,e66732f8,208f22ea,9948e262,0,0,0,0,
MI Cape Town,6,1,0,e66732f8,208f22ea,9948e262,0,0,0,0,
MI Cape Town,7,2,0,9948e262,6a26221c,e66732f8,1,0,1,0,
MI Cape Town,8,2,0,e66732f8,6a26221c,9948e262,0,0,0,0,
MI Cape Town,9,2,0,e66732f8,6a26221c,9948e262,0,0,0,0,
MI Cape Town,10,6,0,e66732f8,6a26221c,9948e262,4,0,4,0,
MI Cape Town,11,10,0,e66732f8,6a26221c,9948e262,4,0,4,0,
MI Cape Town,12,10,1,e66732f8,6a26221c,9948e262,0,0,0,1,run out
MI Cape Town,13,10,1,e66732f8,81c36ee9,50c6bc2b,0,0,0,0,
MI Cape Town,14,14,1,e66732f8,81c36ee9,50c6bc2b,4,0,4,0,
MI Cape Town,15,20,1,e66732f8,81c36ee9,50c6bc2b,6,0,6,0,
MI Cape Town,16,23,1,e66732f8,81c36ee9,50c6bc2b,3,0,3,0,
MI Cape Town,17,24,1,50c6bc2b,81c36ee9,e66732f8,1,0,1,0,
MI Cape Town,18,24,1,e66732f8,81c36ee9,50c6bc2b,0,0,0,0,
MI Cape Town,19,25,1,50c6bc2b,208f22ea,e66732f8,1,0,1,0,
MI Cape Town,20,26,1,e66732f8,208f22ea,50c6bc2b,1,0,1,0,
MI Cape Town,21,26,1,50c6bc2b,208f22ea,e66732f8,0,0,0,0,
MI Cape Town,22,32,1,50c6bc2b,208f22ea,e66732f8,6,0,6,0,
MI Cape Town,23,32,1,50c6bc2b,208f22ea,e66732f8,0,0,0,0,
MI Cape Town,24,36,1,50c6bc2b,208f22ea,e66732f8,4,0,4,0,
MI Cape Town,25,36,1,e66732f8,6b9eb501,50c6bc2b,0,0,0,0,
MI Cape Town,26,37,1,e66732f8,6b9eb501,50c6bc2b,1,0,1,0,
MI Cape Town,27,37,1,50c6bc2b,6b9eb501,e66732f8,0,0,0,0,
MI Cape Town,28,38,1,50c6bc2b,6b9eb501,e66732f8,1,0,1,0,
MI Cape Town,29,42,1,e66732f8,6b9eb501,50c6bc2b,4,0,4,0,
MI Cape Town,30,42,1,e66732f8,6b9eb501,50c6bc2b,0,0,0,0,
MI Cape Town,31,42,1,50c6bc2b,81c36ee9,e66732f8,0,0,0,0,
MI Cape Town,32,43,1,50c6bc2b,81c36ee9,e66732f8,1,0,1,0,
MI Cape Town,33,43,2,e66732f8,81c36ee9,50c6bc2b,0,0,0,1,caught
MI Cape Town,34,44,2,e94915e6,81c36ee9,50c6bc2b,1,0,1,0,
MI Cape Town,35,44,2,50c6bc2b,81c36ee9,e94915e6,0,0,0,0,
MI Cape Town,36,45,2,50c6bc2b,81c36ee9,e94915e6,1,0,1,0,
MI Cape Town,37,46,2,50c6bc2b,4a461c24,e94915e6,0,1,1,0,
MI Cape Town,38,47,2,50c6bc2b,4a461c24,e94915e6,0,1,1,0,
MI Cape Town,39,51,2,e94915e6,4a461c24,50c6bc2b,4,0,4,0,
MI Cape Town,40,51,2,e94915e6,4a461c24,50c6bc2b,0,0,0,0,
MI Cape Town,41,52,2,e94915e6,4a461c24,50c6bc2b,1,0,1,0,
MI Cape Town,42,52,2,50c6bc2b,4a461c24,e94915e6,0,0,0,0,
MI Cape Town,43,52,2,50c6bc2b,4a461c24,e94915e6,0,0,0,0,
MI Cape Town,44,56,2,e94915e6,23638956,50c6bc2b,4,0,4,0,
MI Cape Town,45,56,2,e94915e6,23638956,50c6bc2b,0,0,0,0,
MI Cape Town,46,57,2,e94915e6,23638956,50c6bc2b,1,0,1,0,
MI Cape Town,47,63,2,50c6bc2b,23638956,e94915e6,6,0,6,0,
MI Cape Town,48,64,2,50c6bc2b,23638956,e94915e6,1,0,1,0,
MI Cape Town,49,65,2,e94915e6,23638956,50c6bc2b,1,0,1,0,
MI Cape Town,50,65,2,e94915e6,4a461c24,50c6bc2b,0,0,0,0,
MI Cape Town,51,66,2,e94915e6,4a461c24,50c6bc2b,1,0,1,0,
MI Cape Town,52,67,2,50c6bc2b,4a461c24,e94915e6,1,0,1,0,
MI Cape Town,53,68,2,e94915e6,4a461c24,50c6bc2b,1,0,1,0,
MI Cape Town,54,69,2,50c6bc2b,4a461c24,e94915e6,1,0,1,0,
MI Cape Town,55,75,2,e94915e6,4a461c24,50c6bc2b,6,0,6,0,
MI Cape Town,56,76,2,50c6bc2b,6b9eb501,e94915e6,1,0,1,0,
MI Cape Town,57,77,2,e94915e6,6b9eb501,50c6bc2b,1,0,1,0,
MI Cape Town,58,78,2,50c6bc2b,6b9eb501,e94915e6,1,0,1,0,
MI Cape Town,59,78,2,e94915e6,6b9eb501,50c6bc2b,0,0,0,0,
MI Cape Town,60,79,2,e94915e6,6b9eb501,50c6bc2b,1,0,1,0,
MI Cape Town,61,79,3,50c6bc2b,6b9eb501,e94915e6,0,0,0,1,caught
MI Cape Town,62,80,3,e94915e6,23638956,a757b0d8,1,0,1,0,
MI Cape Town,63,81,3,a757b0d8,23638956,e94915e6,1,0,1,0,
MI Cape Town,64,85,3,e94915e6,23638956,a757b0d8,4,0,4,0,
MI Cape Town,65,85,3,e94915e6,23638956,a757b0d8,0,0,0,0,
MI Cape Town,66,87,3,e94915e6,23638956,a757b0d8,0,2,2,0,
MI Cape Town,67,87,3,a757b0d8,23638956,e94915e6,0,0,0,0,
MI Cape Town,68,87,3,a757b0d8,23638956,e94915e6,0,0,0,0,
MI Cape Town,69,88,3,e94915e6,208f22ea,a757b0d8,1,0,1,0,
MI Cape Town,70,89,3,a757b0d8,208f22ea,e94915e6,1,0,1,0,
MI Cape Town,71,90,3,e94915e6,208f22ea,a757b0d8,0,1,1,0,
MI Cape Town,72,91,3,e94915e6,208f22ea,a757b0d8,1,0,1,0,
MI Cape Town,73,93,3,a757b0d8,208f22ea,e94915e6,0,2,2,0,
MI Cape Town,74,94,3,a757b0d8,208f22ea,e94915e6,1,0,1,0,
MI Cape Town,75,95,3,e94915e6,208f22ea,a757b0d8,1,0,1,0,
MI Cape Town,76,96,4,e94915e6,4a461c24,a757b0d8,0,1,1,1,stumped
MI Cape Town,77,96,4,844e79d1,4a461c24,a757b0d8,0,0,0,0,
MI Cape Town,78,96,4,844e79d1,4a461c24,a757b0d8,0,0,0,0,
MI Cape Town,79,97,4,844e79d1,4a461c24,a757b0d8,1,0,1,0,
MI Cape Town,80,98,4,a757b0d8,4a461c24,844e79d1,1,0,1,0,
MI Cape Town,81,98,4,844e79d1,4a461c24,a757b0d8,0,0,0,0,
MI Cape Town,82,99,4,844e79d1,4a461c24,a757b0d8,1,0,1,0,
MI Cape Town,83,99,4,844e79d1,81c36ee9,a757b0d8,0,0,0,0,
MI Cape Town,84,100,4,844e79d1,81c36ee9,a757b0d8,1,0,1,0,
MI Cape Town,85,100,4,a757b0d8,81c36ee9,844e79d1,0,0,0,0,
MI Cape Town,86,101,4,a757b0d8,81c36ee9,844e79d1,1,0,1,0,
MI Cape Town,87,107,4,844e79d1,81c36ee9,a757b0d8,6,0,6,0,
MI Cape Town,88,108,4,844e79d1,81c36ee9,a757b0d8,1,0,1,0,
MI Cape Town,89,108,4,844e79d1,4a461c24,a757b0d8,0,0,0,0,
MI Cape Town,90,109,4,844e79d1,4a461c24,a757b0d8,1,0,1,0,
MI Cape Town,91,113,4,a757b0d8,4a461c24,844e79d1,4,0,4,0,
MI Cape Town,92,115,4,a757b0d8,4a461c24,844e79d1,2,0,2,0,
MI Cape Town,93,116,4,a757b0d8,4a461c24,844e79d1,1,0,1,0,
MI Cape Town,94,117,4,844e79d1,4a461c24,a757b0d8,1,0,1,0,
MI Cape Town,95,123,4,844e79d1,39181592,a757b0d8,6,0,6,0,
MI Cape Town,96,125,4,844e79d1,39181592,a757b0d8,1,1,2,0,
MI Cape Town,97,126,4,a757b0d8,39181592,844e79d1,0,1,1,0,
MI Cape Town,98,128,4,a757b0d8,39181592,844e79d1,2,0,2,0,
MI Cape Town,99,129,4,a757b0d8,39181592,844e79d1,1,0,1,0,
MI Cape Town,100,130,4,844e79d1,39181592,a757b0d8,1,0,1,0,
MI Cape Town,101,131,4,a757b0d8,39181592,844e79d1,0,1,1,0,
MI Cape Town,102,131,4,844e79d1,39181592,a757b0d8,0,0,0,0,
MI Cape Town,103,132,4,a757b0d8,6b9eb501,844e79d1,0,1,1,0,
MI Cape Town,104,132,4,844e79d1,6b9eb501,a757b0d8,0,0,0,0,
MI Cape Town,105,138,4,844e79d1,6b9eb501,a757b0d8,6,0,6,0,
MI Cape Town,106,138,5,844e79d1,6b9eb501,a757b0d8,0,0,0,1,caught
MI Cape Town,107,138,5,60fbf53a,6b9eb501,a757b0d8,0,0,0,0,
MI Cape Town,108,139,5,60fbf53a,6b9eb501,a757b0d8,1,0,1,0,
MI Cape Town,109,139,5,60fbf53a,81c36ee9,a757b0d8,0,0,0,0,
MI Cape Town,110,140,5,60fbf53a,81c36ee9,a757b0d8,1,0,1,0,
MI Cape Town,111,144,5,a757b0d8,81c36ee9,60fbf53a,4,0,4,0,
MI Cape Town,112,148,5,a757b0d8,81c36ee9,60fbf53a,4,0,4,0,
MI Cape Town,113,150,5,a757b0d8,81c36ee9,60fbf53a,2,0,2,0,
MI Cape Town,114,150,5,a757b0d8,81c36ee9,60fbf53a,0,0,0,0,
MI Cape Town,115,150,5,60fbf53a,6b9eb501,a757b0d8,0,0,0,0,
MI Cape Town,116,152,5,60fbf53a,6b9eb501,a757b0d8,0,2,2,0,
MI Cape Town,117,153,5,a757b0d8,6b9eb501,60fbf53a,1,0,1,0,
MI Cape Town,118,154,5,60fbf53a,6b9eb501,a757b0d8,1,0,1,0,
MI Cape Town,119,155,5,a757b0d8,6b9eb501,60fbf53a,1,0,1,0,
MI Cape Town,120,156,5,60fbf53a,6b9eb501,a757b0d8,1,0,1,0,
MI Cape Town,121,158,5,a757b0d8,6b9eb501,60fbf53a,2,0,2,0,
MI Cape Town,122,158,6,60fbf53a,208f22ea,a757b0d8,0,0,0,1,caught
MI Cape Town,123,164,6,e5437608,208f22ea,a757b0d8,6,0,6,0,
MI Cape Town,124,168,6,e5437608,208f22ea,a757b0d8,4,0,4,0,
MI Cape Town,125,169,6,e5437608,208f22ea,a757b0d8,1,0,1,0,
MI Cape Town,126,170,7,a757b0d8,208f22ea,e5437608,1,0,1,1,run out
MI Cape Town,127,171,7,0773c16a,208f22ea,e5437608,1,0,1,0,
