batting_team,ball_number,total_team_runs,total_team_wickets,striker_ID,bowler_ID,nonstriker_ID,batter_runs,extras_runs,total_delivery_runs,wicket,wicket_type
Northern Superchargers,1,0,1,60f4c586,e9c7f0d0,4fd09cfc,0,0,0,1,lbw
Northern Superchargers,2,0,1,3241e3fd,e9c7f0d0,4fd09cfc,0,0,0,0,
Northern Superchargers,3,0,1,3241e3fd,e9c7f0d0,4fd09cfc,0,0,0,0,
Northern Superchargers,4,0,1,3241e3fd,e9c7f0d0,4fd09cfc,0,0,0,0,
Northern Superchargers,5,1,1,3241e3fd,e9c7f0d0,4fd09cfc,0,1,1,0,
Northern Superchargers,6,2,1,3241e3fd,e9c7f0d0,4fd09cfc,1,0,1,0,
Northern Superchargers,7,2,1,4fd09cfc,e9c7f0d0,3241e3fd,0,0,0,0,
Northern Superchargers,8,2,1,4fd09cfc,e9c7f0d0,3241e3fd,0,0,0,0,
Northern Superchargers,9,2,1,4fd09cfc,e9c7f0d0,3241e3fd,0,0,0,0,
Northern Superchargers,10,6,1,4fd09cfc,e9c7f0d0,3241e3fd,4,0,4,0,
Northern Superchargers,11,7,1,4fd09cfc,e9c7f0d0,3241e3fd,0,1,1,0,
Northern Superchargers,12,7,1,4fd09cfc,c5f40e35,3241e3fd,0,0,0,0,
Northern Superchargers,13,7,1,4fd09cfc,c5f40e35,3241e3fd,0,0,0,0,
Northern Superchargers,14,9,1,4fd09cfc,c5f40e35,3241e3fd,2,0,2,0,
Northern Superchargers,15,13,1,4fd09cfc,c5f40e35,3241e3fd,4,0,4,0,
Northern Superchargers,16,14,1,4fd09cfc,c5f40e35,3241e3fd,1,0,1,0,
Northern Superchargers,17,14,1,3241e3fd,e9c7f0d0,4fd09cfc,0,0,0,0,
Northern Superchargers,18,14,1,3241e3fd,e9c7f0d0,4fd09cfc,0,0,0,0,
Northern Superchargers,19,14,1,3241e3fd,e9c7f0d0,4fd09cfc,0,0,0,0,
Northern Superchargers,20,15,1,3241e3fd,e9c7f0d0,4fd09cfc,0,1,1,0,
Northern Superchargers,21,19,1,3241e3fd,e9c7f0d0,4fd09cfc,4,0,4,0,
Northern Superchargers,22,19,1,3241e3fd,e9c7f0d0,4fd09cfc,0,0,0,0,
Northern Superchargers,23,20,1,4fd09cfc,57590dbb,3241e3fd,1,0,1,0,
Northern Superchargers,24,24,1,3241e3fd,57590dbb,4fd09cfc,4,0,4,0,
Northern Superchargers,25,24,1,3241e3fd,57590dbb,4fd09cfc,0,0,0,0,
Northern Superchargers,26,24,2,3241e3fd,57590dbb,4fd09cfc,0,0,0,1,caught and bowled
Northern Superchargers,27,25,2,4ae1755b,57590dbb,4fd09cfc,1,0,1,0,
Northern Superchargers,28,25,2,4fd09cfc,22b98d7c,4ae1755b,0,0,0,0,
Northern Superchargers,29,26,2,4fd09cfc,22b98d7c,4ae1755b,1,0,1,0,
Northern Superchargers,30,27,2,4ae1755b,22b98d7c,4fd09cfc,1,0,1,0,
Northern Superchargers,31,29,2,4fd09cfc,22b98d7c,4ae1755b,2,0,2,0,
Northern Superchargers,32,30,2,4fd09cfc,22b98d7c,4ae1755b,1,0,1,0,
Northern Superchargers,33,34,2,4fd09cfc,57590dbb,4ae1755b,4,0,4,0,
Northern Superchargers,34,34,2,4fd09cfc,57590dbb,4ae1755b,0,0,0,0,
Northern Superchargers,35,38,2,4fd09cfc,57590dbb,4ae1755b,4,0,4,0,
Northern Superchargers,36,39,2,4fd09cfc,57590dbb,4ae1755b,1,0,1,0,
Northern Superchargers,37,43,2,4ae1755b,57590dbb,4fd09cfc,4,0,4,0,
Northern Superchargers,38,46,2,4ae1755b,26d041c4,4fd09cfc,1,2,3,0,
Northern Superchargers,39,47,2,4fd09cfc,26d041c4,4ae1755b,1,0,1,0,
Northern Superchargers,40,49,2,4ae1755b,26d041c4,4fd09cfc,2,0,2,0,
Northern Superchargers,41,53,2,4ae1755b,26d041c4,4fd09cfc,4,0,4,0,
Northern Superchargers,42,53,2,4ae1755b,26d041c4,4fd09cfc,0,0,0,0,
Northern Superchargers,43,57,2,4ae1755b,26d041c4,4fd09cfc,4,0,4,0,
Northern Superchargers,44,61,2,4fd09cfc,6dd8b88c,4ae1755b,4,0,4,0,
Northern Superchargers,45,62,2,4fd09cfc,6dd8b88c,4ae1755b,1,0,1,0,
Northern Superchargers,46,62,2,4ae1755b,6dd8b88c,4fd09cfc,0,0,0,0,
Northern Superchargers,47,62,2,4ae1755b,6dd8b88c,4fd09cfc,0,0,0,0,
Northern Superchargers,48,64,2,4ae1755b,6dd8b88c,4fd09cfc,2,0,2,0,
Northern Superchargers,49,65,2,4ae1755b,c5f40e35,4fd09cfc,1,0,1,0,
Northern Superchargers,50,66,2,4fd09cfc,c5f40e35,4ae1755b,1,0,1,0,
Northern Superchargers,51,66,2,4ae1755b,c5f40e35,4fd09cfc,0,0,0,0,
Northern Superchargers,52,70,2,4ae1755b,c5f40e35,4fd09cfc,4,0,4,0,
Northern Superchargers,53,72,2,4ae1755b,c5f40e35,4fd09cfc,2,0,2,0,
Northern Superchargers,54,73,2,4fd09cfc,6dd8b88c,4ae1755b,1,0,1,0,
Northern Superchargers,55,74,2,4ae1755b,6dd8b88c,4fd09cfc,1,0,1,0,
Northern Superchargers,56,74,3,4fd09cfc,6dd8b88c,4ae1755b,0,0,0,1,caught
Northern Superchargers,57,76,3,104e88a4,6dd8b88c,4ae1755b,0,2,2,0,
Northern Superchargers,58,82,3,104e88a4,6dd8b88c,4ae1755b,6,0,6,0,
Northern Superchargers,59,82,3,104e88a4,6dd8b88c,4ae1755b,0,0,0,0,
Northern Superchargers,60,82,3,104e88a4,22b98d7c,4ae1755b,0,0,0,0,
Northern Superchargers,61,83,3,104e88a4,22b98d7c,4ae1755b,1,0,1,0,
Northern Superchargers,62,87,3,4ae1755b,22b98d7c,104e88a4,4,0,4,0,
Northern Superchargers,63,91,3,4ae1755b,22b98d7c,104e88a4,4,0,4,0,
Northern Superchargers,64,92,3,4ae1755b,22b98d7c,104e88a4,1,0,1,0,
Northern Superchargers,65,93,3,4ae1755b,57590dbb,104e88a4,1,0,1,0,
Northern Superchargers,66,97,3,104e88a4,57590dbb,4ae1755b,4,0,4,0,
Northern Superchargers,67,97,3,104e88a4,57590dbb,4ae1755b,0,0,0,0,
Northern Superchargers,68,101,3,104e88a4,57590dbb,4ae1755b,4,0,4,0,
Northern Superchargers,69,101,3,104e88a4,57590dbb,4ae1755b,0,0,0,0,
Northern Superchargers,70,101,3,104e88a4,6dd8b88c,4ae1755b,0,0,0,0,
Northern Superchargers,71,102,3,104e88a4,6dd8b88c,4ae1755b,1,0,1,0,
Northern Superchargers,72,103,3,4ae1755b,6dd8b88c,104e88a4,1,0,1,0,
Northern Superchargers,73,107,3,104e88a4,6dd8b88c,4ae1755b,4,0,4,0,
Northern Superchargers,74,108,3,104e88a4,6dd8b88c,4ae1755b,1,0,1,0,
Northern Superchargers,75,109,3,104e88a4,22b98d7c,4ae1755b,1,0,1,0,
Northern Superchargers,76,110,3,4ae1755b,22b98d7c,104e88a4,1,0,1,0,
Northern Superchargers,77,111,3,104e88a4,22b98d7c,4ae1755b,0,1,1,0,
Northern Superchargers,78,115,3,4ae1755b,22b98d7c,104e88a4,4,0,4,0,
Northern Superchargers,79,119,3,4ae1755b,22b98d7c,104e88a4,4,0,4,0,
Northern Superchargers,80,120,3,4ae1755b,26d041c4,104e88a4,1,0,1,0,
Northern Superchargers,81,121,3,104e88a4,26d041c4,4ae1755b,1,0,1,0,
Northern Superchargers,82,121,3,4ae1755b,26d041c4,104e88a4,0,0,0,0,
Northern Superchargers,83,125,3,4ae1755b,26d041c4,104e88a4,4,0,4,0,
Northern Superchargers,84,127,3,4ae1755b,26d041c4,104e88a4,2,0,2,0,
Northern Superchargers,85,133,3,104e88a4,6dd8b88c,4ae1755b,6,0,6,0,
Northern Superchargers,86,133,4,104e88a4,6dd8b88c,4ae1755b,0,0,0,1,caught
Northern Superchargers,87,135,4,e1b9f3a9,6dd8b88c,4ae1755b,2,0,2,0,
Northern Superchargers,88,141,4,e1b9f3a9,6dd8b88c,4ae1755b,6,0,6,0,
Northern Superchargers,89,142,4,e1b9f3a9,6dd8b88c,4ae1755b,1,0,1,0,
Northern Superchargers,90,144,4,4ae1755b,c5f40e35,e1b9f3a9,2,0,2,0,
Northern Superchargers,91,145,4,4ae1755b,c5f40e35,e1b9f3a9,1,0,1,0,
Northern Superchargers,92,146,4,e1b9f3a9,c5f40e35,4ae1755b,1,0,1,0,
Northern Superchargers,93,147,4,4ae1755b,c5f40e35,e1b9f3a9,1,0,1,0,
Northern Superchargers,94,148,4,e1b9f3a9,c5f40e35,4ae1755b,1,0,1,0,
Northern Superchargers,95,149,4,e1b9f3a9,e9c7f0d0,4ae1755b,1,0,1,0,
Northern Superchargers,96,149,4,4ae1755b,e9c7f0d0,e1b9f3a9,0,0,0,0,
Northern Superchargers,97,149,5,4ae1755b,e9c7f0d0,e1b9f3a9,0,0,0,1,caught
Northern Superchargers,98,150,5,e4a0deae,e9c7f0d0,e1b9f3a9,1,0,1,0,
Northern Superchargers,99,151,5,e1b9f3a9,e9c7f0d0,e4a0deae,1,0,1,0,
Northern Superchargers,100,152,5,e4a0deae,c5f40e35,e1b9f3a9,1,0,1,0,
Northern Superchargers,101,153,5,e1b9f3a9,c5f40e35,e4a0deae,0,1,1,0,
Northern Superchargers,102,159,5,e1b9f3a9,c5f40e35,e4a0deae,6,0,6,0,
Northern Superchargers,103,160,5,e1b9f3a9,c5f40e35,e4a0deae,1,0,1,0,
Northern Superchargers,104,164,5,e4a0deae,c5f40e35,e1b9f3a9,4,0,4,0,
Northern Superchargers,105,166,5,e4a0deae,c5f40e35,e1b9f3a9,0,2,2,0,
Northern Superchargers,106,167,5,e4a0deae,c5f40e35,e1b9f3a9,1,0,1,0,
Manchester Originals,1,0,0,3d284ca3,8db7f47f,40e4cf47,0,0,0,0,
Manchester Originals,2,4,0,3d284ca3,8db7f47f,40e4cf47,4,0,4,0,
Manchester Originals,3,8,0,3d284ca3,8db7f47f,40e4cf47,4,0,4,0,
Manchester Originals,4,9,0,3d284ca3,8db7f47f,40e4cf47,0,1,1,0,
Manchester Originals,5,10,0,3d284ca3,8db7f47f,40e4cf47,0,1,1,0,
Manchester Originals,6,10,0,3d284ca3,8db7f47f,40e4cf47,0,0,0,0,
Manchester Originals,7,10,0,3d284ca3,8db7f47f,40e4cf47,0,0,0,0,
Manchester Originals,8,12,0,3d284ca3,894b2d25,40e4cf47,2,0,2,0,
Manchester Originals,9,16,0,3d284ca3,894b2d25,40e4cf47,4,0,4,0,
Manchester Originals,10,16,0,3d284ca3,894b2d25,40e4cf47,0,0,0,0,
Manchester Originals,11,19,0,3d284ca3,894b2d25,40e4cf47,3,0,3,0,
Manchester Originals,12,19,0,40e4cf47,894b2d25,3d284ca3,0,0,0,0,
Manchester Originals,13,20,0,3d284ca3,8db7f47f,40e4cf47,1,0,1,0,
Manchester Originals,14,21,0,40e4cf47,8db7f47f,3d284ca3,1,0,1,0,
Manchester Originals,15,22,0,3d284ca3,8db7f47f,40e4cf47,1,0,1,0,
Manchester Originals,16,25,0,40e4cf47,8db7f47f,3d284ca3,3,0,3,0,
Manchester Originals,17,25,0,3d284ca3,8db7f47f,40e4cf47,0,0,0,0,
Manchester Originals,18,26,0,3d284ca3,e1b9f3a9,40e4cf47,1,0,1,0,
Manchester Originals,19,27,0,40e4cf47,e1b9f3a9,3d284ca3,1,0,1,0,
Manchester Originals,20,29,0,3d284ca3,e1b9f3a9,40e4cf47,2,0,2,0,
Manchester Originals,21,30,0,3d284ca3,e1b9f3a9,40e4cf47,1,0,1,0,
Manchester Originals,22,31,0,40e4cf47,e1b9f3a9,3d284ca3,1,0,1,0,
Manchester Originals,23,37,0,40e4cf47,8db7f47f,3d284ca3,6,0,6,0,
Manchester Originals,24,39,0,40e4cf47,8db7f47f,3d284ca3,2,0,2,0,
Manchester Originals,25,45,0,40e4cf47,8db7f47f,3d284ca3,6,0,6,0,
Manchester Originals,26,49,0,40e4cf47,8db7f47f,3d284ca3,4,0,4,0,
Manchester Originals,27,50,0,40e4cf47,8db7f47f,3d284ca3,1,0,1,0,
Manchester Originals,28,50,0,3d284ca3,e4a0deae,40e4cf47,0,0,0,0,
Manchester Originals,29,56,0,3d284ca3,e4a0deae,40e4cf47,6,0,6,0,
Manchester Originals,30,56,0,3d284ca3,e4a0deae,40e4cf47,0,0,0,0,
Manchester Originals,31,56,0,3d284ca3,e4a0deae,40e4cf47,0,0,0,0,
Manchester Originals,32,56,0,3d284ca3,e4a0deae,40e4cf47,0,0,0,0,
Manchester Originals,33,56,0,40e4cf47,249d60c9,3d284ca3,0,0,0,0,
Manchester Originals,34,56,0,40e4cf47,249d60c9,3d284ca3,0,0,0,0,
Manchester Originals,35,57,0,40e4cf47,249d60c9,3d284ca3,1,0,1,0,
Manchester Originals,36,57,0,3d284ca3,249d60c9,40e4cf47,0,0,0,0,
Manchester Originals,37,58,0,3d284ca3,249d60c9,40e4cf47,1,0,1,0,
Manchester Originals,38,62,0,40e4cf47,e4a0deae,3d284ca3,4,0,4,0,
Manchester Originals,39,62,0,40e4cf47,e4a0deae,3d284ca3,0,0,0,0,
Manchester Originals,40,62,0,40e4cf47,e4a0deae,3d284ca3,0,0,0,0,
Manchester Originals,41,62,0,40e4cf47,e4a0deae,3d284ca3,0,0,0,0,
Manchester Originals,42,63,0,40e4cf47,e4a0deae,3d284ca3,1,0,1,0,
Manchester Originals,43,64,0,40e4cf47,249d60c9,3d284ca3,1,0,1,0,
Manchester Originals,44,70,0,3d284ca3,249d60c9,40e4cf47,6,0,6,0,
Manchester Originals,45,71,0,3d284ca3,249d60c9,40e4cf47,1,0,1,0,
Manchester Originals,46,75,0,40e4cf47,249d60c9,3d284ca3,0,4,4,0,
Manchester Originals,47,79,0,40e4cf47,249d60c9,3d284ca3,4,0,4,0,
Manchester Originals,48,79,0,40e4cf47,e1b9f3a9,3d284ca3,0,0,0,0,
Manchester Originals,49,85,0,40e4cf47,e1b9f3a9,3d284ca3,6,0,6,0,
Manchester Originals,50,85,0,40e4cf47,e1b9f3a9,3d284ca3,0,0,0,0,
Manchester Originals,51,86,0,40e4cf47,e1b9f3a9,3d284ca3,1,0,1,0,
Manchester Originals,52,88,0,3d284ca3,e1b9f3a9,40e4cf47,2,0,2,0,
Manchester Originals,53,89,0,40e4cf47,894b2d25,3d284ca3,1,0,1,0,
Manchester Originals,54,89,0,3d284ca3,894b2d25,40e4cf47,0,0,0,0,
Manchester Originals,55,90,0,3d284ca3,894b2d25,40e4cf47,1,0,1,0,
Manchester Originals,56,90,1,40e4cf47,894b2d25,3d284ca3,0,0,0,1,run out
Manchester Originals,57,90,1,57590dbb,894b2d25,40e4cf47,0,0,0,0,
Manchester Originals,58,91,1,57590dbb,c672e80e,40e4cf47,1,0,1,0,
Manchester Originals,59,92,1,40e4cf47,c672e80e,57590dbb,1,0,1,0,
Manchester Originals,60,93,1,57590dbb,c672e80e,40e4cf47,1,0,1,0,
Manchester Originals,61,99,1,40e4cf47,c672e80e,57590dbb,6,0,6,0,
Manchester Originals,62,103,1,40e4cf47,c672e80e,57590dbb,4,0,4,0,
Manchester Originals,63,104,1,57590dbb,249d60c9,40e4cf47,1,0,1,0,
Manchester Originals,64,108,1,40e4cf47,249d60c9,57590dbb,4,0,4,0,
Manchester Originals,65,108,1,40e4cf47,249d60c9,57590dbb,0,0,0,0,
Manchester Originals,66,110,1,40e4cf47,249d60c9,57590dbb,2,0,2,0,
Manchester Originals,67,110,1,40e4cf47,249d60c9,57590dbb,0,0,0,0,
Manchester Originals,68,111,1,40e4cf47,e1b9f3a9,57590dbb,1,0,1,0,
Manchester Originals,69,111,2,57590dbb,e1b9f3a9,40e4cf47,0,0,0,1,caught
Manchester Originals,70,115,2,59559bc2,e1b9f3a9,40e4cf47,4,0,4,0,
Manchester Originals,71,116,2,59559bc2,e1b9f3a9,40e4cf47,1,0,1,0,
Manchester Originals,72,118,2,40e4cf47,e1b9f3a9,59559bc2,2,0,2,0,
Manchester Originals,73,119,2,59559bc2,249d60c9,40e4cf47,1,0,1,0,
Manchester Originals,74,121,2,40e4cf47,249d60c9,59559bc2,2,0,2,0,
Manchester Originals,75,121,2,40e4cf47,249d60c9,59559bc2,0,0,0,0,
Manchester Originals,76,125,2,40e4cf47,249d60c9,59559bc2,4,0,4,0,
Manchester Originals,77,126,2,40e4cf47,249d60c9,59559bc2,1,0,1,0,
Manchester Originals,78,127,2,59559bc2,e4a0deae,40e4cf47,1,0,1,0,
Manchester Originals,79,128,2,40e4cf47,e4a0deae,59559bc2,1,0,1,0,
Manchester Originals,80,128,2,59559bc2,e4a0deae,40e4cf47,0,0,0,0,
Manchester Originals,81,128,3,59559bc2,e4a0deae,40e4cf47,0,0,0,1,caught
Manchester Originals,82,128,4,86e0f3f0,e4a0deae,40e4cf47,0,0,0,1,lbw
Manchester Originals,83,132,4,40e4cf47,e4a0deae,26d041c4,4,0,4,0,
Manchester Originals,84,133,4,40e4cf47,e4a0deae,26d041c4,1,0,1,0,
Manchester Originals,85,137,4,26d041c4,e4a0deae,40e4cf47,4,0,4,0,
Manchester Originals,86,138,4,26d041c4,e4a0deae,40e4cf47,1,0,1,0,
Manchester Originals,87,138,4,40e4cf47,e4a0deae,26d041c4,0,0,0,0,
Manchester Originals,88,139,4,40e4cf47,894b2d25,26d041c4,1,0,1,0,
Manchester Originals,89,139,5,26d041c4,894b2d25,40e4cf47,0,0,0,1,run out
Manchester Originals,90,139,5,d34a2268,894b2d25,26d041c4,0,0,0,0,
Manchester Originals,91,141,5,d34a2268,894b2d25,26d041c4,2,0,2,0,
Manchester Originals,92,142,5,d34a2268,894b2d25,26d041c4,1,0,1,0,
Manchester Originals,93,143,5,d34a2268,e1b9f3a9,26d041c4,0,1,1,0,
Manchester Originals,94,144,5,26d041c4,e1b9f3a9,d34a2268,1,0,1,0,
Manchester Originals,95,148,5,d34a2268,e1b9f3a9,26d041c4,4,0,4,0,
Manchester Originals,96,148,5,d34a2268,e1b9f3a9,26d041c4,0,0,0,0,
Manchester Originals,97,148,6,d34a2268,e1b9f3a9,26d041c4,0,0,0,1,caught
Manchester Originals,98,149,6,6dd8b88c,894b2d25,26d041c4,1,0,1,0,
Manchester Originals,99,150,6,26d041c4,894b2d25,6dd8b88c,1,0,1,0,
Manchester Originals,100,151,6,6dd8b88c,894b2d25,26d041c4,1,0,1,0,
Manchester Originals,101,152,6,26d041c4,894b2d25,6dd8b88c,1,0,1,0,
Manchester Originals,102,153,6,6dd8b88c,894b2d25,26d041c4,1,0,1,0,
