batting_team,ball_number,total_team_runs,total_team_wickets,striker_ID,bowler_ID,nonstriker_ID,batter_runs,extras_runs,total_delivery_runs,wicket,wicket_type
United States of America,1,0,0,571e1d2a,0b0cc297,d1305df0,0,0,0,0,
United States of America,2,0,0,571e1d2a,0b0cc297,d1305df0,0,0,0,0,
United States of America,3,1,0,571e1d2a,0b0cc297,d1305df0,1,0,1,0,
United States of America,4,2,0,d1305df0,0b0cc297,571e1d2a,0,1,1,0,
United States of America,5,2,0,d1305df0,0b0cc297,571e1d2a,0,0,0,0,
United States of America,6,2,0,d1305df0,0b0cc297,571e1d2a,0,0,0,0,
United States of America,7,2,0,d1305df0,0b0cc297,571e1d2a,0,0,0,0,
United States of America,8,2,0,571e1d2a,80ad39ac,d1305df0,0,0,0,0,
United States of America,9,2,0,571e1d2a,80ad39ac,d1305df0,0,0,0,0,
United States of America,10,2,0,571e1d2a,80ad39ac,d1305df0,0,0,0,0,
United States of America,11,6,0,571e1d2a,80ad39ac,d1305df0,4,0,4,0,
United States of America,12,6,0,571e1d2a,80ad39ac,d1305df0,0,0,0,0,
United States of America,13,10,0,571e1d2a,80ad39ac,d1305df0,4,0,4,0,
United States of America,14,16,0,d1305df0,7dc35884,571e1d2a,6,0,6,0,
United States of America,15,16,0,d1305df0,7dc35884,571e1d2a,0,0,0,0,
United States of America,16,16,0,d1305df0,7dc35884,571e1d2a,0,0,0,0,
United States of America,17,17,0,d1305df0,7dc35884,571e1d2a,1,0,1,0,
United States of America,18,17,0,571e1d2a,7dc35884,d1305df0,0,0,0,0,
United States of America,19,18,0,571e1d2a,7dc35884,d1305df0,1,0,1,0,
United States of America,20,19,0,571e1d2a,0b0cc297,d1305df0,1,0,1,0,
United States of America,21,23,0,d1305df0,0b0cc297,571e1d2a,4,0,4,0,
United States of America,22,27,0,d1305df0,0b0cc297,571e1d2a,4,0,4,0,
United States of America,23,31,0,d1305df0,0b0cc297,571e1d2a,4,0,4,0,
United States of America,24,31,0,d1305df0,0b0cc297,571e1d2a,0,0,0,0,
United States of America,25,35,0,d1305df0,0b0cc297,571e1d2a,4,0,4,0,
United States of America,26,35,0,571e1d2a,7dc35884,d1305df0,0,0,0,0,
United States of America,27,41,0,571e1d2a,7dc35884,d1305df0,6,0,6,0,
United States of America,28,42,0,571e1d2a,7dc35884,d1305df0,1,0,1,0,
United States of America,29,42,0,d1305df0,7dc35884,571e1d2a,0,0,0,0,
United States of America,30,46,0,d1305df0,7dc35884,571e1d2a,4,0,4,0,
United States of America,31,46,1,d1305df0,7dc35884,571e1d2a,0,0,0,1,caught
United States of America,32,46,1,571e1d2a,0a8fce53,b3bad3f2,0,0,0,0,
United States of America,33,46,1,571e1d2a,0a8fce53,b3bad3f2,0,0,0,0,
United States of America,34,46,1,571e1d2a,0a8fce53,b3bad3f2,0,0,0,0,
United States of America,35,46,1,571e1d2a,0a8fce53,b3bad3f2,0,0,0,0,
United States of America,36,46,2,571e1d2a,0a8fce53,b3bad3f2,0,0,0,1,caught
United States of America,37,46,2,b4296080,0a8fce53,b3bad3f2,0,0,0,0,
United States of America,38,46,2,b3bad3f2,5935d694,b4296080,0,0,0,0,
United States of America,39,47,2,b3bad3f2,5935d694,b4296080,1,0,1,0,
United States of America,40,48,2,b4296080,5935d694,b3bad3f2,1,0,1,0,
United States of America,41,48,2,b3bad3f2,5935d694,b4296080,0,0,0,0,
United States of America,42,48,2,b3bad3f2,5935d694,b4296080,0,0,0,0,
United States of America,43,48,2,b3bad3f2,5935d694,b4296080,0,0,0,0,
United States of America,44,49,2,b4296080,80ad39ac,b3bad3f2,0,1,1,0,
United States of America,45,49,2,b3bad3f2,80ad39ac,b4296080,0,0,0,0,
United States of America,46,50,2,b3bad3f2,80ad39ac,b4296080,1,0,1,0,
United States of America,47,52,2,b4296080,80ad39ac,b3bad3f2,2,0,2,0,
United States of America,48,52,2,b4296080,80ad39ac,b3bad3f2,0,0,0,0,
United States of America,49,53,2,b4296080,80ad39ac,b3bad3f2,0,1,1,0,
United States of America,50,54,2,b4296080,80ad39ac,b3bad3f2,1,0,1,0,
United States of America,51,54,2,b4296080,5935d694,b3bad3f2,0,0,0,0,
United States of America,52,54,2,b4296080,5935d694,b3bad3f2,0,0,0,0,
United States of America,53,54,2,b4296080,5935d694,b3bad3f2,0,0,0,0,
United States of America,54,54,2,b4296080,5935d694,b3bad3f2,0,0,0,0,
United States of America,55,54,2,b4296080,5935d694,b3bad3f2,0,0,0,0,
United States of America,56,54,2,b4296080,5935d694,b3bad3f2,0,0,0,0,
United States of America,57,55,2,b3bad3f2,0a8fce53,b4296080,1,0,1,0,
United States of America,58,55,2,b4296080,0a8fce53,b3bad3f2,0,0,0,0,
United States of America,59,56,2,b4296080,0a8fce53,b3bad3f2,1,0,1,0,
United States of America,60,56,3,b3bad3f2,0a8fce53,b4296080,0,0,0,1,caught
United States of America,61,56,3,17aa4f1d,0a8fce53,b4296080,0,0,0,0,
United States of America,62,56,3,17aa4f1d,0a8fce53,b4296080,0,0,0,0,
United States of America,63,56,3,b4296080,7dc35884,17aa4f1d,0,0,0,0,
United States of America,64,56,3,b4296080,7dc35884,17aa4f1d,0,0,0,0,
United States of America,65,57,3,b4296080,7dc35884,17aa4f1d,1,0,1,0,
United States of America,66,58,3,17aa4f1d,7dc35884,b4296080,1,0,1,0,
United States of America,67,59,3,b4296080,7dc35884,17aa4f1d,1,0,1,0,
United States of America,68,60,3,17aa4f1d,7dc35884,b4296080,1,0,1,0,
United States of America,69,60,3,17aa4f1d,0b0cc297,b4296080,0,0,0,0,
United States of America,70,60,3,17aa4f1d,0b0cc297,b4296080,0,0,0,0,
United States of America,71,60,4,17aa4f1d,0b0cc297,b4296080,0,0,0,1,caught
United States of America,72,60,4,8abdf100,0b0cc297,b4296080,0,0,0,0,
United States of America,73,60,4,8abdf100,0b0cc297,b4296080,0,0,0,0,
United States of America,74,60,4,8abdf100,0b0cc297,b4296080,0,0,0,0,
United States of America,75,60,4,b4296080,5935d694,8abdf100,0,0,0,0,
United States of America,76,60,5,b4296080,5935d694,8abdf100,0,0,0,1,caught
United States of America,77,60,5,97b0e4ff,5935d694,8abdf100,0,0,0,0,
United States of America,78,60,5,97b0e4ff,5935d694,8abdf100,0,0,0,0,
United States of America,79,61,5,97b0e4ff,5935d694,8abdf100,1,0,1,0,
United States of America,80,62,5,8abdf100,5935d694,97b0e4ff,1,0,1,0,
United States of America,81,63,5,8abdf100,bf1d7d3e,97b0e4ff,1,0,1,0,
United States of America,82,64,5,97b0e4ff,bf1d7d3e,8abdf100,1,0,1,0,
United States of America,83,64,5,8abdf100,bf1d7d3e,97b0e4ff,0,0,0,0,
United States of America,84,64,5,8abdf100,bf1d7d3e,97b0e4ff,0,0,0,0,
United States of America,85,65,5,8abdf100,bf1d7d3e,97b0e4ff,1,0,1,0,
United States of America,86,65,5,97b0e4ff,bf1d7d3e,8abdf100,0,0,0,0,
United States of America,87,66,5,8abdf100,5935d694,97b0e4ff,1,0,1,0,
United States of America,88,67,5,97b0e4ff,5935d694,8abdf100,1,0,1,0,
United States of America,89,68,5,8abdf100,5935d694,97b0e4ff,1,0,1,0,
United States of America,90,68,5,97b0e4ff,5935d694,8abdf100,0,0,0,0,
United States of America,91,68,5,97b0e4ff,5935d694,8abdf100,0,0,0,0,
United States of America,92,68,5,97b0e4ff,5935d694,8abdf100,0,0,0,0,
United States of America,93,69,5,8abdf100,bf1d7d3e,97b0e4ff,1,0,1,0,
United States of America,94,71,5,97b0e4ff,bf1d7d3e,8abdf100,2,0,2,0,
United States of America,95,71,5,97b0e4ff,bf1d7d3e,8abdf100,0,0,0,0,
United States of America,96,75,5,97b0e4ff,bf1d7d3e,8abdf100,4,0,4,0,
United States of America,97,76,5,97b0e4ff,bf1d7d3e,8abdf100,1,0,1,0,
United States of America,98,76,5,8abdf100,bf1d7d3e,97b0e4ff,0,0,0,0,
United States of America,99,77,5,97b0e4ff,0b0cc297,8abdf100,1,0,1,0,
United States of America,100,77,5,8abdf100,0b0cc297,97b0e4ff,0,0,0,0,
United States of America,101,81,5,8abdf100,0b0cc297,97b0e4ff,4,0,4,0,
United States of America,102,87,5,8abdf100,0b0cc297,97b0e4ff,6,0,6,0,
United States of America,103,88,5,8abdf100,0b0cc297,97b0e4ff,1,0,1,0,
United States of America,104,89,5,97b0e4ff,0b0cc297,8abdf100,1,0,1,0,
United States of America,105,90,5,97b0e4ff,0a8fce53,8abdf100,0,1,1,0,
United States of America,106,91,5,8abdf100,0a8fce53,97b0e4ff,1,0,1,0,
United States of America,107,92,5,97b0e4ff,0a8fce53,8abdf100,0,1,1,0,
United States of America,108,92,6,97b0e4ff,0a8fce53,8abdf100,0,0,0,1,bowled
United States of America,109,93,6,5ec41cd7,0a8fce53,8abdf100,1,0,1,0,
United States of America,110,94,6,8abdf100,0a8fce53,5ec41cd7,0,1,1,0,
United States of America,111,94,7,8abdf100,0a8fce53,5ec41cd7,0,0,0,1,bowled
United States of America,112,94,7,c6e10e5c,0a8fce53,5ec41cd7,0,0,0,0,
United States of America,113,95,7,5ec41cd7,80ad39ac,c6e10e5c,1,0,1,0,
United States of America,114,95,7,c6e10e5c,80ad39ac,5ec41cd7,0,0,0,0,
United States of America,115,95,7,c6e10e5c,80ad39ac,5ec41cd7,0,0,0,0,
United States of America,116,96,7,c6e10e5c,80ad39ac,5ec41cd7,1,0,1,0,
United States of America,117,100,7,5ec41cd7,80ad39ac,c6e10e5c,4,0,4,0,
United States of America,118,100,7,5ec41cd7,80ad39ac,c6e10e5c,0,0,0,0,
United States of America,119,101,7,c6e10e5c,0a8fce53,5ec41cd7,1,0,1,0,
United States of America,120,102,7,5ec41cd7,0a8fce53,c6e10e5c,0,1,1,0,
United States of America,121,103,7,5ec41cd7,0a8fce53,c6e10e5c,0,1,1,0,
United States of America,122,103,7,5ec41cd7,0a8fce53,c6e10e5c,0,0,0,0,
United States of America,123,103,7,5ec41cd7,0a8fce53,c6e10e5c,0,0,0,0,
United States of America,124,103,8,5ec41cd7,0a8fce53,c6e10e5c,0,0,0,1,bowled
United States of America,125,104,8,f7d267f7,0a8fce53,c6e10e5c,1,0,1,0,
United States of America,126,104,9,c6e10e5c,0a8fce53,f7d267f7,0,0,0,1,caught
Bangladesh,1,0,0,80fe764d,c8a3f688,4d9f9686,0,0,0,0,
Bangladesh,2,0,0,80fe764d,c8a3f688,4d9f9686,0,0,0,0,
Bangladesh,3,4,0,80fe764d,c8a3f688,4d9f9686,4,0,4,0,
Bangladesh,4,4,0,80fe764d,c8a3f688,4d9f9686,0,0,0,0,
Bangladesh,5,8,0,80fe764d,c8a3f688,4d9f9686,4,0,4,0,
Bangladesh,6,8,0,80fe764d,c8a3f688,4d9f9686,0,0,0,0,
Bangladesh,7,8,0,4d9f9686,5ec41cd7,80fe764d,0,0,0,0,
Bangladesh,8,10,0,4d9f9686,5ec41cd7,80fe764d,2,0,2,0,
Bangladesh,9,10,0,4d9f9686,5ec41cd7,80fe764d,0,0,0,0,
Bangladesh,10,10,0,4d9f9686,5ec41cd7,80fe764d,0,0,0,0,
Bangladesh,11,10,0,4d9f9686,5ec41cd7,80fe764d,0,0,0,0,
Bangladesh,12,11,0,4d9f9686,5ec41cd7,80fe764d,1,0,1,0,
Bangladesh,13,13,0,4d9f9686,97b0e4ff,80fe764d,2,0,2,0,
Bangladesh,14,17,0,4d9f9686,97b0e4ff,80fe764d,4,0,4,0,
Bangladesh,15,18,0,4d9f9686,97b0e4ff,80fe764d,1,0,1,0,
Bangladesh,16,19,0,80fe764d,97b0e4ff,4d9f9686,1,0,1,0,
Bangladesh,17,19,0,4d9f9686,97b0e4ff,80fe764d,0,0,0,0,
Bangladesh,18,25,0,4d9f9686,97b0e4ff,80fe764d,6,0,6,0,
Bangladesh,19,25,0,80fe764d,b4296080,4d9f9686,0,0,0,0,
Bangladesh,20,25,0,80fe764d,b4296080,4d9f9686,0,0,0,0,
Bangladesh,21,25,0,80fe764d,b4296080,4d9f9686,0,0,0,0,
Bangladesh,22,25,0,80fe764d,b4296080,4d9f9686,0,0,0,0,
Bangladesh,23,25,0,80fe764d,b4296080,4d9f9686,0,0,0,0,
Bangladesh,24,30,0,80fe764d,b4296080,4d9f9686,5,0,5,0,
Bangladesh,25,34,0,80fe764d,5ec41cd7,4d9f9686,4,0,4,0,
Bangladesh,26,35,0,80fe764d,5ec41cd7,4d9f9686,1,0,1,0,
Bangladesh,27,35,0,4d9f9686,5ec41cd7,80fe764d,0,0,0,0,
Bangladesh,28,36,0,4d9f9686,5ec41cd7,80fe764d,1,0,1,0,
Bangladesh,29,37,0,80fe764d,5ec41cd7,4d9f9686,1,0,1,0,
Bangladesh,30,37,0,4d9f9686,5ec41cd7,80fe764d,0,0,0,0,
Bangladesh,31,37,0,80fe764d,b4296080,4d9f9686,0,0,0,0,
Bangladesh,32,43,0,80fe764d,b4296080,4d9f9686,6,0,6,0,
Bangladesh,33,43,0,80fe764d,b4296080,4d9f9686,0,0,0,0,
Bangladesh,34,47,0,80fe764d,b4296080,4d9f9686,0,4,4,0,
Bangladesh,35,48,0,80fe764d,b4296080,4d9f9686,1,0,1,0,
Bangladesh,36,48,0,4d9f9686,b4296080,80fe764d,0,0,0,0,
Bangladesh,37,49,0,80fe764d,b3bad3f2,4d9f9686,1,0,1,0,
Bangladesh,38,53,0,4d9f9686,b3bad3f2,80fe764d,4,0,4,0,
Bangladesh,39,54,0,4d9f9686,b3bad3f2,80fe764d,1,0,1,0,
Bangladesh,40,54,0,80fe764d,b3bad3f2,4d9f9686,0,0,0,0,
Bangladesh,41,58,0,80fe764d,b3bad3f2,4d9f9686,4,0,4,0,
Bangladesh,42,59,0,80fe764d,b3bad3f2,4d9f9686,1,0,1,0,
Bangladesh,43,63,0,80fe764d,b4296080,4d9f9686,4,0,4,0,
Bangladesh,44,64,0,80fe764d,b4296080,4d9f9686,1,0,1,0,
Bangladesh,45,65,0,4d9f9686,b4296080,80fe764d,1,0,1,0,
Bangladesh,46,65,0,80fe764d,b4296080,4d9f9686,0,0,0,0,
Bangladesh,47,65,0,80fe764d,b4296080,4d9f9686,0,0,0,0,
Bangladesh,48,66,0,80fe764d,b4296080,4d9f9686,1,0,1,0,
Bangladesh,49,72,0,80fe764d,c8a3f688,4d9f9686,6,0,6,0,
Bangladesh,50,73,0,80fe764d,c8a3f688,4d9f9686,1,0,1,0,
Bangladesh,51,79,0,4d9f9686,c8a3f688,80fe764d,6,0,6,0,
Bangladesh,52,80,0,4d9f9686,c8a3f688,80fe764d,1,0,1,0,
Bangladesh,53,81,0,80fe764d,c8a3f688,4d9f9686,0,1,1,0,
Bangladesh,54,82,0,80fe764d,c8a3f688,4d9f9686,1,0,1,0,
Bangladesh,55,83,0,4d9f9686,c8a3f688,80fe764d,1,0,1,0,
Bangladesh,56,87,0,4d9f9686,b4296080,80fe764d,4,0,4,0,
Bangladesh,57,88,0,4d9f9686,b4296080,80fe764d,1,0,1,0,
Bangladesh,58,88,0,80fe764d,b4296080,4d9f9686,0,0,0,0,
Bangladesh,59,88,0,80fe764d,b4296080,4d9f9686,0,0,0,0,
Bangladesh,60,88,0,80fe764d,b4296080,4d9f9686,0,0,0,0,
Bangladesh,61,89,0,80fe764d,b4296080,4d9f9686,1,0,1,0,
Bangladesh,62,90,0,80fe764d,f7d267f7,4d9f9686,1,0,1,0,
Bangladesh,63,91,0,4d9f9686,f7d267f7,80fe764d,1,0,1,0,
Bangladesh,64,92,0,80fe764d,f7d267f7,4d9f9686,1,0,1,0,
Bangladesh,65,93,0,4d9f9686,f7d267f7,80fe764d,1,0,1,0,
Bangladesh,66,94,0,80fe764d,f7d267f7,4d9f9686,1,0,1,0,
Bangladesh,67,96,0,4d9f9686,f7d267f7,80fe764d,0,2,2,0,
Bangladesh,68,102,0,80fe764d,f7d267f7,4d9f9686,6,0,6,0,
Bangladesh,69,102,0,4d9f9686,c6e10e5c,80fe764d,0,0,0,0,
Bangladesh,70,103,0,4d9f9686,c6e10e5c,80fe764d,1,0,1,0,
Bangladesh,71,104,0,80fe764d,c6e10e5c,4d9f9686,1,0,1,0,
Bangladesh,72,108,0,4d9f9686,c6e10e5c,80fe764d,4,0,4,0,
