batting_team,ball_number,total_team_runs,total_team_wickets,striker_ID,bowler_ID,nonstriker_ID,batter_runs,extras_runs,total_delivery_runs,wicket,wicket_type
Denmark,1,1,0,49556abb,2d45d7d2,007113d7,0,1,1,0,
Denmark,2,5,0,49556abb,2d45d7d2,007113d7,4,0,4,0,
Denmark,3,5,0,49556abb,2d45d7d2,007113d7,0,0,0,0,
Denmark,4,5,0,49556abb,2d45d7d2,007113d7,0,0,0,0,
Denmark,5,5,0,49556abb,2d45d7d2,007113d7,0,0,0,0,
Denmark,6,7,0,49556abb,2d45d7d2,007113d7,2,0,2,0,
Denmark,7,7,0,49556abb,2d45d7d2,007113d7,0,0,0,0,
Denmark,8,7,0,007113d7,2011735e,49556abb,0,0,0,0,
Denmark,9,8,0,007113d7,2011735e,49556abb,0,1,1,0,
Denmark,10,9,0,007113d7,2011735e,49556abb,1,0,1,0,
Denmark,11,9,0,49556abb,2011735e,007113d7,0,0,0,0,
Denmark,12,13,0,49556abb,2011735e,007113d7,4,0,4,0,
Denmark,13,19,0,49556abb,2011735e,007113d7,6,0,6,0,
Denmark,14,19,0,49556abb,2011735e,007113d7,0,0,0,0,
Denmark,15,20,0,007113d7,2d45d7d2,49556abb,1,0,1,0,
Denmark,16,24,0,49556abb,2d45d7d2,007113d7,4,0,4,0,
Denmark,17,26,0,49556abb,2d45d7d2,007113d7,2,0,2,0,
Denmark,18,27,0,49556abb,2d45d7d2,007113d7,1,0,1,0,
Denmark,19,31,0,007113d7,2d45d7d2,49556abb,4,0,4,0,
Denmark,20,34,0,007113d7,2d45d7d2,49556abb,3,0,3,0,
Denmark,21,35,0,007113d7,2011735e,49556abb,0,1,1,0,
Denmark,22,36,0,007113d7,2011735e,49556abb,1,0,1,0,
Denmark,23,37,0,49556abb,2011735e,007113d7,1,0,1,0,
Denmark,24,38,0,007113d7,2011735e,49556abb,1,0,1,0,
Denmark,25,39,0,49556abb,2011735e,007113d7,0,1,1,0,
Denmark,26,45,0,49556abb,2011735e,007113d7,6,0,6,0,
Denmark,27,46,0,49556abb,2011735e,007113d7,1,0,1,0,
Denmark,28,47,0,007113d7,2011735e,49556abb,1,0,1,0,
Denmark,29,48,0,007113d7,2cf2fc9e,49556abb,1,0,1,0,
Denmark,30,52,0,49556abb,2cf2fc9e,007113d7,4,0,4,0,
Denmark,31,52,0,49556abb,2cf2fc9e,007113d7,0,0,0,0,
Denmark,32,52,0,49556abb,2cf2fc9e,007113d7,0,0,0,0,
Denmark,33,58,0,49556abb,2cf2fc9e,007113d7,6,0,6,0,
Denmark,34,59,0,49556abb,2cf2fc9e,007113d7,1,0,1,0,
Denmark,35,59,0,49556abb,985b649e,007113d7,0,0,0,0,
Denmark,36,60,0,49556abb,985b649e,007113d7,1,0,1,0,
Denmark,37,61,0,007113d7,985b649e,49556abb,1,0,1,0,
Denmark,38,61,0,49556abb,985b649e,007113d7,0,0,0,0,
Denmark,39,62,0,49556abb,985b649e,007113d7,1,0,1,0,
Denmark,40,63,0,007113d7,985b649e,49556abb,1,0,1,0,
Denmark,41,63,0,007113d7,2cf2fc9e,49556abb,0,0,0,0,
Denmark,42,64,0,007113d7,2cf2fc9e,49556abb,1,0,1,0,
Denmark,43,64,0,49556abb,2cf2fc9e,007113d7,0,0,0,0,
Denmark,44,68,0,49556abb,2cf2fc9e,007113d7,0,4,4,0,
Denmark,45,69,0,49556abb,2cf2fc9e,007113d7,1,0,1,0,
Denmark,46,70,0,007113d7,2cf2fc9e,49556abb,0,1,1,0,
Denmark,47,71,0,007113d7,98e3f1de,49556abb,1,0,1,0,
Denmark,48,72,0,49556abb,98e3f1de,007113d7,1,0,1,0,
Denmark,49,76,0,007113d7,98e3f1de,49556abb,4,0,4,0,
Denmark,50,77,0,007113d7,98e3f1de,49556abb,1,0,1,0,
Denmark,51,77,0,49556abb,98e3f1de,007113d7,0,0,0,0,
Denmark,52,77,1,49556abb,98e3f1de,007113d7,0,0,0,1,caught
Denmark,53,81,1,007113d7,2cf2fc9e,498aacac,4,0,4,0,
Denmark,54,81,1,007113d7,2cf2fc9e,498aacac,0,0,0,0,
Denmark,55,82,1,007113d7,2cf2fc9e,498aacac,1,0,1,0,
Denmark,56,83,1,498aacac,2cf2fc9e,007113d7,1,0,1,0,
Denmark,57,84,1,007113d7,2cf2fc9e,498aacac,1,0,1,0,
Denmark,58,85,1,498aacac,2cf2fc9e,007113d7,1,0,1,0,
Denmark,59,87,1,498aacac,98e3f1de,007113d7,0,2,2,0,
Denmark,60,88,1,007113d7,98e3f1de,498aacac,1,0,1,0,
Denmark,61,89,1,498aacac,98e3f1de,007113d7,1,0,1,0,
Denmark,62,90,1,007113d7,98e3f1de,498aacac,1,0,1,0,
Denmark,63,92,1,498aacac,98e3f1de,007113d7,2,0,2,0,
Denmark,64,93,1,498aacac,98e3f1de,007113d7,1,0,1,0,
Denmark,65,93,1,007113d7,98e3f1de,498aacac,0,0,0,0,
Denmark,66,94,1,498aacac,f0f2b9c5,007113d7,1,0,1,0,
Denmark,67,98,1,007113d7,f0f2b9c5,498aacac,4,0,4,0,
Denmark,68,99,1,007113d7,f0f2b9c5,498aacac,1,0,1,0,
Denmark,69,100,1,498aacac,f0f2b9c5,007113d7,0,1,1,0,
Denmark,70,101,1,498aacac,f0f2b9c5,007113d7,1,0,1,0,
Denmark,71,101,1,007113d7,f0f2b9c5,498aacac,0,0,0,0,
Denmark,72,107,1,007113d7,f0f2b9c5,498aacac,6,0,6,0,
Denmark,73,108,1,498aacac,98e3f1de,007113d7,1,0,1,0,
Denmark,74,110,1,007113d7,98e3f1de,498aacac,0,2,2,0,
Denmark,75,114,1,498aacac,98e3f1de,007113d7,4,0,4,0,
Denmark,76,115,1,498aacac,98e3f1de,007113d7,1,0,1,0,
Denmark,77,119,1,007113d7,98e3f1de,498aacac,4,0,4,0,
Denmark,78,120,1,007113d7,98e3f1de,498aacac,1,0,1,0,
Denmark,79,120,1,498aacac,98e3f1de,007113d7,0,0,0,0,
Denmark,80,120,1,007113d7,f0f2b9c5,498aacac,0,0,0,0,
Denmark,81,121,1,007113d7,f0f2b9c5,498aacac,1,0,1,0,
Denmark,82,122,1,498aacac,f0f2b9c5,007113d7,1,0,1,0,
Denmark,83,123,1,007113d7,f0f2b9c5,498aacac,1,0,1,0,
Denmark,84,129,1,498aacac,f0f2b9c5,007113d7,6,0,6,0,
Denmark,85,129,2,498aacac,f0f2b9c5,007113d7,0,0,0,1,caught
Denmark,86,130,2,007113d7,985b649e,8de618ab,1,0,1,0,
Denmark,87,131,2,8de618ab,985b649e,007113d7,1,0,1,0,
Denmark,88,132,2,007113d7,985b649e,8de618ab,1,0,1,0,
Denmark,89,132,3,8de618ab,985b649e,007113d7,0,0,0,1,caught
Denmark,90,133,3,ef141f36,985b649e,007113d7,1,0,1,0,
Denmark,91,134,3,007113d7,985b649e,ef141f36,1,0,1,0,
Denmark,92,134,3,007113d7,f0f2b9c5,ef141f36,0,0,0,0,
Denmark,93,134,3,007113d7,f0f2b9c5,ef141f36,0,0,0,0,
Denmark,94,135,3,007113d7,f0f2b9c5,ef141f36,1,0,1,0,
Denmark,95,136,3,ef141f36,f0f2b9c5,007113d7,1,0,1,0,
Denmark,96,142,3,007113d7,f0f2b9c5,ef141f36,6,0,6,0,
Denmark,97,143,3,007113d7,f0f2b9c5,ef141f36,1,0,1,0,
Denmark,98,143,3,007113d7,985b649e,ef141f36,0,0,0,0,
Denmark,99,144,3,007113d7,985b649e,ef141f36,1,0,1,0,
Denmark,100,145,3,ef141f36,985b649e,007113d7,1,0,1,0,
Denmark,101,149,3,007113d7,985b649e,ef141f36,4,0,4,0,
Denmark,102,151,3,007113d7,985b649e,ef141f36,2,0,2,0,
Denmark,103,152,3,007113d7,985b649e,ef141f36,1,0,1,0,
Denmark,104,158,3,007113d7,f0f2b9c5,ef141f36,6,0,6,0,
Denmark,105,159,3,007113d7,f0f2b9c5,ef141f36,1,0,1,0,
Denmark,106,160,3,ef141f36,f0f2b9c5,007113d7,1,0,1,0,
Denmark,107,161,3,007113d7,f0f2b9c5,ef141f36,1,0,1,0,
Denmark,108,162,3,ef141f36,f0f2b9c5,007113d7,1,0,1,0,
Denmark,109,166,3,007113d7,f0f2b9c5,ef141f36,4,0,4,0,
Denmark,110,167,3,ef141f36,98e3f1de,007113d7,1,0,1,0,
Denmark,111,171,3,007113d7,98e3f1de,ef141f36,4,0,4,0,
Denmark,112,172,3,007113d7,98e3f1de,ef141f36,1,0,1,0,
Denmark,113,173,3,ef141f36,98e3f1de,007113d7,0,1,1,0,
Denmark,114,174,3,ef141f36,98e3f1de,007113d7,1,0,1,0,
Denmark,115,175,3,007113d7,98e3f1de,ef141f36,1,0,1,0,
Denmark,116,176,3,ef141f36,98e3f1de,007113d7,1,0,1,0,
Denmark,117,177,3,ef141f36,2d45d7d2,007113d7,1,0,1,0,
Denmark,118,183,3,007113d7,2d45d7d2,ef141f36,6,0,6,0,
Denmark,119,183,4,007113d7,2d45d7d2,ef141f36,0,0,0,1,caught
Denmark,120,184,4,b0f2d3bd,2d45d7d2,ef141f36,1,0,1,0,
Denmark,121,190,4,ef141f36,2d45d7d2,b0f2d3bd,6,0,6,0,
Denmark,122,190,4,ef141f36,2d45d7d2,b0f2d3bd,0,0,0,0,
Denmark,123,194,4,b0f2d3bd,985b649e,ef141f36,4,0,4,0,
Denmark,124,195,4,b0f2d3bd,985b649e,ef141f36,0,1,1,0,
Denmark,125,198,4,ef141f36,985b649e,b0f2d3bd,3,0,3,0,
Denmark,126,199,4,b0f2d3bd,985b649e,ef141f36,1,0,1,0,
Denmark,127,203,4,ef141f36,985b649e,b0f2d3bd,4,0,4,0,
Denmark,128,205,4,ef141f36,985b649e,b0f2d3bd,2,0,2,0,
Cyprus,1,0,0,98e3f1de,b0f2d3bd,b23d3ec5,0,0,0,0,
Cyprus,2,0,0,98e3f1de,b0f2d3bd,b23d3ec5,0,0,0,0,
Cyprus,3,0,0,98e3f1de,b0f2d3bd,b23d3ec5,0,0,0,0,
Cyprus,4,0,0,98e3f1de,b0f2d3bd,b23d3ec5,0,0,0,0,
Cyprus,5,4,0,98e3f1de,b0f2d3bd,b23d3ec5,4,0,4,0,
Cyprus,6,4,0,98e3f1de,b0f2d3bd,b23d3ec5,0,0,0,0,
Cyprus,7,5,0,b23d3ec5,d4f2a7b0,98e3f1de,1,0,1,0,
Cyprus,8,5,0,98e3f1de,d4f2a7b0,b23d3ec5,0,0,0,0,
Cyprus,9,5,0,98e3f1de,d4f2a7b0,b23d3ec5,0,0,0,0,
Cyprus,10,6,0,98e3f1de,d4f2a7b0,b23d3ec5,1,0,1,0,
Cyprus,11,7,0,b23d3ec5,d4f2a7b0,98e3f1de,1,0,1,0,
Cyprus,12,7,0,98e3f1de,d4f2a7b0,b23d3ec5,0,0,0,0,
Cyprus,13,7,0,b23d3ec5,b0f2d3bd,98e3f1de,0,0,0,0,
Cyprus,14,7,0,b23d3ec5,b0f2d3bd,98e3f1de,0,0,0,0,
Cyprus,15,7,0,b23d3ec5,b0f2d3bd,98e3f1de,0,0,0,0,
Cyprus,16,8,0,b23d3ec5,b0f2d3bd,98e3f1de,1,0,1,0,
Cyprus,17,8,0,98e3f1de,b0f2d3bd,b23d3ec5,0,0,0,0,
Cyprus,18,8,0,98e3f1de,b0f2d3bd,b23d3ec5,0,0,0,0,
Cyprus,19,9,0,b23d3ec5,d4f2a7b0,98e3f1de,1,0,1,0,
Cyprus,20,10,0,98e3f1de,d4f2a7b0,b23d3ec5,1,0,1,0,
Cyprus,21,14,0,b23d3ec5,d4f2a7b0,98e3f1de,4,0,4,0,
Cyprus,22,16,0,b23d3ec5,d4f2a7b0,98e3f1de,0,2,2,0,
Cyprus,23,16,0,b23d3ec5,d4f2a7b0,98e3f1de,0,0,0,0,
Cyprus,24,16,1,b23d3ec5,d4f2a7b0,98e3f1de,0,0,0,1,bowled
Cyprus,25,20,1,98e3f1de,38189be1,90eac542,4,0,4,0,
Cyprus,26,20,1,98e3f1de,38189be1,90eac542,0,0,0,0,
Cyprus,27,22,1,98e3f1de,38189be1,90eac542,2,0,2,0,
Cyprus,28,22,1,98e3f1de,38189be1,90eac542,0,0,0,0,
Cyprus,29,22,2,98e3f1de,38189be1,90eac542,0,0,0,1,caught
Cyprus,30,22,2,40ee633c,38189be1,90eac542,0,0,0,0,
Cyprus,31,22,2,90eac542,d4f2a7b0,40ee633c,0,0,0,0,
Cyprus,32,22,2,90eac542,d4f2a7b0,40ee633c,0,0,0,0,
Cyprus,33,22,2,90eac542,d4f2a7b0,40ee633c,0,0,0,0,
Cyprus,34,22,2,90eac542,d4f2a7b0,40ee633c,0,0,0,0,
Cyprus,35,22,2,90eac542,d4f2a7b0,40ee633c,0,0,0,0,
Cyprus,36,22,2,90eac542,d4f2a7b0,40ee633c,0,0,0,0,
Cyprus,37,23,2,40ee633c,38189be1,90eac542,1,0,1,0,
Cyprus,38,23,2,90eac542,38189be1,40ee633c,0,0,0,0,
Cyprus,39,23,3,90eac542,38189be1,40ee633c,0,0,0,1,lbw
Cyprus,40,23,3,2cf2fc9e,38189be1,40ee633c,0,0,0,0,
Cyprus,41,23,3,2cf2fc9e,38189be1,40ee633c,0,0,0,0,
Cyprus,42,23,3,2cf2fc9e,38189be1,40ee633c,0,0,0,0,
Cyprus,43,23,3,40ee633c,d4f2a7b0,2cf2fc9e,0,0,0,0,
Cyprus,44,23,3,40ee633c,d4f2a7b0,2cf2fc9e,0,0,0,0,
Cyprus,45,23,4,40ee633c,d4f2a7b0,2cf2fc9e,0,0,0,1,caught
Cyprus,46,23,4,2d45d7d2,d4f2a7b0,2cf2fc9e,0,0,0,0,
Cyprus,47,23,4,2d45d7d2,d4f2a7b0,2cf2fc9e,0,0,0,0,
Cyprus,48,23,4,2d45d7d2,d4f2a7b0,2cf2fc9e,0,0,0,0,
Cyprus,49,24,4,2cf2fc9e,38189be1,2d45d7d2,1,0,1,0,
Cyprus,50,24,5,2d45d7d2,38189be1,2cf2fc9e,0,0,0,1,caught
Cyprus,51,25,5,f4000a7d,38189be1,2cf2fc9e,1,0,1,0,
Cyprus,52,28,5,2cf2fc9e,38189be1,f4000a7d,3,0,3,0,
Cyprus,53,28,5,f4000a7d,38189be1,2cf2fc9e,0,0,0,0,
Cyprus,54,28,5,f4000a7d,38189be1,2cf2fc9e,0,0,0,0,
Cyprus,55,28,5,2cf2fc9e,8de618ab,f4000a7d,0,0,0,0,
Cyprus,56,29,5,2cf2fc9e,8de618ab,f4000a7d,1,0,1,0,
Cyprus,57,29,5,f4000a7d,8de618ab,2cf2fc9e,0,0,0,0,
Cyprus,58,29,5,f4000a7d,8de618ab,2cf2fc9e,0,0,0,0,
Cyprus,59,29,5,f4000a7d,8de618ab,2cf2fc9e,0,0,0,0,
Cyprus,60,30,5,f4000a7d,8de618ab,2cf2fc9e,1,0,1,0,
Cyprus,61,31,5,f4000a7d,ef141f36,2cf2fc9e,1,0,1,0,
Cyprus,62,31,5,2cf2fc9e,ef141f36,f4000a7d,0,0,0,0,
Cyprus,63,31,5,2cf2fc9e,ef141f36,f4000a7d,0,0,0,0,
Cyprus,64,31,5,2cf2fc9e,ef141f36,f4000a7d,0,0,0,0,
Cyprus,65,32,5,2cf2fc9e,ef141f36,f4000a7d,1,0,1,0,
Cyprus,66,34,5,f4000a7d,ef141f36,2cf2fc9e,2,0,2,0,
Cyprus,67,35,5,2cf2fc9e,8de618ab,f4000a7d,1,0,1,0,
Cyprus,68,36,5,f4000a7d,8de618ab,2cf2fc9e,1,0,1,0,
Cyprus,69,37,6,2cf2fc9e,8de618ab,f4000a7d,1,0,1,1,run out
Cyprus,70,38,6,985b649e,8de618ab,f4000a7d,1,0,1,0,
Cyprus,71,38,6,f4000a7d,8de618ab,985b649e,0,0,0,0,
Cyprus,72,38,6,f4000a7d,8de618ab,985b649e,0,0,0,0,
Cyprus,73,40,6,985b649e,ef141f36,f4000a7d,2,0,2,0,
Cyprus,74,41,6,985b649e,ef141f36,f4000a7d,0,1,1,0,
Cyprus,75,42,6,f4000a7d,ef141f36,985b649e,1,0,1,0,
Cyprus,76,42,7,985b649e,ef141f36,f4000a7d,0,0,0,1,caught
Cyprus,77,42,7,c3ba4942,ef141f36,f4000a7d,0,0,0,0,
Cyprus,78,42,7,c3ba4942,ef141f36,f4000a7d,0,0,0,0,
Cyprus,79,43,7,f4000a7d,95bd9407,c3ba4942,1,0,1,0,
Cyprus,80,43,7,c3ba4942,95bd9407,f4000a7d,0,0,0,0,
Cyprus,81,43,7,c3ba4942,95bd9407,f4000a7d,0,0,0,0,
Cyprus,82,43,7,c3ba4942,95bd9407,f4000a7d,0,0,0,0,
Cyprus,83,43,7,c3ba4942,95bd9407,f4000a7d,0,0,0,0,
Cyprus,84,43,7,c3ba4942,95bd9407,f4000a7d,0,0,0,0,
Cyprus,85,43,7,f4000a7d,28b99edd,c3ba4942,0,0,0,0,
Cyprus,86,43,7,f4000a7d,28b99edd,c3ba4942,0,0,0,0,
Cyprus,87,44,7,f4000a7d,28b99edd,c3ba4942,1,0,1,0,
Cyprus,88,44,7,c3ba4942,28b99edd,f4000a7d,0,0,0,0,
Cyprus,89,45,7,c3ba4942,28b99edd,f4000a7d,1,0,1,0,
Cyprus,90,45,7,f4000a7d,28b99edd,c3ba4942,0,0,0,0,
Cyprus,91,46,7,c3ba4942,95bd9407,f4000a7d,1,0,1,0,
Cyprus,92,47,7,f4000a7d,95bd9407,c3ba4942,1,0,1,0,
Cyprus,93,47,7,c3ba4942,95bd9407,f4000a7d,0,0,0,0,
Cyprus,94,48,7,c3ba4942,95bd9407,f4000a7d,1,0,1,0,
Cyprus,95,48,7,f4000a7d,95bd9407,c3ba4942,0,0,0,0,
Cyprus,96,49,7,f4000a7d,95bd9407,c3ba4942,1,0,1,0,
Cyprus,97,50,7,f4000a7d,28b99edd,c3ba4942,1,0,1,0,
Cyprus,98,50,7,c3ba4942,28b99edd,f4000a7d,0,0,0,0,
Cyprus,99,51,7,c3ba4942,28b99edd,f4000a7d,1,0,1,0,
Cyprus,100,51,7,f4000a7d,28b99edd,c3ba4942,0,0,0,0,
Cyprus,101,51,7,f4000a7d,28b99edd,c3ba4942,0,0,0,0,
Cyprus,102,51,7,f4000a7d,28b99edd,c3ba4942,0,0,0,0,
Cyprus,103,52,7,c3ba4942,95bd9407,f4000a7d,1,0,1,0,
Cyprus,104,52,7,f4000a7d,95bd9407,c3ba4942,0,0,0,0,
Cyprus,105,52,7,f4000a7d,95bd9407,c3ba4942,0,0,0,0,
Cyprus,106,53,7,f4000a7d,95bd9407,c3ba4942,1,0,1,0,
Cyprus,107,53,7,c3ba4942,95bd9407,f4000a7d,0,0,0,0,
Cyprus,108,53,8,c3ba4942,95bd9407,f4000a7d,0,0,0,1,bowled
Cyprus,109,54,8,f4000a7d,28b99edd,2011735e,1,0,1,0,
Cyprus,110,58,8,2011735e,28b99edd,f4000a7d,4,0,4,0,
Cyprus,111,58,9,2011735e,28b99edd,f4000a7d,0,0,0,1,bowled
Cyprus,112,58,9,f0f2b9c5,28b99edd,f4000a7d,0,0,0,0,
Cyprus,113,60,9,f0f2b9c5,28b99edd,f4000a7d,2,0,2,0,
Cyprus,114,60,9,f0f2b9c5,28b99edd,f4000a7d,0,0,0,0,
Cyprus,115,61,9,f4000a7d,95bd9407,f0f2b9c5,1,0,1,0,
Cyprus,116,61,9,f0f2b9c5,95bd9407,f4000a7d,0,0,0,0,
Cyprus,117,61,9,f0f2b9c5,95bd9407,f4000a7d,0,0,0,0,
Cyprus,118,62,9,f0f2b9c5,95bd9407,f4000a7d,1,0,1,0,
Cyprus,119,63,9,f4000a7d,95bd9407,f0f2b9c5,1,0,1,0,
Cyprus,120,63,9,f0f2b9c5,95bd9407,f4000a7d,0,0,0,0,
