batting_team,ball_number,total_team_runs,total_team_wickets,striker_ID,bowler_ID,nonstriker_ID,batter_runs,extras_runs,total_delivery_runs,wicket,wicket_type
India,1,0,0,a4cc73aa,81c36ee9,f29185a1,0,0,0,0,
India,2,0,0,a4cc73aa,81c36ee9,f29185a1,0,0,0,0,
India,3,0,1,a4cc73aa,81c36ee9,f29185a1,0,0,0,1,bowled
India,4,0,1,271f83cd,81c36ee9,f29185a1,0,0,0,0,
India,5,0,1,271f83cd,81c36ee9,f29185a1,0,0,0,0,
India,6,0,1,271f83cd,81c36ee9,f29185a1,0,0,0,0,
India,7,4,1,f29185a1,3204c99f,271f83cd,4,0,4,0,
India,8,4,1,f29185a1,3204c99f,271f83cd,0,0,0,0,
India,9,4,1,f29185a1,3204c99f,271f83cd,0,0,0,0,
India,10,5,1,f29185a1,3204c99f,271f83cd,0,1,1,0,
India,11,5,1,f29185a1,3204c99f,271f83cd,0,0,0,0,
India,12,5,2,f29185a1,3204c99f,271f83cd,0,0,0,1,caught
India,13,6,2,b0482a1d,3204c99f,271f83cd,1,0,1,0,
India,14,6,2,b0482a1d,81c36ee9,271f83cd,0,0,0,0,
India,15,10,2,b0482a1d,81c36ee9,271f83cd,4,0,4,0,
India,16,10,2,b0482a1d,81c36ee9,271f83cd,0,0,0,0,
India,17,10,2,b0482a1d,81c36ee9,271f83cd,0,0,0,0,
India,18,10,2,b0482a1d,81c36ee9,271f83cd,0,0,0,0,
India,19,11,2,b0482a1d,81c36ee9,271f83cd,0,1,1,0,
India,20,11,2,b0482a1d,81c36ee9,271f83cd,0,0,0,0,
India,21,13,2,271f83cd,ebb74564,b0482a1d,2,0,2,0,
India,22,13,2,271f83cd,ebb74564,b0482a1d,0,0,0,0,
India,23,13,2,271f83cd,ebb74564,b0482a1d,0,0,0,0,
India,24,13,2,271f83cd,ebb74564,b0482a1d,0,0,0,0,
India,25,15,2,271f83cd,ebb74564,b0482a1d,2,0,2,0,
India,26,15,3,271f83cd,ebb74564,b0482a1d,0,0,0,1,lbw
India,27,15,3,b0482a1d,3204c99f,2e171977,0,0,0,0,
India,28,15,3,b0482a1d,3204c99f,2e171977,0,0,0,0,
India,29,21,3,b0482a1d,3204c99f,2e171977,6,0,6,0,
India,30,22,3,b0482a1d,3204c99f,2e171977,0,1,1,0,
India,31,23,3,b0482a1d,3204c99f,2e171977,1,0,1,0,
India,32,24,3,2e171977,3204c99f,b0482a1d,1,0,1,0,
India,33,24,3,b0482a1d,3204c99f,2e171977,0,0,0,0,
India,34,28,3,2e171977,ebb74564,b0482a1d,4,0,4,0,
India,35,28,3,2e171977,ebb74564,b0482a1d,0,0,0,0,
India,36,32,3,2e171977,ebb74564,b0482a1d,4,0,4,0,
India,37,32,3,2e171977,ebb74564,b0482a1d,0,0,0,0,
India,38,33,3,2e171977,ebb74564,b0482a1d,1,0,1,0,
India,39,34,3,b0482a1d,ebb74564,2e171977,1,0,1,0,
India,40,35,3,b0482a1d,0b60eb09,2e171977,1,0,1,0,
India,41,36,3,2e171977,0b60eb09,b0482a1d,1,0,1,0,
India,42,38,3,b0482a1d,0b60eb09,2e171977,2,0,2,0,
India,43,39,3,b0482a1d,0b60eb09,2e171977,1,0,1,0,
India,44,40,3,2e171977,0b60eb09,b0482a1d,1,0,1,0,
India,45,41,3,b0482a1d,0b60eb09,2e171977,1,0,1,0,
India,46,42,3,b0482a1d,6a26221c,2e171977,1,0,1,0,
India,47,43,3,2e171977,6a26221c,b0482a1d,1,0,1,0,
India,48,44,3,b0482a1d,6a26221c,2e171977,1,0,1,0,
India,49,44,3,2e171977,6a26221c,b0482a1d,0,0,0,0,
India,50,45,3,2e171977,6a26221c,b0482a1d,1,0,1,0,
India,51,45,4,b0482a1d,6a26221c,2e171977,0,0,0,1,caught
India,52,46,4,2e171977,0b60eb09,dbe50b21,1,0,1,0,
India,53,46,4,dbe50b21,0b60eb09,2e171977,0,0,0,0,
India,54,46,4,dbe50b21,0b60eb09,2e171977,0,0,0,0,
India,55,47,4,dbe50b21,0b60eb09,2e171977,1,0,1,0,
India,56,51,4,2e171977,0b60eb09,dbe50b21,4,0,4,0,
India,57,52,4,2e171977,0b60eb09,dbe50b21,1,0,1,0,
India,58,56,4,2e171977,212aeedd,dbe50b21,0,4,4,0,
India,59,57,4,2e171977,212aeedd,dbe50b21,1,0,1,0,
India,60,58,4,dbe50b21,212aeedd,2e171977,1,0,1,0,
India,61,58,4,2e171977,212aeedd,dbe50b21,0,0,0,0,
India,62,58,4,2e171977,212aeedd,dbe50b21,0,0,0,0,
India,63,62,4,2e171977,212aeedd,dbe50b21,4,0,4,0,
India,64,63,4,dbe50b21,0b60eb09,2e171977,1,0,1,0,
India,65,64,4,2e171977,0b60eb09,dbe50b21,1,0,1,0,
India,66,64,4,dbe50b21,0b60eb09,2e171977,0,0,0,0,
India,67,65,4,dbe50b21,0b60eb09,2e171977,1,0,1,0,
India,68,66,4,2e171977,0b60eb09,dbe50b21,1,0,1,0,
India,69,67,4,dbe50b21,0b60eb09,2e171977,1,0,1,0,
India,70,67,4,dbe50b21,212aeedd,2e171977,0,0,0,0,
India,71,67,4,dbe50b21,212aeedd,2e171977,0,0,0,0,
India,72,67,4,dbe50b21,212aeedd,2e171977,0,0,0,0,
India,73,68,4,dbe50b21,212aeedd,2e171977,0,1,1,0,
India,74,70,4,dbe50b21,212aeedd,2e171977,2,0,2,0,
India,75,70,5,dbe50b21,212aeedd,2e171977,0,0,0,1,run out
India,76,70,5,dbe50b21,212aeedd,0a509d6b,0,0,0,0,
India,77,72,5,0a509d6b,ebb74564,dbe50b21,2,0,2,0,
India,78,73,5,0a509d6b,ebb74564,dbe50b21,1,0,1,0,
India,79,74,5,dbe50b21,ebb74564,0a509d6b,1,0,1,0,
India,80,74,5,0a509d6b,ebb74564,dbe50b21,0,0,0,0,
India,81,75,5,0a509d6b,ebb74564,dbe50b21,1,0,1,0,
India,82,76,5,dbe50b21,ebb74564,0a509d6b,1,0,1,0,
India,83,77,5,dbe50b21,212aeedd,0a509d6b,1,0,1,0,
India,84,77,5,0a509d6b,212aeedd,dbe50b21,0,0,0,0,
India,85,79,5,0a509d6b,212aeedd,dbe50b21,2,0,2,0,
India,86,80,5,0a509d6b,212aeedd,dbe50b21,1,0,1,0,
India,87,80,5,dbe50b21,212aeedd,0a509d6b,0,0,0,0,
India,88,80,5,dbe50b21,212aeedd,0a509d6b,0,0,0,0,
India,89,81,5,0a509d6b,0b60eb09,dbe50b21,1,0,1,0,
India,90,82,5,dbe50b21,0b60eb09,0a509d6b,1,0,1,0,
India,91,83,5,0a509d6b,0b60eb09,dbe50b21,1,0,1,0,
India,92,84,5,dbe50b21,0b60eb09,0a509d6b,1,0,1,0,
India,93,85,5,0a509d6b,0b60eb09,dbe50b21,0,1,1,0,
India,94,86,5,dbe50b21,0b60eb09,0a509d6b,1,0,1,0,
India,95,87,5,dbe50b21,212aeedd,0a509d6b,1,0,1,0,
India,96,87,6,0a509d6b,212aeedd,dbe50b21,0,0,0,1,caught
India,97,87,6,244048f6,212aeedd,dbe50b21,0,0,0,0,
India,98,87,6,244048f6,212aeedd,dbe50b21,0,0,0,0,
India,99,87,6,244048f6,212aeedd,dbe50b21,0,0,0,0,
India,100,93,6,244048f6,212aeedd,dbe50b21,6,0,6,0,
India,101,94,6,dbe50b21,3204c99f,244048f6,0,1,1,0,
India,102,94,6,dbe50b21,3204c99f,244048f6,0,0,0,0,
India,103,95,6,dbe50b21,3204c99f,244048f6,0,1,1,0,
India,104,95,6,dbe50b21,3204c99f,244048f6,0,0,0,0,
India,105,95,6,dbe50b21,3204c99f,244048f6,0,0,0,0,
India,106,95,6,dbe50b21,3204c99f,244048f6,0,0,0,0,
India,107,96,6,dbe50b21,3204c99f,244048f6,0,1,1,0,
India,108,100,6,dbe50b21,3204c99f,244048f6,4,0,4,0,
India,109,101,6,dbe50b21,3204c99f,244048f6,1,0,1,0,
India,110,105,6,dbe50b21,81c36ee9,244048f6,4,0,4,0,
India,111,105,6,dbe50b21,81c36ee9,244048f6,0,0,0,0,
India,112,111,6,dbe50b21,81c36ee9,244048f6,6,0,6,0,
India,113,111,6,dbe50b21,81c36ee9,244048f6,0,0,0,0,
India,114,111,6,dbe50b21,81c36ee9,244048f6,0,0,0,0,
India,115,115,6,dbe50b21,81c36ee9,244048f6,4,0,4,0,
India,116,115,6,244048f6,3204c99f,dbe50b21,0,0,0,0,
India,117,116,6,244048f6,3204c99f,dbe50b21,1,0,1,0,
India,118,116,6,dbe50b21,3204c99f,244048f6,0,0,0,0,
India,119,117,6,dbe50b21,3204c99f,244048f6,0,1,1,0,
India,120,117,6,dbe50b21,3204c99f,244048f6,0,0,0,0,
India,121,117,6,dbe50b21,3204c99f,244048f6,0,0,0,0,
India,122,118,6,dbe50b21,3204c99f,244048f6,0,1,1,0,
India,123,118,6,dbe50b21,81c36ee9,244048f6,0,0,0,0,
India,124,118,6,dbe50b21,81c36ee9,244048f6,0,0,0,0,
India,125,118,6,dbe50b21,81c36ee9,244048f6,0,0,0,0,
India,126,118,6,dbe50b21,81c36ee9,244048f6,0,0,0,0,
India,127,120,6,dbe50b21,81c36ee9,244048f6,2,0,2,0,
India,128,124,6,dbe50b21,81c36ee9,244048f6,4,0,4,0,
South Africa,1,0,0,e66732f8,244048f6,b8cc58c9,0,0,0,0,
South Africa,2,0,0,e66732f8,244048f6,b8cc58c9,0,0,0,0,
South Africa,3,0,0,e66732f8,244048f6,b8cc58c9,0,0,0,0,
South Africa,4,4,0,e66732f8,244048f6,b8cc58c9,4,0,4,0,
South Africa,5,4,0,e66732f8,244048f6,b8cc58c9,0,0,0,0,
South Africa,6,7,0,e66732f8,244048f6,b8cc58c9,3,0,3,0,
South Africa,7,8,0,e66732f8,eef2536f,b8cc58c9,1,0,1,0,
South Africa,8,8,0,b8cc58c9,eef2536f,e66732f8,0,0,0,0,
South Africa,9,12,0,b8cc58c9,eef2536f,e66732f8,4,0,4,0,
South Africa,10,12,0,b8cc58c9,eef2536f,e66732f8,0,0,0,0,
South Africa,11,12,0,b8cc58c9,eef2536f,e66732f8,0,0,0,0,
South Africa,12,16,0,b8cc58c9,eef2536f,e66732f8,4,0,4,0,
South Africa,13,20,0,e66732f8,244048f6,b8cc58c9,4,0,4,0,
South Africa,14,21,0,e66732f8,244048f6,b8cc58c9,1,0,1,0,
South Africa,15,22,0,b8cc58c9,244048f6,e66732f8,1,0,1,0,
South Africa,16,22,0,e66732f8,244048f6,b8cc58c9,0,0,0,0,
South Africa,17,22,1,e66732f8,244048f6,b8cc58c9,0,0,0,1,caught
South Africa,18,22,1,6a26221c,244048f6,b8cc58c9,0,0,0,0,
South Africa,19,22,1,b8cc58c9,eef2536f,6a26221c,0,0,0,0,
South Africa,20,22,1,b8cc58c9,eef2536f,6a26221c,0,0,0,0,
South Africa,21,22,1,b8cc58c9,eef2536f,6a26221c,0,0,0,0,
South Africa,22,23,1,b8cc58c9,eef2536f,6a26221c,1,0,1,0,
South Africa,23,24,1,6a26221c,eef2536f,b8cc58c9,1,0,1,0,
South Africa,24,24,1,b8cc58c9,eef2536f,6a26221c,0,0,0,0,
South Africa,25,25,1,6a26221c,dbe50b21,b8cc58c9,1,0,1,0,
South Africa,26,26,1,b8cc58c9,dbe50b21,6a26221c,1,0,1,0,
South Africa,27,26,1,6a26221c,dbe50b21,b8cc58c9,0,0,0,0,
South Africa,28,26,1,6a26221c,dbe50b21,b8cc58c9,0,0,0,0,
South Africa,29,27,1,6a26221c,dbe50b21,b8cc58c9,1,0,1,0,
South Africa,30,33,1,b8cc58c9,dbe50b21,6a26221c,6,0,6,0,
South Africa,31,33,1,6a26221c,5b7ab5a9,b8cc58c9,0,0,0,0,
South Africa,32,33,2,6a26221c,5b7ab5a9,b8cc58c9,0,0,0,1,bowled
South Africa,33,33,2,85b3fab2,5b7ab5a9,b8cc58c9,0,0,0,0,
South Africa,34,34,2,85b3fab2,5b7ab5a9,b8cc58c9,1,0,1,0,
South Africa,35,34,2,b8cc58c9,5b7ab5a9,85b3fab2,0,0,0,0,
South Africa,36,34,2,b8cc58c9,5b7ab5a9,85b3fab2,0,0,0,0,
South Africa,37,35,2,85b3fab2,dbe50b21,b8cc58c9,1,0,1,0,
South Africa,38,35,2,b8cc58c9,dbe50b21,85b3fab2,0,0,0,0,
South Africa,39,36,2,b8cc58c9,dbe50b21,85b3fab2,1,0,1,0,
South Africa,40,36,2,85b3fab2,dbe50b21,b8cc58c9,0,0,0,0,
South Africa,41,37,2,85b3fab2,dbe50b21,b8cc58c9,1,0,1,0,
South Africa,42,38,2,b8cc58c9,dbe50b21,85b3fab2,1,0,1,0,
South Africa,43,39,2,b8cc58c9,5b7ab5a9,85b3fab2,1,0,1,0,
South Africa,44,40,2,85b3fab2,5b7ab5a9,b8cc58c9,1,0,1,0,
South Africa,45,44,2,b8cc58c9,5b7ab5a9,85b3fab2,4,0,4,0,
South Africa,46,44,3,b8cc58c9,5b7ab5a9,85b3fab2,0,0,0,1,bowled
South Africa,47,44,3,81c36ee9,5b7ab5a9,85b3fab2,0,0,0,0,
South Africa,48,45,3,81c36ee9,5b7ab5a9,85b3fab2,1,0,1,0,
South Africa,49,45,3,81c36ee9,df064e1a,85b3fab2,0,0,0,0,
South Africa,50,46,3,81c36ee9,df064e1a,85b3fab2,0,1,1,0,
South Africa,51,47,3,85b3fab2,df064e1a,81c36ee9,0,1,1,0,
South Africa,52,49,3,85b3fab2,df064e1a,81c36ee9,2,0,2,0,
South Africa,53,50,3,85b3fab2,df064e1a,81c36ee9,1,0,1,0,
South Africa,54,54,3,81c36ee9,df064e1a,85b3fab2,4,0,4,0,
South Africa,55,55,3,81c36ee9,df064e1a,85b3fab2,0,1,1,0,
South Africa,56,55,3,81c36ee9,2e171977,85b3fab2,0,0,0,0,
South Africa,57,56,3,81c36ee9,2e171977,85b3fab2,1,0,1,0,
South Africa,58,56,3,85b3fab2,2e171977,81c36ee9,0,0,0,0,
South Africa,59,56,3,85b3fab2,2e171977,81c36ee9,0,0,0,0,
South Africa,60,56,3,85b3fab2,2e171977,81c36ee9,0,0,0,0,
South Africa,61,57,3,85b3fab2,2e171977,81c36ee9,1,0,1,0,
South Africa,62,61,3,85b3fab2,5b7ab5a9,81c36ee9,4,0,4,0,
South Africa,63,62,3,85b3fab2,5b7ab5a9,81c36ee9,1,0,1,0,
South Africa,64,63,3,81c36ee9,5b7ab5a9,85b3fab2,1,0,1,0,
South Africa,65,64,3,85b3fab2,5b7ab5a9,81c36ee9,1,0,1,0,
South Africa,66,64,4,81c36ee9,5b7ab5a9,85b3fab2,0,0,0,1,bowled
South Africa,67,65,4,235c2bb6,5b7ab5a9,85b3fab2,1,0,1,0,
South Africa,68,66,4,235c2bb6,df064e1a,85b3fab2,1,0,1,0,
South Africa,69,66,4,85b3fab2,df064e1a,235c2bb6,0,0,0,0,
South Africa,70,66,4,85b3fab2,df064e1a,235c2bb6,0,0,0,0,
South Africa,71,66,4,85b3fab2,df064e1a,235c2bb6,0,0,0,0,
South Africa,72,66,4,85b3fab2,df064e1a,235c2bb6,0,0,0,0,
South Africa,73,66,4,85b3fab2,df064e1a,235c2bb6,0,0,0,0,
South Africa,74,66,5,235c2bb6,5b7ab5a9,85b3fab2,0,0,0,1,caught
South Africa,75,66,6,d67d5f00,5b7ab5a9,85b3fab2,0,0,0,1,bowled
South Africa,76,67,6,ebb74564,5b7ab5a9,85b3fab2,1,0,1,0,
South Africa,77,67,6,85b3fab2,5b7ab5a9,ebb74564,0,0,0,0,
South Africa,78,67,6,85b3fab2,5b7ab5a9,ebb74564,0,0,0,0,
South Africa,79,67,6,85b3fab2,5b7ab5a9,ebb74564,0,0,0,0,
South Africa,80,68,6,ebb74564,df064e1a,85b3fab2,1,0,1,0,
South Africa,81,72,6,85b3fab2,df064e1a,ebb74564,4,0,4,0,
South Africa,82,73,6,85b3fab2,df064e1a,ebb74564,1,0,1,0,
South Africa,83,74,6,ebb74564,df064e1a,85b3fab2,1,0,1,0,
South Africa,84,75,6,85b3fab2,df064e1a,ebb74564,1,0,1,0,
South Africa,85,75,6,ebb74564,df064e1a,85b3fab2,0,0,0,0,
South Africa,86,76,6,85b3fab2,dbe50b21,ebb74564,1,0,1,0,
South Africa,87,77,6,ebb74564,dbe50b21,85b3fab2,1,0,1,0,
South Africa,88,78,6,85b3fab2,dbe50b21,ebb74564,1,0,1,0,
South Africa,89,79,6,ebb74564,dbe50b21,85b3fab2,0,1,1,0,
South Africa,90,80,6,ebb74564,dbe50b21,85b3fab2,1,0,1,0,
South Africa,91,81,6,85b3fab2,dbe50b21,ebb74564,0,1,1,0,
South Africa,92,82,6,85b3fab2,dbe50b21,ebb74564,0,1,1,0,
South Africa,93,83,6,85b3fab2,dbe50b21,ebb74564,1,0,1,0,
South Africa,94,84,6,ebb74564,dbe50b21,85b3fab2,1,0,1,0,
South Africa,95,85,6,ebb74564,df064e1a,85b3fab2,1,0,1,0,
South Africa,96,86,6,85b3fab2,df064e1a,ebb74564,1,0,1,0,
South Africa,97,86,6,ebb74564,df064e1a,85b3fab2,0,0,0,0,
South Africa,98,86,7,ebb74564,df064e1a,85b3fab2,0,0,0,1,bowled
South Africa,99,87,7,3204c99f,df064e1a,85b3fab2,1,0,1,0,
South Africa,100,88,7,85b3fab2,df064e1a,3204c99f,1,0,1,0,
South Africa,101,88,7,85b3fab2,244048f6,3204c99f,0,0,0,0,
South Africa,102,89,7,85b3fab2,244048f6,3204c99f,1,0,1,0,
South Africa,103,95,7,3204c99f,244048f6,85b3fab2,6,0,6,0,
South Africa,104,95,7,3204c99f,244048f6,85b3fab2,0,0,0,0,
South Africa,105,96,7,3204c99f,244048f6,85b3fab2,1,0,1,0,
South Africa,106,100,7,85b3fab2,244048f6,3204c99f,4,0,4,0,
South Africa,107,104,7,3204c99f,eef2536f,85b3fab2,4,0,4,0,
South Africa,108,108,7,3204c99f,eef2536f,85b3fab2,4,0,4,0,
South Africa,109,110,7,3204c99f,eef2536f,85b3fab2,2,0,2,0,
South Africa,110,110,7,3204c99f,eef2536f,85b3fab2,0,0,0,0,
South Africa,111,111,7,3204c99f,eef2536f,85b3fab2,1,0,1,0,
South Africa,112,112,7,85b3fab2,eef2536f,3204c99f,1,0,1,0,
South Africa,113,116,7,85b3fab2,244048f6,3204c99f,4,0,4,0,
South Africa,114,120,7,85b3fab2,244048f6,3204c99f,4,0,4,0,
South Africa,115,120,7,85b3fab2,244048f6,3204c99f,0,0,0,0,
South Africa,116,120,7,85b3fab2,244048f6,3204c99f,0,0,0,0,
South Africa,117,124,7,85b3fab2,244048f6,3204c99f,4,0,4,0,
South Africa,118,128,7,85b3fab2,244048f6,3204c99f,4,0,4,0,
