batting_team,ball_number,total_team_runs,total_team_wickets,striker_ID,bowler_ID,nonstriker_ID,batter_runs,extras_runs,total_delivery_runs,wicket,wicket_type
Sharjah Warriorz,1,1,0,d1c36f5c,4d7f517e,09a9d073,1,0,1,0,
Sharjah Warriorz,2,1,0,09a9d073,4d7f517e,d1c36f5c,0,0,0,0,
Sharjah Warriorz,3,1,0,09a9d073,4d7f517e,d1c36f5c,0,0,0,0,
Sharjah Warriorz,4,5,0,09a9d073,4d7f517e,d1c36f5c,4,0,4,0,
Sharjah Warriorz,5,5,0,09a9d073,4d7f517e,d1c36f5c,0,0,0,0,
Sharjah Warriorz,6,7,0,09a9d073,4d7f517e,d1c36f5c,2,0,2,0,
Sharjah Warriorz,7,7,0,d1c36f5c,e9c7f0d0,09a9d073,0,0,0,0,
Sharjah Warriorz,8,7,0,d1c36f5c,e9c7f0d0,09a9d073,0,0,0,0,
Sharjah Warriorz,9,7,1,d1c36f5c,e9c7f0d0,09a9d073,0,0,0,1,caught
Sharjah Warriorz,10,7,1,9550470d,e9c7f0d0,09a9d073,0,0,0,0,
Sharjah Warriorz,11,8,1,9550470d,e9c7f0d0,09a9d073,1,0,1,0,
Sharjah Warriorz,12,12,1,09a9d073,e9c7f0d0,9550470d,4,0,4,0,
Sharjah Warriorz,13,12,1,9550470d,4d7f517e,09a9d073,0,0,0,0,
Sharjah Warriorz,14,12,1,9550470d,4d7f517e,09a9d073,0,0,0,0,
Sharjah Warriorz,15,13,1,9550470d,4d7f517e,09a9d073,0,1,1,0,
Sharjah Warriorz,16,17,1,9550470d,4d7f517e,09a9d073,4,0,4,0,
Sharjah Warriorz,17,18,1,9550470d,4d7f517e,09a9d073,1,0,1,0,
Sharjah Warriorz,18,18,1,09a9d073,4d7f517e,9550470d,0,0,0,0,
Sharjah Warriorz,19,19,1,09a9d073,4d7f517e,9550470d,0,1,1,0,
Sharjah Warriorz,20,19,1,09a9d073,e9c7f0d0,9550470d,0,0,0,0,
Sharjah Warriorz,21,23,1,09a9d073,e9c7f0d0,9550470d,4,0,4,0,
Sharjah Warriorz,22,23,1,09a9d073,e9c7f0d0,9550470d,0,0,0,0,
Sharjah Warriorz,23,23,1,09a9d073,e9c7f0d0,9550470d,0,0,0,0,
Sharjah Warriorz,24,24,1,09a9d073,e9c7f0d0,9550470d,0,1,1,0,
Sharjah Warriorz,25,24,1,09a9d073,e9c7f0d0,9550470d,0,0,0,0,
Sharjah Warriorz,26,24,1,09a9d073,e9c7f0d0,9550470d,0,0,0,0,
Sharjah Warriorz,27,30,1,9550470d,b0946605,09a9d073,6,0,6,0,
Sharjah Warriorz,28,34,1,9550470d,b0946605,09a9d073,4,0,4,0,
Sharjah Warriorz,29,34,1,9550470d,b0946605,09a9d073,0,0,0,0,
Sharjah Warriorz,30,40,1,9550470d,b0946605,09a9d073,6,0,6,0,
Sharjah Warriorz,31,41,1,9550470d,b0946605,09a9d073,1,0,1,0,
Sharjah Warriorz,32,41,1,09a9d073,b0946605,9550470d,0,0,0,0,
Sharjah Warriorz,33,47,1,9550470d,c5aef772,09a9d073,6,0,6,0,
Sharjah Warriorz,34,47,1,9550470d,c5aef772,09a9d073,0,0,0,0,
Sharjah Warriorz,35,53,1,9550470d,c5aef772,09a9d073,6,0,6,0,
Sharjah Warriorz,36,53,1,9550470d,c5aef772,09a9d073,0,0,0,0,
Sharjah Warriorz,37,57,1,9550470d,c5aef772,09a9d073,4,0,4,0,
Sharjah Warriorz,38,57,2,9550470d,c5aef772,09a9d073,0,0,0,1,caught
Sharjah Warriorz,39,58,2,09a9d073,b0946605,d1988788,1,0,1,0,
Sharjah Warriorz,40,59,2,d1988788,b0946605,09a9d073,1,0,1,0,
Sharjah Warriorz,41,61,2,09a9d073,b0946605,d1988788,2,0,2,0,
Sharjah Warriorz,42,65,2,09a9d073,b0946605,d1988788,4,0,4,0,
Sharjah Warriorz,43,65,2,09a9d073,b0946605,d1988788,0,0,0,0,
Sharjah Warriorz,44,65,2,09a9d073,b0946605,d1988788,0,0,0,0,
Sharjah Warriorz,45,66,2,d1988788,4d7f517e,09a9d073,1,0,1,0,
Sharjah Warriorz,46,67,2,09a9d073,4d7f517e,d1988788,1,0,1,0,
Sharjah Warriorz,47,69,2,d1988788,4d7f517e,09a9d073,2,0,2,0,
Sharjah Warriorz,48,71,2,d1988788,4d7f517e,09a9d073,2,0,2,0,
Sharjah Warriorz,49,71,2,d1988788,4d7f517e,09a9d073,0,0,0,0,
Sharjah Warriorz,50,71,2,d1988788,4d7f517e,09a9d073,0,0,0,0,
Sharjah Warriorz,51,71,2,09a9d073,3f1066d0,d1988788,0,0,0,0,
Sharjah Warriorz,52,72,2,09a9d073,3f1066d0,d1988788,1,0,1,0,
Sharjah Warriorz,53,72,2,d1988788,3f1066d0,09a9d073,0,0,0,0,
Sharjah Warriorz,54,72,3,d1988788,3f1066d0,09a9d073,0,0,0,1,lbw
Sharjah Warriorz,55,76,3,1957c6b7,3f1066d0,09a9d073,4,0,4,0,
Sharjah Warriorz,56,77,3,1957c6b7,3f1066d0,09a9d073,1,0,1,0,
Sharjah Warriorz,57,78,3,1957c6b7,f0e293b0,09a9d073,1,0,1,0,
Sharjah Warriorz,58,79,3,09a9d073,f0e293b0,1957c6b7,1,0,1,0,
Sharjah Warriorz,59,80,3,1957c6b7,f0e293b0,09a9d073,1,0,1,0,
Sharjah Warriorz,60,80,3,09a9d073,f0e293b0,1957c6b7,0,0,0,0,
Sharjah Warriorz,61,81,3,09a9d073,f0e293b0,1957c6b7,1,0,1,0,
Sharjah Warriorz,62,81,3,1957c6b7,f0e293b0,09a9d073,0,0,0,0,
Sharjah Warriorz,63,82,3,09a9d073,3f1066d0,1957c6b7,1,0,1,0,
Sharjah Warriorz,64,88,3,1957c6b7,3f1066d0,09a9d073,6,0,6,0,
Sharjah Warriorz,65,88,3,1957c6b7,3f1066d0,09a9d073,0,0,0,0,
Sharjah Warriorz,66,88,3,1957c6b7,3f1066d0,09a9d073,0,0,0,0,
Sharjah Warriorz,67,90,3,1957c6b7,3f1066d0,09a9d073,2,0,2,0,
Sharjah Warriorz,68,91,3,1957c6b7,3f1066d0,09a9d073,1,0,1,0,
Sharjah Warriorz,69,91,3,1957c6b7,c5aef772,09a9d073,0,0,0,0,
Sharjah Warriorz,70,92,3,1957c6b7,c5aef772,09a9d073,1,0,1,0,
Sharjah Warriorz,71,93,3,09a9d073,c5aef772,1957c6b7,1,0,1,0,
Sharjah Warriorz,72,98,3,1957c6b7,c5aef772,09a9d073,0,5,5,0,
Sharjah Warriorz,73,98,3,1957c6b7,c5aef772,09a9d073,0,0,0,0,
Sharjah Warriorz,74,99,3,1957c6b7,c5aef772,09a9d073,0,1,1,0,
Sharjah Warriorz,75,100,3,1957c6b7,c5aef772,09a9d073,1,0,1,0,
Sharjah Warriorz,76,104,3,09a9d073,c5aef772,1957c6b7,4,0,4,0,
Sharjah Warriorz,77,104,4,1957c6b7,b0946605,09a9d073,0,0,0,1,caught
Sharjah Warriorz,78,104,4,62175638,b0946605,09a9d073,0,0,0,0,
Sharjah Warriorz,79,105,4,62175638,b0946605,09a9d073,1,0,1,0,
Sharjah Warriorz,80,105,4,09a9d073,b0946605,62175638,0,0,0,0,
Sharjah Warriorz,81,106,4,09a9d073,b0946605,62175638,1,0,1,0,
Sharjah Warriorz,82,107,4,62175638,b0946605,09a9d073,1,0,1,0,
Sharjah Warriorz,83,107,4,62175638,4d7f517e,09a9d073,0,0,0,0,
Sharjah Warriorz,84,108,4,62175638,4d7f517e,09a9d073,1,0,1,0,
Sharjah Warriorz,85,114,4,09a9d073,4d7f517e,62175638,6,0,6,0,
Sharjah Warriorz,86,118,4,09a9d073,4d7f517e,62175638,4,0,4,0,
Sharjah Warriorz,87,119,4,09a9d073,4d7f517e,62175638,1,0,1,0,
Sharjah Warriorz,88,123,4,62175638,4d7f517e,09a9d073,4,0,4,0,
Sharjah Warriorz,89,124,4,09a9d073,3f1066d0,62175638,1,0,1,0,
Sharjah Warriorz,90,125,4,62175638,3f1066d0,09a9d073,1,0,1,0,
Sharjah Warriorz,91,125,4,09a9d073,3f1066d0,62175638,0,0,0,0,
Sharjah Warriorz,92,131,4,09a9d073,3f1066d0,62175638,6,0,6,0,
Sharjah Warriorz,93,137,4,09a9d073,3f1066d0,62175638,6,0,6,0,
Sharjah Warriorz,94,138,4,09a9d073,3f1066d0,62175638,1,0,1,0,
Sharjah Warriorz,95,140,4,09a9d073,e9c7f0d0,62175638,2,0,2,0,
Sharjah Warriorz,96,140,4,09a9d073,e9c7f0d0,62175638,0,0,0,0,
Sharjah Warriorz,97,140,5,09a9d073,e9c7f0d0,62175638,0,0,0,1,caught
Sharjah Warriorz,98,141,5,75224f22,e9c7f0d0,62175638,1,0,1,0,
Sharjah Warriorz,99,142,5,62175638,e9c7f0d0,75224f22,0,1,1,0,
Sharjah Warriorz,100,142,5,62175638,e9c7f0d0,75224f22,0,0,0,0,
Sharjah Warriorz,101,148,5,62175638,e9c7f0d0,75224f22,6,0,6,0,
Sharjah Warriorz,102,148,5,75224f22,f0e293b0,62175638,0,0,0,0,
Sharjah Warriorz,103,150,5,75224f22,f0e293b0,62175638,2,0,2,0,
Sharjah Warriorz,104,151,5,75224f22,f0e293b0,62175638,1,0,1,0,
Sharjah Warriorz,105,151,5,62175638,f0e293b0,75224f22,0,0,0,0,
Sharjah Warriorz,106,151,5,62175638,f0e293b0,75224f22,0,0,0,0,
Sharjah Warriorz,107,152,5,62175638,f0e293b0,75224f22,0,1,1,0,
Sharjah Warriorz,108,153,5,62175638,e9c7f0d0,75224f22,1,0,1,0,
Sharjah Warriorz,109,153,6,75224f22,e9c7f0d0,62175638,0,0,0,1,caught
Sharjah Warriorz,110,154,6,13c35c9e,e9c7f0d0,62175638,1,0,1,0,
Sharjah Warriorz,111,155,6,62175638,e9c7f0d0,13c35c9e,1,0,1,0,
Sharjah Warriorz,112,155,7,13c35c9e,e9c7f0d0,62175638,0,0,0,1,caught
Sharjah Warriorz,113,156,7,31ca7a9c,e9c7f0d0,62175638,1,0,1,0,
Sharjah Warriorz,114,160,7,31ca7a9c,b0946605,62175638,4,0,4,0,
Sharjah Warriorz,115,164,7,31ca7a9c,b0946605,62175638,4,0,4,0,
Sharjah Warriorz,116,164,7,31ca7a9c,b0946605,62175638,0,0,0,0,
Sharjah Warriorz,117,165,7,31ca7a9c,b0946605,62175638,1,0,1,0,
Sharjah Warriorz,118,167,7,62175638,b0946605,31ca7a9c,2,0,2,0,
Sharjah Warriorz,119,167,8,62175638,b0946605,31ca7a9c,0,0,0,1,caught
Sharjah Warriorz,120,168,8,31ca7a9c,f0e293b0,350bb1b1,1,0,1,0,
Sharjah Warriorz,121,170,8,350bb1b1,f0e293b0,31ca7a9c,2,0,2,0,
Sharjah Warriorz,122,170,8,350bb1b1,f0e293b0,31ca7a9c,0,0,0,0,
Sharjah Warriorz,123,170,8,350bb1b1,f0e293b0,31ca7a9c,0,0,0,0,
Sharjah Warriorz,124,176,8,350bb1b1,f0e293b0,31ca7a9c,6,0,6,0,
Sharjah Warriorz,125,176,9,350bb1b1,f0e293b0,31ca7a9c,0,0,0,1,run out
MI Emirates,1,2,0,6f02fe2a,13c35c9e,f21043a5,2,0,2,0,
MI Emirates,2,2,0,6f02fe2a,13c35c9e,f21043a5,0,0,0,0,
MI Emirates,3,6,0,6f02fe2a,13c35c9e,f21043a5,4,0,4,0,
MI Emirates,4,12,0,6f02fe2a,13c35c9e,f21043a5,6,0,6,0,
MI Emirates,5,12,0,6f02fe2a,13c35c9e,f21043a5,0,0,0,0,
MI Emirates,6,12,0,6f02fe2a,13c35c9e,f21043a5,0,0,0,0,
MI Emirates,7,12,0,f21043a5,350bb1b1,6f02fe2a,0,0,0,0,
MI Emirates,8,12,0,f21043a5,350bb1b1,6f02fe2a,0,0,0,0,
MI Emirates,9,12,0,f21043a5,350bb1b1,6f02fe2a,0,0,0,0,
MI Emirates,10,13,0,f21043a5,350bb1b1,6f02fe2a,1,0,1,0,
MI Emirates,11,15,0,6f02fe2a,350bb1b1,f21043a5,0,2,2,0,
MI Emirates,12,15,0,6f02fe2a,350bb1b1,f21043a5,0,0,0,0,
MI Emirates,13,15,0,f21043a5,de7d833e,6f02fe2a,0,0,0,0,
MI Emirates,14,19,0,f21043a5,de7d833e,6f02fe2a,4,0,4,0,
MI Emirates,15,20,0,f21043a5,de7d833e,6f02fe2a,1,0,1,0,
MI Emirates,16,20,1,6f02fe2a,de7d833e,f21043a5,0,0,0,1,caught
MI Emirates,17,20,1,25f7b7d6,de7d833e,f21043a5,0,0,0,0,
MI Emirates,18,20,1,25f7b7d6,de7d833e,f21043a5,0,0,0,0,
MI Emirates,19,21,1,f21043a5,350bb1b1,25f7b7d6,1,0,1,0,
MI Emirates,20,21,1,25f7b7d6,350bb1b1,f21043a5,0,0,0,0,
MI Emirates,21,21,1,25f7b7d6,350bb1b1,f21043a5,0,0,0,0,
MI Emirates,22,21,1,25f7b7d6,350bb1b1,f21043a5,0,0,0,0,
MI Emirates,23,21,1,25f7b7d6,350bb1b1,f21043a5,0,0,0,0,
MI Emirates,24,21,1,25f7b7d6,350bb1b1,f21043a5,0,0,0,0,
MI Emirates,25,22,1,f21043a5,de7d833e,25f7b7d6,1,0,1,0,
MI Emirates,26,26,1,25f7b7d6,de7d833e,f21043a5,4,0,4,0,
MI Emirates,27,26,1,25f7b7d6,de7d833e,f21043a5,0,0,0,0,
MI Emirates,28,30,1,25f7b7d6,de7d833e,f21043a5,4,0,4,0,
MI Emirates,29,30,1,25f7b7d6,de7d833e,f21043a5,0,0,0,0,
MI Emirates,30,31,1,25f7b7d6,de7d833e,f21043a5,1,0,1,0,
MI Emirates,31,33,1,25f7b7d6,350bb1b1,f21043a5,2,0,2,0,
MI Emirates,32,33,1,25f7b7d6,350bb1b1,f21043a5,0,0,0,0,
MI Emirates,33,37,1,25f7b7d6,350bb1b1,f21043a5,4,0,4,0,
MI Emirates,34,39,1,25f7b7d6,350bb1b1,f21043a5,2,0,2,0,
MI Emirates,35,40,1,25f7b7d6,350bb1b1,f21043a5,1,0,1,0,
MI Emirates,36,41,1,f21043a5,350bb1b1,25f7b7d6,1,0,1,0,
MI Emirates,37,42,1,f21043a5,c13e8df5,25f7b7d6,1,0,1,0,
MI Emirates,38,44,1,25f7b7d6,c13e8df5,f21043a5,2,0,2,0,
MI Emirates,39,45,1,25f7b7d6,c13e8df5,f21043a5,1,0,1,0,
MI Emirates,40,47,1,f21043a5,c13e8df5,25f7b7d6,0,2,2,0,
MI Emirates,41,47,1,25f7b7d6,c13e8df5,f21043a5,0,0,0,0,
MI Emirates,42,48,1,25f7b7d6,c13e8df5,f21043a5,1,0,1,0,
MI Emirates,43,48,1,f21043a5,c13e8df5,25f7b7d6,0,0,0,0,
MI Emirates,44,49,1,25f7b7d6,75224f22,f21043a5,1,0,1,0,
MI Emirates,45,50,1,f21043a5,75224f22,25f7b7d6,1,0,1,0,
MI Emirates,46,51,1,25f7b7d6,75224f22,f21043a5,1,0,1,0,
MI Emirates,47,55,1,f21043a5,75224f22,25f7b7d6,4,0,4,0,
MI Emirates,48,57,1,f21043a5,75224f22,25f7b7d6,2,0,2,0,
MI Emirates,49,57,1,f21043a5,75224f22,25f7b7d6,0,0,0,0,
MI Emirates,50,58,1,25f7b7d6,1957c6b7,f21043a5,1,0,1,0,
MI Emirates,51,58,1,f21043a5,1957c6b7,25f7b7d6,0,0,0,0,
MI Emirates,52,62,1,f21043a5,1957c6b7,25f7b7d6,4,0,4,0,
MI Emirates,53,63,1,f21043a5,1957c6b7,25f7b7d6,1,0,1,0,
MI Emirates,54,69,1,25f7b7d6,1957c6b7,f21043a5,6,0,6,0,
MI Emirates,55,70,1,25f7b7d6,1957c6b7,f21043a5,1,0,1,0,
MI Emirates,56,74,1,25f7b7d6,c13e8df5,f21043a5,4,0,4,0,
MI Emirates,57,78,1,25f7b7d6,c13e8df5,f21043a5,4,0,4,0,
MI Emirates,58,79,1,25f7b7d6,c13e8df5,f21043a5,1,0,1,0,
MI Emirates,59,80,1,f21043a5,c13e8df5,25f7b7d6,1,0,1,0,
MI Emirates,60,86,1,25f7b7d6,c13e8df5,f21043a5,6,0,6,0,
MI Emirates,61,87,1,25f7b7d6,c13e8df5,f21043a5,1,0,1,0,
MI Emirates,62,88,1,25f7b7d6,62175638,f21043a5,1,0,1,0,
MI Emirates,63,89,1,f21043a5,62175638,25f7b7d6,1,0,1,0,
MI Emirates,64,90,1,25f7b7d6,62175638,f21043a5,1,0,1,0,
MI Emirates,65,94,1,f21043a5,62175638,25f7b7d6,4,0,4,0,
MI Emirates,66,94,1,f21043a5,62175638,25f7b7d6,0,0,0,0,
MI Emirates,67,95,1,f21043a5,62175638,25f7b7d6,1,0,1,0,
MI Emirates,68,99,1,f21043a5,13c35c9e,25f7b7d6,4,0,4,0,
MI Emirates,69,99,1,f21043a5,13c35c9e,25f7b7d6,0,0,0,0,
MI Emirates,70,100,1,f21043a5,13c35c9e,25f7b7d6,1,0,1,0,
MI Emirates,71,101,1,25f7b7d6,13c35c9e,f21043a5,1,0,1,0,
MI Emirates,72,102,1,f21043a5,13c35c9e,25f7b7d6,1,0,1,0,
MI Emirates,73,103,1,25f7b7d6,13c35c9e,f21043a5,1,0,1,0,
MI Emirates,74,104,1,25f7b7d6,c13e8df5,f21043a5,1,0,1,0,
MI Emirates,75,105,1,f21043a5,c13e8df5,25f7b7d6,1,0,1,0,
MI Emirates,76,106,1,25f7b7d6,c13e8df5,f21043a5,1,0,1,0,
MI Emirates,77,107,1,f21043a5,c13e8df5,25f7b7d6,1,0,1,0,
MI Emirates,78,111,1,25f7b7d6,c13e8df5,f21043a5,4,0,4,0,
MI Emirates,79,117,1,25f7b7d6,c13e8df5,f21043a5,6,0,6,0,
MI Emirates,80,119,1,f21043a5,75224f22,25f7b7d6,2,0,2,0,
MI Emirates,81,120,1,f21043a5,75224f22,25f7b7d6,0,1,1,0,
MI Emirates,82,126,1,f21043a5,75224f22,25f7b7d6,6,0,6,0,
MI Emirates,83,130,1,f21043a5,75224f22,25f7b7d6,4,0,4,0,
MI Emirates,84,130,1,f21043a5,75224f22,25f7b7d6,0,0,0,0,
MI Emirates,85,131,1,f21043a5,75224f22,25f7b7d6,1,0,1,0,
MI Emirates,86,132,1,25f7b7d6,75224f22,f21043a5,0,1,1,0,
MI Emirates,87,136,1,25f7b7d6,75224f22,f21043a5,4,0,4,0,
MI Emirates,88,137,1,f21043a5,de7d833e,25f7b7d6,1,0,1,0,
MI Emirates,89,141,1,25f7b7d6,de7d833e,f21043a5,4,0,4,0,
MI Emirates,90,141,1,25f7b7d6,de7d833e,f21043a5,0,0,0,0,
MI Emirates,91,141,1,25f7b7d6,de7d833e,f21043a5,0,0,0,0,
MI Emirates,92,142,1,25f7b7d6,de7d833e,f21043a5,1,0,1,0,
MI Emirates,93,144,1,f21043a5,de7d833e,25f7b7d6,2,0,2,0,
MI Emirates,94,145,1,25f7b7d6,13c35c9e,f21043a5,0,1,1,0,
MI Emirates,95,146,1,f21043a5,13c35c9e,25f7b7d6,1,0,1,0,
MI Emirates,96,150,1,25f7b7d6,13c35c9e,f21043a5,4,0,4,0,
MI Emirates,97,154,1,25f7b7d6,13c35c9e,f21043a5,4,0,4,0,
MI Emirates,98,154,1,25f7b7d6,13c35c9e,f21043a5,0,0,0,0,
MI Emirates,99,160,1,25f7b7d6,13c35c9e,f21043a5,6,0,6,0,
MI Emirates,100,161,1,f21043a5,350bb1b1,25f7b7d6,1,0,1,0,
MI Emirates,101,162,1,25f7b7d6,350bb1b1,f21043a5,1,0,1,0,
MI Emirates,102,162,1,f21043a5,350bb1b1,25f7b7d6,0,0,0,0,
MI Emirates,103,163,1,f21043a5,350bb1b1,25f7b7d6,1,0,1,0,
MI Emirates,104,164,1,25f7b7d6,350bb1b1,f21043a5,1,0,1,0,
MI Emirates,105,164,1,f21043a5,350bb1b1,25f7b7d6,0,0,0,0,
MI Emirates,106,170,1,25f7b7d6,de7d833e,f21043a5,6,0,6,0,
MI Emirates,107,170,1,25f7b7d6,de7d833e,f21043a5,0,0,0,0,
MI Emirates,108,176,1,25f7b7d6,de7d833e,f21043a5,6,0,6,0,
MI Emirates,109,177,1,25f7b7d6,de7d833e,f21043a5,1,0,1,0,
