batting_team,ball_number,total_team_runs,total_team_wickets,striker_ID,bowler_ID,nonstriker_ID,batter_runs,extras_runs,total_delivery_runs,wicket,wicket_type
Fortune Barishal,1,0,0,3b041a12,9dad0f2e,1274d7ab,0,0,0,0,
Fortune Barishal,2,0,0,3b041a12,9dad0f2e,1274d7ab,0,0,0,0,
Fortune Barishal,3,0,0,3b041a12,9dad0f2e,1274d7ab,0,0,0,0,
Fortune Barishal,4,0,0,3b041a12,9dad0f2e,1274d7ab,0,0,0,0,
Fortune Barishal,5,0,0,3b041a12,9dad0f2e,1274d7ab,0,0,0,0,
Fortune Barishal,6,0,0,3b041a12,9dad0f2e,1274d7ab,0,0,0,0,
Fortune Barishal,7,0,0,1274d7ab,29e253dd,3b041a12,0,0,0,0,
Fortune Barishal,8,0,0,1274d7ab,29e253dd,3b041a12,0,0,0,0,
Fortune Barishal,9,4,0,1274d7ab,29e253dd,3b041a12,4,0,4,0,
Fortune Barishal,10,5,0,1274d7ab,29e253dd,3b041a12,0,1,1,0,
Fortune Barishal,11,5,0,3b041a12,29e253dd,1274d7ab,0,0,0,0,
Fortune Barishal,12,6,0,3b041a12,29e253dd,1274d7ab,1,0,1,0,
Fortune Barishal,13,7,0,3b041a12,9dad0f2e,1274d7ab,1,0,1,0,
Fortune Barishal,14,7,0,1274d7ab,9dad0f2e,3b041a12,0,0,0,0,
Fortune Barishal,15,8,0,1274d7ab,9dad0f2e,3b041a12,1,0,1,0,
Fortune Barishal,16,9,0,3b041a12,9dad0f2e,1274d7ab,1,0,1,0,
Fortune Barishal,17,15,0,1274d7ab,9dad0f2e,3b041a12,6,0,6,0,
Fortune Barishal,18,16,0,1274d7ab,9dad0f2e,3b041a12,1,0,1,0,
Fortune Barishal,19,16,0,1274d7ab,99d7d5b7,3b041a12,0,0,0,0,
Fortune Barishal,20,17,0,1274d7ab,99d7d5b7,3b041a12,1,0,1,0,
Fortune Barishal,21,18,0,3b041a12,99d7d5b7,1274d7ab,1,0,1,0,
Fortune Barishal,22,22,0,1274d7ab,99d7d5b7,3b041a12,4,0,4,0,
Fortune Barishal,23,23,0,1274d7ab,99d7d5b7,3b041a12,0,1,1,0,
Fortune Barishal,24,23,0,3b041a12,99d7d5b7,1274d7ab,0,0,0,0,
Fortune Barishal,25,24,0,1274d7ab,9dad0f2e,3b041a12,1,0,1,0,
Fortune Barishal,26,24,0,3b041a12,9dad0f2e,1274d7ab,0,0,0,0,
Fortune Barishal,27,24,0,3b041a12,9dad0f2e,1274d7ab,0,0,0,0,
Fortune Barishal,28,28,0,3b041a12,9dad0f2e,1274d7ab,4,0,4,0,
Fortune Barishal,29,28,0,3b041a12,9dad0f2e,1274d7ab,0,0,0,0,
Fortune Barishal,30,32,0,3b041a12,9dad0f2e,1274d7ab,4,0,4,0,
Fortune Barishal,31,34,0,1274d7ab,5318ee68,3b041a12,2,0,2,0,
Fortune Barishal,32,38,0,1274d7ab,5318ee68,3b041a12,4,0,4,0,
Fortune Barishal,33,42,0,1274d7ab,5318ee68,3b041a12,4,0,4,0,
Fortune Barishal,34,42,0,1274d7ab,5318ee68,3b041a12,0,0,0,0,
Fortune Barishal,35,42,0,1274d7ab,5318ee68,3b041a12,0,0,0,0,
Fortune Barishal,36,46,0,1274d7ab,5318ee68,3b041a12,4,0,4,0,
Fortune Barishal,37,46,0,3b041a12,99d7d5b7,1274d7ab,0,0,0,0,
Fortune Barishal,38,47,0,3b041a12,99d7d5b7,1274d7ab,1,0,1,0,
Fortune Barishal,39,48,0,1274d7ab,99d7d5b7,3b041a12,1,0,1,0,
Fortune Barishal,40,48,0,3b041a12,99d7d5b7,1274d7ab,0,0,0,0,
Fortune Barishal,41,48,0,3b041a12,99d7d5b7,1274d7ab,0,0,0,0,
Fortune Barishal,42,49,0,3b041a12,99d7d5b7,1274d7ab,1,0,1,0,
Fortune Barishal,43,55,0,3b041a12,29e253dd,1274d7ab,6,0,6,0,
Fortune Barishal,44,59,0,3b041a12,29e253dd,1274d7ab,4,0,4,0,
Fortune Barishal,45,65,0,3b041a12,29e253dd,1274d7ab,6,0,6,0,
Fortune Barishal,46,66,0,3b041a12,29e253dd,1274d7ab,1,0,1,0,
Fortune Barishal,47,67,0,1274d7ab,29e253dd,3b041a12,1,0,1,0,
Fortune Barishal,48,67,0,3b041a12,29e253dd,1274d7ab,0,0,0,0,
Fortune Barishal,49,68,0,1274d7ab,b3a28446,3b041a12,1,0,1,0,
Fortune Barishal,50,69,0,3b041a12,b3a28446,1274d7ab,1,0,1,0,
Fortune Barishal,51,71,0,1274d7ab,b3a28446,3b041a12,2,0,2,0,
Fortune Barishal,52,71,0,1274d7ab,b3a28446,3b041a12,0,0,0,0,
Fortune Barishal,53,72,0,1274d7ab,b3a28446,3b041a12,1,0,1,0,
Fortune Barishal,54,76,0,3b041a12,b3a28446,1274d7ab,4,0,4,0,
Fortune Barishal,55,76,0,1274d7ab,5318ee68,3b041a12,0,0,0,0,
Fortune Barishal,56,77,0,1274d7ab,5318ee68,3b041a12,1,0,1,0,
Fortune Barishal,57,78,0,3b041a12,5318ee68,1274d7ab,1,0,1,0,
Fortune Barishal,58,79,0,1274d7ab,5318ee68,3b041a12,1,0,1,0,
Fortune Barishal,59,80,0,3b041a12,5318ee68,1274d7ab,1,0,1,0,
Fortune Barishal,60,81,0,1274d7ab,5318ee68,3b041a12,1,0,1,0,
Fortune Barishal,61,81,1,1274d7ab,f7e9a562,3b041a12,0,0,0,1,caught
Fortune Barishal,62,87,1,73c18486,f7e9a562,3b041a12,6,0,6,0,
Fortune Barishal,63,88,1,73c18486,f7e9a562,3b041a12,1,0,1,0,
Fortune Barishal,64,90,1,3b041a12,f7e9a562,73c18486,2,0,2,0,
Fortune Barishal,65,90,1,3b041a12,f7e9a562,73c18486,0,0,0,0,
Fortune Barishal,66,90,2,3b041a12,f7e9a562,73c18486,0,0,0,1,caught
Fortune Barishal,67,91,2,73c18486,99d7d5b7,9e52a414,1,0,1,0,
Fortune Barishal,68,91,2,9e52a414,99d7d5b7,73c18486,0,0,0,0,
Fortune Barishal,69,91,2,9e52a414,99d7d5b7,73c18486,0,0,0,0,
Fortune Barishal,70,92,2,9e52a414,99d7d5b7,73c18486,1,0,1,0,
Fortune Barishal,71,93,2,73c18486,99d7d5b7,9e52a414,1,0,1,0,
Fortune Barishal,72,93,2,9e52a414,99d7d5b7,73c18486,0,0,0,0,
Fortune Barishal,73,99,2,73c18486,f7e9a562,9e52a414,6,0,6,0,
Fortune Barishal,74,100,2,73c18486,f7e9a562,9e52a414,1,0,1,0,
Fortune Barishal,75,106,2,9e52a414,f7e9a562,73c18486,6,0,6,0,
Fortune Barishal,76,107,2,9e52a414,f7e9a562,73c18486,1,0,1,0,
Fortune Barishal,77,108,2,73c18486,f7e9a562,9e52a414,1,0,1,0,
Fortune Barishal,78,109,2,9e52a414,f7e9a562,73c18486,1,0,1,0,
Fortune Barishal,79,110,2,9e52a414,5318ee68,73c18486,1,0,1,0,
Fortune Barishal,80,110,2,73c18486,5318ee68,9e52a414,0,0,0,0,
Fortune Barishal,81,111,2,73c18486,5318ee68,9e52a414,1,0,1,0,
Fortune Barishal,82,113,2,9e52a414,5318ee68,73c18486,2,0,2,0,
Fortune Barishal,83,115,2,9e52a414,5318ee68,73c18486,2,0,2,0,
Fortune Barishal,84,116,2,9e52a414,5318ee68,73c18486,1,0,1,0,
Fortune Barishal,85,117,2,9e52a414,b3a28446,73c18486,1,0,1,0,
Fortune Barishal,86,117,2,73c18486,b3a28446,9e52a414,0,0,0,0,
Fortune Barishal,87,117,2,73c18486,b3a28446,9e52a414,0,0,0,0,
Fortune Barishal,88,119,2,73c18486,b3a28446,9e52a414,2,0,2,0,
Fortune Barishal,89,120,2,73c18486,b3a28446,9e52a414,1,0,1,0,
Fortune Barishal,90,124,2,9e52a414,b3a28446,73c18486,4,0,4,0,
Fortune Barishal,91,125,2,73c18486,f7e9a562,9e52a414,1,0,1,0,
Fortune Barishal,92,126,2,9e52a414,f7e9a562,73c18486,1,0,1,0,
Fortune Barishal,93,127,2,73c18486,f7e9a562,9e52a414,0,1,1,0,
Fortune Barishal,94,128,2,73c18486,f7e9a562,9e52a414,0,1,1,0,
Fortune Barishal,95,134,2,73c18486,f7e9a562,9e52a414,6,0,6,0,
Fortune Barishal,96,138,2,73c18486,f7e9a562,9e52a414,4,0,4,0,
Fortune Barishal,97,144,2,73c18486,f7e9a562,9e52a414,6,0,6,0,
Fortune Barishal,98,146,2,73c18486,f7e9a562,9e52a414,2,0,2,0,
Fortune Barishal,99,146,2,9e52a414,99d7d5b7,73c18486,0,0,0,0,
Fortune Barishal,100,148,2,9e52a414,99d7d5b7,73c18486,2,0,2,0,
Fortune Barishal,101,148,2,9e52a414,99d7d5b7,73c18486,0,0,0,0,
Fortune Barishal,102,149,2,9e52a414,99d7d5b7,73c18486,0,1,1,0,
Fortune Barishal,103,149,3,9e52a414,99d7d5b7,73c18486,0,0,0,1,caught
Fortune Barishal,104,150,3,bf1d7d3e,99d7d5b7,73c18486,1,0,1,0,
Fortune Barishal,105,150,3,73c18486,99d7d5b7,bf1d7d3e,0,0,0,0,
Fortune Barishal,106,151,3,bf1d7d3e,b3a28446,73c18486,1,0,1,0,
Fortune Barishal,107,151,3,73c18486,b3a28446,bf1d7d3e,0,0,0,0,
Fortune Barishal,108,152,3,73c18486,b3a28446,bf1d7d3e,1,0,1,0,
Fortune Barishal,109,152,3,bf1d7d3e,b3a28446,73c18486,0,0,0,0,
Fortune Barishal,110,152,4,bf1d7d3e,b3a28446,73c18486,0,0,0,1,caught
Fortune Barishal,111,153,4,bd4ea627,b3a28446,73c18486,1,0,1,0,
Fortune Barishal,112,154,4,bd4ea627,5318ee68,73c18486,0,1,1,0,
Fortune Barishal,113,155,4,bd4ea627,5318ee68,73c18486,0,1,1,0,
Fortune Barishal,114,159,4,bd4ea627,5318ee68,73c18486,4,0,4,0,
Fortune Barishal,115,165,4,bd4ea627,5318ee68,73c18486,6,0,6,0,
Fortune Barishal,116,171,4,bd4ea627,5318ee68,73c18486,6,0,6,0,
Fortune Barishal,117,173,4,bd4ea627,5318ee68,73c18486,2,0,2,0,
Fortune Barishal,118,174,4,bd4ea627,5318ee68,73c18486,1,0,1,0,
Fortune Barishal,119,175,4,73c18486,5318ee68,bd4ea627,0,1,1,0,
Fortune Barishal,120,181,4,73c18486,b3a28446,bd4ea627,6,0,6,0,
Fortune Barishal,121,181,5,73c18486,b3a28446,bd4ea627,0,0,0,1,run out
Fortune Barishal,122,182,5,73c18486,b3a28446,22d73540,1,0,1,0,
Fortune Barishal,123,183,5,22d73540,b3a28446,73c18486,1,0,1,0,
Fortune Barishal,124,190,5,73c18486,b3a28446,22d73540,6,1,7,0,
Fortune Barishal,125,196,5,73c18486,b3a28446,22d73540,6,0,6,0,
Fortune Barishal,126,197,5,73c18486,b3a28446,22d73540,1,0,1,0,
Rangpur Riders,1,1,0,24e3c15b,73c18486,92aeac25,0,1,1,0,
Rangpur Riders,2,1,0,24e3c15b,73c18486,92aeac25,0,0,0,0,
Rangpur Riders,3,2,0,24e3c15b,73c18486,92aeac25,0,1,1,0,
Rangpur Riders,4,3,0,92aeac25,73c18486,24e3c15b,0,1,1,0,
Rangpur Riders,5,3,0,92aeac25,73c18486,24e3c15b,0,0,0,0,
Rangpur Riders,6,4,0,92aeac25,73c18486,24e3c15b,1,0,1,0,
Rangpur Riders,7,4,0,24e3c15b,73c18486,92aeac25,0,0,0,0,
Rangpur Riders,8,4,0,24e3c15b,73c18486,92aeac25,0,0,0,0,
Rangpur Riders,9,4,1,92aeac25,aa467af0,24e3c15b,0,0,0,1,stumped
Rangpur Riders,10,4,1,bb95564b,aa467af0,24e3c15b,0,0,0,0,
Rangpur Riders,11,4,1,bb95564b,aa467af0,24e3c15b,0,0,0,0,
Rangpur Riders,12,8,1,bb95564b,aa467af0,24e3c15b,4,0,4,0,
Rangpur Riders,13,8,1,bb95564b,aa467af0,24e3c15b,0,0,0,0,
Rangpur Riders,14,8,1,bb95564b,aa467af0,24e3c15b,0,0,0,0,
Rangpur Riders,15,8,1,24e3c15b,45a7e761,bb95564b,0,0,0,0,
Rangpur Riders,16,8,1,24e3c15b,45a7e761,bb95564b,0,0,0,0,
Rangpur Riders,17,9,1,24e3c15b,45a7e761,bb95564b,1,0,1,0,
Rangpur Riders,18,9,1,bb95564b,45a7e761,24e3c15b,0,0,0,0,
Rangpur Riders,19,13,1,bb95564b,45a7e761,24e3c15b,4,0,4,0,
Rangpur Riders,20,13,1,bb95564b,45a7e761,24e3c15b,0,0,0,0,
Rangpur Riders,21,13,1,24e3c15b,aa467af0,bb95564b,0,0,0,0,
Rangpur Riders,22,13,1,24e3c15b,aa467af0,bb95564b,0,0,0,0,
Rangpur Riders,23,13,1,24e3c15b,aa467af0,bb95564b,0,0,0,0,
Rangpur Riders,24,14,1,24e3c15b,aa467af0,bb95564b,1,0,1,0,
Rangpur Riders,25,14,1,bb95564b,aa467af0,24e3c15b,0,0,0,0,
Rangpur Riders,26,14,1,bb95564b,aa467af0,24e3c15b,0,0,0,0,
Rangpur Riders,27,15,1,24e3c15b,45a7e761,bb95564b,1,0,1,0,
Rangpur Riders,28,16,1,bb95564b,45a7e761,24e3c15b,1,0,1,0,
Rangpur Riders,29,16,1,24e3c15b,45a7e761,bb95564b,0,0,0,0,
Rangpur Riders,30,20,1,24e3c15b,45a7e761,bb95564b,4,0,4,0,
Rangpur Riders,31,21,1,24e3c15b,45a7e761,bb95564b,1,0,1,0,
Rangpur Riders,32,21,1,bb95564b,45a7e761,24e3c15b,0,0,0,0,
Rangpur Riders,33,22,1,24e3c15b,22d73540,bb95564b,1,0,1,0,
Rangpur Riders,34,28,1,bb95564b,22d73540,24e3c15b,6,0,6,0,
Rangpur Riders,35,32,1,bb95564b,22d73540,24e3c15b,4,0,4,0,
Rangpur Riders,36,32,1,bb95564b,22d73540,24e3c15b,0,0,0,0,
Rangpur Riders,37,34,1,bb95564b,22d73540,24e3c15b,2,0,2,0,
Rangpur Riders,38,34,1,bb95564b,22d73540,24e3c15b,0,0,0,0,
Rangpur Riders,39,38,1,24e3c15b,bd4ea627,bb95564b,4,0,4,0,
Rangpur Riders,40,39,1,24e3c15b,bd4ea627,bb95564b,1,0,1,0,
Rangpur Riders,41,40,1,bb95564b,bd4ea627,24e3c15b,1,0,1,0,
Rangpur Riders,42,40,1,24e3c15b,bd4ea627,bb95564b,0,0,0,0,
Rangpur Riders,43,41,1,24e3c15b,bd4ea627,bb95564b,1,0,1,0,
Rangpur Riders,44,41,2,bb95564b,bd4ea627,24e3c15b,0,0,0,1,caught
Rangpur Riders,45,47,2,24e3c15b,aa467af0,29e253dd,6,0,6,0,
Rangpur Riders,46,48,2,24e3c15b,aa467af0,29e253dd,1,0,1,0,
Rangpur Riders,47,48,2,29e253dd,aa467af0,24e3c15b,0,0,0,0,
Rangpur Riders,48,49,2,29e253dd,aa467af0,24e3c15b,1,0,1,0,
Rangpur Riders,49,53,2,24e3c15b,aa467af0,29e253dd,4,0,4,0,
Rangpur Riders,50,59,2,24e3c15b,aa467af0,29e253dd,6,0,6,0,
Rangpur Riders,51,59,2,29e253dd,5935d694,24e3c15b,0,0,0,0,
Rangpur Riders,52,60,2,29e253dd,5935d694,24e3c15b,1,0,1,0,
Rangpur Riders,53,66,2,24e3c15b,5935d694,29e253dd,6,0,6,0,
Rangpur Riders,54,66,2,24e3c15b,5935d694,29e253dd,0,0,0,0,
Rangpur Riders,55,66,2,24e3c15b,5935d694,29e253dd,0,0,0,0,
Rangpur Riders,56,66,3,24e3c15b,5935d694,29e253dd,0,0,0,1,caught and bowled
Rangpur Riders,57,66,3,29e253dd,bd4ea627,fce581b5,0,0,0,0,
Rangpur Riders,58,70,3,29e253dd,bd4ea627,fce581b5,4,0,4,0,
Rangpur Riders,59,70,3,29e253dd,bd4ea627,fce581b5,0,0,0,0,
Rangpur Riders,60,71,3,29e253dd,bd4ea627,fce581b5,1,0,1,0,
Rangpur Riders,61,71,3,fce581b5,bd4ea627,29e253dd,0,0,0,0,
Rangpur Riders,62,72,3,fce581b5,bd4ea627,29e253dd,0,1,1,0,
Rangpur Riders,63,77,3,fce581b5,5935d694,29e253dd,0,5,5,0,
Rangpur Riders,64,78,3,fce581b5,5935d694,29e253dd,1,0,1,0,
Rangpur Riders,65,84,3,29e253dd,5935d694,fce581b5,6,0,6,0,
Rangpur Riders,66,85,3,29e253dd,5935d694,fce581b5,1,0,1,0,
Rangpur Riders,67,89,3,fce581b5,5935d694,29e253dd,4,0,4,0,
Rangpur Riders,68,90,3,fce581b5,5935d694,29e253dd,1,0,1,0,
Rangpur Riders,69,91,3,29e253dd,5935d694,fce581b5,1,0,1,0,
Rangpur Riders,70,92,3,29e253dd,22d73540,fce581b5,1,0,1,0,
Rangpur Riders,71,92,3,fce581b5,22d73540,29e253dd,0,0,0,0,
Rangpur Riders,72,96,3,fce581b5,22d73540,29e253dd,4,0,4,0,
Rangpur Riders,73,97,3,fce581b5,22d73540,29e253dd,1,0,1,0,
Rangpur Riders,74,97,3,29e253dd,22d73540,fce581b5,0,0,0,0,
Rangpur Riders,75,97,3,29e253dd,22d73540,fce581b5,0,0,0,0,
Rangpur Riders,76,98,3,fce581b5,aa467af0,29e253dd,1,0,1,0,
Rangpur Riders,77,99,3,29e253dd,aa467af0,fce581b5,1,0,1,0,
Rangpur Riders,78,105,3,fce581b5,aa467af0,29e253dd,6,0,6,0,
Rangpur Riders,79,105,3,fce581b5,aa467af0,29e253dd,0,0,0,0,
Rangpur Riders,80,106,3,fce581b5,aa467af0,29e253dd,1,0,1,0,
Rangpur Riders,81,107,3,29e253dd,aa467af0,fce581b5,1,0,1,0,
Rangpur Riders,82,108,3,29e253dd,bd4ea627,fce581b5,1,0,1,0,
Rangpur Riders,83,109,3,fce581b5,bd4ea627,29e253dd,1,0,1,0,
Rangpur Riders,84,109,3,29e253dd,bd4ea627,fce581b5,0,0,0,0,
Rangpur Riders,85,110,3,29e253dd,bd4ea627,fce581b5,1,0,1,0,
Rangpur Riders,86,111,3,fce581b5,bd4ea627,29e253dd,1,0,1,0,
Rangpur Riders,87,112,3,29e253dd,bd4ea627,fce581b5,1,0,1,0,
Rangpur Riders,88,118,3,29e253dd,45a7e761,fce581b5,6,0,6,0,
Rangpur Riders,89,119,3,29e253dd,45a7e761,fce581b5,1,0,1,0,
Rangpur Riders,90,125,3,fce581b5,45a7e761,29e253dd,6,0,6,0,
Rangpur Riders,91,125,3,fce581b5,45a7e761,29e253dd,0,0,0,0,
Rangpur Riders,92,126,3,fce581b5,45a7e761,29e253dd,1,0,1,0,
Rangpur Riders,93,127,3,29e253dd,45a7e761,fce581b5,1,0,1,0,
Rangpur Riders,94,133,3,29e253dd,22d73540,fce581b5,6,0,6,0,
Rangpur Riders,95,133,3,29e253dd,22d73540,fce581b5,0,0,0,0,
Rangpur Riders,96,137,3,29e253dd,22d73540,fce581b5,4,0,4,0,
Rangpur Riders,97,141,3,29e253dd,22d73540,fce581b5,4,0,4,0,
Rangpur Riders,98,142,3,29e253dd,22d73540,fce581b5,1,0,1,0,
Rangpur Riders,99,143,3,fce581b5,22d73540,29e253dd,1,0,1,0,
Rangpur Riders,100,143,3,fce581b5,bd4ea627,29e253dd,0,0,0,0,
Rangpur Riders,101,144,3,fce581b5,bd4ea627,29e253dd,1,0,1,0,
Rangpur Riders,102,145,3,29e253dd,bd4ea627,fce581b5,0,1,1,0,
Rangpur Riders,103,145,3,29e253dd,bd4ea627,fce581b5,0,0,0,0,
Rangpur Riders,104,146,3,29e253dd,bd4ea627,fce581b5,0,1,1,0,
Rangpur Riders,105,148,3,29e253dd,bd4ea627,fce581b5,2,0,2,0,
Rangpur Riders,106,149,3,29e253dd,bd4ea627,fce581b5,0,1,1,0,
Rangpur Riders,107,150,3,29e253dd,bd4ea627,fce581b5,1,0,1,0,
Rangpur Riders,108,156,3,fce581b5,bd4ea627,29e253dd,6,0,6,0,
Rangpur Riders,109,157,3,29e253dd,45a7e761,fce581b5,1,0,1,0,
Rangpur Riders,110,157,3,29e253dd,45a7e761,fce581b5,0,0,0,0,
Rangpur Riders,111,157,3,29e253dd,45a7e761,fce581b5,0,0,0,0,
Rangpur Riders,112,157,3,29e253dd,45a7e761,fce581b5,0,0,0,0,
Rangpur Riders,113,157,4,29e253dd,45a7e761,fce581b5,0,0,0,1,caught
Rangpur Riders,114,159,4,d365d463,45a7e761,fce581b5,2,0,2,0,
Rangpur Riders,115,165,4,fce581b5,22d73540,d365d463,6,0,6,0,
Rangpur Riders,116,171,4,fce581b5,22d73540,d365d463,6,0,6,0,
Rangpur Riders,117,171,5,fce581b5,22d73540,d365d463,0,0,0,1,caught
Rangpur Riders,118,171,6,9dad0f2e,22d73540,d365d463,0,0,0,1,obstructing the field
Rangpur Riders,119,172,6,b3a28446,22d73540,d365d463,0,1,1,0,
Rangpur Riders,120,172,7,b3a28446,22d73540,d365d463,0,0,0,1,caught
Rangpur Riders,121,172,7,f7e9a562,22d73540,d365d463,0,0,0,0,
Rangpur Riders,122,178,7,d365d463,73c18486,f7e9a562,6,0,6,0,
Rangpur Riders,123,182,7,d365d463,73c18486,f7e9a562,4,0,4,0,
Rangpur Riders,124,186,7,d365d463,73c18486,f7e9a562,4,0,4,0,
Rangpur Riders,125,192,7,d365d463,73c18486,f7e9a562,6,0,6,0,
Rangpur Riders,126,196,7,d365d463,73c18486,f7e9a562,4,0,4,0,
Rangpur Riders,127,202,7,d365d463,73c18486,f7e9a562,6,0,6,0,
