batting_team,ball_number,total_team_runs,total_team_wickets,striker_ID,bowler_ID,nonstriker_ID,batter_runs,extras_runs,total_delivery_runs,wicket,wicket_type
Central Districts,1,1,0,f05167d2,d945db3e,84c422e3,1,0,1,0,
Central Districts,2,1,0,84c422e3,d945db3e,f05167d2,0,0,0,0,
Central Districts,3,4,0,84c422e3,d945db3e,f05167d2,3,0,3,0,
Central Districts,4,8,0,f05167d2,d945db3e,84c422e3,4,0,4,0,
Central Districts,5,9,0,f05167d2,d945db3e,84c422e3,1,0,1,0,
Central Districts,6,10,0,84c422e3,d945db3e,f05167d2,1,0,1,0,
Central Districts,7,12,0,84c422e3,d8e8179f,f05167d2,2,0,2,0,
Central Districts,8,16,0,84c422e3,d8e8179f,f05167d2,4,0,4,0,
Central Districts,9,16,1,84c422e3,d8e8179f,f05167d2,0,0,0,1,stumped
Central Districts,10,16,1,93fe473e,d8e8179f,f05167d2,0,0,0,0,
Central Districts,11,16,1,93fe473e,d8e8179f,f05167d2,0,0,0,0,
Central Districts,12,16,1,93fe473e,d8e8179f,f05167d2,0,0,0,0,
Central Districts,13,17,1,f05167d2,f41d1a02,93fe473e,0,1,1,0,
Central Districts,14,18,1,f05167d2,f41d1a02,93fe473e,1,0,1,0,
Central Districts,15,19,1,93fe473e,f41d1a02,f05167d2,1,0,1,0,
Central Districts,16,23,1,f05167d2,f41d1a02,93fe473e,4,0,4,0,
Central Districts,17,23,1,f05167d2,f41d1a02,93fe473e,0,0,0,0,
Central Districts,18,23,1,f05167d2,f41d1a02,93fe473e,0,0,0,0,
Central Districts,19,24,1,f05167d2,f41d1a02,93fe473e,1,0,1,0,
Central Districts,20,25,1,f05167d2,d8e8179f,93fe473e,1,0,1,0,
Central Districts,21,26,1,93fe473e,d8e8179f,f05167d2,1,0,1,0,
Central Districts,22,27,1,f05167d2,d8e8179f,93fe473e,1,0,1,0,
Central Districts,23,28,1,93fe473e,d8e8179f,f05167d2,1,0,1,0,
Central Districts,24,29,1,f05167d2,d8e8179f,93fe473e,1,0,1,0,
Central Districts,25,30,1,93fe473e,d8e8179f,f05167d2,1,0,1,0,
Central Districts,26,30,2,93fe473e,ac56b5a7,f05167d2,0,0,0,1,caught
Central Districts,27,30,2,8ca1f93a,ac56b5a7,f05167d2,0,0,0,0,
Central Districts,28,30,2,8ca1f93a,ac56b5a7,f05167d2,0,0,0,0,
Central Districts,29,30,2,8ca1f93a,ac56b5a7,f05167d2,0,0,0,0,
Central Districts,30,30,3,8ca1f93a,ac56b5a7,f05167d2,0,0,0,1,bowled
Central Districts,31,30,3,c8b0b64c,ac56b5a7,f05167d2,0,0,0,0,
Central Districts,32,31,3,f05167d2,d8e8179f,c8b0b64c,1,0,1,0,
Central Districts,33,32,3,c8b0b64c,d8e8179f,f05167d2,0,1,1,0,
Central Districts,34,33,3,c8b0b64c,d8e8179f,f05167d2,1,0,1,0,
Central Districts,35,34,3,f05167d2,d8e8179f,c8b0b64c,1,0,1,0,
Central Districts,36,35,3,c8b0b64c,d8e8179f,f05167d2,1,0,1,0,
Central Districts,37,35,3,f05167d2,d8e8179f,c8b0b64c,0,0,0,0,
Central Districts,38,36,3,f05167d2,d8e8179f,c8b0b64c,1,0,1,0,
Central Districts,39,40,3,f05167d2,ac56b5a7,c8b0b64c,4,0,4,0,
Central Districts,40,41,3,f05167d2,ac56b5a7,c8b0b64c,1,0,1,0,
Central Districts,41,41,3,c8b0b64c,ac56b5a7,f05167d2,0,0,0,0,
Central Districts,42,42,3,c8b0b64c,ac56b5a7,f05167d2,1,0,1,0,
Central Districts,43,44,3,f05167d2,ac56b5a7,c8b0b64c,2,0,2,0,
Central Districts,44,45,3,f05167d2,ac56b5a7,c8b0b64c,1,0,1,0,
Central Districts,45,47,3,f05167d2,7239a365,c8b0b64c,2,0,2,0,
Central Districts,46,47,3,f05167d2,7239a365,c8b0b64c,0,0,0,0,
Central Districts,47,50,3,f05167d2,7239a365,c8b0b64c,3,0,3,0,
Central Districts,48,50,3,c8b0b64c,7239a365,f05167d2,0,0,0,0,
Central Districts,49,51,3,c8b0b64c,7239a365,f05167d2,1,0,1,0,
Central Districts,50,53,3,f05167d2,7239a365,c8b0b64c,2,0,2,0,
Central Districts,51,53,4,c8b0b64c,9b3bcca4,f05167d2,0,0,0,1,stumped
Central Districts,52,54,4,add6bd03,9b3bcca4,f05167d2,1,0,1,0,
Central Districts,53,55,4,f05167d2,9b3bcca4,add6bd03,1,0,1,0,
Central Districts,54,55,4,add6bd03,9b3bcca4,f05167d2,0,0,0,0,
Central Districts,55,55,4,add6bd03,9b3bcca4,f05167d2,0,0,0,0,
Central Districts,56,55,4,add6bd03,9b3bcca4,f05167d2,0,0,0,0,
Central Districts,57,56,4,f05167d2,ac56b5a7,add6bd03,1,0,1,0,
Central Districts,58,57,4,add6bd03,ac56b5a7,f05167d2,1,0,1,0,
Central Districts,59,59,4,f05167d2,ac56b5a7,add6bd03,2,0,2,0,
Central Districts,60,60,4,f05167d2,ac56b5a7,add6bd03,1,0,1,0,
Central Districts,61,60,5,add6bd03,ac56b5a7,f05167d2,0,0,0,1,bowled
Central Districts,62,60,5,d5eb8b84,ac56b5a7,f05167d2,0,0,0,0,
Central Districts,63,61,5,f05167d2,9b3bcca4,d5eb8b84,1,0,1,0,
Central Districts,64,61,5,d5eb8b84,9b3bcca4,f05167d2,0,0,0,0,
Central Districts,65,61,5,d5eb8b84,9b3bcca4,f05167d2,0,0,0,0,
Central Districts,66,65,5,d5eb8b84,9b3bcca4,f05167d2,4,0,4,0,
Central Districts,67,66,5,d5eb8b84,9b3bcca4,f05167d2,1,0,1,0,
Central Districts,68,66,5,f05167d2,9b3bcca4,d5eb8b84,0,0,0,0,
Central Districts,69,67,5,d5eb8b84,d945db3e,f05167d2,1,0,1,0,
Central Districts,70,68,5,f05167d2,d945db3e,d5eb8b84,1,0,1,0,
Central Districts,71,68,5,d5eb8b84,d945db3e,f05167d2,0,0,0,0,
Central Districts,72,68,5,d5eb8b84,d945db3e,f05167d2,0,0,0,0,
Central Districts,73,69,5,d5eb8b84,d945db3e,f05167d2,1,0,1,0,
Central Districts,74,73,5,f05167d2,d945db3e,d5eb8b84,4,0,4,0,
Central Districts,75,76,5,d5eb8b84,9b3bcca4,f05167d2,3,0,3,0,
Central Districts,76,78,5,f05167d2,9b3bcca4,d5eb8b84,2,0,2,0,
Central Districts,77,79,5,f05167d2,9b3bcca4,d5eb8b84,1,0,1,0,
Central Districts,78,79,5,d5eb8b84,9b3bcca4,f05167d2,0,0,0,0,
Central Districts,79,80,5,d5eb8b84,9b3bcca4,f05167d2,1,0,1,0,
Central Districts,80,81,5,f05167d2,9b3bcca4,d5eb8b84,1,0,1,0,
Central Districts,81,82,5,f05167d2,7239a365,d5eb8b84,1,0,1,0,
Central Districts,82,84,5,d5eb8b84,7239a365,f05167d2,2,0,2,0,
Central Districts,83,84,5,d5eb8b84,7239a365,f05167d2,0,0,0,0,
Central Districts,84,84,6,d5eb8b84,7239a365,f05167d2,0,0,0,1,bowled
Central Districts,85,85,6,ede7bb67,7239a365,f05167d2,1,0,1,0,
Central Districts,86,86,6,f05167d2,7239a365,ede7bb67,1,0,1,0,
Central Districts,87,87,6,f05167d2,9b3bcca4,ede7bb67,1,0,1,0,
Central Districts,88,88,6,ede7bb67,9b3bcca4,f05167d2,1,0,1,0,
Central Districts,89,92,6,f05167d2,9b3bcca4,ede7bb67,4,0,4,0,
Central Districts,90,92,6,f05167d2,9b3bcca4,ede7bb67,0,0,0,0,
Central Districts,91,93,6,f05167d2,9b3bcca4,ede7bb67,1,0,1,0,
Central Districts,92,93,7,ede7bb67,9b3bcca4,f05167d2,0,0,0,1,stumped
Central Districts,93,94,7,f05167d2,d8e8179f,7a759a8a,1,0,1,0,
Central Districts,94,95,7,7a759a8a,d8e8179f,f05167d2,0,1,1,0,
Central Districts,95,96,7,7a759a8a,d8e8179f,f05167d2,1,0,1,0,
Central Districts,96,97,7,f05167d2,d8e8179f,7a759a8a,1,0,1,0,
Central Districts,97,98,7,7a759a8a,d8e8179f,f05167d2,1,0,1,0,
Central Districts,98,99,7,f05167d2,d8e8179f,7a759a8a,1,0,1,0,
Central Districts,99,100,7,7a759a8a,d8e8179f,f05167d2,1,0,1,0,
Central Districts,100,100,7,7a759a8a,7239a365,f05167d2,0,0,0,0,
Central Districts,101,101,7,7a759a8a,7239a365,f05167d2,1,0,1,0,
Central Districts,102,102,7,f05167d2,7239a365,7a759a8a,1,0,1,0,
Central Districts,103,102,7,7a759a8a,7239a365,f05167d2,0,0,0,0,
Central Districts,104,106,7,7a759a8a,7239a365,f05167d2,4,0,4,0,
Central Districts,105,107,7,7a759a8a,7239a365,f05167d2,1,0,1,0,
Central Districts,106,107,7,7a759a8a,ac56b5a7,f05167d2,0,0,0,0,
Central Districts,107,108,8,7a759a8a,ac56b5a7,f05167d2,1,0,1,1,run out
Central Districts,108,108,9,0160b1d9,ac56b5a7,f05167d2,0,0,0,1,bowled
Central Districts,109,109,9,fb8c6afa,ac56b5a7,f05167d2,1,0,1,0,
Central Districts,110,109,9,f05167d2,ac56b5a7,fb8c6afa,0,0,0,0,
Central Districts,111,110,9,f05167d2,ac56b5a7,fb8c6afa,0,1,1,0,
Central Districts,112,111,9,f05167d2,7239a365,fb8c6afa,1,0,1,0,
Central Districts,113,111,9,fb8c6afa,7239a365,f05167d2,0,0,0,0,
Central Districts,114,112,9,fb8c6afa,7239a365,f05167d2,1,0,1,0,
Central Districts,115,112,10,f05167d2,7239a365,fb8c6afa,0,0,0,1,caught and bowled
Northern Districts,1,2,0,7239a365,8ca1f93a,ac56b5a7,2,0,2,0,
Northern Districts,2,2,0,7239a365,8ca1f93a,ac56b5a7,0,0,0,0,
Northern Districts,3,6,0,7239a365,8ca1f93a,ac56b5a7,4,0,4,0,
Northern Districts,4,6,0,7239a365,8ca1f93a,ac56b5a7,0,0,0,0,
Northern Districts,5,10,0,7239a365,8ca1f93a,ac56b5a7,4,0,4,0,
Northern Districts,6,11,0,7239a365,8ca1f93a,ac56b5a7,1,0,1,0,
Northern Districts,7,12,0,7239a365,0160b1d9,ac56b5a7,1,0,1,0,
Northern Districts,8,16,0,ac56b5a7,0160b1d9,7239a365,4,0,4,0,
Northern Districts,9,16,0,ac56b5a7,0160b1d9,7239a365,0,0,0,0,
Northern Districts,10,16,0,ac56b5a7,0160b1d9,7239a365,0,0,0,0,
Northern Districts,11,17,0,ac56b5a7,0160b1d9,7239a365,1,0,1,0,
Northern Districts,12,21,0,7239a365,0160b1d9,ac56b5a7,4,0,4,0,
Northern Districts,13,21,0,ac56b5a7,d5eb8b84,7239a365,0,0,0,0,
Northern Districts,14,21,0,ac56b5a7,d5eb8b84,7239a365,0,0,0,0,
Northern Districts,15,23,0,ac56b5a7,d5eb8b84,7239a365,2,0,2,0,
Northern Districts,16,23,0,ac56b5a7,d5eb8b84,7239a365,0,0,0,0,
Northern Districts,17,23,0,ac56b5a7,d5eb8b84,7239a365,0,0,0,0,
Northern Districts,18,24,0,ac56b5a7,d5eb8b84,7239a365,1,0,1,0,
Northern Districts,19,28,0,ac56b5a7,c8b0b64c,7239a365,4,0,4,0,
Northern Districts,20,32,0,ac56b5a7,c8b0b64c,7239a365,4,0,4,0,
Northern Districts,21,36,0,ac56b5a7,c8b0b64c,7239a365,4,0,4,0,
Northern Districts,22,36,0,ac56b5a7,c8b0b64c,7239a365,0,0,0,0,
Northern Districts,23,36,0,ac56b5a7,c8b0b64c,7239a365,0,0,0,0,
Northern Districts,24,42,0,ac56b5a7,c8b0b64c,7239a365,6,0,6,0,
Northern Districts,25,44,0,7239a365,d5eb8b84,ac56b5a7,2,0,2,0,
Northern Districts,26,44,0,7239a365,d5eb8b84,ac56b5a7,0,0,0,0,
Northern Districts,27,46,0,7239a365,d5eb8b84,ac56b5a7,2,0,2,0,
Northern Districts,28,50,0,7239a365,d5eb8b84,ac56b5a7,4,0,4,0,
Northern Districts,29,56,0,7239a365,d5eb8b84,ac56b5a7,6,0,6,0,
Northern Districts,30,60,0,7239a365,d5eb8b84,ac56b5a7,4,0,4,0,
Northern Districts,31,64,0,ac56b5a7,8ca1f93a,7239a365,4,0,4,0,
Northern Districts,32,64,0,ac56b5a7,8ca1f93a,7239a365,0,0,0,0,
Northern Districts,33,68,0,ac56b5a7,8ca1f93a,7239a365,4,0,4,0,
Northern Districts,34,69,0,ac56b5a7,8ca1f93a,7239a365,1,0,1,0,
Northern Districts,35,69,0,7239a365,8ca1f93a,ac56b5a7,0,0,0,0,
Northern Districts,36,69,0,7239a365,8ca1f93a,ac56b5a7,0,0,0,0,
Northern Districts,37,70,0,ac56b5a7,c8b0b64c,7239a365,1,0,1,0,
Northern Districts,38,71,0,7239a365,c8b0b64c,ac56b5a7,1,0,1,0,
Northern Districts,39,72,0,ac56b5a7,c8b0b64c,7239a365,1,0,1,0,
Northern Districts,40,72,0,7239a365,c8b0b64c,ac56b5a7,0,0,0,0,
Northern Districts,41,73,0,7239a365,c8b0b64c,ac56b5a7,1,0,1,0,
Northern Districts,42,73,0,ac56b5a7,c8b0b64c,7239a365,0,0,0,0,
Northern Districts,43,77,0,7239a365,0160b1d9,ac56b5a7,4,0,4,0,
Northern Districts,44,78,0,7239a365,0160b1d9,ac56b5a7,1,0,1,0,
Northern Districts,45,82,0,ac56b5a7,0160b1d9,7239a365,4,0,4,0,
Northern Districts,46,82,0,ac56b5a7,0160b1d9,7239a365,0,0,0,0,
Northern Districts,47,86,0,ac56b5a7,0160b1d9,7239a365,4,0,4,0,
Northern Districts,48,86,0,ac56b5a7,0160b1d9,7239a365,0,0,0,0,
Northern Districts,49,86,0,7239a365,fb8c6afa,ac56b5a7,0,0,0,0,
Northern Districts,50,87,0,7239a365,fb8c6afa,ac56b5a7,1,0,1,0,
Northern Districts,51,87,0,ac56b5a7,fb8c6afa,7239a365,0,0,0,0,
Northern Districts,52,87,0,ac56b5a7,fb8c6afa,7239a365,0,0,0,0,
Northern Districts,53,87,0,ac56b5a7,fb8c6afa,7239a365,0,0,0,0,
Northern Districts,54,87,1,ac56b5a7,fb8c6afa,7239a365,0,0,0,1,caught
Northern Districts,55,87,1,7239a365,d5eb8b84,1e579ad5,0,0,0,0,
Northern Districts,56,87,1,7239a365,d5eb8b84,1e579ad5,0,0,0,0,
Northern Districts,57,88,1,7239a365,d5eb8b84,1e579ad5,1,0,1,0,
Northern Districts,58,88,1,1e579ad5,d5eb8b84,7239a365,0,0,0,0,
Northern Districts,59,88,1,1e579ad5,d5eb8b84,7239a365,0,0,0,0,
Northern Districts,60,89,1,1e579ad5,d5eb8b84,7239a365,1,0,1,0,
Northern Districts,61,89,1,1e579ad5,fb8c6afa,7239a365,0,0,0,0,
Northern Districts,62,90,1,1e579ad5,fb8c6afa,7239a365,1,0,1,0,
Northern Districts,63,94,1,7239a365,fb8c6afa,1e579ad5,4,0,4,0,
Northern Districts,64,95,1,7239a365,fb8c6afa,1e579ad5,1,0,1,0,
Northern Districts,65,96,1,1e579ad5,fb8c6afa,7239a365,1,0,1,0,
Northern Districts,66,97,1,7239a365,fb8c6afa,1e579ad5,1,0,1,0,
Northern Districts,67,97,1,7239a365,d5eb8b84,1e579ad5,0,0,0,0,
Northern Districts,68,98,1,7239a365,d5eb8b84,1e579ad5,1,0,1,0,
Northern Districts,69,99,1,1e579ad5,d5eb8b84,7239a365,1,0,1,0,
Northern Districts,70,100,1,7239a365,d5eb8b84,1e579ad5,1,0,1,0,
Northern Districts,71,104,1,1e579ad5,d5eb8b84,7239a365,4,0,4,0,
Northern Districts,72,105,1,1e579ad5,d5eb8b84,7239a365,1,0,1,0,
Northern Districts,73,109,1,1e579ad5,fb8c6afa,7239a365,4,0,4,0,
Northern Districts,74,109,1,1e579ad5,fb8c6afa,7239a365,0,0,0,0,
Northern Districts,75,109,1,1e579ad5,fb8c6afa,7239a365,0,0,0,0,
Northern Districts,76,115,1,1e579ad5,fb8c6afa,7239a365,6,0,6,0,
