batting_team,ball_number,total_team_runs,total_team_wickets,striker_ID,bowler_ID,nonstriker_ID,batter_runs,extras_runs,total_delivery_runs,wicket,wicket_type
MI Emirates,1,4,0,f21043a5,3f659464,6f02fe2a,4,0,4,0,
MI Emirates,2,5,0,f21043a5,3f659464,6f02fe2a,1,0,1,0,
MI Emirates,3,5,0,6f02fe2a,3f659464,f21043a5,0,0,0,0,
MI Emirates,4,5,0,6f02fe2a,3f659464,f21043a5,0,0,0,0,
MI Emirates,5,5,0,6f02fe2a,3f659464,f21043a5,0,0,0,0,
MI Emirates,6,5,0,6f02fe2a,3f659464,f21043a5,0,0,0,0,
MI Emirates,7,5,1,f21043a5,327b58d3,6f02fe2a,0,0,0,1,bowled
MI Emirates,8,7,1,25f7b7d6,327b58d3,6f02fe2a,2,0,2,0,
MI Emirates,9,7,1,25f7b7d6,327b58d3,6f02fe2a,0,0,0,0,
MI Emirates,10,11,1,25f7b7d6,327b58d3,6f02fe2a,4,0,4,0,
MI Emirates,11,12,1,25f7b7d6,327b58d3,6f02fe2a,1,0,1,0,
MI Emirates,12,14,1,6f02fe2a,327b58d3,25f7b7d6,2,0,2,0,
MI Emirates,13,14,1,25f7b7d6,3f659464,6f02fe2a,0,0,0,0,
MI Emirates,14,14,1,25f7b7d6,3f659464,6f02fe2a,0,0,0,0,
MI Emirates,15,14,1,25f7b7d6,3f659464,6f02fe2a,0,0,0,0,
MI Emirates,16,16,1,25f7b7d6,3f659464,6f02fe2a,2,0,2,0,
MI Emirates,17,20,1,25f7b7d6,3f659464,6f02fe2a,4,0,4,0,
MI Emirates,18,20,1,25f7b7d6,3f659464,6f02fe2a,0,0,0,0,
MI Emirates,19,21,1,6f02fe2a,617040e4,25f7b7d6,1,0,1,0,
MI Emirates,20,22,1,25f7b7d6,617040e4,6f02fe2a,1,0,1,0,
MI Emirates,21,26,1,6f02fe2a,617040e4,25f7b7d6,4,0,4,0,
MI Emirates,22,27,1,6f02fe2a,617040e4,25f7b7d6,1,0,1,0,
MI Emirates,23,31,1,25f7b7d6,617040e4,6f02fe2a,4,0,4,0,
MI Emirates,24,32,1,25f7b7d6,617040e4,6f02fe2a,1,0,1,0,
MI Emirates,25,33,1,25f7b7d6,327b58d3,6f02fe2a,1,0,1,0,
MI Emirates,26,33,1,6f02fe2a,327b58d3,25f7b7d6,0,0,0,0,
MI Emirates,27,37,1,6f02fe2a,327b58d3,25f7b7d6,4,0,4,0,
MI Emirates,28,43,1,6f02fe2a,327b58d3,25f7b7d6,6,0,6,0,
MI Emirates,29,43,2,6f02fe2a,327b58d3,25f7b7d6,0,0,0,1,run out
MI Emirates,30,47,2,3241e3fd,327b58d3,25f7b7d6,4,0,4,0,
MI Emirates,31,48,2,25f7b7d6,617040e4,3241e3fd,1,0,1,0,
MI Emirates,32,49,2,3241e3fd,617040e4,25f7b7d6,0,1,1,0,
MI Emirates,33,49,2,3241e3fd,617040e4,25f7b7d6,0,0,0,0,
MI Emirates,34,49,2,3241e3fd,617040e4,25f7b7d6,0,0,0,0,
MI Emirates,35,49,2,3241e3fd,617040e4,25f7b7d6,0,0,0,0,
MI Emirates,36,50,2,3241e3fd,617040e4,25f7b7d6,1,0,1,0,
MI Emirates,37,50,2,25f7b7d6,617040e4,3241e3fd,0,0,0,0,
MI Emirates,38,51,2,3241e3fd,9f77963a,25f7b7d6,1,0,1,0,
MI Emirates,39,55,2,25f7b7d6,9f77963a,3241e3fd,4,0,4,0,
MI Emirates,40,57,2,25f7b7d6,9f77963a,3241e3fd,2,0,2,0,
MI Emirates,41,58,2,25f7b7d6,9f77963a,3241e3fd,1,0,1,0,
MI Emirates,42,59,2,3241e3fd,9f77963a,25f7b7d6,1,0,1,0,
MI Emirates,43,59,2,25f7b7d6,9f77963a,3241e3fd,0,0,0,0,
MI Emirates,44,60,2,3241e3fd,26d041c4,25f7b7d6,1,0,1,0,
MI Emirates,45,60,2,25f7b7d6,26d041c4,3241e3fd,0,0,0,0,
MI Emirates,46,61,2,25f7b7d6,26d041c4,3241e3fd,1,0,1,0,
MI Emirates,47,62,2,3241e3fd,26d041c4,25f7b7d6,1,0,1,0,
MI Emirates,48,66,2,25f7b7d6,26d041c4,3241e3fd,4,0,4,0,
MI Emirates,49,67,2,25f7b7d6,26d041c4,3241e3fd,1,0,1,0,
MI Emirates,50,68,2,25f7b7d6,786b7fe8,3241e3fd,1,0,1,0,
MI Emirates,51,69,2,3241e3fd,786b7fe8,25f7b7d6,1,0,1,0,
MI Emirates,52,73,2,25f7b7d6,786b7fe8,3241e3fd,4,0,4,0,
MI Emirates,53,73,2,25f7b7d6,786b7fe8,3241e3fd,0,0,0,0,
MI Emirates,54,75,2,25f7b7d6,786b7fe8,3241e3fd,2,0,2,0,
MI Emirates,55,76,2,25f7b7d6,786b7fe8,3241e3fd,1,0,1,0,
MI Emirates,56,77,2,25f7b7d6,26d041c4,3241e3fd,1,0,1,0,
MI Emirates,57,83,2,3241e3fd,26d041c4,25f7b7d6,6,0,6,0,
MI Emirates,58,84,2,3241e3fd,26d041c4,25f7b7d6,1,0,1,0,
MI Emirates,59,85,2,25f7b7d6,26d041c4,3241e3fd,1,0,1,0,
MI Emirates,60,85,2,3241e3fd,26d041c4,25f7b7d6,0,0,0,0,
MI Emirates,61,86,2,3241e3fd,26d041c4,25f7b7d6,1,0,1,0,
MI Emirates,62,87,2,3241e3fd,786b7fe8,25f7b7d6,1,0,1,0,
MI Emirates,63,87,2,25f7b7d6,786b7fe8,3241e3fd,0,0,0,0,
MI Emirates,64,87,2,25f7b7d6,786b7fe8,3241e3fd,0,0,0,0,
MI Emirates,65,87,2,25f7b7d6,786b7fe8,3241e3fd,0,0,0,0,
MI Emirates,66,91,2,25f7b7d6,786b7fe8,3241e3fd,4,0,4,0,
MI Emirates,67,97,2,25f7b7d6,786b7fe8,3241e3fd,6,0,6,0,
MI Emirates,68,98,2,3241e3fd,617040e4,25f7b7d6,1,0,1,0,
MI Emirates,69,99,2,25f7b7d6,617040e4,3241e3fd,1,0,1,0,
MI Emirates,70,99,2,3241e3fd,617040e4,25f7b7d6,0,0,0,0,
MI Emirates,71,106,2,3241e3fd,617040e4,25f7b7d6,6,1,7,0,
MI Emirates,72,112,2,3241e3fd,617040e4,25f7b7d6,6,0,6,0,
MI Emirates,73,116,2,3241e3fd,617040e4,25f7b7d6,4,0,4,0,
MI Emirates,74,117,2,3241e3fd,617040e4,25f7b7d6,0,1,1,0,
MI Emirates,75,118,2,3241e3fd,617040e4,25f7b7d6,1,0,1,0,
MI Emirates,76,119,2,3241e3fd,9f77963a,25f7b7d6,1,0,1,0,
MI Emirates,77,120,2,25f7b7d6,9f77963a,3241e3fd,1,0,1,0,
MI Emirates,78,121,2,3241e3fd,9f77963a,25f7b7d6,1,0,1,0,
MI Emirates,79,121,2,25f7b7d6,9f77963a,3241e3fd,0,0,0,0,
MI Emirates,80,121,2,25f7b7d6,9f77963a,3241e3fd,0,0,0,0,
MI Emirates,81,125,2,25f7b7d6,9f77963a,3241e3fd,4,0,4,0,
MI Emirates,82,126,2,3241e3fd,26d041c4,25f7b7d6,1,0,1,0,
MI Emirates,83,132,2,25f7b7d6,26d041c4,3241e3fd,6,0,6,0,
MI Emirates,84,133,2,25f7b7d6,26d041c4,3241e3fd,1,0,1,0,
MI Emirates,85,134,2,3241e3fd,26d041c4,25f7b7d6,1,0,1,0,
MI Emirates,86,134,2,25f7b7d6,26d041c4,3241e3fd,0,0,0,0,
MI Emirates,87,134,2,25f7b7d6,26d041c4,3241e3fd,0,0,0,0,
MI Emirates,88,140,2,3241e3fd,3f659464,25f7b7d6,6,0,6,0,
MI Emirates,89,146,2,3241e3fd,3f659464,25f7b7d6,6,0,6,0,
MI Emirates,90,152,2,3241e3fd,3f659464,25f7b7d6,6,0,6,0,
MI Emirates,91,152,3,3241e3fd,3f659464,25f7b7d6,0,0,0,1,caught
MI Emirates,92,152,3,a757b0d8,3f659464,25f7b7d6,0,0,0,0,
MI Emirates,93,152,3,a757b0d8,3f659464,25f7b7d6,0,0,0,0,
MI Emirates,94,152,3,25f7b7d6,786b7fe8,a757b0d8,0,0,0,0,
MI Emirates,95,156,3,25f7b7d6,786b7fe8,a757b0d8,4,0,4,0,
MI Emirates,96,157,3,25f7b7d6,786b7fe8,a757b0d8,1,0,1,0,
MI Emirates,97,163,3,a757b0d8,786b7fe8,25f7b7d6,6,0,6,0,
MI Emirates,98,163,3,a757b0d8,786b7fe8,25f7b7d6,0,0,0,0,
MI Emirates,99,163,3,a757b0d8,786b7fe8,25f7b7d6,0,0,0,0,
MI Emirates,100,163,3,25f7b7d6,327b58d3,a757b0d8,0,0,0,0,
MI Emirates,101,164,3,25f7b7d6,327b58d3,a757b0d8,1,0,1,0,
MI Emirates,102,165,3,a757b0d8,327b58d3,25f7b7d6,1,0,1,0,
MI Emirates,103,166,3,25f7b7d6,327b58d3,a757b0d8,1,0,1,0,
MI Emirates,104,166,3,a757b0d8,327b58d3,25f7b7d6,0,0,0,0,
MI Emirates,105,167,3,a757b0d8,327b58d3,25f7b7d6,1,0,1,0,
MI Emirates,106,167,3,a757b0d8,3f659464,25f7b7d6,0,0,0,0,
MI Emirates,107,169,3,a757b0d8,3f659464,25f7b7d6,2,0,2,0,
MI Emirates,108,169,3,a757b0d8,3f659464,25f7b7d6,0,0,0,0,
MI Emirates,109,170,3,a757b0d8,3f659464,25f7b7d6,0,1,1,0,
MI Emirates,110,170,4,25f7b7d6,3f659464,a757b0d8,0,0,0,1,caught
MI Emirates,111,170,4,c5aef772,3f659464,a757b0d8,0,0,0,0,
MI Emirates,112,174,4,a757b0d8,327b58d3,c5aef772,4,0,4,0,
MI Emirates,113,174,4,a757b0d8,327b58d3,c5aef772,0,0,0,0,
MI Emirates,114,178,4,a757b0d8,327b58d3,c5aef772,4,0,4,0,
MI Emirates,115,180,4,a757b0d8,327b58d3,c5aef772,2,0,2,0,
MI Emirates,116,181,4,a757b0d8,327b58d3,c5aef772,1,0,1,0,
MI Emirates,117,185,4,c5aef772,327b58d3,a757b0d8,4,0,4,0,
MI Emirates,118,186,4,a757b0d8,9f77963a,c5aef772,1,0,1,0,
MI Emirates,119,186,5,c5aef772,9f77963a,a757b0d8,0,0,0,1,caught
MI Emirates,120,187,5,4d7f517e,9f77963a,a757b0d8,1,0,1,0,
MI Emirates,121,187,6,a757b0d8,9f77963a,4d7f517e,0,0,0,1,caught
MI Emirates,122,187,7,b0946605,9f77963a,4d7f517e,0,0,0,1,caught
MI Emirates,123,187,7,f0e293b0,9f77963a,4d7f517e,0,0,0,0,
Dubai Capitals,1,0,0,272d796e,4d7f517e,1fc6ef83,0,0,0,0,
Dubai Capitals,2,1,0,272d796e,4d7f517e,1fc6ef83,1,0,1,0,
Dubai Capitals,3,5,0,1fc6ef83,4d7f517e,272d796e,4,0,4,0,
Dubai Capitals,4,5,0,1fc6ef83,4d7f517e,272d796e,0,0,0,0,
Dubai Capitals,5,5,0,1fc6ef83,4d7f517e,272d796e,0,0,0,0,
Dubai Capitals,6,9,0,1fc6ef83,4d7f517e,272d796e,4,0,4,0,
Dubai Capitals,7,10,0,272d796e,e9c7f0d0,1fc6ef83,1,0,1,0,
Dubai Capitals,8,10,0,1fc6ef83,e9c7f0d0,272d796e,0,0,0,0,
Dubai Capitals,9,12,0,1fc6ef83,e9c7f0d0,272d796e,2,0,2,0,
Dubai Capitals,10,12,0,1fc6ef83,e9c7f0d0,272d796e,0,0,0,0,
Dubai Capitals,11,14,0,1fc6ef83,e9c7f0d0,272d796e,2,0,2,0,
Dubai Capitals,12,18,0,1fc6ef83,e9c7f0d0,272d796e,4,0,4,0,
Dubai Capitals,13,18,0,272d796e,4d7f517e,1fc6ef83,0,0,0,0,
Dubai Capitals,14,22,0,272d796e,4d7f517e,1fc6ef83,4,0,4,0,
Dubai Capitals,15,23,0,272d796e,4d7f517e,1fc6ef83,1,0,1,0,
Dubai Capitals,16,24,0,1fc6ef83,4d7f517e,272d796e,1,0,1,0,
Dubai Capitals,17,25,0,272d796e,4d7f517e,1fc6ef83,1,0,1,0,
Dubai Capitals,18,26,0,1fc6ef83,4d7f517e,272d796e,1,0,1,0,
Dubai Capitals,19,26,0,1fc6ef83,b0946605,272d796e,0,0,0,0,
Dubai Capitals,20,30,0,1fc6ef83,b0946605,272d796e,4,0,4,0,
Dubai Capitals,21,31,0,1fc6ef83,b0946605,272d796e,1,0,1,0,
Dubai Capitals,22,32,0,272d796e,b0946605,1fc6ef83,1,0,1,0,
Dubai Capitals,23,34,0,1fc6ef83,b0946605,272d796e,2,0,2,0,
Dubai Capitals,24,35,0,1fc6ef83,b0946605,272d796e,1,0,1,0,
Dubai Capitals,25,36,0,1fc6ef83,e9c7f0d0,272d796e,1,0,1,0,
Dubai Capitals,26,37,0,272d796e,e9c7f0d0,1fc6ef83,1,0,1,0,
Dubai Capitals,27,37,0,1fc6ef83,e9c7f0d0,272d796e,0,0,0,0,
Dubai Capitals,28,38,0,1fc6ef83,e9c7f0d0,272d796e,0,1,1,0,
Dubai Capitals,29,39,0,1fc6ef83,e9c7f0d0,272d796e,1,0,1,0,
Dubai Capitals,30,39,0,272d796e,e9c7f0d0,1fc6ef83,0,0,0,0,
Dubai Capitals,31,39,0,272d796e,e9c7f0d0,1fc6ef83,0,0,0,0,
Dubai Capitals,32,43,0,1fc6ef83,b0946605,272d796e,4,0,4,0,
Dubai Capitals,33,47,0,1fc6ef83,b0946605,272d796e,4,0,4,0,
Dubai Capitals,34,51,0,1fc6ef83,b0946605,272d796e,4,0,4,0,
Dubai Capitals,35,51,0,1fc6ef83,b0946605,272d796e,0,0,0,0,
Dubai Capitals,36,54,0,1fc6ef83,b0946605,272d796e,3,0,3,0,
Dubai Capitals,37,54,1,272d796e,b0946605,1fc6ef83,0,0,0,1,bowled
Dubai Capitals,38,54,1,1fc6ef83,4d7f517e,436c763a,0,0,0,0,
Dubai Capitals,39,55,1,1fc6ef83,4d7f517e,436c763a,1,0,1,0,
Dubai Capitals,40,56,1,436c763a,4d7f517e,1fc6ef83,1,0,1,0,
Dubai Capitals,41,57,1,1fc6ef83,4d7f517e,436c763a,1,0,1,0,
Dubai Capitals,42,58,1,436c763a,4d7f517e,1fc6ef83,1,0,1,0,
Dubai Capitals,43,59,1,1fc6ef83,4d7f517e,436c763a,1,0,1,0,
Dubai Capitals,44,60,1,1fc6ef83,3f1066d0,436c763a,1,0,1,0,
Dubai Capitals,45,61,1,436c763a,3f1066d0,1fc6ef83,0,1,1,0,
Dubai Capitals,46,62,1,436c763a,3f1066d0,1fc6ef83,1,0,1,0,
Dubai Capitals,47,63,1,1fc6ef83,3f1066d0,436c763a,1,0,1,0,
Dubai Capitals,48,63,1,436c763a,3f1066d0,1fc6ef83,0,0,0,0,
Dubai Capitals,49,64,1,436c763a,3f1066d0,1fc6ef83,1,0,1,0,
Dubai Capitals,50,65,1,1fc6ef83,3f1066d0,436c763a,1,0,1,0,
Dubai Capitals,51,66,1,1fc6ef83,4d7f517e,436c763a,1,0,1,0,
Dubai Capitals,52,70,1,436c763a,4d7f517e,1fc6ef83,4,0,4,0,
Dubai Capitals,53,71,1,436c763a,4d7f517e,1fc6ef83,1,0,1,0,
Dubai Capitals,54,72,1,1fc6ef83,4d7f517e,436c763a,1,0,1,0,
Dubai Capitals,55,73,1,436c763a,4d7f517e,1fc6ef83,1,0,1,0,
Dubai Capitals,56,73,1,1fc6ef83,4d7f517e,436c763a,0,0,0,0,
Dubai Capitals,57,73,1,436c763a,3f1066d0,1fc6ef83,0,0,0,0,
Dubai Capitals,58,74,1,436c763a,3f1066d0,1fc6ef83,1,0,1,0,
Dubai Capitals,59,75,1,1fc6ef83,3f1066d0,436c763a,1,0,1,0,
Dubai Capitals,60,75,1,436c763a,3f1066d0,1fc6ef83,0,0,0,0,
Dubai Capitals,61,75,1,436c763a,3f1066d0,1fc6ef83,0,0,0,0,
Dubai Capitals,62,77,1,436c763a,3f1066d0,1fc6ef83,2,0,2,0,
Dubai Capitals,63,78,1,1fc6ef83,f0e293b0,436c763a,1,0,1,0,
Dubai Capitals,64,79,1,436c763a,f0e293b0,1fc6ef83,1,0,1,0,
Dubai Capitals,65,81,1,1fc6ef83,f0e293b0,436c763a,2,0,2,0,
Dubai Capitals,66,83,1,1fc6ef83,f0e293b0,436c763a,2,0,2,0,
Dubai Capitals,67,87,1,1fc6ef83,f0e293b0,436c763a,4,0,4,0,
Dubai Capitals,68,91,1,1fc6ef83,f0e293b0,436c763a,4,0,4,0,
Dubai Capitals,69,91,1,436c763a,3f1066d0,1fc6ef83,0,0,0,0,
Dubai Capitals,70,92,1,436c763a,3f1066d0,1fc6ef83,1,0,1,0,
Dubai Capitals,71,96,1,1fc6ef83,3f1066d0,436c763a,4,0,4,0,
Dubai Capitals,72,96,1,1fc6ef83,3f1066d0,436c763a,0,0,0,0,
Dubai Capitals,73,96,1,1fc6ef83,3f1066d0,436c763a,0,0,0,0,
Dubai Capitals,74,97,1,1fc6ef83,3f1066d0,436c763a,1,0,1,0,
Dubai Capitals,75,97,1,1fc6ef83,9ca68676,436c763a,0,0,0,0,
Dubai Capitals,76,98,1,1fc6ef83,9ca68676,436c763a,1,0,1,0,
Dubai Capitals,77,99,1,436c763a,9ca68676,1fc6ef83,1,0,1,0,
Dubai Capitals,78,99,1,1fc6ef83,9ca68676,436c763a,0,0,0,0,
Dubai Capitals,79,105,1,1fc6ef83,9ca68676,436c763a,6,0,6,0,
Dubai Capitals,80,106,1,1fc6ef83,9ca68676,436c763a,1,0,1,0,
Dubai Capitals,81,108,1,1fc6ef83,3f1066d0,436c763a,2,0,2,0,
Dubai Capitals,82,114,1,1fc6ef83,3f1066d0,436c763a,6,0,6,0,
Dubai Capitals,83,115,1,1fc6ef83,3f1066d0,436c763a,1,0,1,0,
Dubai Capitals,84,115,2,436c763a,3f1066d0,1fc6ef83,0,0,0,1,stumped
Dubai Capitals,85,116,2,26d041c4,3f1066d0,1fc6ef83,1,0,1,0,
Dubai Capitals,86,116,2,1fc6ef83,3f1066d0,26d041c4,0,0,0,0,
Dubai Capitals,87,117,2,26d041c4,e9c7f0d0,1fc6ef83,1,0,1,0,
Dubai Capitals,88,118,2,1fc6ef83,e9c7f0d0,26d041c4,1,0,1,0,
Dubai Capitals,89,119,2,26d041c4,e9c7f0d0,1fc6ef83,1,0,1,0,
Dubai Capitals,90,120,2,1fc6ef83,e9c7f0d0,26d041c4,1,0,1,0,
Dubai Capitals,91,120,2,26d041c4,e9c7f0d0,1fc6ef83,0,0,0,0,
Dubai Capitals,92,122,2,26d041c4,e9c7f0d0,1fc6ef83,2,0,2,0,
Dubai Capitals,93,126,2,1fc6ef83,9ca68676,26d041c4,4,0,4,0,
Dubai Capitals,94,132,2,1fc6ef83,9ca68676,26d041c4,6,0,6,0,
Dubai Capitals,95,133,2,1fc6ef83,9ca68676,26d041c4,0,1,1,0,
Dubai Capitals,96,135,2,1fc6ef83,9ca68676,26d041c4,2,0,2,0,
Dubai Capitals,97,135,3,1fc6ef83,9ca68676,26d041c4,0,0,0,1,caught
Dubai Capitals,98,136,3,650d5e49,9ca68676,26d041c4,1,0,1,0,
Dubai Capitals,99,137,3,26d041c4,9ca68676,650d5e49,1,0,1,0,
Dubai Capitals,100,137,4,26d041c4,e9c7f0d0,650d5e49,0,0,0,1,bowled
Dubai Capitals,101,137,5,3ff033bb,e9c7f0d0,650d5e49,0,0,0,1,bowled
Dubai Capitals,102,137,5,9f77963a,e9c7f0d0,650d5e49,0,0,0,0,
Dubai Capitals,103,138,5,9f77963a,e9c7f0d0,650d5e49,1,0,1,0,
Dubai Capitals,104,139,5,650d5e49,e9c7f0d0,9f77963a,1,0,1,0,
Dubai Capitals,105,140,5,9f77963a,e9c7f0d0,650d5e49,1,0,1,0,
Dubai Capitals,106,142,5,9f77963a,b0946605,650d5e49,2,0,2,0,
Dubai Capitals,107,144,5,9f77963a,b0946605,650d5e49,2,0,2,0,
Dubai Capitals,108,148,5,9f77963a,b0946605,650d5e49,4,0,4,0,
Dubai Capitals,109,150,5,9f77963a,b0946605,650d5e49,2,0,2,0,
Dubai Capitals,110,150,6,9f77963a,b0946605,650d5e49,0,0,0,1,caught
Dubai Capitals,111,150,6,3f659464,b0946605,650d5e49,0,0,0,0,
Dubai Capitals,112,151,6,650d5e49,f0e293b0,3f659464,0,1,1,0,
Dubai Capitals,113,151,6,650d5e49,f0e293b0,3f659464,0,0,0,0,
Dubai Capitals,114,151,6,650d5e49,f0e293b0,3f659464,0,0,0,0,
Dubai Capitals,115,151,6,650d5e49,f0e293b0,3f659464,0,0,0,0,
Dubai Capitals,116,151,6,650d5e49,f0e293b0,3f659464,0,0,0,0,
Dubai Capitals,117,152,6,650d5e49,f0e293b0,3f659464,1,0,1,0,
Dubai Capitals,118,152,6,3f659464,f0e293b0,650d5e49,0,0,0,0,
Dubai Capitals,119,155,6,650d5e49,b0946605,3f659464,2,1,3,0,
Dubai Capitals,120,156,6,650d5e49,b0946605,3f659464,1,0,1,0,
Dubai Capitals,121,156,6,3f659464,b0946605,650d5e49,0,0,0,0,
Dubai Capitals,122,156,6,3f659464,b0946605,650d5e49,0,0,0,0,
Dubai Capitals,123,157,6,3f659464,b0946605,650d5e49,1,0,1,0,
Dubai Capitals,124,158,6,650d5e49,b0946605,3f659464,0,1,1,0,
Dubai Capitals,125,159,6,650d5e49,b0946605,3f659464,0,1,1,0,
Dubai Capitals,126,161,6,650d5e49,b0946605,3f659464,2,0,2,0,
Dubai Capitals,127,161,6,650d5e49,b0946605,3f659464,0,0,0,0,
