batting_team,ball_number,total_team_runs,total_team_wickets,striker_ID,bowler_ID,nonstriker_ID,batter_runs,extras_runs,total_delivery_runs,wicket,wicket_type
Joburg Super Kings,1,0,0,3355b542,9caf69a1,df5a6881,0,0,0,0,
Joburg Super Kings,2,0,0,3355b542,9caf69a1,df5a6881,0,0,0,0,
Joburg Super Kings,3,0,0,3355b542,9caf69a1,df5a6881,0,0,0,0,
Joburg Super Kings,4,1,0,3355b542,9caf69a1,df5a6881,1,0,1,0,
Joburg Super Kings,5,1,0,df5a6881,9caf69a1,3355b542,0,0,0,0,
Joburg Super Kings,6,2,0,df5a6881,9caf69a1,3355b542,1,0,1,0,
Joburg Super Kings,7,2,0,df5a6881,1b04e02b,3355b542,0,0,0,0,
Joburg Super Kings,8,2,0,df5a6881,1b04e02b,3355b542,0,0,0,0,
Joburg Super Kings,9,3,0,df5a6881,1b04e02b,3355b542,0,1,1,0,
Joburg Super Kings,10,6,0,3355b542,1b04e02b,df5a6881,3,0,3,0,
Joburg Super Kings,11,10,0,df5a6881,1b04e02b,3355b542,4,0,4,0,
Joburg Super Kings,12,10,0,df5a6881,1b04e02b,3355b542,0,0,0,0,
Joburg Super Kings,13,10,0,3355b542,28d6c44d,df5a6881,0,0,0,0,
Joburg Super Kings,14,10,0,3355b542,28d6c44d,df5a6881,0,0,0,0,
Joburg Super Kings,15,16,0,3355b542,28d6c44d,df5a6881,6,0,6,0,
Joburg Super Kings,16,16,0,3355b542,28d6c44d,df5a6881,0,0,0,0,
Joburg Super Kings,17,16,0,3355b542,28d6c44d,df5a6881,0,0,0,0,
Joburg Super Kings,18,16,0,3355b542,28d6c44d,10f42013,0,0,0,0,
Joburg Super Kings,19,17,0,10f42013,1b04e02b,3355b542,1,0,1,0,
Joburg Super Kings,20,21,0,3355b542,1b04e02b,10f42013,4,0,4,0,
Joburg Super Kings,21,21,1,3355b542,1b04e02b,10f42013,0,0,0,1,caught
Joburg Super Kings,22,21,1,abb83e27,1b04e02b,10f42013,0,0,0,0,
Joburg Super Kings,23,21,1,abb83e27,1b04e02b,10f42013,0,0,0,0,
Joburg Super Kings,24,22,1,abb83e27,1b04e02b,10f42013,1,0,1,0,
Joburg Super Kings,25,26,1,abb83e27,28d6c44d,10f42013,4,0,4,0,
Joburg Super Kings,26,26,1,abb83e27,28d6c44d,10f42013,0,0,0,0,
Joburg Super Kings,27,26,1,abb83e27,28d6c44d,10f42013,0,0,0,0,
Joburg Super Kings,28,26,1,abb83e27,28d6c44d,10f42013,0,0,0,0,
Joburg Super Kings,29,30,1,abb83e27,28d6c44d,10f42013,4,0,4,0,
Joburg Super Kings,30,36,1,abb83e27,28d6c44d,10f42013,6,0,6,0,
Joburg Super Kings,31,36,1,10f42013,9caf69a1,abb83e27,0,0,0,0,
Joburg Super Kings,32,36,1,10f42013,9caf69a1,abb83e27,0,0,0,0,
Joburg Super Kings,33,36,1,10f42013,9caf69a1,abb83e27,0,0,0,0,
Joburg Super Kings,34,36,1,10f42013,9caf69a1,abb83e27,0,0,0,0,
Joburg Super Kings,35,36,1,10f42013,9caf69a1,abb83e27,0,0,0,0,
Joburg Super Kings,36,36,1,10f42013,9caf69a1,abb83e27,0,0,0,0,
Joburg Super Kings,37,36,1,abb83e27,360f4e4b,10f42013,0,0,0,0,
Joburg Super Kings,38,36,1,abb83e27,360f4e4b,10f42013,0,0,0,0,
Joburg Super Kings,39,36,1,abb83e27,360f4e4b,10f42013,0,0,0,0,
Joburg Super Kings,40,37,1,abb83e27,360f4e4b,10f42013,1,0,1,0,
Joburg Super Kings,41,38,1,10f42013,360f4e4b,abb83e27,1,0,1,0,
Joburg Super Kings,42,38,1,abb83e27,360f4e4b,10f42013,0,0,0,0,
Joburg Super Kings,43,38,1,10f42013,7dfb8890,abb83e27,0,0,0,0,
Joburg Super Kings,44,39,1,10f42013,7dfb8890,abb83e27,1,0,1,0,
Joburg Super Kings,45,40,1,abb83e27,7dfb8890,10f42013,1,0,1,0,
Joburg Super Kings,46,40,2,10f42013,7dfb8890,abb83e27,0,0,0,1,caught
Joburg Super Kings,47,44,2,df5a6881,7dfb8890,abb83e27,4,0,4,0,
Joburg Super Kings,48,44,2,df5a6881,7dfb8890,abb83e27,0,0,0,0,
Joburg Super Kings,49,45,2,abb83e27,360f4e4b,df5a6881,1,0,1,0,
Joburg Super Kings,50,45,3,df5a6881,360f4e4b,abb83e27,0,0,0,1,caught
Joburg Super Kings,51,45,3,bb351c23,360f4e4b,abb83e27,0,0,0,0,
Joburg Super Kings,52,45,4,bb351c23,360f4e4b,abb83e27,0,0,0,1,lbw
Joburg Super Kings,53,45,4,fbfea9c2,360f4e4b,abb83e27,0,0,0,0,
Joburg Super Kings,54,45,4,fbfea9c2,360f4e4b,abb83e27,0,0,0,0,
Joburg Super Kings,55,45,4,abb83e27,7dfb8890,fbfea9c2,0,0,0,0,
Joburg Super Kings,56,46,4,abb83e27,7dfb8890,fbfea9c2,1,0,1,0,
Joburg Super Kings,57,47,4,fbfea9c2,7dfb8890,abb83e27,1,0,1,0,
Joburg Super Kings,58,48,4,abb83e27,7dfb8890,fbfea9c2,1,0,1,0,
Joburg Super Kings,59,49,4,fbfea9c2,7dfb8890,abb83e27,1,0,1,0,
Joburg Super Kings,60,50,4,abb83e27,7dfb8890,fbfea9c2,1,0,1,0,
Joburg Super Kings,61,51,4,abb83e27,360f4e4b,fbfea9c2,1,0,1,0,
Joburg Super Kings,62,57,4,fbfea9c2,360f4e4b,abb83e27,6,0,6,0,
Joburg Super Kings,63,57,4,fbfea9c2,360f4e4b,abb83e27,0,0,0,0,
Joburg Super Kings,64,58,4,fbfea9c2,360f4e4b,abb83e27,1,0,1,0,
Joburg Super Kings,65,58,4,abb83e27,360f4e4b,fbfea9c2,0,0,0,0,
Joburg Super Kings,66,59,4,abb83e27,360f4e4b,fbfea9c2,1,0,1,0,
Joburg Super Kings,67,59,4,abb83e27,7dfb8890,fbfea9c2,0,0,0,0,
Joburg Super Kings,68,60,4,abb83e27,7dfb8890,fbfea9c2,1,0,1,0,
Joburg Super Kings,69,60,5,fbfea9c2,7dfb8890,abb83e27,0,0,0,1,caught
Joburg Super Kings,70,61,5,f0af99a7,7dfb8890,abb83e27,1,0,1,0,
Joburg Super Kings,71,62,5,abb83e27,7dfb8890,f0af99a7,1,0,1,0,
Joburg Super Kings,72,63,5,f0af99a7,7dfb8890,abb83e27,1,0,1,0,
Joburg Super Kings,73,63,5,f0af99a7,54c2b697,abb83e27,0,0,0,0,
Joburg Super Kings,74,63,5,f0af99a7,54c2b697,abb83e27,0,0,0,0,
Joburg Super Kings,75,64,5,f0af99a7,54c2b697,abb83e27,1,0,1,0,
Joburg Super Kings,76,65,5,abb83e27,54c2b697,f0af99a7,1,0,1,0,
Joburg Super Kings,77,71,5,f0af99a7,54c2b697,abb83e27,6,0,6,0,
Joburg Super Kings,78,71,5,f0af99a7,54c2b697,abb83e27,0,0,0,0,
Joburg Super Kings,79,73,5,abb83e27,28d6c44d,f0af99a7,2,0,2,0,
Joburg Super Kings,80,73,5,abb83e27,28d6c44d,f0af99a7,0,0,0,0,
Joburg Super Kings,81,74,5,abb83e27,28d6c44d,f0af99a7,1,0,1,0,
Joburg Super Kings,82,74,5,f0af99a7,28d6c44d,abb83e27,0,0,0,0,
Joburg Super Kings,83,74,5,f0af99a7,28d6c44d,abb83e27,0,0,0,0,
Joburg Super Kings,84,75,5,f0af99a7,28d6c44d,abb83e27,1,0,1,0,
Joburg Super Kings,85,76,5,f0af99a7,54c2b697,abb83e27,1,0,1,0,
Joburg Super Kings,86,77,5,abb83e27,54c2b697,f0af99a7,1,0,1,0,
Joburg Super Kings,87,78,5,f0af99a7,54c2b697,abb83e27,1,0,1,0,
Joburg Super Kings,88,78,6,abb83e27,54c2b697,f0af99a7,0,0,0,1,bowled
Joburg Super Kings,89,79,6,a316d663,54c2b697,f0af99a7,0,1,1,0,
Joburg Super Kings,90,79,6,a316d663,54c2b697,f0af99a7,0,0,0,0,
Joburg Super Kings,91,79,6,a316d663,54c2b697,f0af99a7,0,0,0,0,
Joburg Super Kings,92,79,6,f0af99a7,360f4e4b,a316d663,0,0,0,0,
Joburg Super Kings,93,79,6,f0af99a7,360f4e4b,a316d663,0,0,0,0,
Joburg Super Kings,94,80,6,f0af99a7,360f4e4b,a316d663,1,0,1,0,
Joburg Super Kings,95,81,6,a316d663,360f4e4b,f0af99a7,1,0,1,0,
Joburg Super Kings,96,82,7,f0af99a7,360f4e4b,a316d663,1,0,1,1,run out
Joburg Super Kings,97,82,7,acee4cc4,360f4e4b,a316d663,0,0,0,0,
Joburg Super Kings,98,82,7,a316d663,1b04e02b,acee4cc4,0,0,0,0,
Joburg Super Kings,99,83,7,a316d663,1b04e02b,acee4cc4,1,0,1,0,
Joburg Super Kings,100,84,7,acee4cc4,1b04e02b,a316d663,1,0,1,0,
Joburg Super Kings,101,84,7,a316d663,1b04e02b,acee4cc4,0,0,0,0,
Joburg Super Kings,102,84,7,a316d663,1b04e02b,acee4cc4,0,0,0,0,
Joburg Super Kings,103,84,7,a316d663,1b04e02b,acee4cc4,0,0,0,0,
Joburg Super Kings,104,85,7,acee4cc4,54c2b697,a316d663,1,0,1,0,
Joburg Super Kings,105,85,7,a316d663,54c2b697,acee4cc4,0,0,0,0,
Joburg Super Kings,106,85,8,a316d663,54c2b697,acee4cc4,0,0,0,1,caught and bowled
Joburg Super Kings,107,86,8,f892fcf9,54c2b697,acee4cc4,1,0,1,0,
Joburg Super Kings,108,87,8,acee4cc4,54c2b697,f892fcf9,1,0,1,0,
Joburg Super Kings,109,87,8,f892fcf9,54c2b697,acee4cc4,0,0,0,0,
Joburg Super Kings,110,87,8,acee4cc4,1b04e02b,f892fcf9,0,0,0,0,
Joburg Super Kings,111,88,8,acee4cc4,1b04e02b,f892fcf9,1,0,1,0,
Joburg Super Kings,112,88,8,f892fcf9,1b04e02b,acee4cc4,0,0,0,0,
Joburg Super Kings,113,88,8,f892fcf9,1b04e02b,acee4cc4,0,0,0,0,
Joburg Super Kings,114,92,8,f892fcf9,1b04e02b,acee4cc4,4,0,4,0,
Joburg Super Kings,115,92,8,f892fcf9,1b04e02b,acee4cc4,0,0,0,0,
Joburg Super Kings,116,92,9,acee4cc4,54c2b697,f892fcf9,0,0,0,1,caught
Joburg Super Kings,117,93,9,64839cb3,54c2b697,f892fcf9,1,0,1,0,
Joburg Super Kings,118,93,9,f892fcf9,54c2b697,64839cb3,0,0,0,0,
Joburg Super Kings,119,96,9,f892fcf9,54c2b697,64839cb3,3,0,3,0,
Joburg Super Kings,120,98,9,64839cb3,54c2b697,f892fcf9,2,0,2,0,
Joburg Super Kings,121,99,9,64839cb3,54c2b697,f892fcf9,1,0,1,0,
Pretoria Capitals,1,2,0,9caf69a1,bb351c23,4e18e961,0,2,2,0,
Pretoria Capitals,2,2,0,9caf69a1,bb351c23,4e18e961,0,0,0,0,
Pretoria Capitals,3,8,0,9caf69a1,bb351c23,4e18e961,6,0,6,0,
Pretoria Capitals,4,9,0,9caf69a1,bb351c23,4e18e961,1,0,1,0,
Pretoria Capitals,5,12,0,4e18e961,bb351c23,9caf69a1,3,0,3,0,
Pretoria Capitals,6,13,0,9caf69a1,bb351c23,4e18e961,1,0,1,0,
Pretoria Capitals,7,13,0,9caf69a1,f892fcf9,4e18e961,0,0,0,0,
Pretoria Capitals,8,19,0,9caf69a1,f892fcf9,4e18e961,6,0,6,0,
Pretoria Capitals,9,20,0,9caf69a1,f892fcf9,4e18e961,1,0,1,0,
Pretoria Capitals,10,20,0,4e18e961,f892fcf9,9caf69a1,0,0,0,0,
Pretoria Capitals,11,21,0,4e18e961,f892fcf9,9caf69a1,1,0,1,0,
Pretoria Capitals,12,21,1,9caf69a1,f892fcf9,4e18e961,0,0,0,1,caught
Pretoria Capitals,13,21,1,4e18e961,bb351c23,bf814547,0,0,0,0,
Pretoria Capitals,14,22,1,4e18e961,bb351c23,bf814547,1,0,1,0,
Pretoria Capitals,15,22,1,bf814547,bb351c23,4e18e961,0,0,0,0,
Pretoria Capitals,16,22,1,bf814547,bb351c23,4e18e961,0,0,0,0,
Pretoria Capitals,17,24,1,bf814547,bb351c23,4e18e961,2,0,2,0,
Pretoria Capitals,18,28,1,bf814547,bb351c23,4e18e961,4,0,4,0,
Pretoria Capitals,19,28,1,4e18e961,f892fcf9,bf814547,0,0,0,0,
Pretoria Capitals,20,29,1,4e18e961,f892fcf9,bf814547,1,0,1,0,
Pretoria Capitals,21,31,1,bf814547,f892fcf9,4e18e961,2,0,2,0,
Pretoria Capitals,22,32,1,bf814547,f892fcf9,4e18e961,1,0,1,0,
Pretoria Capitals,23,33,1,4e18e961,f892fcf9,bf814547,1,0,1,0,
Pretoria Capitals,24,34,1,bf814547,f892fcf9,4e18e961,1,0,1,0,
Pretoria Capitals,25,38,1,bf814547,a316d663,4e18e961,4,0,4,0,
Pretoria Capitals,26,38,1,bf814547,a316d663,4e18e961,0,0,0,0,
Pretoria Capitals,27,39,1,bf814547,a316d663,4e18e961,1,0,1,0,
Pretoria Capitals,28,39,2,4e18e961,a316d663,bf814547,0,0,0,1,caught
Pretoria Capitals,29,39,2,6287d981,a316d663,bf814547,0,0,0,0,
Pretoria Capitals,30,40,2,6287d981,a316d663,bf814547,1,0,1,0,
Pretoria Capitals,31,44,2,6287d981,f892fcf9,bf814547,4,0,4,0,
Pretoria Capitals,32,48,2,6287d981,f892fcf9,bf814547,4,0,4,0,
Pretoria Capitals,33,49,2,6287d981,f892fcf9,bf814547,1,0,1,0,
Pretoria Capitals,34,51,2,bf814547,f892fcf9,6287d981,2,0,2,0,
Pretoria Capitals,35,51,2,bf814547,f892fcf9,6287d981,0,0,0,0,
Pretoria Capitals,36,51,3,bf814547,f892fcf9,6287d981,0,0,0,1,caught
Pretoria Capitals,37,52,3,6287d981,f0af99a7,ff1e12a0,1,0,1,0,
Pretoria Capitals,38,53,3,ff1e12a0,f0af99a7,6287d981,1,0,1,0,
Pretoria Capitals,39,54,3,6287d981,f0af99a7,ff1e12a0,1,0,1,0,
Pretoria Capitals,40,55,3,ff1e12a0,f0af99a7,6287d981,1,0,1,0,
Pretoria Capitals,41,57,3,6287d981,f0af99a7,ff1e12a0,2,0,2,0,
Pretoria Capitals,42,58,3,6287d981,f0af99a7,ff1e12a0,1,0,1,0,
Pretoria Capitals,43,60,3,6287d981,64839cb3,ff1e12a0,2,0,2,0,
Pretoria Capitals,44,64,3,6287d981,64839cb3,ff1e12a0,4,0,4,0,
Pretoria Capitals,45,68,3,6287d981,64839cb3,ff1e12a0,4,0,4,0,
Pretoria Capitals,46,69,3,6287d981,64839cb3,ff1e12a0,1,0,1,0,
Pretoria Capitals,47,69,3,ff1e12a0,64839cb3,6287d981,0,0,0,0,
Pretoria Capitals,48,69,3,ff1e12a0,64839cb3,6287d981,0,0,0,0,
Pretoria Capitals,49,73,3,6287d981,acee4cc4,ff1e12a0,4,0,4,0,
Pretoria Capitals,50,73,3,6287d981,acee4cc4,ff1e12a0,0,0,0,0,
Pretoria Capitals,51,74,3,6287d981,acee4cc4,ff1e12a0,0,1,1,0,
Pretoria Capitals,52,74,3,6287d981,acee4cc4,ff1e12a0,0,0,0,0,
Pretoria Capitals,53,75,3,6287d981,acee4cc4,ff1e12a0,1,0,1,0,
Pretoria Capitals,54,76,3,ff1e12a0,acee4cc4,6287d981,1,0,1,0,
Pretoria Capitals,55,77,3,6287d981,acee4cc4,ff1e12a0,1,0,1,0,
Pretoria Capitals,56,78,3,6287d981,a316d663,ff1e12a0,1,0,1,0,
Pretoria Capitals,57,79,3,ff1e12a0,a316d663,6287d981,0,1,1,0,
Pretoria Capitals,58,81,3,ff1e12a0,a316d663,6287d981,2,0,2,0,
Pretoria Capitals,59,82,3,ff1e12a0,a316d663,6287d981,0,1,1,0,
Pretoria Capitals,60,82,3,ff1e12a0,a316d663,6287d981,0,0,0,0,
Pretoria Capitals,61,83,3,ff1e12a0,a316d663,6287d981,1,0,1,0,
Pretoria Capitals,62,83,3,6287d981,a316d663,ff1e12a0,0,0,0,0,
Pretoria Capitals,63,89,3,6287d981,a316d663,ff1e12a0,6,0,6,0,
Pretoria Capitals,64,89,3,ff1e12a0,f892fcf9,6287d981,0,0,0,0,
Pretoria Capitals,65,89,3,ff1e12a0,f892fcf9,6287d981,0,0,0,0,
Pretoria Capitals,66,90,3,ff1e12a0,f892fcf9,6287d981,1,0,1,0,
Pretoria Capitals,67,90,4,6287d981,f892fcf9,ff1e12a0,0,0,0,1,caught
Pretoria Capitals,68,90,4,aed9ac31,f892fcf9,ff1e12a0,0,0,0,0,
Pretoria Capitals,69,90,4,aed9ac31,f892fcf9,ff1e12a0,0,0,0,0,
Pretoria Capitals,70,91,4,ff1e12a0,64839cb3,aed9ac31,1,0,1,0,
Pretoria Capitals,71,95,4,aed9ac31,64839cb3,ff1e12a0,4,0,4,0,
Pretoria Capitals,72,96,4,aed9ac31,64839cb3,ff1e12a0,0,1,1,0,
Pretoria Capitals,73,96,4,aed9ac31,64839cb3,ff1e12a0,0,0,0,0,
Pretoria Capitals,74,97,4,aed9ac31,64839cb3,ff1e12a0,0,1,1,0,
Pretoria Capitals,75,98,4,aed9ac31,64839cb3,ff1e12a0,0,1,1,0,
Pretoria Capitals,76,99,4,ff1e12a0,64839cb3,aed9ac31,1,0,1,0,
Pretoria Capitals,77,100,4,aed9ac31,64839cb3,ff1e12a0,1,0,1,0,
