batting_team,ball_number,total_team_runs,total_team_wickets,striker_ID,bowler_ID,nonstriker_ID,batter_runs,extras_runs,total_delivery_runs,wicket,wicket_type
Oman,1,0,0,7ecb9a14,23f94c02,b80dd12c,0,0,0,0,
Oman,2,4,0,7ecb9a14,23f94c02,b80dd12c,4,0,4,0,
Oman,3,5,0,7ecb9a14,23f94c02,b80dd12c,1,0,1,0,
Oman,4,5,0,b80dd12c,23f94c02,7ecb9a14,0,0,0,0,
Oman,5,9,0,b80dd12c,23f94c02,7ecb9a14,4,0,4,0,
Oman,6,13,0,b80dd12c,23f94c02,7ecb9a14,4,0,4,0,
Oman,7,13,0,7ecb9a14,44f11bd0,b80dd12c,0,0,0,0,
Oman,8,13,0,7ecb9a14,44f11bd0,b80dd12c,0,0,0,0,
Oman,9,19,0,7ecb9a14,44f11bd0,b80dd12c,6,0,6,0,
Oman,10,24,0,7ecb9a14,44f11bd0,b80dd12c,4,1,5,0,
Oman,11,25,0,7ecb9a14,44f11bd0,b80dd12c,1,0,1,0,
Oman,12,26,0,b80dd12c,44f11bd0,7ecb9a14,1,0,1,0,
Oman,13,27,0,7ecb9a14,44f11bd0,b80dd12c,1,0,1,0,
Oman,14,28,0,7ecb9a14,23f94c02,b80dd12c,1,0,1,0,
Oman,15,28,0,b80dd12c,23f94c02,7ecb9a14,0,0,0,0,
Oman,16,28,0,b80dd12c,23f94c02,7ecb9a14,0,0,0,0,
Oman,17,29,0,b80dd12c,23f94c02,7ecb9a14,1,0,1,0,
Oman,18,29,0,7ecb9a14,23f94c02,b80dd12c,0,0,0,0,
Oman,19,30,0,7ecb9a14,23f94c02,b80dd12c,1,0,1,0,
Oman,20,31,0,7ecb9a14,44f11bd0,b80dd12c,1,0,1,0,
Oman,21,32,0,b80dd12c,44f11bd0,7ecb9a14,1,0,1,0,
Oman,22,36,0,7ecb9a14,44f11bd0,b80dd12c,4,0,4,0,
Oman,23,37,0,7ecb9a14,44f11bd0,b80dd12c,1,0,1,0,
Oman,24,39,0,b80dd12c,44f11bd0,7ecb9a14,2,0,2,0,
Oman,25,43,0,b80dd12c,44f11bd0,7ecb9a14,4,0,4,0,
Oman,26,43,0,7ecb9a14,a9231c3f,b80dd12c,0,0,0,0,
Oman,27,45,0,7ecb9a14,a9231c3f,b80dd12c,2,0,2,0,
Oman,28,45,0,7ecb9a14,a9231c3f,b80dd12c,0,0,0,0,
Oman,29,45,0,7ecb9a14,a9231c3f,b80dd12c,0,0,0,0,
Oman,30,45,0,7ecb9a14,a9231c3f,b80dd12c,0,0,0,0,
Oman,31,45,0,7ecb9a14,a9231c3f,b80dd12c,0,0,0,0,
Oman,32,47,0,b80dd12c,b0eaaac6,7ecb9a14,2,0,2,0,
Oman,33,48,0,b80dd12c,b0eaaac6,7ecb9a14,0,1,1,0,
Oman,34,48,1,7ecb9a14,b0eaaac6,b80dd12c,0,0,0,1,caught
Oman,35,49,1,e88468b7,b0eaaac6,b80dd12c,1,0,1,0,
Oman,36,50,1,b80dd12c,b0eaaac6,e88468b7,1,0,1,0,
Oman,37,51,1,e88468b7,b0eaaac6,b80dd12c,1,0,1,0,
Oman,38,51,1,e88468b7,a9231c3f,b80dd12c,0,0,0,0,
Oman,39,51,1,e88468b7,a9231c3f,b80dd12c,0,0,0,0,
Oman,40,52,1,e88468b7,a9231c3f,b80dd12c,1,0,1,0,
Oman,41,52,1,b80dd12c,a9231c3f,e88468b7,0,0,0,0,
Oman,42,53,1,b80dd12c,a9231c3f,e88468b7,1,0,1,0,
Oman,43,53,1,e88468b7,a9231c3f,b80dd12c,0,0,0,0,
Oman,44,55,1,b80dd12c,fa4f5a0b,e88468b7,2,0,2,0,
Oman,45,55,1,b80dd12c,fa4f5a0b,e88468b7,0,0,0,0,
Oman,46,57,1,b80dd12c,fa4f5a0b,e88468b7,2,0,2,0,
Oman,47,57,1,b80dd12c,fa4f5a0b,e88468b7,0,0,0,0,
Oman,48,61,1,b80dd12c,fa4f5a0b,e88468b7,4,0,4,0,
Oman,49,62,1,b80dd12c,fa4f5a0b,e88468b7,1,0,1,0,
Oman,50,63,1,b80dd12c,a9231c3f,e88468b7,1,0,1,0,
Oman,51,64,1,e88468b7,a9231c3f,b80dd12c,1,0,1,0,
Oman,52,64,1,b80dd12c,a9231c3f,e88468b7,0,0,0,0,
Oman,53,68,1,b80dd12c,a9231c3f,e88468b7,4,0,4,0,
Oman,54,69,1,b80dd12c,a9231c3f,e88468b7,1,0,1,0,
Oman,55,70,1,e88468b7,a9231c3f,b80dd12c,1,0,1,0,
Oman,56,70,1,e88468b7,fa4f5a0b,b80dd12c,0,0,0,0,
Oman,57,71,1,e88468b7,fa4f5a0b,b80dd12c,1,0,1,0,
Oman,58,72,1,b80dd12c,fa4f5a0b,e88468b7,1,0,1,0,
Oman,59,73,1,e88468b7,fa4f5a0b,b80dd12c,1,0,1,0,
Oman,60,75,1,b80dd12c,fa4f5a0b,e88468b7,2,0,2,0,
Oman,61,75,1,b80dd12c,fa4f5a0b,e88468b7,0,0,0,0,
Oman,62,76,1,e88468b7,a9231c3f,b80dd12c,1,0,1,0,
Oman,63,82,1,b80dd12c,a9231c3f,e88468b7,6,0,6,0,
Oman,64,86,1,b80dd12c,a9231c3f,e88468b7,4,0,4,0,
Oman,65,87,1,b80dd12c,a9231c3f,e88468b7,1,0,1,0,
Oman,66,87,1,e88468b7,a9231c3f,b80dd12c,0,0,0,0,
Oman,67,87,1,e88468b7,a9231c3f,b80dd12c,0,0,0,0,
Oman,68,87,1,b80dd12c,fa4f5a0b,e88468b7,0,0,0,0,
Oman,69,87,1,b80dd12c,fa4f5a0b,e88468b7,0,0,0,0,
Oman,70,88,1,b80dd12c,fa4f5a0b,e88468b7,1,0,1,0,
Oman,71,89,1,e88468b7,fa4f5a0b,b80dd12c,1,0,1,0,
Oman,72,90,1,b80dd12c,fa4f5a0b,e88468b7,1,0,1,0,
Oman,73,90,2,e88468b7,fa4f5a0b,b80dd12c,0,0,0,1,caught
Oman,74,91,2,b80dd12c,44f11bd0,0b7b78c6,0,1,1,0,
Oman,75,91,2,b80dd12c,44f11bd0,0b7b78c6,0,0,0,0,
Oman,76,91,2,b80dd12c,44f11bd0,0b7b78c6,0,0,0,0,
Oman,77,91,2,b80dd12c,44f11bd0,0b7b78c6,0,0,0,0,
Oman,78,92,2,b80dd12c,44f11bd0,0b7b78c6,1,0,1,0,
Oman,79,93,2,0b7b78c6,44f11bd0,b80dd12c,1,0,1,0,
Oman,80,97,2,b80dd12c,44f11bd0,0b7b78c6,4,0,4,0,
Oman,81,98,2,0b7b78c6,fa4f5a0b,b80dd12c,1,0,1,0,
Oman,82,98,3,b80dd12c,fa4f5a0b,0b7b78c6,0,0,0,1,caught
Oman,83,99,3,ea59139a,fa4f5a0b,0b7b78c6,1,0,1,0,
Oman,84,100,3,0b7b78c6,fa4f5a0b,ea59139a,1,0,1,0,
Oman,85,101,3,ea59139a,fa4f5a0b,0b7b78c6,1,0,1,0,
Oman,86,102,3,0b7b78c6,fa4f5a0b,ea59139a,1,0,1,0,
Oman,87,103,3,0b7b78c6,b0eaaac6,ea59139a,1,0,1,0,
Oman,88,107,3,ea59139a,b0eaaac6,0b7b78c6,4,0,4,0,
Oman,89,107,3,ea59139a,b0eaaac6,0b7b78c6,0,0,0,0,
Oman,90,108,3,ea59139a,b0eaaac6,0b7b78c6,1,0,1,0,
Oman,91,108,4,0b7b78c6,b0eaaac6,ea59139a,0,0,0,1,caught and bowled
Oman,92,109,4,101b1180,b0eaaac6,ea59139a,1,0,1,0,
Oman,93,110,4,101b1180,3b8e7647,ea59139a,1,0,1,0,
Oman,94,114,4,ea59139a,3b8e7647,101b1180,4,0,4,0,
Oman,95,114,4,ea59139a,3b8e7647,101b1180,0,0,0,0,
Oman,96,114,5,ea59139a,3b8e7647,101b1180,0,0,0,1,caught
Oman,97,115,5,f7ce2ff9,3b8e7647,101b1180,1,0,1,0,
Oman,98,116,5,101b1180,3b8e7647,f7ce2ff9,1,0,1,0,
Oman,99,119,5,101b1180,b0eaaac6,f7ce2ff9,3,0,3,0,
Oman,100,119,6,f7ce2ff9,b0eaaac6,101b1180,0,0,0,1,bowled
Oman,101,119,6,bf172ae6,b0eaaac6,101b1180,0,0,0,0,
Oman,102,120,6,bf172ae6,b0eaaac6,101b1180,0,1,1,0,
Oman,103,121,6,bf172ae6,b0eaaac6,101b1180,0,1,1,0,
Oman,104,122,6,101b1180,b0eaaac6,bf172ae6,1,0,1,0,
Oman,105,123,6,bf172ae6,b0eaaac6,101b1180,1,0,1,0,
Oman,106,124,6,bf172ae6,3b8e7647,101b1180,1,0,1,0,
Oman,107,124,7,101b1180,3b8e7647,bf172ae6,0,0,0,1,caught
Oman,108,125,7,e29e9c12,3b8e7647,bf172ae6,1,0,1,0,
Oman,109,126,7,bf172ae6,3b8e7647,e29e9c12,1,0,1,0,
Oman,110,128,7,e29e9c12,3b8e7647,bf172ae6,2,0,2,0,
Oman,111,129,7,e29e9c12,3b8e7647,bf172ae6,1,0,1,0,
Oman,112,130,7,e29e9c12,b0eaaac6,bf172ae6,1,0,1,0,
Oman,113,131,7,bf172ae6,b0eaaac6,e29e9c12,1,0,1,0,
Oman,114,132,7,e29e9c12,b0eaaac6,bf172ae6,1,0,1,0,
Oman,115,132,7,bf172ae6,b0eaaac6,e29e9c12,0,0,0,0,
Oman,116,133,7,bf172ae6,b0eaaac6,e29e9c12,1,0,1,0,
Oman,117,134,7,e29e9c12,b0eaaac6,bf172ae6,1,0,1,0,
Oman,118,134,8,e29e9c12,23f94c02,bf172ae6,0,0,0,1,caught
Oman,119,135,8,80de053e,23f94c02,bf172ae6,1,0,1,0,
Oman,120,136,8,bf172ae6,23f94c02,80de053e,1,0,1,0,
Oman,121,140,8,80de053e,23f94c02,bf172ae6,4,0,4,0,
Oman,122,140,9,80de053e,23f94c02,bf172ae6,0,0,0,1,caught
Oman,123,141,9,5278cecc,23f94c02,bf172ae6,1,0,1,0,
United States of America,1,0,0,a9231c3f,e29e9c12,156d0ea2,0,0,0,0,
United States of America,2,0,1,a9231c3f,e29e9c12,156d0ea2,0,0,0,1,bowled
United States of America,3,0,1,25d7f1ac,e29e9c12,156d0ea2,0,0,0,0,
United States of America,4,1,1,25d7f1ac,e29e9c12,156d0ea2,1,0,1,0,
United States of America,5,1,1,156d0ea2,e29e9c12,25d7f1ac,0,0,0,0,
United States of America,6,2,1,156d0ea2,e29e9c12,25d7f1ac,1,0,1,0,
United States of America,7,3,1,156d0ea2,5278cecc,25d7f1ac,1,0,1,0,
United States of America,8,4,1,25d7f1ac,5278cecc,156d0ea2,0,1,1,0,
United States of America,9,4,1,25d7f1ac,5278cecc,156d0ea2,0,0,0,0,
United States of America,10,5,1,25d7f1ac,5278cecc,156d0ea2,1,0,1,0,
United States of America,11,6,1,156d0ea2,5278cecc,25d7f1ac,0,1,1,0,
United States of America,12,6,1,156d0ea2,5278cecc,25d7f1ac,0,0,0,0,
United States of America,13,6,1,156d0ea2,5278cecc,25d7f1ac,0,0,0,0,
United States of America,14,6,2,156d0ea2,5278cecc,25d7f1ac,0,0,0,1,caught
United States of America,15,6,2,25d7f1ac,e29e9c12,b4296080,0,0,0,0,
United States of America,16,7,2,25d7f1ac,e29e9c12,b4296080,1,0,1,0,
United States of America,17,7,3,b4296080,e29e9c12,25d7f1ac,0,0,0,1,lbw
United States of America,18,7,3,3b8e7647,e29e9c12,25d7f1ac,0,0,0,0,
United States of America,19,7,3,3b8e7647,e29e9c12,25d7f1ac,0,0,0,0,
United States of America,20,7,3,3b8e7647,e29e9c12,25d7f1ac,0,0,0,0,
United States of America,21,7,3,25d7f1ac,5278cecc,3b8e7647,0,0,0,0,
United States of America,22,11,3,25d7f1ac,5278cecc,3b8e7647,4,0,4,0,
United States of America,23,11,3,25d7f1ac,5278cecc,3b8e7647,0,0,0,0,
United States of America,24,12,3,25d7f1ac,5278cecc,3b8e7647,1,0,1,0,
United States of America,25,12,3,3b8e7647,5278cecc,25d7f1ac,0,0,0,0,
United States of America,26,16,3,3b8e7647,5278cecc,25d7f1ac,4,0,4,0,
United States of America,27,16,3,25d7f1ac,e29e9c12,3b8e7647,0,0,0,0,
United States of America,28,17,3,25d7f1ac,e29e9c12,3b8e7647,1,0,1,0,
United States of America,29,17,3,3b8e7647,e29e9c12,25d7f1ac,0,0,0,0,
United States of America,30,23,3,3b8e7647,e29e9c12,25d7f1ac,6,0,6,0,
United States of America,31,23,3,3b8e7647,e29e9c12,25d7f1ac,0,0,0,0,
United States of America,32,23,3,3b8e7647,e29e9c12,25d7f1ac,0,0,0,0,
United States of America,33,23,3,25d7f1ac,f7ce2ff9,3b8e7647,0,0,0,0,
United States of America,34,24,3,25d7f1ac,f7ce2ff9,3b8e7647,1,0,1,0,
United States of America,35,24,3,3b8e7647,f7ce2ff9,25d7f1ac,0,0,0,0,
United States of America,36,24,3,3b8e7647,f7ce2ff9,25d7f1ac,0,0,0,0,
United States of America,37,25,3,3b8e7647,f7ce2ff9,25d7f1ac,1,0,1,0,
United States of America,38,26,3,25d7f1ac,f7ce2ff9,3b8e7647,1,0,1,0,
United States of America,39,26,3,25d7f1ac,7ecb9a14,3b8e7647,0,0,0,0,
United States of America,40,27,3,25d7f1ac,7ecb9a14,3b8e7647,1,0,1,0,
United States of America,41,33,3,3b8e7647,7ecb9a14,25d7f1ac,6,0,6,0,
United States of America,42,33,3,3b8e7647,7ecb9a14,25d7f1ac,0,0,0,0,
United States of America,43,37,3,3b8e7647,7ecb9a14,25d7f1ac,4,0,4,0,
United States of America,44,37,3,3b8e7647,7ecb9a14,25d7f1ac,0,0,0,0,
United States of America,45,37,3,25d7f1ac,f7ce2ff9,3b8e7647,0,0,0,0,
United States of America,46,43,3,25d7f1ac,f7ce2ff9,3b8e7647,6,0,6,0,
United States of America,47,44,3,25d7f1ac,f7ce2ff9,3b8e7647,0,1,1,0,
United States of America,48,45,3,25d7f1ac,f7ce2ff9,3b8e7647,1,0,1,0,
United States of America,49,46,3,3b8e7647,f7ce2ff9,25d7f1ac,1,0,1,0,
United States of America,50,48,3,25d7f1ac,f7ce2ff9,3b8e7647,2,0,2,0,
United States of America,51,49,3,25d7f1ac,f7ce2ff9,3b8e7647,1,0,1,0,
United States of America,52,49,3,25d7f1ac,bf172ae6,3b8e7647,0,0,0,0,
United States of America,53,50,3,25d7f1ac,bf172ae6,3b8e7647,1,0,1,0,
United States of America,54,50,3,3b8e7647,bf172ae6,25d7f1ac,0,0,0,0,
United States of America,55,51,3,3b8e7647,bf172ae6,25d7f1ac,1,0,1,0,
United States of America,56,52,3,25d7f1ac,bf172ae6,3b8e7647,1,0,1,0,
United States of America,57,52,4,3b8e7647,bf172ae6,25d7f1ac,0,0,0,1,caught and bowled
United States of America,58,53,4,25d7f1ac,f7ce2ff9,17aa4f1d,1,0,1,0,
United States of America,59,54,4,17aa4f1d,f7ce2ff9,25d7f1ac,1,0,1,0,
United States of America,60,60,4,25d7f1ac,f7ce2ff9,17aa4f1d,6,0,6,0,
United States of America,61,61,4,25d7f1ac,f7ce2ff9,17aa4f1d,1,0,1,0,
United States of America,62,62,4,17aa4f1d,f7ce2ff9,25d7f1ac,1,0,1,0,
United States of America,63,66,4,25d7f1ac,f7ce2ff9,17aa4f1d,4,0,4,0,
United States of America,64,67,4,17aa4f1d,bf172ae6,25d7f1ac,1,0,1,0,
United States of America,65,68,4,25d7f1ac,bf172ae6,17aa4f1d,1,0,1,0,
United States of America,66,69,4,17aa4f1d,bf172ae6,25d7f1ac,1,0,1,0,
United States of America,67,70,4,25d7f1ac,bf172ae6,17aa4f1d,1,0,1,0,
United States of America,68,72,4,17aa4f1d,bf172ae6,25d7f1ac,2,0,2,0,
United States of America,69,73,4,17aa4f1d,bf172ae6,25d7f1ac,1,0,1,0,
United States of America,70,74,4,17aa4f1d,80de053e,25d7f1ac,1,0,1,0,
United States of America,71,75,4,25d7f1ac,80de053e,17aa4f1d,1,0,1,0,
United States of America,72,75,4,17aa4f1d,80de053e,25d7f1ac,0,0,0,0,
United States of America,73,76,4,17aa4f1d,80de053e,25d7f1ac,1,0,1,0,
United States of America,74,76,4,25d7f1ac,80de053e,17aa4f1d,0,0,0,0,
United States of America,75,77,4,25d7f1ac,80de053e,17aa4f1d,1,0,1,0,
United States of America,76,78,4,25d7f1ac,bf172ae6,17aa4f1d,1,0,1,0,
United States of America,77,79,4,17aa4f1d,bf172ae6,25d7f1ac,1,0,1,0,
United States of America,78,83,4,25d7f1ac,bf172ae6,17aa4f1d,4,0,4,0,
United States of America,79,83,4,25d7f1ac,bf172ae6,17aa4f1d,0,0,0,0,
United States of America,80,84,4,25d7f1ac,bf172ae6,17aa4f1d,0,1,1,0,
United States of America,81,85,4,17aa4f1d,bf172ae6,25d7f1ac,1,0,1,0,
United States of America,82,85,4,17aa4f1d,80de053e,25d7f1ac,0,0,0,0,
United States of America,83,89,4,17aa4f1d,80de053e,25d7f1ac,4,0,4,0,
United States of America,84,89,4,17aa4f1d,80de053e,25d7f1ac,0,0,0,0,
United States of America,85,90,4,17aa4f1d,80de053e,25d7f1ac,0,1,1,0,
United States of America,86,92,4,25d7f1ac,80de053e,17aa4f1d,2,0,2,0,
United States of America,87,96,4,25d7f1ac,80de053e,17aa4f1d,4,0,4,0,
United States of America,88,100,4,17aa4f1d,e88468b7,25d7f1ac,4,0,4,0,
United States of America,89,100,4,17aa4f1d,e88468b7,25d7f1ac,0,0,0,0,
United States of America,90,106,4,17aa4f1d,e88468b7,25d7f1ac,6,0,6,0,
United States of America,91,106,4,17aa4f1d,e88468b7,25d7f1ac,0,0,0,0,
United States of America,92,106,4,17aa4f1d,e88468b7,25d7f1ac,0,0,0,0,
United States of America,93,107,4,17aa4f1d,e88468b7,25d7f1ac,1,0,1,0,
United States of America,94,108,4,17aa4f1d,e29e9c12,25d7f1ac,1,0,1,0,
United States of America,95,109,4,25d7f1ac,e29e9c12,17aa4f1d,1,0,1,0,
United States of America,96,109,4,17aa4f1d,e29e9c12,25d7f1ac,0,0,0,0,
United States of America,97,110,4,17aa4f1d,e29e9c12,25d7f1ac,1,0,1,0,
United States of America,98,111,4,25d7f1ac,e29e9c12,17aa4f1d,1,0,1,0,
United States of America,99,112,4,17aa4f1d,e29e9c12,25d7f1ac,1,0,1,0,
United States of America,100,113,4,17aa4f1d,bf172ae6,25d7f1ac,1,0,1,0,
United States of America,101,117,4,25d7f1ac,bf172ae6,17aa4f1d,4,0,4,0,
United States of America,102,118,4,25d7f1ac,bf172ae6,17aa4f1d,1,0,1,0,
United States of America,103,120,4,17aa4f1d,bf172ae6,25d7f1ac,2,0,2,0,
United States of America,104,121,4,17aa4f1d,bf172ae6,25d7f1ac,1,0,1,0,
United States of America,105,122,4,25d7f1ac,bf172ae6,17aa4f1d,1,0,1,0,
United States of America,106,122,4,25d7f1ac,5278cecc,17aa4f1d,0,0,0,0,
United States of America,107,123,4,25d7f1ac,5278cecc,17aa4f1d,1,0,1,0,
United States of America,108,125,4,17aa4f1d,5278cecc,25d7f1ac,2,0,2,0,
United States of America,109,125,5,17aa4f1d,5278cecc,25d7f1ac,0,0,0,1,caught
United States of America,110,126,5,fa4f5a0b,5278cecc,25d7f1ac,1,0,1,0,
United States of America,111,127,5,25d7f1ac,5278cecc,fa4f5a0b,1,0,1,0,
United States of America,112,128,5,25d7f1ac,f7ce2ff9,fa4f5a0b,1,0,1,0,
United States of America,113,129,5,fa4f5a0b,f7ce2ff9,25d7f1ac,1,0,1,0,
United States of America,114,131,5,25d7f1ac,f7ce2ff9,fa4f5a0b,2,0,2,0,
United States of America,115,135,5,25d7f1ac,f7ce2ff9,fa4f5a0b,4,0,4,0,
United States of America,116,136,5,25d7f1ac,f7ce2ff9,fa4f5a0b,1,0,1,0,
United States of America,117,137,5,fa4f5a0b,f7ce2ff9,25d7f1ac,1,0,1,0,
United States of America,118,137,6,fa4f5a0b,5278cecc,25d7f1ac,0,0,0,1,caught
United States of America,119,138,6,44f11bd0,5278cecc,25d7f1ac,1,0,1,0,
United States of America,120,142,6,25d7f1ac,5278cecc,44f11bd0,4,0,4,0,
